data_snapshot,os,pn,nomenclatura,unidade_solicitante,situacao,condicao,onde_se_encontra,tat_siloms
2026-07-10,3040249831,066-01141-5101,"RECEIVER-TRANSMITTER,RADIO (KT71)",PAMALS,REC,EM REPARO,LEAP,515.0
2026-07-10,3040250234,3034792,BOMBA DE COMBUSTÍVEL,PAMALS,REC,,BANT,499.0
2026-07-10,3040250248,452-0133,"BATTERY,NONRECHARGEABLE",BABR,REC,CONDENADO,VEE ONE,499.0
2026-07-10,3040250249,452-0133,"BATTERY,NONRECHARGEABLE",BAMN,REC,CONDENADO,VEE ONE,499.0
2026-07-10,3040250716,030-18200,MAIN WHEEL BRAKE,BABV,REC,EM REPARO,LEAP,477.0
2026-07-10,3040250717,030-18200,MAIN WHEEL BRAKE,BACO,OS concluída,REPARADO,,
2026-07-10,3040250718,030-18200,MAIN WHEEL BRAKE,BACO,OS concluída,REPARADO,,
2026-07-10,3040250719,060-0017-00,FLIGHT DIR HOR,PAMALS,REC,,BANT,477.0
2026-07-10,3040250720,060-0017-00,FLIGHT DIR HOR,BABV,OS concluída,REPARADO,,
2026-07-10,3040250721,060-0017-00,FLIGHT DIR HOR,BANT,OS concluída,REPARADO,,
2026-07-10,3040250722,066-01141-5101,"RECEIVER-TRANSMITTER,RADIO (KT71)",ALA 9,REC,EM REPARO,WILLIAM,477.0
2026-07-10,3040250723,066-01141-5101,"RECEIVER-TRANSMITTER,RADIO (KT71)",CLA,REC,,BABR,477.0
2026-07-10,3040250724,066-04035-1101,"DISPLAY UNIT,RADAR",PAMALS,REC,,BANT,477.0
2026-07-10,3040250725,066-3046-07,"CONTROL,INDICATOR",ALA 10,OS concluída,REPARADO,,
2026-07-10,3040250732,069-1025-25,"RECEIVER-TRANSMITTER,RADIO - KX165",PAMALS,REC,EM REPARO,WILLIAM,477.0
2026-07-10,3040250773,161-11700,INNER WHEEL HALF ASSY,EEAR,REC,,BACG,477.0
2026-07-10,3040250775,161-11700,INNER WHEEL HALF ASSY,BABE,OS concluída,CONDENADO,,
2026-07-10,3040250776,161-12800,WHEEL HALF ASSY-INNER,BABE,OS concluída,CONDENADO,,
2026-07-10,3040250778,161-12800,WHEEL HALF ASSY-INNER,BACG,OS concluída,REPARADO,,
2026-07-10,3040250780,162-11800,WHEEL HALF ASSY-OUTER,PAMALS,OS concluída,,,
2026-07-10,3040250781,162-11800,WHEEL HALF ASSY-OUTER,BACG,OS concluída,,,
2026-07-10,3040250782,2606012-1,INDICATOR-INTER-TURBINE TEMPERATURE,ALA 9,OS concluída,,,
2026-07-10,3040250789,2641012-14,TRUNNION ASSY-RH-MAIN GEAR,PAMASP,OS concluída,CONDENADO,,
2026-07-10,3040250790,2643031-7,"FORK ASSY,NOSE GEAR SPRING",BAMN,OS concluída,CONDENADO,,
2026-07-10,3040250791,2643090-1,SHIMMY DAMPENE,BANT,REC,EM REPARO,AV AERONAUTICA,477.0
2026-07-10,3040250792,2643090-1,SHIMMY DAMPENE,BAMN,REC,REPARADO,V1 PAMA-LS,477.0
2026-07-10,3040250793,2643099-4,"SUPPORT ASSY FOWARD, NLG SPRING",BAMN,OS concluída,CONDENADO,,
2026-07-10,3040250798,30994-001,BATTERY-MARATHON TSP410 NICAD,BANT,OS concluída,CONDENADO,AMA - VEE ONE,
2026-07-10,3040250816,453-5060,"BEACON,DISTRESS",BAMN,REC,,PAMA-LS,477.0
2026-07-10,3040250827,51539-012N,CONTROL UNIT ASSY-GENERATOR,BANT,REC,,BABR,477.0
2026-07-10,3040250828,51539-012N,CONTROL UNIT ASSY-GENERATOR,BACG,REC,,BABR,477.0
2026-07-10,3040250829,51539-012N,CONTROL UNIT ASSY-GENERATOR,BAMN,OS concluída,,,
2026-07-10,3040250830,799-1,TRANSDUCER,BACO,REC,,BANT,477.0
2026-07-10,3040250831,799-1,TRANSDUCER,BANT,REC,,BANT,477.0
2026-07-10,3040250832,9910338-4,FUEL TOTALIZER INDICATOR,EEAR,REC,,PAMA-LS,477.0
2026-07-10,3040250833,9910586-4,FLAP ACTUATOR AND MOTOR ASSEMBLY,ALA 3,REC,,BAMN,477.0
2026-07-10,3040250834,9910586-4,FLAP ACTUATOR AND MOTOR ASSEMBLY,ALA 3,OS concluída,CONDENADO,,
2026-07-10,3040250835,ASG12000-2,ALTERNATOR,ALA 5,REC,REPARADO,V1 PAMA-LS,477.0
2026-07-10,3040250841,C661030-0301,TURN BANK,PAMALS,REC,EM REPARO,LEAP,477.0
2026-07-10,3040250842,C662041-0102,INDICATOR FUEL,ALA 5,REC,,PAMA-LS,477.0
2026-07-10,3040250843,C662041-0102,INDICATOR FUEL,ALA 10,OS concluída,REPARADO,,
2026-07-10,3040250844,C662041-0102,INDICATOR FUEL,ALA 9,REC,,PAMA-LS,477.0
2026-07-10,3040252159,011-00916-00,DISPLAY UNIT GDU 1040A,BAMN,REC,,BAMN,444.0
2026-07-10,3040252160,011-01020-10,AFCS MODE CONTROLLER GMC 710,BAMN,OS concluída,,,
2026-07-10,3040252161,065-0042-03,COMPUTER PA,ALA 10,REC,EM REPARO,WILLIAM,444.0
2026-07-10,3040252162,065-0042-03,COMPUTER PA,EEAR,REC,,BABE,444.0
2026-07-10,3040252164,065-0042-03,COMPUTER PA,EEAR,REC,EM REPARO,WILLIAM,444.0
2026-07-10,3040252165,065-0042-03,COMPUTER PA,PAMALS,OS concluída,,,
2026-07-10,3040252166,065-0059-01,SERVO PITCH,EEAR,REC,EM REPARO,WILLIAM,444.0
2026-07-10,3040252168,066-03064-0005,"ALTIMETER,SERVO CONTROLLED,AUTOMATIC PRESSURE",ALA 9,OS concluída,REPARADO,,
2026-07-10,3040252170,066-03064-0005,"ALTIMETER,SERVO CONTROLLED,AUTOMATIC PRESSURE",ALA 7,REC,NO ESTADO,VEE ONE,444.0
2026-07-10,3040252172,066-03064-0005,"ALTIMETER,SERVO CONTROLLED,AUTOMATIC PRESSURE",PAMALS,REC,NO ESTADO,VEE ONE,444.0
2026-07-10,3040252173,066-03064-0005,"ALTIMETER,SERVO CONTROLLED,AUTOMATIC PRESSURE",BANT,REC,EM REPARO,LEAP,444.0
2026-07-10,3040252178,066-1072-00,RECEIVER ADF (KING KR87),PAMALS,OS concluída,,,
2026-07-10,3040252180,066-1072-04,"RECEIVER,RADIO",ALA 8,OS concluída,,,
2026-07-10,3040252181,066-1072-04,"RECEIVER,RADIO",PAMASP,REC,EM REPARO,WILLIAM,444.0
2026-07-10,3040252182,066-1072-04,"RECEIVER,RADIO",ALA 9,OS concluída,REPARADO,,
2026-07-10,3040252185,066-1072-04,"RECEIVER,RADIO",BAMN,OS concluída,REPARADO,,
2026-07-10,3040252189,9910338-6,"TRANSMITTER,RATE OF FLOW",ALA 8,OS concluída,REPARADO,,
2026-07-10,3040252190,9910338-6,"TRANSMITTER,RATE OF FLOW",BABR,OS concluída,,,
2026-07-10,3040252191,C611008-0101,ALTERNATOR CONTROL UNIT,PAMALS,REC,,BABR,444.0
2026-07-10,3040252935,030-18200,MAIN WHEEL BRAKE,BAMN,OS concluída,CONDENADO,,
2026-07-10,3040252936,030-18200,MAIN WHEEL BRAKE,BACO,REC,,PAMA-LS,414.0
2026-07-10,3040252939,C163030-1001,MAIN W BRAKE A,BABV,REC,,BAMN,414.0
2026-07-10,3040252940,30-182,MAIN WHEEL BRAKE,BABV,OS concluída,CONDENADO,,
2026-07-10,3040252942,30-182,MAIN WHEEL BRAKE,BAMN,OS concluída,REPARADO,,
2026-07-10,3040252943,30-182,MAIN WHEEL BRAKE,BAMN,OS concluída,REPARADO,,
2026-07-10,3040253168,161-12800,WHEEL HALF ASSY-INNER,BASM,REC,REPARADO,VEE ONE,410.0
2026-07-10,3040253170,161-12800,WHEEL HALF ASSY-INNER,BASM,OS concluída,CONDENADO,,
2026-07-10,3040253172,161-12800,WHEEL HALF ASSY-INNER,PAMALS,REC,,PROCURANDO,410.0
2026-07-10,3040253173,161-12800,WHEEL HALF ASSY-INNER,PAMALS,REC,EM REPARO,LEAP,410.0
2026-07-10,3040253174,161-12800,WHEEL HALF ASSY-INNER,PAMALS,OS concluída,CONDENADO,,
2026-07-10,3040253176,162-10700,OUTER WHEEL HALF ASSY,BABE,OS concluída,CONDENADO,,
2026-07-10,3040253177,162-10700,OUTER WHEEL HALF ASSY,BABV,REC,REPARADO,VEE ONE,410.0
2026-07-10,3040253178,162-10700,OUTER WHEEL HALF ASSY,PAMALS,REC,,PROCURANDO,410.0
2026-07-10,3040253179,162-11800,WHEEL HALF ASSY-OUTER,CLA,OS concluída,CONDENADO,,
2026-07-10,3040253180,162-11800,WHEEL HALF ASSY-OUTER,BASM,REC,,PROCURANDO,410.0
2026-07-10,3040253181,162-11800,WHEEL HALF ASSY-OUTER,PAMALS,OS concluída,REPARADO,,
2026-07-10,3040253182,162-11800,WHEEL HALF ASSY-OUTER,PAMALS,REC,REPARADO,VEE ONE,410.0
2026-07-10,3040253526,30994-001,BATTERY-MARATHON TSP410 NICAD,PAMALS,OS concluída,CONDENADO,AMA - VEE ONE,
2026-07-10,3040253527,30994-001,BATTERY-MARATHON TSP410 NICAD,BAPV,OS concluída,CONDENADO,AMA - VEE ONE,
2026-07-10,3040253528,066-03064-0005,"ALTIMETER,SERVO CONTROLLED,AUTOMATIC PRESSURE",BANT,OS concluída,REPARADO,,
2026-07-10,3040253529,066-03064-0005,"ALTIMETER,SERVO CONTROLLED,AUTOMATIC PRESSURE",DSM-MN,REC,DEVOLVIDO NO ESTADO,WILLIAM,400.0
2026-07-10,3040253530,799-1,TRANSDUCER,BAMN,REC,,BANT,400.0
2026-07-10,3040253531,799-1,TRANSDUCER,BAMN,REC,,VEE ONE,400.0
2026-07-10,3040253532,799-1,TRANSDUCER,PAMALS,REC,,BANT,400.0
2026-07-10,3040253535,2643099-4,"SUPPORT ASSY FOWARD, NLG SPRING",BABE,REC,CONDENADO,VEE ONE,400.0
2026-07-10,3040253536,2641012-14,TRUNNION ASSY-RH-MAIN GEAR,PAMALS,OS concluída,CONDENADO,,
2026-07-10,3040254195,540-1407-4,"VALVE,BLEED,TURBINEENGINE",PAMALS,REC,,BANT,382.0
2026-07-10,3040254201,2643090-3,SHIMMY DAMPER-NOSE GEAR,PAMALS,REC,REPARADO,V1 PAMA-LS,382.0
2026-07-10,3040254203,SE1070-6,SHIMMY DAMPENER ASSY,BACGINAT,OS concluída,,,
2026-07-10,3040254205,C660501-0103,"COMPASS,SPEC",PAMALS,REC,REPARADO,V1 PAMA-LS,382.0
2026-07-10,3040254206,C660501-0103,"COMPASS,SPEC",ALA 8,REC,EM REPARO EM GARANTIA,WILLIAM,382.0
2026-07-10,3040254208,C660501-0103,"COMPASS,SPEC",BABV,REC,REPARADO,V1 PAMA-LS,382.0
2026-07-10,3040254210,799-1,TRANSDUCER,BANT,REC,,BANT,382.0
2026-07-10,3040254770,069-1025-25,"RECEIVER-TRANSMITTER,RADIO - KX165",ALA 9,REC,EM REPARO,WILLIAM,373.0
2026-07-10,3040254784,452-0133,"BATTERY,NONRECHARGEABLE",DACTA II,REC,CONDENADO,VEE ONE,373.0
2026-07-10,3040254785,452-0133,"BATTERY,NONRECHARGEABLE",BAMN,REC,CONDENADO,VEE ONE,373.0
2026-07-10,3040254786,452-0133,"BATTERY PACK,AIRCRAFT",BAMN,REC,CONDENADO,VEE ONE,373.0
2026-07-10,3040254787,452-0133,"BATTERY PACK,AIRCRAFT",DACTA II,REC,CONDENADO,VEE ONE,373.0
2026-07-10,3040254788,452-0133,"BATTERY,NONRECHARGEABLE",BAMN,REC,CONDENADO,VEE ONE,373.0
2026-07-10,3040254789,452-0133,"BATTERY,NONRECHARGEABLE",BAMN,REC,CONDENADO,VEE ONE,373.0
2026-07-10,3040254792,2606013-1RX,INDICATOR-PERCENT RPM,BABR,REC,,BANT,373.0
2026-07-10,3040254793,D145-00-46-2,FLAP ACTUATOR ASSY,PAMALS,REC,,PAMA-LS,373.0
2026-07-10,3040254794,C145-350,"MOTOR,DIRECT CURRENT",PAMALS,OS concluída,,,
2026-07-10,3040254795,D145-00-46-2,FLAP ACTUATOR ASSY,BABE,REC,,PAMA-LS,373.0
2026-07-10,3040254796,30994-001,BATTERY-MARATHON TSP410 NICAD,BAMN,OS concluída,REPARADO,,
2026-07-10,3040254799,453-5000-710,EMERGENCY LOCATOR TRANSMITTER MODEL C406-2,PAMASP,OS concluída,,,
2026-07-10,3040254803,C352TS,"EXTINGUISHER,FIRE",2 ETA,REC,REPARADO,V1 PAMA-LS,373.0
2026-07-10,3040254805,C352TS,"EXTINGUISHER,FIRE",PAMALS,OS concluída,,,
2026-07-10,3040254806,C352TS,"EXTINGUISHER,FIRE",PAMALS,REC,REPARADO,V1 PAMA-LS,373.0
2026-07-10,3040254808,C352TS,"EXTINGUISHER,FIRE",BABR,REC,REPARADO,V1 PAMA-LS,373.0
2026-07-10,3040254809,C352TS,"EXTINGUISHER,FIRE",PAMAGL,OS concluída,,,
2026-07-10,3040254810,C352TS,"EXTINGUISHER,FIRE",PAMALS,OS concluída,,,
2026-07-10,3040254815,C482001-0402,VACUUM REGULAT,PAMALS,REC,CONDENADO,VEE ONE,373.0
2026-07-10,3040254816,C482001-0402,VACUUM REGULAT,PAMALS,REC,CONDENADO,VEE ONE,373.0
2026-07-10,3040254817,2641011-5,AXLE-MAIN GEAR,BABE,OS concluída,NO ESTADO,,
2026-07-10,3040254818,2641011-5,AXLE-MAIN GEAR,BABE,OS concluída,,,
2026-07-10,3040254819,2641011-5,AXLE-MAIN GEAR,BANT,OS concluída,REPARADO,,
2026-07-10,3040254820,2641011-5,AXLE-MAIN GEAR,BAMN,OS concluída,REPARADO,,
2026-07-10,3040255319,702801-5,FUEL PUMP,PAMASP,REC,EM REPARO,VEE ONE,364.0
2026-07-10,3040255321,8210-002,"GOVERNOR,CONSTANT SPEED DRIVE",PAMALS,OS concluída,,,
2026-07-10,3040255326,011-00916-00,DISPLAY UNIT GDU 1040A,BAMN,REC,,BAMN,364.0
2026-07-10,3040255461,DAAS-A-010-1,ADAS-D PROCESSOR,PAMALS,REC,EM REPARO,VEE ONE,360.0
2026-07-10,3040255589,071-01519-0101,"RECEIVER-EXCITER,RADAR",BANT,REC,,PROCURANDO,358.0
2026-07-10,3040255590,071-01519-0101,"RECEIVER-EXCITER,RADAR",PAMALS,OS concluída,REPARADO,,
2026-07-10,3040255706,C661064-0237,AIRSPEED INDICATOR,BAMN,OS concluída,,,
2026-07-10,3040256112,011-00883-20,RADAR GWX 68 WEATHER,BABE,REC,,BAMN,344.0
2026-07-10,3040256114,5934PAD-3,"ALTIMETER,PRESSURE",PAMALS,REC,EM REPARO,VEE ONE,344.0
2026-07-10,3040256115,5934PAD-3,"ALTIMETER,PRESSURE",PAMALS,OS concluída,REPARADO,,
2026-07-10,3040256118,011-00878-10,GSA-81 TORQUE SERVO,BAPV,REC,,BACO,344.0
2026-07-10,3040256119,011-00878-10,GSA-81 TORQUE SERVO,BAPV,REC,EM REPARO,LEAP,344.0
2026-07-10,3040256120,011-00916-10,"DISPLAY UNIT,FLIGHT INFORMATION",BAMN,OS concluída,,,
2026-07-10,3040256311,3121248-03,"VALVE ASSEMBLY,COMPRESSOR BLEED",PAMALS,OS concluída,,,
2026-07-10,3040256314,066-4010-12,RECEIVER VOR/LOC (KNS81),EEAR,REC,EM REPARO,LEAP,331.0
2026-07-10,3040256662,030-18200,MAIN WHEEL BRAKE,BASM,OS concluída,,,
2026-07-10,3040256665,161-11700,INNER WHEEL HALF ASSY,BABV,OS concluída,,,
2026-07-10,3040256666,161-11700,INNER WHEEL HALF ASSY,PAMALS,OS concluída,,,
2026-07-10,3040256667,161-11700,INNER WHEEL HALF ASSY,PAMALS,OS concluída,,,
2026-07-10,3040256668,161-11700,INNER WHEEL HALF ASSY,PAMALS,OS concluída,CONDENADO,,
2026-07-10,3040256669,161-11700,INNER WHEEL HALF ASSY,PAMALS,OS concluída,,,
2026-07-10,3040256670,161-11700,INNER WHEEL HALF ASSY,PAMALS,OS concluída,CONDENADO,,
2026-07-10,3040256671,161-11700,INNER WHEEL HALF ASSY,PAMALS,REC,REPARADO,VEE ONE,322.0
2026-07-10,3040256672,161-12800,WHEEL HALF ASSY-INNER,PAMALS,REC,REPARADO,VEE ONE,322.0
2026-07-10,3040256673,161-12800,WHEEL HALF ASSY-INNER,PAMALS,REC,CONDENADO,VEE ONE,319.0
2026-07-10,3040256675,161-12800,WHEEL HALF ASSY-INNER,BANT,OS concluída,REPARADO,,
2026-07-10,3040256694,162-11800,WHEEL HALF ASSY-OUTER,BANT,OS concluída,REPARADO,,
2026-07-10,3040256696,162-11800,WHEEL HALF ASSY-OUTER,PAMALS,REC,,PAMA-LS,322.0
2026-07-10,3040256698,030-18200,MAIN WHEEL BRAKE,PAMASP,REC,,PROCURANDO,322.0
2026-07-10,3040256702,C661064-0237,AIRSPEED INDICATOR,BABR,OS concluída,,,
2026-07-10,3040256703,C661064-0237,AIRSPEED INDICATOR,PAMALS,OS concluída,REPARADO,,
2026-07-10,3040256704,C661064-0237,AIRSPEED INDICATOR,PAMALS,OS concluída,,,
2026-07-10,3040256707,D210507,"GOVERNOR,OVERSPEED",PAMALS,OS concluída,,,
2026-07-10,3040256708,D210507,"GOVERNOR,OVERSPEED",PAMALS,REC,REPARADO,VEE ONE,322.0
2026-07-10,3040256709,3121248-03,"VALVE ASSEMBLY,COMPRESSOR BLEED",PAMASP,REC,,BANT,319.0
2026-07-10,3040256713,030-18200,MAIN WHEEL BRAKE,ALA 3,REC,,BAMN,322.0
2026-07-10,3040256787,011-00877-00,"GSA-80 SERVO ROL,YAW,SPEC",PAMALS,REC,EM REPARO,VEE ONE,322.0
2026-07-10,3040256792,011-00877-00,"GSA-80 SERVO ROL,YAW,SPEC",BAMN,REC,,PROCURANDO,322.0
2026-07-10,3040256828,011-00883-20,RADAR GWX 68 WEATHER,PAMALS,REC,CONDENADO,V1 PAMA-LS,322.0
2026-07-10,3040257093,065-00183-0501,AUTOPILOT COMPUTER KFC225,BABE,REC,,BANT,315.0
2026-07-10,3040257094,065-00183-0501,AUTOPILOT COMPUTER KFC225,BABE,REC,,BANT,315.0
2026-07-10,3040257095,011-01105-01,INTEGRATED AVIONICS UNIT GIA63W,BABE,REC,EM REPARO,VEE ONE,315.0
2026-07-10,3040257096,011-01105-01,INTEGRATED AVIONICS UNIT GIA63W,BABE,REC,,BAMN,315.0
2026-07-10,3040257436,30994-001,BATTERY-MARATHON TSP410 NICAD,PAMALS,OS concluída,CONDENADO,AMA - VEE ONE,
2026-07-10,3040257438,030-18200,MAIN WHEEL BRAKE,BAMN,REC,REPARADO,VEE ONE,296.0
2026-07-10,3040257439,030-18200,MAIN WHEEL BRAKE,BAMN,REC,,BAMN,296.0
2026-07-10,3040257440,030-18200,MAIN WHEEL BRAKE,BANT,REC,CONDENADO,VEE ONE,296.0
2026-07-10,3040257441,030-18200,MAIN WHEEL BRAKE,BAPV,REC,,BAMN,296.0
2026-07-10,3040257442,C163030-1001,MAIN W BRAKE A,BAMN,REC,REPARADO,VEE ONE,296.0
2026-07-10,3040257443,161-12800,WHEEL HALF ASSY-INNER,ALA 3,AUT,,NÃO TEVE MOVIMENTAÇÃO,303.0
2026-07-10,3040257444,162-10700,OUTER WHEEL HALF ASSY,PAMALS,OS concluída,CONDENADO,,
2026-07-10,3040257447,162-10700,OUTER WHEEL HALF ASSY,PAMALS,OS concluída,CONDENADO,,
2026-07-10,3040257450,3244809-4,"FUEL CONTROL,MAIN,TURBINE ENGINE",PAMASP,OS concluída,EM REPARO,LEAP,
2026-07-10,3040257451,3244809-7,"FUEL CONTROL,MAIN,TURBINE ENGINE",PAMASP,REC,,BANT,296.0
2026-07-10,3040257452,3244809-8,"FUEL CONTROL,MAIN,TURBINE ENGINE",BAPV,OS concluída,REPARADO,,
2026-07-10,3040257453,EA-5172-45-CES,"INDICATOR,AIRSPEED",ALA 7,REC,DEVOLVIDO NO ESTADO,WILLIAM,296.0
2026-07-10,3040257454,EA-5172-45-CES,"INDICATOR,AIRSPEED",BACG,OS concluída,,,
2026-07-10,3040258303,011-00877-00,"GSA-80 SERVO ROL,YAW,SPEC",DACTA II,REC,EM REPARO,VEE ONE,276.0
2026-07-10,3040258306,D210507,"GOVERNOR,OVERSPEED",PAMALS,REC,EM REPARO,LEAP,276.0
2026-07-10,3040258307,D210507,"GOVERNOR,OVERSPEED",ALA 5,OS concluída,,,
2026-07-10,3040258308,D210507,"GOVERNOR,OVERSPEED",BAMN,OS concluída,REPARADO,,
2026-07-10,3040258309,D210507,"GOVERNOR,OVERSPEED",BAMN,REC,EM REPARO,LEAP,276.0
2026-07-10,3040258310,D210507,"GOVERNOR,OVERSPEED",BACO,OS concluída,,,
2026-07-10,3040258419,011-00877-00,"GSA-80 SERVO ROL,YAW,SPEC",DACTA II,REC,EM REPARO,VEE ONE,274.0
2026-07-10,3040258420,011-00877-00,"GSA-80 SERVO ROL,YAW,SPEC",BACO,REC,EM REPARO,VEE ONE,274.0
2026-07-10,3040258421,011-00877-00,"GSA-80 SERVO ROL,YAW,SPEC",BABE,REC,,BACO,274.0
2026-07-10,3040258422,2601188-8,COMPRESSOR DRIVE ASSY R134A,PAMASP,REC,,PROCURANDO,274.0
2026-07-10,3040258764,069-01034-0102,"NAVIGATION SET,SATELLITE SIGNALS KLN-94",PAMALS,REC,,BANT,267.0
2026-07-10,3040259146,1U149-015-15,HORIZ. GYRO-STADBY,PAMALS,REC,EM REPARO,VEE ONE,245.0
2026-07-10,3040259147,162-10700,OUTER WHEEL HALF ASSY,BANT,REC,EM REPARO,AMA - VEE ONE,245.0
2026-07-10,3040259148,3049038-03,"VALVE,COMPRESSOR BLEED",BANT,OS concluída,,,
2026-07-10,3040259151,066-01141-5101,"TRANSPONDER,RADAR",BANT,REC,REPARADO,V1 PAMA-LS,248.0
2026-07-10,3040259152,066-01141-5101,"TRANSPONDER,RADAR",BABE,REC,,BANT,248.0
2026-07-10,3040259251,064-1019-05,VHF TRANSCEIVE KY196,EEAR,REC,,EEAR,246.0
2026-07-10,3040259316,2606015-4,INDICATOR-OIL TEMP/OIL PRESS,BACG,REC,REPARADO,V1 PAMA-LS,242.0
2026-07-10,3040259564,C414007-0102,BLOWER ASSY,PAMALS,OS concluída,,,
2026-07-10,3040259568,C414007-0102,BLOWER ASSY,ALA 10,OS concluída,,,
2026-07-10,3040259570,C414007-0102,BLOWER ASSY,ALA 10,OS concluída,,,
2026-07-10,3040259694,025323-150,FUEL PUMP,PAMASP,REC,,BACO,234.0
2026-07-10,3040259918,C414007-0102,BLOWER ASSY,ALA 10,REC,EM REPARO,VEE ONE,227.0
2026-07-10,3040259922,C414007-0102,BLOWER ASSY,BANT,REC,REPARADO,V1 PAMA-LS,227.0
2026-07-10,3040259924,C414007-0102,BLOWER ASSY,BACG,REC,EM REPARO,VEE ONE,227.0
2026-07-10,3040259928,C414007-0102,BLOWER ASSY,PAMALS,REC,EM REPARO,VEE ONE,227.0
2026-07-10,3040259944,066-3046-07,"CONTROL,INDICATOR",EEAR,REC,,PAMA-LS,227.0
2026-07-10,3040259946,066-3046-07,"CONTROL,INDICATOR",BANT,REC,,BANT,227.0
2026-07-10,3040259947,066-3046-07,"CONTROL,INDICATOR",EEAR,OS concluída,REPARADO,,
2026-07-10,3040259949,065-0060-01,"CONTROL,SERVO,AUTOMATIC PILOT",PAMALS,REC,EM REPARO,LEAP,227.0
2026-07-10,3040259950,065-0060-01,"CONTROL,SERVO,AUTOMATIC PILOT",PAMALS,REC,EM REPARO,LEAP,227.0
2026-07-10,3040260204,324843-W020,HEADSET-MICROPHONE,PAMALS,OS concluída,REPARADO,,
2026-07-10,3040260205,324843-W020,HEADSET-MICROPHONE,PAMALS,OS concluída,REPARADO,,
2026-07-10,3040260208,324843-W020,HEADSET-MICROPHONE,PAMALS,REC,VAI SER DEVOLVIDO SEM REPARO,WILLIAM,213.0
2026-07-10,3040260209,011-00916-00,DISPLAY UNIT GDU 1040A,PAMALS,REC,,BAMN,213.0
2026-07-10,3040260382,065-00183-0501,AUTOPILOT COMPUTER KFC225,BANT,REC,,BANT,206.0
2026-07-10,3040260388,SD5H14C4527,AIR COMPRESSOR,PAMALS,REC,EM REPARO,VEE ONE,206.0
2026-07-10,3040260389,SD5H14C4527,AIR COMPRESSOR,PAMALS,REC,EM REPARO,VEE ONE,206.0
2026-07-10,3040260516,ASG12000-2,ALTERNATOR,PAMALS,REC,REPARADO,V1 PAMA-LS,203.0
2026-07-10,3040260517,ASG12000-2,ALTERNATOR,PAMALS,OS concluída,,,
2026-07-10,3040260522,9910592-2,ALTERNADOR,BAMN,REC,REPARADO,V1 PAMA-LS,203.0
2026-07-10,3040260523,9910592-2,ALTERNADOR,BAMN,REC,REPARADO,V1 PAMA-LS,203.0
2026-07-10,3040260524,51539-012M,CONTROL UNIT ASSY-GENERATOR,BANT,REC,,BACG,203.0
2026-07-10,3040260538,324843-W020,HEADSET-MICROPHONE,PAMALS,REC,,BABE,185.0
2026-07-10,3040260539,324843-W020,HEADSET-MICROPHONE,PAMALS,REC,,BABE,185.0
2026-07-10,3040260540,324843-W020,HEADSET-MICROPHONE,PAMALS,OS concluída,REPARADO,,
2026-07-10,3040260541,324843-W020,HEADSET-MICROPHONE,PAMALS,OS concluída,REPARADO,,
2026-07-10,3040260542,324843-W020,HEADSET-MICROPHONE,PAMALS,REC,,BABE,185.0
2026-07-10,3040260543,324843-W020,HEADSET-MICROPHONE,PAMALS,REC,VAI SER DEVOLVIDO SEM REPARO,WILLIAM,185.0
2026-07-10,3040260544,161-11700,INNER WHEEL HALF ASSY,BANT,REC,REPARADO,VEE ONE,185.0
2026-07-10,3040260545,161-11700,INNER WHEEL HALF ASSY,BACG,REC,REPARADO,VEE ONE,185.0
2026-07-10,3040260546,161-12800,WHEEL HALF ASSY-INNER,PAMALS,REC,REPARADO,VEE ONE,185.0
2026-07-10,3040260547,161-12800,WHEEL HALF ASSY-INNER,EPCAR,OS concluída,REPARADO,VEE ONE,
2026-07-10,3040260548,161-11700,INNER WHEEL HALF ASSY,CLA,REC,REPARADO,VEE ONE,185.0
2026-07-10,3040260549,162-10700,OUTER WHEEL HALF ASSY,BACG,REC,REPARADO,VEE ONE,185.0
2026-07-10,3040260550,162-10700,OUTER WHEEL HALF ASSY,CLA,REC,REPARADO,VEE ONE,185.0
2026-07-10,3040260551,162-11800,WHEEL HALF ASSY-OUTER,BANT,REC,REPARADO,VEE ONE,185.0
2026-07-10,3040260552,30994-001,BATTERY-MARATHON TSP410 NICAD,BABE,OS concluída,CONDENADO,AMA - VEE ONE,
2026-07-10,3040260583,3244897-4,FUEL CONTROL UNIT,PAMALS,OS concluída,,,
2026-07-10,3040260595,9910586-4,FLAP ACTUATOR AND MOTOR ASSEMBLY,7 ETA,REC,,BAMN,185.0
2026-07-10,3040260597,9910586-4,FLAP ACTUATOR AND MOTOR ASSEMBLY,BAPV,REC,REPARADO,VEE ONE,185.0
2026-07-10,3040260750,3122678-04,FUEL CONTROL UNIT,PAMASP,REC,,BANT,177.0
2026-07-10,3040260752,3244897-4,FUEL CONTROL UNIT,PAMASP,OS concluída,REPARADO,,
2026-07-10,3040260753,3244809-7,"FUEL CONTROL,MAIN,TURBINE ENGINE",PAMASP,OS concluída,REPARADO,,
2026-07-10,3040260754,3244809-1,"FUEL CONTROL,MAIN,TURBINE ENGINE",PAMASP,REC,EM QUARENTENA,LEAP,177.0
2026-07-10,3040260811,3034792,BOMBA DE COMBUSTÍVEL,BAPV,REC,,BABR,163.0
2026-07-10,3040260812,3034792,BOMBA DE COMBUSTÍVEL,BACG,OS concluída,,,
2026-07-10,3040260913,064-1054-30,RECEIVER-TRANSMITTER SUBASSEMBLY,EPCAR,REC,REPARADO,V1 PAMA-LS,165.0
2026-07-10,3040260915,064-1054-30,RECEIVER-TRANSMITTER SUBASSEMBLY,PAMALS,REC,REPARADO,V1 PAMA-LS,165.0
2026-07-10,3040260922,162-11800,WHEEL HALF ASSY-OUTER,PAMALS,OS concluída,,,
2026-07-10,3040260923,030-18200,MAIN WHEEL BRAKE,BACO,REC,REPARADO,VEE ONE,163.0
2026-07-10,3040261322,011-00831-00,"ENGINE INTERFA,SPEC",BAPV,REC,REPARADO,VEE ONE,150.0
2026-07-10,3040261324,011-00882-10,"COMPUTER,AIR DATA",BAMN,OS concluída,,,
2026-07-10,3040261326,011-00882-10,"COMPUTER,AIR DATA",BAMN,OS concluída,,,
2026-07-10,3040261327,064-1054-30,RECEIVER-TRANSMITTER SUBASSEMBLY,PAMASP,REC,REPARADO,V1 PAMA-LS,150.0
2026-07-10,3040261329,065-0061-36,ACTUATOR TRIM (KS272A),ALA 10,OS concluída,REPARADO,,
2026-07-10,3040261331,065-0061-36,ACTUATOR TRIM (KS272A),PAMASP,REC,,BABR,150.0
2026-07-10,3040261334,065-0065-01,SELECTOR ALT,BANT,REC,EM REPARO,WILLIAM,150.0
2026-07-10,3040261335,065-0065-01,SELECTOR ALT,BANT,REC,EM REPARO,WILLIAM,150.0
2026-07-10,3040261336,066-01141-0101,"RECEIVER,RADIO",BANT,REC,REPARADO,V1 PAMA-LS,150.0
2026-07-10,3040261340,066-1053-00,"RECEIVER,RADIO",BASM,REC,REPARADO,V1 PAMA-LS,150.0
2026-07-10,3040261342,066-3084-02,COLOR RADAR INDICATOR,BABV,REC,EM REPARO,WILLIAM,150.0
2026-07-10,3040261344,066-4010-12,RECEIVER VOR/LOC (KNS81),ALA 10,REC,EM REPARO,WILLIAM,150.0
2026-07-10,3040261347,071-1234-00,ANTENNA ACCESSORY,ALA 1,REC,EM REPARO,WILLIAM,150.0
2026-07-10,3040261352,1134380-4,EVAPORATOR MODULE ASSY-RH,BAMN,REC,CONDENADO,VEE ONE,150.0
2026-07-10,3040261353,1H75-21,PRESSURE REGULATOR,BAMN,REC,,BAMN,150.0
2026-07-10,3040261354,2643100-201,NOSE GEAR STRUT ASSY - TALL FORK,BANT,REC,EM REPARO,AV AERONAUTICA,150.0
2026-07-10,3040261355,2643100-201,NOSE GEAR STRUT ASSY - TALL FORK,BABR,OS concluída,REPARADO,,
2026-07-10,3040261356,2670104-2,ANNUNCIATOR PANEL,PAMALS,REC,REPARADO,VEE ONE,150.0
2026-07-10,3040261357,2682001-1,BRAKE CYL MAST,BABE,OS concluída,REPARADO,,
2026-07-10,3040261364,8210-002-01,GOVERNOR PROPELLER,PAMASP,REC,REPARADO,VEE ONE,150.0
2026-07-10,3040261371,TFF2905-13,FUEL FLOW TRANSDUCER,ALA 8,REC,EM REPARO,WILLIAM,150.0
2026-07-10,3040261373,C661065-0240,AIRSPEED INDICATOR,BABE,REC,REPARADO,V1 PAMA-LS,150.0
2026-07-10,3040261375,C661065-0240RX,"INDICATOR, AIRSPEED",BACG,REC,EM REPARO,WILLIAM,150.0
2026-07-10,3040261376,066-1061-03,RT RADAR ALTIM (KRA10A),PAMALS,REC,PARA REPARO,VEE ONE,150.0
2026-07-10,3040261377,066-3054-01,INDICATOR RADAR ALTIMETER - TYPE KI250,PAMALS,REC,EM REPARO,WILLIAM,150.0
2026-07-10,3040261387,3034792,BOMBA DE COMBUSTÍVEL,BABR,OS concluída,REPARADO,,
2026-07-10,3040261388,3034792,BOMBA DE COMBUSTÍVEL,BABR,OS concluída,REPARADO,,
2026-07-10,3040261389,3034792,BOMBA DE COMBUSTÍVEL,PAMASP,REC,REPARADO,V1 PAMA-LS,150.0
2026-07-10,3040261627,S3828-1,ALTIMETER,BAMN,REC,EM REPARO,WILLIAM,136.0
2026-07-10,3040261628,S3828-1,ALTIMETER,BABE,REC,REPARADO,V1 PAMA-LS,136.0
2026-07-10,3040261843,3034792,BOMBA DE COMBUSTÍVEL,PAMALS,REC,EM REPARO,VEE ONE,123.0
2026-07-10,3040261851,51539-012MRX,CONTROL UNIT ASSY-GENERATOR,BABE,REC,EM REPARO,VEE ONE,128.0
2026-07-10,3040261852,51539-012MRX,CONTROL UNIT ASSY-GENERATOR,BABE,REC,EM REPARO,VEE ONE,128.0
2026-07-10,3040262245,200SGL119Q-2,STARTER GENERATOR,BAMN,OS concluída,REPARADO,,
2026-07-10,3040262246,200SGL119Q-2,STARTER GENERATOR,BAMN,OS concluída,REPARADO,,
2026-07-10,3040262273,324843-W020,HEADSET-MICROPHONE,BABE,OS concluída,REPARADO,,
2026-07-10,3040262275,324843-W020,HEADSET-MICROPHONE,BANT,OS concluída,REPARADO,,
2026-07-10,3040262363,066-1055-00,AUDIO CONTROL PANEL,ALA 5,OS concluída,,,
2026-07-10,3040262367,066-1055-00,AUDIO CONTROL PANEL,ALA 9,REC,EM REPARO,WILLIAM,106.0
2026-07-10,3040262368,066-1055-00,AUDIO CONTROL PANEL,CLA,OS concluída,,,
2026-07-10,3040262371,51539-012N,CONTROL UNIT ASSY-GENERATOR,BANT,REC,REPARADO,V1 PAMA-LS,106.0
2026-07-10,3040262372,51539-012M,CONTROL UNIT ASSY-GENERATOR,BANT,REC,,V1 PAMA-LS,106.0
2026-07-10,3040262419,065-0061-36,ACTUATOR TRIM (KS272A),ALA 9,REC,EM REPARO,WILLIAM,101.0
2026-07-10,3040262630,161-11700,INNER WHEEL HALF ASSY,BANT,REC,REPARADO,VEE ONE,88.0
2026-07-10,3040262632,161-12800,WHEEL HALF ASSY-INNER,BANT,OS concluída,REPARADO,VEE ONE,
2026-07-10,3040262633,161-12800,WHEEL HALF ASSY-INNER,BANT,REC,REPARADO,VEE ONE,88.0
2026-07-10,3040262634,162-10700,OUTER WHEEL HALF ASSY,BANT,REC,REPARADO,VEE ONE,88.0
2026-07-10,3040262635,162-11800,WHEEL HALF ASSY-OUTER,EPCAR,REC,REPARADO,VEE ONE,88.0
2026-07-10,3040262636,162-11800,WHEEL HALF ASSY-OUTER,BANT,REC,REPARADO,VEE ONE,88.0
2026-07-10,3040262637,162-11800,WHEEL HALF ASSY-OUTER,BANT,REC,REPARADO,VEE ONE,88.0
2026-07-10,3040262638,200SGL119Q,STARTER GENERATOR,PAMALS,REC,EM REPARO,AV AERONAUTICA,88.0
2026-07-10,3040262639,200SGL119Q,STARTER GENERATOR,PAMASP,OS concluída,,PAMA-LS,
2026-07-10,3040262646,200SGL119Q,STARTER GENERATOR,PAMASP,OS concluída,,,
2026-07-10,3040262706,2641011-5,AXLE-MAIN GEAR,BAMN,REC,,BANT,88.0
2026-07-10,3040262707,2641011-5,AXLE-MAIN GEAR,BABV,REC,REPARADO,VEE ONE,88.0
2026-07-10,3040262708,2641011-5,AXLE-MAIN GEAR,PAMALS,REC,,BANT,88.0
2026-07-10,3040262709,2641011-5,AXLE-MAIN GEAR,PAMALS,REC,,BANT,88.0
2026-07-10,3040262711,2641011-5,AXLE-MAIN GEAR,BABR,REC,,BANT,88.0
2026-07-10,3040262712,2641011-5,AXLE-MAIN GEAR,BABR,REC,,BANT,88.0
2026-07-10,3040262713,2641011-5,AXLE-MAIN GEAR,BAPV,REC,REPARADO,VEE ONE,88.0
2026-07-10,3040262714,2641011-5,AXLE-MAIN GEAR,BAPV,REC,,BANT,88.0
2026-07-10,3040262717,2641011-5,AXLE-MAIN GEAR,BANT,REC,REPARADO,VEE ONE,88.0
2026-07-10,3040262734,C352,PORTABLE HALON FIRE EXTINGUISHERS,ALA 5,REC,EM REPARO,AV AERONAUTICA,88.0
2026-07-10,3040262738,C352TS,"EXTINGUISHER,FIRE",BANT,REC,,PROCURANDO,88.0
2026-07-10,3040262739,C352TS,"EXTINGUISHER,FIRE",BANT,REC,,PROCURANDO,88.0
2026-07-10,3040262740,C352TS,"EXTINGUISHER,FIRE",PAMALS,REC,,PROCURANDO,88.0
2026-07-10,3040262744,3244809-1A,F.C.U,PAMALS,REC,EM REPARO,LEAP,88.0
2026-07-10,3040262745,064-1019-05,VHF TRANSCEIVE KY196,EEAR,REC,EM REPARO,VEE ONE,88.0
2026-07-10,3040262746,066-1070-01,TRANSCEIVER DME (KN63),BABE,REC,EM REPARO,WILLIAM,88.0
2026-07-10,3040262747,066-1072-00,RECEIVER ADF (KING KR87),ALA 7,REC,EM REPARO,WILLIAM,88.0
2026-07-10,3040262748,066-3046-07,"CONTROL,INDICATOR",BABR,REC,,BANT,88.0
2026-07-10,3040262757,2606015-2,IND OIL TEMP/P,PAMALS,REC,EM REPARO,VEE ONE,88.0
2026-07-10,3040262758,9910338-4,FUEL TOTALIZER INDICATOR,PAMALS,REC,EM REPARO,VEE ONE,88.0
2026-07-10,3040262759,9910338-6,"TRANSMITTER,RATE OF FLOW",BAMN,REC,EM REPARO,WILLIAM,88.0
2026-07-10,3040262760,9910338-6,"TRANSMITTER,RATE OF FLOW",BANT,REC,EM REPARO,VEE ONE,88.0
2026-07-10,3040262765,011-00883-20,RADAR GWX 68 WEATHER,BAMN,REC,EM REPARO,VEE ONE,88.0
2026-07-10,3040262766,011-00883-20,RADAR GWX 68 WEATHER,BAMN,REC,EM REPARO,VEE ONE,88.0
2026-07-10,3040262767,066-3046-07,"CONTROL,INDICATOR",EEAR,REC,EM REPARO,LEAP,88.0
2026-07-10,3040262768,066-3046-07,"CONTROL,INDICATOR",EEAR,REC,EM REPARO,LEAP,88.0
2026-07-10,3040262769,066-3046-07,"CONTROL,INDICATOR",BABR,REC,,BANT,88.0
2026-07-10,3040262770,011-01020-10,AFCS MODE CONTROLLER GMC 710,BAMN,REC,EM REPARO,WILLIAM,88.0
2026-07-10,3040262772,011-01020-10,AFCS MODE CONTROLLER GMC 710,BAMN,REC,EM REPARO,WILLIAM,88.0
2026-07-10,3040262773,011-01020-10,AFCS MODE CONTROLLER GMC 710,BAMN,REC,EM REPARO,WILLIAM,88.0
2026-07-10,3040262791,066-3060-00,IND RMI KNI582,BANT,REC,EM REPARO,LEAP,88.0
2026-07-10,3040262792,066-3060-00,IND RMI KNI582,BANT,REC,EM REPARO,LEAP,88.0
2026-07-10,3040262966,2682001-1,BRAKE CYL MAST,BACO,OS concluída,,PAMA-LS,
2026-07-10,3040262967,2682001-1,BRAKE CYL MAST,PAMALS,REC,REPARADO,V1 PAMA-LS,86.0
2026-07-10,3040262968,2682001-1,BRAKE CYL MAST,BANT,OS concluída,,PAMA-LS,
2026-07-10,3040262969,2682001-1,BRAKE CYL MAST,BABE,REC,REPARADO,V1 PAMA-LS,86.0
2026-07-10,3040263069,453-5060,ELT C406-N,BABE,OS concluída,,,
2026-07-10,3040263283,D145-00-46-2,FLAP ACTUATOR ASSY,PAMALS,REC,EM REPARO,LEAP,71.0
2026-07-10,3040263284,D145-00-46-2,FLAP ACTUATOR ASSY,BAFL,REC,EM REPARO,LEAP,71.0
2026-07-10,3040263286,C661065-0237,AIRSPEED INDICATOR,BANT,REC,DEVOLVIDO NO ESTADO,WILLIAM,71.0
2026-07-10,3040263287,C661065-0237,AIRSPEED INDICATOR,BABR,REC,REPARADO,VEE ONE,71.0
2026-07-10,3040263288,C661065-0237,AIRSPEED INDICATOR,PAMASP,REC,REPARADO,VEE ONE,71.0
2026-07-10,3040263314,060-0017-00,FLIGHT DIR HOR,EEAR,REC,EM REPARO,LEAP,71.0
2026-07-10,3040263315,060-0017-00,FLIGHT DIR HOR,BACG,OS concluída,,BABR,
2026-07-10,3040263316,060-0017-00,FLIGHT DIR HOR,BANT,REC,,BANT,71.0
2026-07-10,3040263317,060-0017-00,FLIGHT DIR HOR,PAMASP,REC,,BANT,71.0
2026-07-10,3040263319,066-1055-00,AUDIO CONTROL PANEL,BABE,REC,REPARADO,VEE ONE,71.0
2026-07-10,3040263320,066-1055-00,AUDIO CONTROL PANEL,PAMALS,REC,EM REPARO,AV AERONAUTICA,71.0
2026-07-10,3040263322,066-1055-00,AUDIO CONTROL PANEL,ALA 9,REC,EM REPARO,WILLIAM,71.0
2026-07-10,3040263324,069-01033-0101,"RECEIVER-TRANSMITTER,RADIO",PAMALS,REC,EM REPARO,LEAP,71.0
2026-07-10,3040263325,069-01033-0101,"RECEIVER-TRANSMITTER,RADIO",PAMALS,REC,,PROCURANDO,71.0
2026-07-10,3040263326,069-01033-0101,"RECEIVER-TRANSMITTER,RADIO",PAMALS,REC,,BANT,71.0
2026-07-10,3040263327,C661064-0237,AIRSPEED INDICATOR,BABR,REC,EM REPARO,WILLIAM,71.0
2026-07-10,3040263328,C661064-0237,AIRSPEED INDICATOR,BABR,REC,EM REPARO,WILLIAM,71.0
2026-07-10,3040263329,C661064-0237,AIRSPEED INDICATOR,PAMALS,REC,EM REPARO,WILLIAM,71.0
2026-07-10,3040263330,C661064-0237,AIRSPEED INDICATOR,PAMALS,REC,EM REPARO,WILLIAM,71.0
2026-07-10,3040263331,C661064-0237,AIRSPEED INDICATOR,PAMALS,REC,VAI SER DEVOLVIDO SEM REPARO,WILLIAM,71.0
2026-07-10,3040263332,011-00916-10,"DISPLAY UNIT,FLIGHT INFORMATION",BAMN,REC,EM REPARO,WILLIAM,71.0
2026-07-10,3040263333,011-00916-10,"DISPLAY UNIT,FLIGHT INFORMATION",BACO,REC,EM REPARO,WILLIAM,71.0
2026-07-10,3040263334,011-00916-10,"DISPLAY UNIT,FLIGHT INFORMATION",BACO,REC,VAI SER DEVOLVIDO SEM REPARO,WILLIAM,71.0
2026-07-10,3040263335,C611008-0101,ALTERNATOR CONTROL UNIT,PAMALS,REC,EM REPARO,AV AERONAUTICA,71.0
2026-07-10,3040263336,C611008-0101,ALTERNATOR CONTROL UNIT,PAMALS,REC,EM REPARO,AV AERONAUTICA,71.0
2026-07-10,3040263338,C611008-0101,ALTERNATOR CONTROL UNIT,PAMALS,REC,REPARADO,V1 PAMA-LS,71.0
2026-07-10,3040263415,069-01033-0101,"RECEIVER-TRANSMITTER,RADIO",BABR,REC,,BANT,65.0
2026-07-10,3040263416,069-01033-0101,"RECEIVER-TRANSMITTER,RADIO",BASM,REC,EM REPARO,WILLIAM,65.0
2026-07-10,3040263417,069-01033-0101,"RECEIVER-TRANSMITTER,RADIO",PAMALS,REC,EM REPARO,WILLIAM,65.0
2026-07-10,3040263433,066-03064-0005,"ALTIMETER,SERVO CONTROLLED,AUTOMATIC PRESSURE",BACG,REC,EM REPARO,WILLIAM,65.0
2026-07-10,3040263434,066-03064-0005,"ALTIMETER,SERVO CONTROLLED,AUTOMATIC PRESSURE",PAMASP,REC,VAI SER DEVOLVIDO SEM REPARO,WILLIAM,65.0
2026-07-10,3040263435,066-03064-0005,"ALTIMETER,SERVO CONTROLLED,AUTOMATIC PRESSURE",BANT,REC,EM REPARO,WILLIAM,65.0
2026-07-10,3040263443,3244897-4,FUEL CONTROL UNIT,PAMALS,REC,EM REPARO,LEAP,64.0
2026-07-10,3040263444,3244897-4,FUEL CONTROL UNIT,PAMALS,REC,EM REPARO,LEAP,64.0
2026-07-10,3040263447,066-3046-07,"CONTROL,INDICATOR",CLA,REC,,BABR,65.0
2026-07-10,3040263448,2618510-10,ALTERNATOR CONTROL UNIT ASSY,BABE,REC,EM REPARO,WILLIAM,59.0
2026-07-10,3040263449,2618510-10,ALTERNATOR CONTROL UNIT ASSY,PAMALS,REC,EM REPARO,WILLIAM,59.0
2026-07-10,3040263571,066-3084-32,IND RDR 2000 IN-182A,PAMALS,REC,EM REPARO,WILLIAM,59.0
2026-07-10,3040263572,066-3084-32,IND RDR 2000 IN-182A,PAMALS,REC,EM REPARO,WILLIAM,59.0
2026-07-10,3040263573,066-3084-32,IND RDR 2000 IN-182A,PAMALS,REC,,BABR,59.0
2026-07-10,3040263574,066-1072-04,"RECEIVER,RADIO",BABE,REC,EM REPARO,WILLIAM,59.0
2026-07-10,3040263575,066-1072-04,"RECEIVER,RADIO",BABE,REC,EM REPARO,WILLIAM,59.0
2026-07-10,3040263576,066-1072-04,"RECEIVER,RADIO",BAMN,REC,DEVOLVIDO NO ESTADO,WILLIAM,59.0
2026-07-10,3040263577,060-0015-00,"CONTROL,DIRECTIONAL,AUTOMATIC PILOT",ALA 5,REC,EM REPARO,WILLIAM,59.0
2026-07-10,3040263795,071-01519-0101,"RECEIVER-EXCITER,RADAR",PAMALS,REC,,PROCURANDO,42.0
2026-07-10,3040263796,071-01519-0101,"RECEIVER-EXCITER,RADAR",PAMALS,REC,,PROCURANDO,42.0
2026-07-10,3040263797,066-3046-07,"CONTROL,INDICATOR",BABE,REC,EM REPARO,WILLIAM,42.0
2026-07-10,3040263798,066-3046-07,"CONTROL,INDICATOR",PAMASP,REC,EM REPARO,WILLIAM,42.0
2026-07-10,3040263799,066-3046-07,"CONTROL,INDICATOR",PAMASP,REC,EM REPARO,WILLIAM,42.0
2026-07-10,3040263877,2641011-5,AXLE-MAIN GEAR,CLA,REC,EM REPARO,LEAP,49.0
2026-07-10,3040263878,2641011-5,AXLE-MAIN GEAR,CLA,REC,EM REPARO,LEAP,49.0
2026-07-10,3040264121,3244897-4,FUEL CONTROL UNIT,BABE,REC,EM REPARO,LEAP,42.0
2026-07-10,3040264122,3244809-8,"FUEL CONTROL,MAIN,TURBINE ENGINE",BABE,OS concluída,,BABR,
2026-07-10,3040264236,200SGL119Q-2,STARTER GENERATOR,BABE,REC,,BABE,42.0
2026-07-10,3040264237,200SGL119Q-2,STARTER GENERATOR,BAMN,REC,EM REPARO,AV AERONAUTICA,42.0
2026-07-10,3040264238,324843-2020,HEADSET-MICROPHONE,DACTA II,REC,EM REPARO,WILLIAM,42.0
2026-07-10,3040264240,324843-2020,HEADSET-MICROPHONE,DACTA II,REC,EM REPARO,WILLIAM,42.0
2026-07-10,3040264241,324843-2020,HEADSET-MICROPHONE,DACTA II,REC,EM REPARO,WILLIAM,42.0
2026-07-10,3040264242,324843-2020,HEADSET-MICROPHONE,BABE,REC,EM REPARO,WILLIAM,42.0
2026-07-10,3040264243,069-01033-0101,"RECEIVER-TRANSMITTER,RADIO",PAMALS,REC,EM REPARO,WILLIAM,42.0
2026-07-10,3040264244,069-01033-0101,"RECEIVER-TRANSMITTER,RADIO",PAMASP,REC,EM REPARO,WILLIAM,42.0
2026-07-10,3040264246,060-0017-00,FLIGHT DIR HOR,PAMALS,REC,EM REPARO,WILLIAM,42.0
2026-07-10,3040264262,9910338-8,"INDICATOR,FUEL FLOW",BABV,REC,EM REPARO,WILLIAM,42.0
2026-07-10,3040264263,9910338-8,"INDICATOR,FUEL FLOW",PAMALS,OS concluída,,BABR,
2026-07-10,3040264264,324843-2020,HEADSET-MICROPHONE,DACTA II,REC,EM REPARO,WILLIAM,42.0
2026-07-10,3040264572,060-0017-00,FLIGHT DIR HOR,PAMASP,REC,,,30.0
2026-07-10,3040264573,060-0017-00,FLIGHT DIR HOR,BANT,REC,,,30.0
2026-07-10,3040264574,060-0017-00,FLIGHT DIR HOR,BANT,REC,,,30.0
2026-07-10,3040264576,060-0017-00,FLIGHT DIR HOR,PAMALS,REC,,,30.0
2026-07-10,3040264577,060-0017-00,FLIGHT DIR HOR,PAMALS,REC,,,30.0
2026-07-10,3040264579,060-0017-00,FLIGHT DIR HOR,BABR,REC,,,30.0
2026-07-10,3040264643,1H75-21,PRESSURE REGULATOR,PAMASP,REC,,,25.0
2026-07-10,3040264645,1H75-21,PRESSURE REGULATOR,PAMASP,REC,,,25.0
2026-07-10,3040264646,1H75-21,PRESSURE REGULATOR,PAMASP,REC,,,25.0
2026-07-10,3040264647,1H75-21,PRESSURE REGULATOR,BAMN,REC,,,25.0
2026-07-10,3040264707,3244809-7,"FUEL CONTROL,MAIN,TURBINE ENGINE",BABE,REC,,,25.0
2026-07-10,3040264709,540-1407-4,"VALVE,BLEED,TURBINEENGINE",PAMASP,REC,,,25.0
2026-07-10,3040264710,200SGL153Q,"STARTER-GENERATOR,ENGINE,AIRCRAFT",CLA,REC,,,25.0
2026-07-10,3040264711,200SGL153Q,"STARTER-GENERATOR,ENGINE,AIRCRAFT",PAMASP,REC,,,25.0
2026-07-10,3040264712,200SGL153Q,"STARTER-GENERATOR,ENGINE,AIRCRAFT",BACG,REC,,,25.0
2026-07-10,3040264718,9910338-8,"INDICATOR,FUEL FLOW",PAMALS,REC,,,25.0
2026-07-10,3040264719,S3326-2,"INDICATOR,HORIZONTAL SITUATION",ALA 8,REC,,,25.0
2026-07-10,3040264720,S3326-2,"INDICATOR,HORIZONTAL SITUATION",PAMALS,REC,,,25.0
2026-07-10,3040264721,S3326-2,"INDICATOR,HORIZONTAL SITUATION",PAMASP,REC,,,25.0
2026-07-10,3040264724,2606013-1AM,INDICADOR PERCENTUAL RPM,BABV,REC,,,25.0
2026-07-10,3040264725,2606013-1AM,INDICADOR PERCENTUAL RPM,BABR,REC,,,25.0
2026-07-10,3040264726,2606015-4,INDICATOR-OIL TEMP/OIL PRESS,BANT,REC,,,25.0
2026-07-10,3040264727,C661051-0201,GYRO HORIZON,ALA 10,REC,,,25.0
2026-07-10,3040264728,504-0111-906,GYRO HORIZON,PAMALS,REC,,,25.0
2026-07-10,3040264729,504-0111-906,GYRO HORIZON,BACG,REC,,,25.0
2026-07-10,3040264730,8210-003,"GOVERNOR,FUEL CONTROL",PAMASP,REC,,,25.0
2026-07-10,3040264731,8210-002,"GOVERNOR,CONSTANT SPEED DRIVE",PAMASP,REC,,,25.0
2026-07-10,3040264732,8210-002,"GOVERNOR,CONSTANT SPEED DRIVE",BAMN,REC,,,25.0
2026-07-10,3040264733,030-18200,MAIN WHEEL BRAKE,BAMN,REC,,,25.0
2026-07-10,3040264734,030-18200,MAIN WHEEL BRAKE,BAMN,REC,,,25.0
2026-07-10,3040264735,161-11700,INNER WHEEL HALF ASSY,PAMALS,REC,,,25.0
2026-07-10,3040264736,161-12800,WHEEL HALF ASSY-INNER,BABR,REC,,,25.0
2026-07-10,3040264737,161-12800,WHEEL HALF ASSY-INNER,PAMALS,AUT,,,25.0
2026-07-10,3040264738,162-10700,OUTER WHEEL HALF ASSY,BACO,AUT,,,25.0
2026-07-10,3040264807,011-01105-01,INTEGRATED AVIONICS UNIT GIA63W,ALA 8,REC,,,17.0
2026-07-10,3040264808,011-01105-01,INTEGRATED AVIONICS UNIT GIA63W,BAMN,REC,,,17.0
2026-07-10,3040264907,011-00916-10,"DISPLAY UNIT,FLIGHT INFORMATION",BAMN,REC,,,10.0
2026-07-10,3040264908,011-00916-10,"DISPLAY UNIT,FLIGHT INFORMATION",BABV,REC,,,10.0
2026-07-11,3040249831,066-01141-5101,"RECEIVER-TRANSMITTER,RADIO (KT71)",PAMALS,REC,EM REPARO,LEAP,516.0
2026-07-11,3040250234,3034792,BOMBA DE COMBUSTÍVEL,PAMALS,REC,,BANT,500.0
2026-07-11,3040250248,452-0133,"BATTERY,NONRECHARGEABLE",BABR,REC,CONDENADO,VEE ONE,500.0
2026-07-11,3040250249,452-0133,"BATTERY,NONRECHARGEABLE",BAMN,REC,CONDENADO,VEE ONE,500.0
2026-07-11,3040250716,030-18200,MAIN WHEEL BRAKE,BABV,REC,EM REPARO,LEAP,478.0
2026-07-11,3040250717,030-18200,MAIN WHEEL BRAKE,BACO,OS concluída,REPARADO,,
2026-07-11,3040250718,030-18200,MAIN WHEEL BRAKE,BACO,OS concluída,REPARADO,,
2026-07-11,3040250719,060-0017-00,FLIGHT DIR HOR,PAMALS,REC,,BANT,478.0
2026-07-11,3040250720,060-0017-00,FLIGHT DIR HOR,BABV,OS concluída,REPARADO,,
2026-07-11,3040250721,060-0017-00,FLIGHT DIR HOR,BANT,OS concluída,REPARADO,,
2026-07-11,3040250722,066-01141-5101,"RECEIVER-TRANSMITTER,RADIO (KT71)",ALA 9,REC,EM REPARO,WILLIAM,478.0
2026-07-11,3040250723,066-01141-5101,"RECEIVER-TRANSMITTER,RADIO (KT71)",CLA,REC,,BABR,478.0
2026-07-11,3040250724,066-04035-1101,"DISPLAY UNIT,RADAR",PAMALS,REC,,BANT,478.0
2026-07-11,3040250725,066-3046-07,"CONTROL,INDICATOR",ALA 10,OS concluída,REPARADO,,
2026-07-11,3040250732,069-1025-25,"RECEIVER-TRANSMITTER,RADIO - KX165",PAMALS,REC,EM REPARO,WILLIAM,478.0
2026-07-11,3040250773,161-11700,INNER WHEEL HALF ASSY,EEAR,REC,,BACG,478.0
2026-07-11,3040250775,161-11700,INNER WHEEL HALF ASSY,BABE,OS concluída,CONDENADO,,
2026-07-11,3040250776,161-12800,WHEEL HALF ASSY-INNER,BABE,OS concluída,CONDENADO,,
2026-07-11,3040250778,161-12800,WHEEL HALF ASSY-INNER,BACG,OS concluída,REPARADO,,
2026-07-11,3040250780,162-11800,WHEEL HALF ASSY-OUTER,PAMALS,OS concluída,,,
2026-07-11,3040250781,162-11800,WHEEL HALF ASSY-OUTER,BACG,OS concluída,,,
2026-07-11,3040250782,2606012-1,INDICATOR-INTER-TURBINE TEMPERATURE,ALA 9,OS concluída,,,
2026-07-11,3040250789,2641012-14,TRUNNION ASSY-RH-MAIN GEAR,PAMASP,OS concluída,CONDENADO,,
2026-07-11,3040250790,2643031-7,"FORK ASSY,NOSE GEAR SPRING",BAMN,OS concluída,CONDENADO,,
2026-07-11,3040250791,2643090-1,SHIMMY DAMPENE,BANT,REC,EM REPARO,AV AERONAUTICA,478.0
2026-07-11,3040250792,2643090-1,SHIMMY DAMPENE,BAMN,REC,REPARADO,V1 PAMA-LS,478.0
2026-07-11,3040250793,2643099-4,"SUPPORT ASSY FOWARD, NLG SPRING",BAMN,OS concluída,CONDENADO,,
2026-07-11,3040250798,30994-001,BATTERY-MARATHON TSP410 NICAD,BANT,OS concluída,CONDENADO,AMA - VEE ONE,
2026-07-11,3040250816,453-5060,"BEACON,DISTRESS",BAMN,REC,,PAMA-LS,478.0
2026-07-11,3040250827,51539-012N,CONTROL UNIT ASSY-GENERATOR,BANT,REC,,BABR,478.0
2026-07-11,3040250828,51539-012N,CONTROL UNIT ASSY-GENERATOR,BACG,REC,,BABR,478.0
2026-07-11,3040250829,51539-012N,CONTROL UNIT ASSY-GENERATOR,BAMN,OS concluída,,,
2026-07-11,3040250830,799-1,TRANSDUCER,BACO,REC,,BANT,478.0
2026-07-11,3040250831,799-1,TRANSDUCER,BANT,REC,,BANT,478.0
2026-07-11,3040250832,9910338-4,FUEL TOTALIZER INDICATOR,EEAR,REC,,PAMA-LS,478.0
2026-07-11,3040250833,9910586-4,FLAP ACTUATOR AND MOTOR ASSEMBLY,ALA 3,REC,,BAMN,478.0
2026-07-11,3040250834,9910586-4,FLAP ACTUATOR AND MOTOR ASSEMBLY,ALA 3,OS concluída,CONDENADO,,
2026-07-11,3040250835,ASG12000-2,ALTERNATOR,ALA 5,REC,REPARADO,V1 PAMA-LS,478.0
2026-07-11,3040250841,C661030-0301,TURN BANK,PAMALS,REC,EM REPARO,LEAP,478.0
2026-07-11,3040250842,C662041-0102,INDICATOR FUEL,ALA 5,REC,,PAMA-LS,478.0
2026-07-11,3040250843,C662041-0102,INDICATOR FUEL,ALA 10,OS concluída,REPARADO,,
2026-07-11,3040250844,C662041-0102,INDICATOR FUEL,ALA 9,REC,,PAMA-LS,478.0
2026-07-11,3040252159,011-00916-00,DISPLAY UNIT GDU 1040A,BAMN,REC,,BAMN,445.0
2026-07-11,3040252160,011-01020-10,AFCS MODE CONTROLLER GMC 710,BAMN,OS concluída,,,
2026-07-11,3040252161,065-0042-03,COMPUTER PA,ALA 10,REC,EM REPARO,WILLIAM,445.0
2026-07-11,3040252162,065-0042-03,COMPUTER PA,EEAR,REC,,BABE,445.0
2026-07-11,3040252164,065-0042-03,COMPUTER PA,EEAR,REC,EM REPARO,WILLIAM,445.0
2026-07-11,3040252165,065-0042-03,COMPUTER PA,PAMALS,OS concluída,,,
2026-07-11,3040252166,065-0059-01,SERVO PITCH,EEAR,REC,EM REPARO,WILLIAM,445.0
2026-07-11,3040252168,066-03064-0005,"ALTIMETER,SERVO CONTROLLED,AUTOMATIC PRESSURE",ALA 9,OS concluída,REPARADO,,
2026-07-11,3040252170,066-03064-0005,"ALTIMETER,SERVO CONTROLLED,AUTOMATIC PRESSURE",ALA 7,REC,NO ESTADO,VEE ONE,445.0
2026-07-11,3040252172,066-03064-0005,"ALTIMETER,SERVO CONTROLLED,AUTOMATIC PRESSURE",PAMALS,REC,NO ESTADO,VEE ONE,445.0
2026-07-11,3040252173,066-03064-0005,"ALTIMETER,SERVO CONTROLLED,AUTOMATIC PRESSURE",BANT,REC,EM REPARO,LEAP,445.0
2026-07-11,3040252178,066-1072-00,RECEIVER ADF (KING KR87),PAMALS,OS concluída,,,
2026-07-11,3040252180,066-1072-04,"RECEIVER,RADIO",ALA 8,OS concluída,,,
2026-07-11,3040252181,066-1072-04,"RECEIVER,RADIO",PAMASP,REC,EM REPARO,WILLIAM,445.0
2026-07-11,3040252182,066-1072-04,"RECEIVER,RADIO",ALA 9,OS concluída,REPARADO,,
2026-07-11,3040252185,066-1072-04,"RECEIVER,RADIO",BAMN,OS concluída,REPARADO,,
2026-07-11,3040252189,9910338-6,"TRANSMITTER,RATE OF FLOW",ALA 8,OS concluída,REPARADO,,
2026-07-11,3040252190,9910338-6,"TRANSMITTER,RATE OF FLOW",BABR,OS concluída,,,
2026-07-11,3040252191,C611008-0101,ALTERNATOR CONTROL UNIT,PAMALS,REC,,BABR,445.0
2026-07-11,3040252935,030-18200,MAIN WHEEL BRAKE,BAMN,OS concluída,CONDENADO,,
2026-07-11,3040252936,030-18200,MAIN WHEEL BRAKE,BACO,REC,,PAMA-LS,415.0
2026-07-11,3040252939,C163030-1001,MAIN W BRAKE A,BABV,REC,,BAMN,415.0
2026-07-11,3040252940,30-182,MAIN WHEEL BRAKE,BABV,OS concluída,CONDENADO,,
2026-07-11,3040252942,30-182,MAIN WHEEL BRAKE,BAMN,OS concluída,REPARADO,,
2026-07-11,3040252943,30-182,MAIN WHEEL BRAKE,BAMN,OS concluída,REPARADO,,
2026-07-11,3040253168,161-12800,WHEEL HALF ASSY-INNER,BASM,REC,REPARADO,VEE ONE,411.0
2026-07-11,3040253170,161-12800,WHEEL HALF ASSY-INNER,BASM,OS concluída,CONDENADO,,
2026-07-11,3040253172,161-12800,WHEEL HALF ASSY-INNER,PAMALS,REC,,PROCURANDO,411.0
2026-07-11,3040253173,161-12800,WHEEL HALF ASSY-INNER,PAMALS,REC,EM REPARO,LEAP,411.0
2026-07-11,3040253174,161-12800,WHEEL HALF ASSY-INNER,PAMALS,OS concluída,CONDENADO,,
2026-07-11,3040253176,162-10700,OUTER WHEEL HALF ASSY,BABE,OS concluída,CONDENADO,,
2026-07-11,3040253177,162-10700,OUTER WHEEL HALF ASSY,BABV,REC,REPARADO,VEE ONE,411.0
2026-07-11,3040253178,162-10700,OUTER WHEEL HALF ASSY,PAMALS,REC,,PROCURANDO,411.0
2026-07-11,3040253179,162-11800,WHEEL HALF ASSY-OUTER,CLA,OS concluída,CONDENADO,,
2026-07-11,3040253180,162-11800,WHEEL HALF ASSY-OUTER,BASM,REC,,PROCURANDO,411.0
2026-07-11,3040253181,162-11800,WHEEL HALF ASSY-OUTER,PAMALS,OS concluída,REPARADO,,
2026-07-11,3040253182,162-11800,WHEEL HALF ASSY-OUTER,PAMALS,REC,REPARADO,VEE ONE,411.0
2026-07-11,3040253526,30994-001,BATTERY-MARATHON TSP410 NICAD,PAMALS,OS concluída,CONDENADO,AMA - VEE ONE,
2026-07-11,3040253527,30994-001,BATTERY-MARATHON TSP410 NICAD,BAPV,OS concluída,CONDENADO,AMA - VEE ONE,
2026-07-11,3040253528,066-03064-0005,"ALTIMETER,SERVO CONTROLLED,AUTOMATIC PRESSURE",BANT,OS concluída,REPARADO,,
2026-07-11,3040253529,066-03064-0005,"ALTIMETER,SERVO CONTROLLED,AUTOMATIC PRESSURE",DSM-MN,REC,DEVOLVIDO NO ESTADO,WILLIAM,401.0
2026-07-11,3040253530,799-1,TRANSDUCER,BAMN,REC,,BANT,401.0
2026-07-11,3040253531,799-1,TRANSDUCER,BAMN,REC,,VEE ONE,401.0
2026-07-11,3040253532,799-1,TRANSDUCER,PAMALS,REC,,BANT,401.0
2026-07-11,3040253535,2643099-4,"SUPPORT ASSY FOWARD, NLG SPRING",BABE,REC,CONDENADO,VEE ONE,401.0
2026-07-11,3040253536,2641012-14,TRUNNION ASSY-RH-MAIN GEAR,PAMALS,OS concluída,CONDENADO,,
2026-07-11,3040254195,540-1407-4,"VALVE,BLEED,TURBINEENGINE",PAMALS,REC,,BANT,383.0
2026-07-11,3040254201,2643090-3,SHIMMY DAMPER-NOSE GEAR,PAMALS,REC,REPARADO,V1 PAMA-LS,383.0
2026-07-11,3040254203,SE1070-6,SHIMMY DAMPENER ASSY,BACGINAT,OS concluída,,,
2026-07-11,3040254205,C660501-0103,"COMPASS,SPEC",PAMALS,REC,REPARADO,V1 PAMA-LS,383.0
2026-07-11,3040254206,C660501-0103,"COMPASS,SPEC",ALA 8,REC,EM REPARO EM GARANTIA,WILLIAM,383.0
2026-07-11,3040254208,C660501-0103,"COMPASS,SPEC",BABV,REC,REPARADO,V1 PAMA-LS,383.0
2026-07-11,3040254210,799-1,TRANSDUCER,BANT,REC,,BANT,383.0
2026-07-11,3040254770,069-1025-25,"RECEIVER-TRANSMITTER,RADIO - KX165",ALA 9,REC,EM REPARO,WILLIAM,374.0
2026-07-11,3040254784,452-0133,"BATTERY,NONRECHARGEABLE",DACTA II,REC,CONDENADO,VEE ONE,374.0
2026-07-11,3040254785,452-0133,"BATTERY,NONRECHARGEABLE",BAMN,REC,CONDENADO,VEE ONE,374.0
2026-07-11,3040254786,452-0133,"BATTERY PACK,AIRCRAFT",BAMN,REC,CONDENADO,VEE ONE,374.0
2026-07-11,3040254787,452-0133,"BATTERY PACK,AIRCRAFT",DACTA II,REC,CONDENADO,VEE ONE,374.0
2026-07-11,3040254788,452-0133,"BATTERY,NONRECHARGEABLE",BAMN,REC,CONDENADO,VEE ONE,374.0
2026-07-11,3040254789,452-0133,"BATTERY,NONRECHARGEABLE",BAMN,REC,CONDENADO,VEE ONE,374.0
2026-07-11,3040254792,2606013-1RX,INDICATOR-PERCENT RPM,BABR,REC,,BANT,374.0
2026-07-11,3040254793,D145-00-46-2,FLAP ACTUATOR ASSY,PAMALS,REC,,PAMA-LS,374.0
2026-07-11,3040254794,C145-350,"MOTOR,DIRECT CURRENT",PAMALS,OS concluída,,,
2026-07-11,3040254795,D145-00-46-2,FLAP ACTUATOR ASSY,BABE,REC,,PAMA-LS,374.0
2026-07-11,3040254796,30994-001,BATTERY-MARATHON TSP410 NICAD,BAMN,OS concluída,REPARADO,,
2026-07-11,3040254799,453-5000-710,EMERGENCY LOCATOR TRANSMITTER MODEL C406-2,PAMASP,OS concluída,,,
2026-07-11,3040254803,C352TS,"EXTINGUISHER,FIRE",2 ETA,REC,REPARADO,V1 PAMA-LS,374.0
2026-07-11,3040254805,C352TS,"EXTINGUISHER,FIRE",PAMALS,OS concluída,,,
2026-07-11,3040254806,C352TS,"EXTINGUISHER,FIRE",PAMALS,REC,REPARADO,V1 PAMA-LS,374.0
2026-07-11,3040254808,C352TS,"EXTINGUISHER,FIRE",BABR,REC,REPARADO,V1 PAMA-LS,374.0
2026-07-11,3040254809,C352TS,"EXTINGUISHER,FIRE",PAMAGL,OS concluída,,,
2026-07-11,3040254810,C352TS,"EXTINGUISHER,FIRE",PAMALS,OS concluída,,,
2026-07-11,3040254815,C482001-0402,VACUUM REGULAT,PAMALS,REC,CONDENADO,VEE ONE,374.0
2026-07-11,3040254816,C482001-0402,VACUUM REGULAT,PAMALS,REC,CONDENADO,VEE ONE,374.0
2026-07-11,3040254817,2641011-5,AXLE-MAIN GEAR,BABE,OS concluída,NO ESTADO,,
2026-07-11,3040254818,2641011-5,AXLE-MAIN GEAR,BABE,OS concluída,,,
2026-07-11,3040254819,2641011-5,AXLE-MAIN GEAR,BANT,OS concluída,REPARADO,,
2026-07-11,3040254820,2641011-5,AXLE-MAIN GEAR,BAMN,OS concluída,REPARADO,,
2026-07-11,3040255319,702801-5,FUEL PUMP,PAMASP,REC,EM REPARO,VEE ONE,365.0
2026-07-11,3040255321,8210-002,"GOVERNOR,CONSTANT SPEED DRIVE",PAMALS,OS concluída,,,
2026-07-11,3040255326,011-00916-00,DISPLAY UNIT GDU 1040A,BAMN,REC,,BAMN,365.0
2026-07-11,3040255461,DAAS-A-010-1,ADAS-D PROCESSOR,PAMALS,REC,EM REPARO,VEE ONE,361.0
2026-07-11,3040255589,071-01519-0101,"RECEIVER-EXCITER,RADAR",BANT,REC,,PROCURANDO,359.0
2026-07-11,3040255590,071-01519-0101,"RECEIVER-EXCITER,RADAR",PAMALS,OS concluída,REPARADO,,
2026-07-11,3040255706,C661064-0237,AIRSPEED INDICATOR,BAMN,OS concluída,,,
2026-07-11,3040256112,011-00883-20,RADAR GWX 68 WEATHER,BABE,REC,,BAMN,345.0
2026-07-11,3040256114,5934PAD-3,"ALTIMETER,PRESSURE",PAMALS,REC,EM REPARO,VEE ONE,345.0
2026-07-11,3040256115,5934PAD-3,"ALTIMETER,PRESSURE",PAMALS,OS concluída,REPARADO,,
2026-07-11,3040256118,011-00878-10,GSA-81 TORQUE SERVO,BAPV,REC,,BACO,345.0
2026-07-11,3040256119,011-00878-10,GSA-81 TORQUE SERVO,BAPV,REC,EM REPARO,LEAP,345.0
2026-07-11,3040256120,011-00916-10,"DISPLAY UNIT,FLIGHT INFORMATION",BAMN,OS concluída,,,
2026-07-11,3040256311,3121248-03,"VALVE ASSEMBLY,COMPRESSOR BLEED",PAMALS,OS concluída,,,
2026-07-11,3040256314,066-4010-12,RECEIVER VOR/LOC (KNS81),EEAR,REC,EM REPARO,LEAP,332.0
2026-07-11,3040256662,030-18200,MAIN WHEEL BRAKE,BASM,OS concluída,,,
2026-07-11,3040256665,161-11700,INNER WHEEL HALF ASSY,BABV,OS concluída,,,
2026-07-11,3040256666,161-11700,INNER WHEEL HALF ASSY,PAMALS,OS concluída,,,
2026-07-11,3040256667,161-11700,INNER WHEEL HALF ASSY,PAMALS,OS concluída,,,
2026-07-11,3040256668,161-11700,INNER WHEEL HALF ASSY,PAMALS,OS concluída,CONDENADO,,
2026-07-11,3040256669,161-11700,INNER WHEEL HALF ASSY,PAMALS,OS concluída,,,
2026-07-11,3040256670,161-11700,INNER WHEEL HALF ASSY,PAMALS,OS concluída,CONDENADO,,
2026-07-11,3040256671,161-11700,INNER WHEEL HALF ASSY,PAMALS,REC,REPARADO,VEE ONE,323.0
2026-07-11,3040256672,161-12800,WHEEL HALF ASSY-INNER,PAMALS,REC,REPARADO,VEE ONE,323.0
2026-07-11,3040256673,161-12800,WHEEL HALF ASSY-INNER,PAMALS,REC,CONDENADO,VEE ONE,320.0
2026-07-11,3040256675,161-12800,WHEEL HALF ASSY-INNER,BANT,OS concluída,REPARADO,,
2026-07-11,3040256694,162-11800,WHEEL HALF ASSY-OUTER,BANT,OS concluída,REPARADO,,
2026-07-11,3040256696,162-11800,WHEEL HALF ASSY-OUTER,PAMALS,REC,,PAMA-LS,323.0
2026-07-11,3040256698,030-18200,MAIN WHEEL BRAKE,PAMASP,REC,,PROCURANDO,323.0
2026-07-11,3040256702,C661064-0237,AIRSPEED INDICATOR,BABR,OS concluída,,,
2026-07-11,3040256703,C661064-0237,AIRSPEED INDICATOR,PAMALS,OS concluída,REPARADO,,
2026-07-11,3040256704,C661064-0237,AIRSPEED INDICATOR,PAMALS,OS concluída,,,
2026-07-11,3040256707,D210507,"GOVERNOR,OVERSPEED",PAMALS,OS concluída,,,
2026-07-11,3040256708,D210507,"GOVERNOR,OVERSPEED",PAMALS,REC,REPARADO,VEE ONE,323.0
2026-07-11,3040256709,3121248-03,"VALVE ASSEMBLY,COMPRESSOR BLEED",PAMASP,REC,,BANT,320.0
2026-07-11,3040256713,030-18200,MAIN WHEEL BRAKE,ALA 3,REC,,BAMN,323.0
2026-07-11,3040256787,011-00877-00,"GSA-80 SERVO ROL,YAW,SPEC",PAMALS,REC,EM REPARO,VEE ONE,323.0
2026-07-11,3040256792,011-00877-00,"GSA-80 SERVO ROL,YAW,SPEC",BAMN,REC,,PROCURANDO,323.0
2026-07-11,3040256828,011-00883-20,RADAR GWX 68 WEATHER,PAMALS,REC,CONDENADO,V1 PAMA-LS,323.0
2026-07-11,3040257093,065-00183-0501,AUTOPILOT COMPUTER KFC225,BABE,REC,,BANT,316.0
2026-07-11,3040257094,065-00183-0501,AUTOPILOT COMPUTER KFC225,BABE,REC,,BANT,316.0
2026-07-11,3040257095,011-01105-01,INTEGRATED AVIONICS UNIT GIA63W,BABE,REC,EM REPARO,VEE ONE,316.0
2026-07-11,3040257096,011-01105-01,INTEGRATED AVIONICS UNIT GIA63W,BABE,REC,,BAMN,316.0
2026-07-11,3040257436,30994-001,BATTERY-MARATHON TSP410 NICAD,PAMALS,OS concluída,CONDENADO,AMA - VEE ONE,
2026-07-11,3040257438,030-18200,MAIN WHEEL BRAKE,BAMN,REC,REPARADO,VEE ONE,297.0
2026-07-11,3040257439,030-18200,MAIN WHEEL BRAKE,BAMN,REC,,BAMN,297.0
2026-07-11,3040257440,030-18200,MAIN WHEEL BRAKE,BANT,REC,CONDENADO,VEE ONE,297.0
2026-07-11,3040257441,030-18200,MAIN WHEEL BRAKE,BAPV,REC,,BAMN,297.0
2026-07-11,3040257442,C163030-1001,MAIN W BRAKE A,BAMN,REC,REPARADO,VEE ONE,297.0
2026-07-11,3040257443,161-12800,WHEEL HALF ASSY-INNER,ALA 3,AUT,,NÃO TEVE MOVIMENTAÇÃO,304.0
2026-07-11,3040257444,162-10700,OUTER WHEEL HALF ASSY,PAMALS,OS concluída,CONDENADO,,
2026-07-11,3040257447,162-10700,OUTER WHEEL HALF ASSY,PAMALS,OS concluída,CONDENADO,,
2026-07-11,3040257450,3244809-4,"FUEL CONTROL,MAIN,TURBINE ENGINE",PAMASP,OS concluída,EM REPARO,LEAP,
2026-07-11,3040257451,3244809-7,"FUEL CONTROL,MAIN,TURBINE ENGINE",PAMASP,REC,,BANT,297.0
2026-07-11,3040257452,3244809-8,"FUEL CONTROL,MAIN,TURBINE ENGINE",BAPV,OS concluída,REPARADO,,
2026-07-11,3040257453,EA-5172-45-CES,"INDICATOR,AIRSPEED",ALA 7,REC,DEVOLVIDO NO ESTADO,WILLIAM,297.0
2026-07-11,3040257454,EA-5172-45-CES,"INDICATOR,AIRSPEED",BACG,OS concluída,,,
2026-07-11,3040258303,011-00877-00,"GSA-80 SERVO ROL,YAW,SPEC",DACTA II,REC,EM REPARO,VEE ONE,277.0
2026-07-11,3040258306,D210507,"GOVERNOR,OVERSPEED",PAMALS,REC,EM REPARO,LEAP,277.0
2026-07-11,3040258307,D210507,"GOVERNOR,OVERSPEED",ALA 5,OS concluída,,,
2026-07-11,3040258308,D210507,"GOVERNOR,OVERSPEED",BAMN,OS concluída,REPARADO,,
2026-07-11,3040258309,D210507,"GOVERNOR,OVERSPEED",BAMN,REC,EM REPARO,LEAP,277.0
2026-07-11,3040258310,D210507,"GOVERNOR,OVERSPEED",BACO,OS concluída,,,
2026-07-11,3040258419,011-00877-00,"GSA-80 SERVO ROL,YAW,SPEC",DACTA II,REC,EM REPARO,VEE ONE,275.0
2026-07-11,3040258420,011-00877-00,"GSA-80 SERVO ROL,YAW,SPEC",BACO,REC,EM REPARO,VEE ONE,275.0
2026-07-11,3040258421,011-00877-00,"GSA-80 SERVO ROL,YAW,SPEC",BABE,REC,,BACO,275.0
2026-07-11,3040258422,2601188-8,COMPRESSOR DRIVE ASSY R134A,PAMASP,REC,,PROCURANDO,275.0
2026-07-11,3040258764,069-01034-0102,"NAVIGATION SET,SATELLITE SIGNALS KLN-94",PAMALS,REC,,BANT,268.0
2026-07-11,3040259146,1U149-015-15,HORIZ. GYRO-STADBY,PAMALS,REC,EM REPARO,VEE ONE,246.0
2026-07-11,3040259147,162-10700,OUTER WHEEL HALF ASSY,BANT,REC,EM REPARO,AMA - VEE ONE,246.0
2026-07-11,3040259148,3049038-03,"VALVE,COMPRESSOR BLEED",BANT,OS concluída,,,
2026-07-11,3040259151,066-01141-5101,"TRANSPONDER,RADAR",BANT,REC,REPARADO,V1 PAMA-LS,249.0
2026-07-11,3040259152,066-01141-5101,"TRANSPONDER,RADAR",BABE,REC,,BANT,249.0
2026-07-11,3040259251,064-1019-05,VHF TRANSCEIVE KY196,EEAR,REC,,EEAR,247.0
2026-07-11,3040259316,2606015-4,INDICATOR-OIL TEMP/OIL PRESS,BACG,REC,REPARADO,V1 PAMA-LS,243.0
2026-07-11,3040259564,C414007-0102,BLOWER ASSY,PAMALS,OS concluída,,,
2026-07-11,3040259568,C414007-0102,BLOWER ASSY,ALA 10,OS concluída,,,
2026-07-11,3040259570,C414007-0102,BLOWER ASSY,ALA 10,OS concluída,,,
2026-07-11,3040259694,025323-150,FUEL PUMP,PAMASP,REC,,BACO,235.0
2026-07-11,3040259918,C414007-0102,BLOWER ASSY,ALA 10,REC,EM REPARO,VEE ONE,228.0
2026-07-11,3040259922,C414007-0102,BLOWER ASSY,BANT,REC,REPARADO,V1 PAMA-LS,228.0
2026-07-11,3040259924,C414007-0102,BLOWER ASSY,BACG,REC,EM REPARO,VEE ONE,228.0
2026-07-11,3040259928,C414007-0102,BLOWER ASSY,PAMALS,REC,EM REPARO,VEE ONE,228.0
2026-07-11,3040259944,066-3046-07,"CONTROL,INDICATOR",EEAR,REC,,PAMA-LS,228.0
2026-07-11,3040259946,066-3046-07,"CONTROL,INDICATOR",BANT,REC,,BANT,228.0
2026-07-11,3040259947,066-3046-07,"CONTROL,INDICATOR",EEAR,OS concluída,REPARADO,,
2026-07-11,3040259949,065-0060-01,"CONTROL,SERVO,AUTOMATIC PILOT",PAMALS,REC,EM REPARO,LEAP,228.0
2026-07-11,3040259950,065-0060-01,"CONTROL,SERVO,AUTOMATIC PILOT",PAMALS,REC,EM REPARO,LEAP,228.0
2026-07-11,3040260204,324843-W020,HEADSET-MICROPHONE,PAMALS,OS concluída,REPARADO,,
2026-07-11,3040260205,324843-W020,HEADSET-MICROPHONE,PAMALS,OS concluída,REPARADO,,
2026-07-11,3040260208,324843-W020,HEADSET-MICROPHONE,PAMALS,REC,VAI SER DEVOLVIDO SEM REPARO,WILLIAM,214.0
2026-07-11,3040260209,011-00916-00,DISPLAY UNIT GDU 1040A,PAMALS,REC,,BAMN,214.0
2026-07-11,3040260382,065-00183-0501,AUTOPILOT COMPUTER KFC225,BANT,REC,,BANT,207.0
2026-07-11,3040260388,SD5H14C4527,AIR COMPRESSOR,PAMALS,REC,EM REPARO,VEE ONE,207.0
2026-07-11,3040260389,SD5H14C4527,AIR COMPRESSOR,PAMALS,REC,EM REPARO,VEE ONE,207.0
2026-07-11,3040260516,ASG12000-2,ALTERNATOR,PAMALS,REC,REPARADO,V1 PAMA-LS,204.0
2026-07-11,3040260517,ASG12000-2,ALTERNATOR,PAMALS,OS concluída,,,
2026-07-11,3040260522,9910592-2,ALTERNADOR,BAMN,REC,REPARADO,V1 PAMA-LS,204.0
2026-07-11,3040260523,9910592-2,ALTERNADOR,BAMN,REC,REPARADO,V1 PAMA-LS,204.0
2026-07-11,3040260524,51539-012M,CONTROL UNIT ASSY-GENERATOR,BANT,REC,,BACG,204.0
2026-07-11,3040260538,324843-W020,HEADSET-MICROPHONE,PAMALS,REC,,BABE,186.0
2026-07-11,3040260539,324843-W020,HEADSET-MICROPHONE,PAMALS,REC,,BABE,186.0
2026-07-11,3040260540,324843-W020,HEADSET-MICROPHONE,PAMALS,OS concluída,REPARADO,,
2026-07-11,3040260541,324843-W020,HEADSET-MICROPHONE,PAMALS,OS concluída,REPARADO,,
2026-07-11,3040260542,324843-W020,HEADSET-MICROPHONE,PAMALS,REC,,BABE,186.0
2026-07-11,3040260543,324843-W020,HEADSET-MICROPHONE,PAMALS,REC,VAI SER DEVOLVIDO SEM REPARO,WILLIAM,186.0
2026-07-11,3040260544,161-11700,INNER WHEEL HALF ASSY,BANT,REC,REPARADO,VEE ONE,186.0
2026-07-11,3040260545,161-11700,INNER WHEEL HALF ASSY,BACG,REC,REPARADO,VEE ONE,186.0
2026-07-11,3040260546,161-12800,WHEEL HALF ASSY-INNER,PAMALS,REC,REPARADO,VEE ONE,186.0
2026-07-11,3040260547,161-12800,WHEEL HALF ASSY-INNER,EPCAR,OS concluída,REPARADO,VEE ONE,
2026-07-11,3040260548,161-11700,INNER WHEEL HALF ASSY,CLA,REC,REPARADO,VEE ONE,186.0
2026-07-11,3040260549,162-10700,OUTER WHEEL HALF ASSY,BACG,REC,REPARADO,VEE ONE,186.0
2026-07-11,3040260550,162-10700,OUTER WHEEL HALF ASSY,CLA,REC,REPARADO,VEE ONE,186.0
2026-07-11,3040260551,162-11800,WHEEL HALF ASSY-OUTER,BANT,REC,REPARADO,VEE ONE,186.0
2026-07-11,3040260552,30994-001,BATTERY-MARATHON TSP410 NICAD,BABE,OS concluída,CONDENADO,AMA - VEE ONE,
2026-07-11,3040260583,3244897-4,FUEL CONTROL UNIT,PAMALS,OS concluída,,,
2026-07-11,3040260595,9910586-4,FLAP ACTUATOR AND MOTOR ASSEMBLY,7 ETA,REC,,BAMN,186.0
2026-07-11,3040260597,9910586-4,FLAP ACTUATOR AND MOTOR ASSEMBLY,BAPV,REC,REPARADO,VEE ONE,186.0
2026-07-11,3040260750,3122678-04,FUEL CONTROL UNIT,PAMASP,REC,,BANT,178.0
2026-07-11,3040260752,3244897-4,FUEL CONTROL UNIT,PAMASP,OS concluída,REPARADO,,
2026-07-11,3040260753,3244809-7,"FUEL CONTROL,MAIN,TURBINE ENGINE",PAMASP,OS concluída,REPARADO,,
2026-07-11,3040260754,3244809-1,"FUEL CONTROL,MAIN,TURBINE ENGINE",PAMASP,REC,EM QUARENTENA,LEAP,178.0
2026-07-11,3040260811,3034792,BOMBA DE COMBUSTÍVEL,BAPV,REC,,BABR,164.0
2026-07-11,3040260812,3034792,BOMBA DE COMBUSTÍVEL,BACG,OS concluída,,,
2026-07-11,3040260913,064-1054-30,RECEIVER-TRANSMITTER SUBASSEMBLY,EPCAR,REC,REPARADO,V1 PAMA-LS,166.0
2026-07-11,3040260915,064-1054-30,RECEIVER-TRANSMITTER SUBASSEMBLY,PAMALS,REC,REPARADO,V1 PAMA-LS,166.0
2026-07-11,3040260922,162-11800,WHEEL HALF ASSY-OUTER,PAMALS,OS concluída,,,
2026-07-11,3040260923,030-18200,MAIN WHEEL BRAKE,BACO,REC,REPARADO,VEE ONE,164.0
2026-07-11,3040261322,011-00831-00,"ENGINE INTERFA,SPEC",BAPV,REC,REPARADO,VEE ONE,151.0
2026-07-11,3040261324,011-00882-10,"COMPUTER,AIR DATA",BAMN,OS concluída,,,
2026-07-11,3040261326,011-00882-10,"COMPUTER,AIR DATA",BAMN,OS concluída,,,
2026-07-11,3040261327,064-1054-30,RECEIVER-TRANSMITTER SUBASSEMBLY,PAMASP,REC,REPARADO,V1 PAMA-LS,151.0
2026-07-11,3040261329,065-0061-36,ACTUATOR TRIM (KS272A),ALA 10,OS concluída,REPARADO,,
2026-07-11,3040261331,065-0061-36,ACTUATOR TRIM (KS272A),PAMASP,REC,,BABR,151.0
2026-07-11,3040261334,065-0065-01,SELECTOR ALT,BANT,REC,EM REPARO,WILLIAM,151.0
2026-07-11,3040261335,065-0065-01,SELECTOR ALT,BANT,REC,EM REPARO,WILLIAM,151.0
2026-07-11,3040261336,066-01141-0101,"RECEIVER,RADIO",BANT,REC,REPARADO,V1 PAMA-LS,151.0
2026-07-11,3040261340,066-1053-00,"RECEIVER,RADIO",BASM,REC,REPARADO,V1 PAMA-LS,151.0
2026-07-11,3040261342,066-3084-02,COLOR RADAR INDICATOR,BABV,REC,EM REPARO,WILLIAM,151.0
2026-07-11,3040261344,066-4010-12,RECEIVER VOR/LOC (KNS81),ALA 10,REC,EM REPARO,WILLIAM,151.0
2026-07-11,3040261347,071-1234-00,ANTENNA ACCESSORY,ALA 1,REC,EM REPARO,WILLIAM,151.0
2026-07-11,3040261352,1134380-4,EVAPORATOR MODULE ASSY-RH,BAMN,REC,CONDENADO,VEE ONE,151.0
2026-07-11,3040261353,1H75-21,PRESSURE REGULATOR,BAMN,REC,,BAMN,151.0
2026-07-11,3040261354,2643100-201,NOSE GEAR STRUT ASSY - TALL FORK,BANT,REC,EM REPARO,AV AERONAUTICA,151.0
2026-07-11,3040261355,2643100-201,NOSE GEAR STRUT ASSY - TALL FORK,BABR,OS concluída,REPARADO,,
2026-07-11,3040261356,2670104-2,ANNUNCIATOR PANEL,PAMALS,REC,REPARADO,VEE ONE,151.0
2026-07-11,3040261357,2682001-1,BRAKE CYL MAST,BABE,OS concluída,REPARADO,,
2026-07-11,3040261364,8210-002-01,GOVERNOR PROPELLER,PAMASP,REC,REPARADO,VEE ONE,151.0
2026-07-11,3040261371,TFF2905-13,FUEL FLOW TRANSDUCER,ALA 8,REC,EM REPARO,WILLIAM,151.0
2026-07-11,3040261373,C661065-0240,AIRSPEED INDICATOR,BABE,REC,REPARADO,V1 PAMA-LS,151.0
2026-07-11,3040261375,C661065-0240RX,"INDICATOR, AIRSPEED",BACG,REC,EM REPARO,WILLIAM,151.0
2026-07-11,3040261376,066-1061-03,RT RADAR ALTIM (KRA10A),PAMALS,REC,PARA REPARO,VEE ONE,151.0
2026-07-11,3040261377,066-3054-01,INDICATOR RADAR ALTIMETER - TYPE KI250,PAMALS,REC,EM REPARO,WILLIAM,151.0
2026-07-11,3040261387,3034792,BOMBA DE COMBUSTÍVEL,BABR,OS concluída,REPARADO,,
2026-07-11,3040261388,3034792,BOMBA DE COMBUSTÍVEL,BABR,OS concluída,REPARADO,,
2026-07-11,3040261389,3034792,BOMBA DE COMBUSTÍVEL,PAMASP,REC,REPARADO,V1 PAMA-LS,151.0
2026-07-11,3040261627,S3828-1,ALTIMETER,BAMN,REC,EM REPARO,WILLIAM,137.0
2026-07-11,3040261628,S3828-1,ALTIMETER,BABE,REC,REPARADO,V1 PAMA-LS,137.0
2026-07-11,3040261843,3034792,BOMBA DE COMBUSTÍVEL,PAMALS,REC,EM REPARO,VEE ONE,124.0
2026-07-11,3040261851,51539-012MRX,CONTROL UNIT ASSY-GENERATOR,BABE,REC,EM REPARO,VEE ONE,129.0
2026-07-11,3040261852,51539-012MRX,CONTROL UNIT ASSY-GENERATOR,BABE,REC,EM REPARO,VEE ONE,129.0
2026-07-11,3040262245,200SGL119Q-2,STARTER GENERATOR,BAMN,OS concluída,REPARADO,,
2026-07-11,3040262246,200SGL119Q-2,STARTER GENERATOR,BAMN,OS concluída,REPARADO,,
2026-07-11,3040262273,324843-W020,HEADSET-MICROPHONE,BABE,OS concluída,REPARADO,,
2026-07-11,3040262275,324843-W020,HEADSET-MICROPHONE,BANT,OS concluída,REPARADO,,
2026-07-11,3040262363,066-1055-00,AUDIO CONTROL PANEL,ALA 5,OS concluída,,,
2026-07-11,3040262367,066-1055-00,AUDIO CONTROL PANEL,ALA 9,REC,EM REPARO,WILLIAM,107.0
2026-07-11,3040262368,066-1055-00,AUDIO CONTROL PANEL,CLA,OS concluída,,,
2026-07-11,3040262371,51539-012N,CONTROL UNIT ASSY-GENERATOR,BANT,REC,REPARADO,V1 PAMA-LS,107.0
2026-07-11,3040262372,51539-012M,CONTROL UNIT ASSY-GENERATOR,BANT,REC,,V1 PAMA-LS,107.0
2026-07-11,3040262419,065-0061-36,ACTUATOR TRIM (KS272A),ALA 9,REC,EM REPARO,WILLIAM,102.0
2026-07-11,3040262630,161-11700,INNER WHEEL HALF ASSY,BANT,REC,REPARADO,VEE ONE,89.0
2026-07-11,3040262632,161-12800,WHEEL HALF ASSY-INNER,BANT,OS concluída,REPARADO,VEE ONE,
2026-07-11,3040262633,161-12800,WHEEL HALF ASSY-INNER,BANT,REC,REPARADO,VEE ONE,89.0
2026-07-11,3040262634,162-10700,OUTER WHEEL HALF ASSY,BANT,REC,REPARADO,VEE ONE,89.0
2026-07-11,3040262635,162-11800,WHEEL HALF ASSY-OUTER,EPCAR,REC,REPARADO,VEE ONE,89.0
2026-07-11,3040262636,162-11800,WHEEL HALF ASSY-OUTER,BANT,REC,REPARADO,VEE ONE,89.0
2026-07-11,3040262637,162-11800,WHEEL HALF ASSY-OUTER,BANT,REC,REPARADO,VEE ONE,89.0
2026-07-11,3040262638,200SGL119Q,STARTER GENERATOR,PAMALS,REC,EM REPARO,AV AERONAUTICA,89.0
2026-07-11,3040262639,200SGL119Q,STARTER GENERATOR,PAMASP,OS concluída,,PAMA-LS,
2026-07-11,3040262646,200SGL119Q,STARTER GENERATOR,PAMASP,OS concluída,,,
2026-07-11,3040262706,2641011-5,AXLE-MAIN GEAR,BAMN,REC,,BANT,89.0
2026-07-11,3040262707,2641011-5,AXLE-MAIN GEAR,BABV,REC,REPARADO,VEE ONE,89.0
2026-07-11,3040262708,2641011-5,AXLE-MAIN GEAR,PAMALS,REC,,BANT,89.0
2026-07-11,3040262709,2641011-5,AXLE-MAIN GEAR,PAMALS,REC,,BANT,89.0
2026-07-11,3040262711,2641011-5,AXLE-MAIN GEAR,BABR,REC,,BANT,89.0
2026-07-11,3040262712,2641011-5,AXLE-MAIN GEAR,BABR,REC,,BANT,89.0
2026-07-11,3040262713,2641011-5,AXLE-MAIN GEAR,BAPV,REC,REPARADO,VEE ONE,89.0
2026-07-11,3040262714,2641011-5,AXLE-MAIN GEAR,BAPV,REC,,BANT,89.0
2026-07-11,3040262717,2641011-5,AXLE-MAIN GEAR,BANT,REC,REPARADO,VEE ONE,89.0
2026-07-11,3040262734,C352,PORTABLE HALON FIRE EXTINGUISHERS,ALA 5,REC,EM REPARO,AV AERONAUTICA,89.0
2026-07-11,3040262738,C352TS,"EXTINGUISHER,FIRE",BANT,REC,,PROCURANDO,89.0
2026-07-11,3040262739,C352TS,"EXTINGUISHER,FIRE",BANT,REC,,PROCURANDO,89.0
2026-07-11,3040262740,C352TS,"EXTINGUISHER,FIRE",PAMALS,REC,,PROCURANDO,89.0
2026-07-11,3040262744,3244809-1A,F.C.U,PAMALS,REC,EM REPARO,LEAP,89.0
2026-07-11,3040262745,064-1019-05,VHF TRANSCEIVE KY196,EEAR,REC,EM REPARO,VEE ONE,89.0
2026-07-11,3040262746,066-1070-01,TRANSCEIVER DME (KN63),BABE,REC,EM REPARO,WILLIAM,89.0
2026-07-11,3040262747,066-1072-00,RECEIVER ADF (KING KR87),ALA 7,REC,EM REPARO,WILLIAM,89.0
2026-07-11,3040262748,066-3046-07,"CONTROL,INDICATOR",BABR,REC,,BANT,89.0
2026-07-11,3040262757,2606015-2,IND OIL TEMP/P,PAMALS,REC,EM REPARO,VEE ONE,89.0
2026-07-11,3040262758,9910338-4,FUEL TOTALIZER INDICATOR,PAMALS,REC,EM REPARO,VEE ONE,89.0
2026-07-11,3040262759,9910338-6,"TRANSMITTER,RATE OF FLOW",BAMN,REC,EM REPARO,WILLIAM,89.0
2026-07-11,3040262760,9910338-6,"TRANSMITTER,RATE OF FLOW",BANT,REC,EM REPARO,VEE ONE,89.0
2026-07-11,3040262765,011-00883-20,RADAR GWX 68 WEATHER,BAMN,REC,EM REPARO,VEE ONE,89.0
2026-07-11,3040262766,011-00883-20,RADAR GWX 68 WEATHER,BAMN,REC,EM REPARO,VEE ONE,89.0
2026-07-11,3040262767,066-3046-07,"CONTROL,INDICATOR",EEAR,REC,EM REPARO,LEAP,89.0
2026-07-11,3040262768,066-3046-07,"CONTROL,INDICATOR",EEAR,REC,EM REPARO,LEAP,89.0
2026-07-11,3040262769,066-3046-07,"CONTROL,INDICATOR",BABR,REC,,BANT,89.0
2026-07-11,3040262770,011-01020-10,AFCS MODE CONTROLLER GMC 710,BAMN,REC,EM REPARO,WILLIAM,89.0
2026-07-11,3040262772,011-01020-10,AFCS MODE CONTROLLER GMC 710,BAMN,REC,EM REPARO,WILLIAM,89.0
2026-07-11,3040262773,011-01020-10,AFCS MODE CONTROLLER GMC 710,BAMN,REC,EM REPARO,WILLIAM,89.0
2026-07-11,3040262791,066-3060-00,IND RMI KNI582,BANT,REC,EM REPARO,LEAP,89.0
2026-07-11,3040262792,066-3060-00,IND RMI KNI582,BANT,REC,EM REPARO,LEAP,89.0
2026-07-11,3040262966,2682001-1,BRAKE CYL MAST,BACO,OS concluída,,PAMA-LS,
2026-07-11,3040262967,2682001-1,BRAKE CYL MAST,PAMALS,REC,REPARADO,V1 PAMA-LS,87.0
2026-07-11,3040262968,2682001-1,BRAKE CYL MAST,BANT,OS concluída,,PAMA-LS,
2026-07-11,3040262969,2682001-1,BRAKE CYL MAST,BABE,REC,REPARADO,V1 PAMA-LS,87.0
2026-07-11,3040263069,453-5060,ELT C406-N,BABE,OS concluída,,,
2026-07-11,3040263283,D145-00-46-2,FLAP ACTUATOR ASSY,PAMALS,REC,EM REPARO,LEAP,72.0
2026-07-11,3040263284,D145-00-46-2,FLAP ACTUATOR ASSY,BAFL,REC,EM REPARO,LEAP,72.0
2026-07-11,3040263286,C661065-0237,AIRSPEED INDICATOR,BANT,REC,DEVOLVIDO NO ESTADO,WILLIAM,72.0
2026-07-11,3040263287,C661065-0237,AIRSPEED INDICATOR,BABR,REC,REPARADO,VEE ONE,72.0
2026-07-11,3040263288,C661065-0237,AIRSPEED INDICATOR,PAMASP,REC,REPARADO,VEE ONE,72.0
2026-07-11,3040263314,060-0017-00,FLIGHT DIR HOR,EEAR,REC,EM REPARO,LEAP,72.0
2026-07-11,3040263315,060-0017-00,FLIGHT DIR HOR,BACG,OS concluída,,BABR,
2026-07-11,3040263316,060-0017-00,FLIGHT DIR HOR,BANT,REC,,BANT,72.0
2026-07-11,3040263317,060-0017-00,FLIGHT DIR HOR,PAMASP,REC,,BANT,72.0
2026-07-11,3040263319,066-1055-00,AUDIO CONTROL PANEL,BABE,REC,REPARADO,VEE ONE,72.0
2026-07-11,3040263320,066-1055-00,AUDIO CONTROL PANEL,PAMALS,REC,EM REPARO,AV AERONAUTICA,72.0
2026-07-11,3040263322,066-1055-00,AUDIO CONTROL PANEL,ALA 9,REC,EM REPARO,WILLIAM,72.0
2026-07-11,3040263324,069-01033-0101,"RECEIVER-TRANSMITTER,RADIO",PAMALS,REC,EM REPARO,LEAP,72.0
2026-07-11,3040263325,069-01033-0101,"RECEIVER-TRANSMITTER,RADIO",PAMALS,REC,,PROCURANDO,72.0
2026-07-11,3040263326,069-01033-0101,"RECEIVER-TRANSMITTER,RADIO",PAMALS,REC,,BANT,72.0
2026-07-11,3040263327,C661064-0237,AIRSPEED INDICATOR,BABR,REC,EM REPARO,WILLIAM,72.0
2026-07-11,3040263328,C661064-0237,AIRSPEED INDICATOR,BABR,REC,EM REPARO,WILLIAM,72.0
2026-07-11,3040263329,C661064-0237,AIRSPEED INDICATOR,PAMALS,REC,EM REPARO,WILLIAM,72.0
2026-07-11,3040263330,C661064-0237,AIRSPEED INDICATOR,PAMALS,REC,EM REPARO,WILLIAM,72.0
2026-07-11,3040263331,C661064-0237,AIRSPEED INDICATOR,PAMALS,REC,VAI SER DEVOLVIDO SEM REPARO,WILLIAM,72.0
2026-07-11,3040263332,011-00916-10,"DISPLAY UNIT,FLIGHT INFORMATION",BAMN,REC,EM REPARO,WILLIAM,72.0
2026-07-11,3040263333,011-00916-10,"DISPLAY UNIT,FLIGHT INFORMATION",BACO,REC,EM REPARO,WILLIAM,72.0
2026-07-11,3040263334,011-00916-10,"DISPLAY UNIT,FLIGHT INFORMATION",BACO,REC,VAI SER DEVOLVIDO SEM REPARO,WILLIAM,72.0
2026-07-11,3040263335,C611008-0101,ALTERNATOR CONTROL UNIT,PAMALS,REC,EM REPARO,AV AERONAUTICA,72.0
2026-07-11,3040263336,C611008-0101,ALTERNATOR CONTROL UNIT,PAMALS,REC,EM REPARO,AV AERONAUTICA,72.0
2026-07-11,3040263338,C611008-0101,ALTERNATOR CONTROL UNIT,PAMALS,REC,REPARADO,V1 PAMA-LS,72.0
2026-07-11,3040263415,069-01033-0101,"RECEIVER-TRANSMITTER,RADIO",BABR,REC,,BANT,66.0
2026-07-11,3040263416,069-01033-0101,"RECEIVER-TRANSMITTER,RADIO",BASM,REC,EM REPARO,WILLIAM,66.0
2026-07-11,3040263417,069-01033-0101,"RECEIVER-TRANSMITTER,RADIO",PAMALS,REC,EM REPARO,WILLIAM,66.0
2026-07-11,3040263433,066-03064-0005,"ALTIMETER,SERVO CONTROLLED,AUTOMATIC PRESSURE",BACG,REC,EM REPARO,WILLIAM,66.0
2026-07-11,3040263434,066-03064-0005,"ALTIMETER,SERVO CONTROLLED,AUTOMATIC PRESSURE",PAMASP,REC,VAI SER DEVOLVIDO SEM REPARO,WILLIAM,66.0
2026-07-11,3040263435,066-03064-0005,"ALTIMETER,SERVO CONTROLLED,AUTOMATIC PRESSURE",BANT,REC,EM REPARO,WILLIAM,66.0
2026-07-11,3040263443,3244897-4,FUEL CONTROL UNIT,PAMALS,REC,EM REPARO,LEAP,65.0
2026-07-11,3040263444,3244897-4,FUEL CONTROL UNIT,PAMALS,REC,EM REPARO,LEAP,65.0
2026-07-11,3040263447,066-3046-07,"CONTROL,INDICATOR",CLA,REC,,BABR,66.0
2026-07-11,3040263448,2618510-10,ALTERNATOR CONTROL UNIT ASSY,BABE,REC,EM REPARO,WILLIAM,60.0
2026-07-11,3040263449,2618510-10,ALTERNATOR CONTROL UNIT ASSY,PAMALS,REC,EM REPARO,WILLIAM,60.0
2026-07-11,3040263571,066-3084-32,IND RDR 2000 IN-182A,PAMALS,REC,EM REPARO,WILLIAM,60.0
2026-07-11,3040263572,066-3084-32,IND RDR 2000 IN-182A,PAMALS,REC,EM REPARO,WILLIAM,60.0
2026-07-11,3040263573,066-3084-32,IND RDR 2000 IN-182A,PAMALS,REC,,BABR,60.0
2026-07-11,3040263574,066-1072-04,"RECEIVER,RADIO",BABE,REC,EM REPARO,WILLIAM,60.0
2026-07-11,3040263575,066-1072-04,"RECEIVER,RADIO",BABE,REC,EM REPARO,WILLIAM,60.0
2026-07-11,3040263576,066-1072-04,"RECEIVER,RADIO",BAMN,REC,DEVOLVIDO NO ESTADO,WILLIAM,60.0
2026-07-11,3040263577,060-0015-00,"CONTROL,DIRECTIONAL,AUTOMATIC PILOT",ALA 5,REC,EM REPARO,WILLIAM,60.0
2026-07-11,3040263795,071-01519-0101,"RECEIVER-EXCITER,RADAR",PAMALS,REC,,PROCURANDO,43.0
2026-07-11,3040263796,071-01519-0101,"RECEIVER-EXCITER,RADAR",PAMALS,REC,,PROCURANDO,43.0
2026-07-11,3040263797,066-3046-07,"CONTROL,INDICATOR",BABE,REC,EM REPARO,WILLIAM,43.0
2026-07-11,3040263798,066-3046-07,"CONTROL,INDICATOR",PAMASP,REC,EM REPARO,WILLIAM,43.0
2026-07-11,3040263799,066-3046-07,"CONTROL,INDICATOR",PAMASP,REC,EM REPARO,WILLIAM,43.0
2026-07-11,3040263877,2641011-5,AXLE-MAIN GEAR,CLA,REC,EM REPARO,LEAP,50.0
2026-07-11,3040263878,2641011-5,AXLE-MAIN GEAR,CLA,REC,EM REPARO,LEAP,50.0
2026-07-11,3040264121,3244897-4,FUEL CONTROL UNIT,BABE,REC,EM REPARO,LEAP,43.0
2026-07-11,3040264122,3244809-8,"FUEL CONTROL,MAIN,TURBINE ENGINE",BABE,OS concluída,,BABR,
2026-07-11,3040264236,200SGL119Q-2,STARTER GENERATOR,BABE,REC,,BABE,43.0
2026-07-11,3040264237,200SGL119Q-2,STARTER GENERATOR,BAMN,REC,EM REPARO,AV AERONAUTICA,43.0
2026-07-11,3040264238,324843-2020,HEADSET-MICROPHONE,DACTA II,REC,EM REPARO,WILLIAM,43.0
2026-07-11,3040264240,324843-2020,HEADSET-MICROPHONE,DACTA II,REC,EM REPARO,WILLIAM,43.0
2026-07-11,3040264241,324843-2020,HEADSET-MICROPHONE,DACTA II,REC,EM REPARO,WILLIAM,43.0
2026-07-11,3040264242,324843-2020,HEADSET-MICROPHONE,BABE,REC,EM REPARO,WILLIAM,43.0
2026-07-11,3040264243,069-01033-0101,"RECEIVER-TRANSMITTER,RADIO",PAMALS,REC,EM REPARO,WILLIAM,43.0
2026-07-11,3040264244,069-01033-0101,"RECEIVER-TRANSMITTER,RADIO",PAMASP,REC,EM REPARO,WILLIAM,43.0
2026-07-11,3040264246,060-0017-00,FLIGHT DIR HOR,PAMALS,REC,EM REPARO,WILLIAM,43.0
2026-07-11,3040264262,9910338-8,"INDICATOR,FUEL FLOW",BABV,REC,EM REPARO,WILLIAM,43.0
2026-07-11,3040264263,9910338-8,"INDICATOR,FUEL FLOW",PAMALS,OS concluída,,BABR,
2026-07-11,3040264264,324843-2020,HEADSET-MICROPHONE,DACTA II,REC,EM REPARO,WILLIAM,43.0
2026-07-11,3040264572,060-0017-00,FLIGHT DIR HOR,PAMASP,REC,,,31.0
2026-07-11,3040264573,060-0017-00,FLIGHT DIR HOR,BANT,REC,,,31.0
2026-07-11,3040264574,060-0017-00,FLIGHT DIR HOR,BANT,REC,,,31.0
2026-07-11,3040264576,060-0017-00,FLIGHT DIR HOR,PAMALS,REC,,,31.0
2026-07-11,3040264577,060-0017-00,FLIGHT DIR HOR,PAMALS,REC,,,31.0
2026-07-11,3040264579,060-0017-00,FLIGHT DIR HOR,BABR,REC,,,31.0
2026-07-11,3040264643,1H75-21,PRESSURE REGULATOR,PAMASP,REC,,,26.0
2026-07-11,3040264645,1H75-21,PRESSURE REGULATOR,PAMASP,REC,,,26.0
2026-07-11,3040264646,1H75-21,PRESSURE REGULATOR,PAMASP,REC,,,26.0
2026-07-11,3040264647,1H75-21,PRESSURE REGULATOR,BAMN,REC,,,26.0
2026-07-11,3040264707,3244809-7,"FUEL CONTROL,MAIN,TURBINE ENGINE",BABE,REC,,,26.0
2026-07-11,3040264709,540-1407-4,"VALVE,BLEED,TURBINEENGINE",PAMASP,REC,,,26.0
2026-07-11,3040264710,200SGL153Q,"STARTER-GENERATOR,ENGINE,AIRCRAFT",CLA,REC,,,26.0
2026-07-11,3040264711,200SGL153Q,"STARTER-GENERATOR,ENGINE,AIRCRAFT",PAMASP,REC,,,26.0
2026-07-11,3040264712,200SGL153Q,"STARTER-GENERATOR,ENGINE,AIRCRAFT",BACG,REC,,,26.0
2026-07-11,3040264718,9910338-8,"INDICATOR,FUEL FLOW",PAMALS,REC,,,26.0
2026-07-11,3040264719,S3326-2,"INDICATOR,HORIZONTAL SITUATION",ALA 8,REC,,,26.0
2026-07-11,3040264720,S3326-2,"INDICATOR,HORIZONTAL SITUATION",PAMALS,REC,,,26.0
2026-07-11,3040264721,S3326-2,"INDICATOR,HORIZONTAL SITUATION",PAMASP,REC,,,26.0
2026-07-11,3040264724,2606013-1AM,INDICADOR PERCENTUAL RPM,BABV,REC,,,26.0
2026-07-11,3040264725,2606013-1AM,INDICADOR PERCENTUAL RPM,BABR,REC,,,26.0
2026-07-11,3040264726,2606015-4,INDICATOR-OIL TEMP/OIL PRESS,BANT,REC,,,26.0
2026-07-11,3040264727,C661051-0201,GYRO HORIZON,ALA 10,REC,,,26.0
2026-07-11,3040264728,504-0111-906,GYRO HORIZON,PAMALS,REC,,,26.0
2026-07-11,3040264729,504-0111-906,GYRO HORIZON,BACG,REC,,,26.0
2026-07-11,3040264730,8210-003,"GOVERNOR,FUEL CONTROL",PAMASP,REC,,,26.0
2026-07-11,3040264731,8210-002,"GOVERNOR,CONSTANT SPEED DRIVE",PAMASP,REC,,,26.0
2026-07-11,3040264732,8210-002,"GOVERNOR,CONSTANT SPEED DRIVE",BAMN,REC,,,26.0
2026-07-11,3040264733,030-18200,MAIN WHEEL BRAKE,BAMN,REC,,,26.0
2026-07-11,3040264734,030-18200,MAIN WHEEL BRAKE,BAMN,REC,,,26.0
2026-07-11,3040264735,161-11700,INNER WHEEL HALF ASSY,PAMALS,REC,,,26.0
2026-07-11,3040264736,161-12800,WHEEL HALF ASSY-INNER,BABR,REC,,,26.0
2026-07-11,3040264737,161-12800,WHEEL HALF ASSY-INNER,PAMALS,AUT,,,26.0
2026-07-11,3040264738,162-10700,OUTER WHEEL HALF ASSY,BACO,AUT,,,26.0
2026-07-11,3040264807,011-01105-01,INTEGRATED AVIONICS UNIT GIA63W,ALA 8,REC,,,18.0
2026-07-11,3040264808,011-01105-01,INTEGRATED AVIONICS UNIT GIA63W,BAMN,REC,,,18.0
2026-07-11,3040264907,011-00916-10,"DISPLAY UNIT,FLIGHT INFORMATION",BAMN,REC,,,11.0
2026-07-11,3040264908,011-00916-10,"DISPLAY UNIT,FLIGHT INFORMATION",BABV,REC,,,11.0
2026-07-13,3040249831,066-01141-5101,"RECEIVER-TRANSMITTER,RADIO (KT71)",PAMALS,REC,EM REPARO,LEAP,518.0
2026-07-13,3040250234,3034792,BOMBA DE COMBUSTÍVEL,PAMALS,REC,,BANT,502.0
2026-07-13,3040250248,452-0133,"BATTERY,NONRECHARGEABLE",BABR,REC,CONDENADO,VEE ONE,502.0
2026-07-13,3040250249,452-0133,"BATTERY,NONRECHARGEABLE",BAMN,REC,CONDENADO,VEE ONE,502.0
2026-07-13,3040250716,030-18200,MAIN WHEEL BRAKE,BABV,REC,EM REPARO,LEAP,480.0
2026-07-13,3040250717,030-18200,MAIN WHEEL BRAKE,BACO,OS concluída,REPARADO,,
2026-07-13,3040250718,030-18200,MAIN WHEEL BRAKE,BACO,OS concluída,REPARADO,,
2026-07-13,3040250719,060-0017-00,FLIGHT DIR HOR,PAMALS,REC,,BANT,480.0
2026-07-13,3040250720,060-0017-00,FLIGHT DIR HOR,BABV,OS concluída,REPARADO,,
2026-07-13,3040250721,060-0017-00,FLIGHT DIR HOR,BANT,OS concluída,REPARADO,,
2026-07-13,3040250722,066-01141-5101,"RECEIVER-TRANSMITTER,RADIO (KT71)",ALA 9,REC,EM REPARO,WILLIAM,480.0
2026-07-13,3040250723,066-01141-5101,"RECEIVER-TRANSMITTER,RADIO (KT71)",CLA,REC,,BABR,480.0
2026-07-13,3040250724,066-04035-1101,"DISPLAY UNIT,RADAR",PAMALS,REC,,BANT,480.0
2026-07-13,3040250725,066-3046-07,"CONTROL,INDICATOR",ALA 10,OS concluída,REPARADO,,
2026-07-13,3040250732,069-1025-25,"RECEIVER-TRANSMITTER,RADIO - KX165",PAMALS,REC,EM REPARO,WILLIAM,480.0
2026-07-13,3040250773,161-11700,INNER WHEEL HALF ASSY,EEAR,REC,,BACG,480.0
2026-07-13,3040250775,161-11700,INNER WHEEL HALF ASSY,BABE,OS concluída,CONDENADO,,
2026-07-13,3040250776,161-12800,WHEEL HALF ASSY-INNER,BABE,OS concluída,CONDENADO,,
2026-07-13,3040250778,161-12800,WHEEL HALF ASSY-INNER,BACG,OS concluída,REPARADO,,
2026-07-13,3040250780,162-11800,WHEEL HALF ASSY-OUTER,PAMALS,OS concluída,,,
2026-07-13,3040250781,162-11800,WHEEL HALF ASSY-OUTER,BACG,OS concluída,,,
2026-07-13,3040250782,2606012-1,INDICATOR-INTER-TURBINE TEMPERATURE,ALA 9,OS concluída,,,
2026-07-13,3040250789,2641012-14,TRUNNION ASSY-RH-MAIN GEAR,PAMASP,OS concluída,CONDENADO,,
2026-07-13,3040250790,2643031-7,"FORK ASSY,NOSE GEAR SPRING",BAMN,OS concluída,CONDENADO,,
2026-07-13,3040250791,2643090-1,SHIMMY DAMPENE,BANT,REC,EM REPARO,AV AERONAUTICA,480.0
2026-07-13,3040250792,2643090-1,SHIMMY DAMPENE,BAMN,REC,REPARADO,V1 PAMA-LS,480.0
2026-07-13,3040250793,2643099-4,"SUPPORT ASSY FOWARD, NLG SPRING",BAMN,OS concluída,CONDENADO,,
2026-07-13,3040250798,30994-001,BATTERY-MARATHON TSP410 NICAD,BANT,OS concluída,CONDENADO,AMA - VEE ONE,
2026-07-13,3040250816,453-5060,"BEACON,DISTRESS",BAMN,REC,,PAMA-LS,480.0
2026-07-13,3040250827,51539-012N,CONTROL UNIT ASSY-GENERATOR,BANT,REC,,BABR,480.0
2026-07-13,3040250828,51539-012N,CONTROL UNIT ASSY-GENERATOR,BACG,REC,,BABR,480.0
2026-07-13,3040250829,51539-012N,CONTROL UNIT ASSY-GENERATOR,BAMN,OS concluída,,,
2026-07-13,3040250830,799-1,TRANSDUCER,BACO,REC,,BANT,480.0
2026-07-13,3040250831,799-1,TRANSDUCER,BANT,REC,,BANT,480.0
2026-07-13,3040250832,9910338-4,FUEL TOTALIZER INDICATOR,EEAR,REC,,PAMA-LS,480.0
2026-07-13,3040250833,9910586-4,FLAP ACTUATOR AND MOTOR ASSEMBLY,ALA 3,REC,,BAMN,480.0
2026-07-13,3040250834,9910586-4,FLAP ACTUATOR AND MOTOR ASSEMBLY,ALA 3,OS concluída,CONDENADO,,
2026-07-13,3040250835,ASG12000-2,ALTERNATOR,ALA 5,REC,REPARADO,V1 PAMA-LS,480.0
2026-07-13,3040250841,C661030-0301,TURN BANK,PAMALS,REC,EM REPARO,LEAP,480.0
2026-07-13,3040250842,C662041-0102,INDICATOR FUEL,ALA 5,REC,,PAMA-LS,480.0
2026-07-13,3040250843,C662041-0102,INDICATOR FUEL,ALA 10,OS concluída,REPARADO,,
2026-07-13,3040250844,C662041-0102,INDICATOR FUEL,ALA 9,REC,,PAMA-LS,480.0
2026-07-13,3040252159,011-00916-00,DISPLAY UNIT GDU 1040A,BAMN,REC,,BAMN,447.0
2026-07-13,3040252160,011-01020-10,AFCS MODE CONTROLLER GMC 710,BAMN,OS concluída,,,
2026-07-13,3040252161,065-0042-03,COMPUTER PA,ALA 10,REC,EM REPARO,WILLIAM,447.0
2026-07-13,3040252162,065-0042-03,COMPUTER PA,EEAR,REC,,BABE,447.0
2026-07-13,3040252164,065-0042-03,COMPUTER PA,EEAR,REC,EM REPARO,WILLIAM,447.0
2026-07-13,3040252165,065-0042-03,COMPUTER PA,PAMALS,OS concluída,,,
2026-07-13,3040252166,065-0059-01,SERVO PITCH,EEAR,REC,EM REPARO,WILLIAM,447.0
2026-07-13,3040252168,066-03064-0005,"ALTIMETER,SERVO CONTROLLED,AUTOMATIC PRESSURE",ALA 9,OS concluída,REPARADO,,
2026-07-13,3040252170,066-03064-0005,"ALTIMETER,SERVO CONTROLLED,AUTOMATIC PRESSURE",ALA 7,REC,NO ESTADO,VEE ONE,447.0
2026-07-13,3040252172,066-03064-0005,"ALTIMETER,SERVO CONTROLLED,AUTOMATIC PRESSURE",PAMALS,REC,NO ESTADO,VEE ONE,447.0
2026-07-13,3040252173,066-03064-0005,"ALTIMETER,SERVO CONTROLLED,AUTOMATIC PRESSURE",BANT,REC,EM REPARO,LEAP,447.0
2026-07-13,3040252178,066-1072-00,RECEIVER ADF (KING KR87),PAMALS,OS concluída,,,
2026-07-13,3040252180,066-1072-04,"RECEIVER,RADIO",ALA 8,OS concluída,,,
2026-07-13,3040252181,066-1072-04,"RECEIVER,RADIO",PAMASP,REC,EM REPARO,WILLIAM,447.0
2026-07-13,3040252182,066-1072-04,"RECEIVER,RADIO",ALA 9,OS concluída,REPARADO,,
2026-07-13,3040252185,066-1072-04,"RECEIVER,RADIO",BAMN,OS concluída,REPARADO,,
2026-07-13,3040252189,9910338-6,"TRANSMITTER,RATE OF FLOW",ALA 8,OS concluída,REPARADO,,
2026-07-13,3040252190,9910338-6,"TRANSMITTER,RATE OF FLOW",BABR,OS concluída,,,
2026-07-13,3040252191,C611008-0101,ALTERNATOR CONTROL UNIT,PAMALS,REC,,BABR,447.0
2026-07-13,3040252935,030-18200,MAIN WHEEL BRAKE,BAMN,OS concluída,CONDENADO,,
2026-07-13,3040252936,030-18200,MAIN WHEEL BRAKE,BACO,REC,,PAMA-LS,417.0
2026-07-13,3040252939,C163030-1001,MAIN W BRAKE A,BABV,REC,,BAMN,417.0
2026-07-13,3040252940,30-182,MAIN WHEEL BRAKE,BABV,OS concluída,CONDENADO,,
2026-07-13,3040252942,30-182,MAIN WHEEL BRAKE,BAMN,OS concluída,REPARADO,,
2026-07-13,3040252943,30-182,MAIN WHEEL BRAKE,BAMN,OS concluída,REPARADO,,
2026-07-13,3040253168,161-12800,WHEEL HALF ASSY-INNER,BASM,REC,REPARADO,VEE ONE,413.0
2026-07-13,3040253170,161-12800,WHEEL HALF ASSY-INNER,BASM,OS concluída,CONDENADO,,
2026-07-13,3040253172,161-12800,WHEEL HALF ASSY-INNER,PAMALS,REC,,PROCURANDO,413.0
2026-07-13,3040253173,161-12800,WHEEL HALF ASSY-INNER,PAMALS,REC,EM REPARO,LEAP,413.0
2026-07-13,3040253174,161-12800,WHEEL HALF ASSY-INNER,PAMALS,OS concluída,CONDENADO,,
2026-07-13,3040253176,162-10700,OUTER WHEEL HALF ASSY,BABE,OS concluída,CONDENADO,,
2026-07-13,3040253177,162-10700,OUTER WHEEL HALF ASSY,BABV,REC,REPARADO,VEE ONE,413.0
2026-07-13,3040253178,162-10700,OUTER WHEEL HALF ASSY,PAMALS,REC,,PROCURANDO,413.0
2026-07-13,3040253179,162-11800,WHEEL HALF ASSY-OUTER,CLA,OS concluída,CONDENADO,,
2026-07-13,3040253180,162-11800,WHEEL HALF ASSY-OUTER,BASM,REC,,PROCURANDO,413.0
2026-07-13,3040253181,162-11800,WHEEL HALF ASSY-OUTER,PAMALS,OS concluída,REPARADO,,
2026-07-13,3040253182,162-11800,WHEEL HALF ASSY-OUTER,PAMALS,REC,REPARADO,VEE ONE,413.0
2026-07-13,3040253526,30994-001,BATTERY-MARATHON TSP410 NICAD,PAMALS,OS concluída,CONDENADO,AMA - VEE ONE,
2026-07-13,3040253527,30994-001,BATTERY-MARATHON TSP410 NICAD,BAPV,OS concluída,CONDENADO,AMA - VEE ONE,
2026-07-13,3040253528,066-03064-0005,"ALTIMETER,SERVO CONTROLLED,AUTOMATIC PRESSURE",BANT,OS concluída,REPARADO,,
2026-07-13,3040253529,066-03064-0005,"ALTIMETER,SERVO CONTROLLED,AUTOMATIC PRESSURE",DSM-MN,REC,DEVOLVIDO NO ESTADO,WILLIAM,403.0
2026-07-13,3040253530,799-1,TRANSDUCER,BAMN,REC,,BANT,403.0
2026-07-13,3040253531,799-1,TRANSDUCER,BAMN,REC,,VEE ONE,403.0
2026-07-13,3040253532,799-1,TRANSDUCER,PAMALS,REC,,BANT,403.0
2026-07-13,3040253535,2643099-4,"SUPPORT ASSY FOWARD, NLG SPRING",BABE,REC,CONDENADO,VEE ONE,403.0
2026-07-13,3040253536,2641012-14,TRUNNION ASSY-RH-MAIN GEAR,PAMALS,OS concluída,CONDENADO,,
2026-07-13,3040254195,540-1407-4,"VALVE,BLEED,TURBINEENGINE",PAMALS,REC,,BANT,385.0
2026-07-13,3040254201,2643090-3,SHIMMY DAMPER-NOSE GEAR,PAMALS,REC,REPARADO,V1 PAMA-LS,385.0
2026-07-13,3040254203,SE1070-6,SHIMMY DAMPENER ASSY,BACGINAT,OS concluída,,,
2026-07-13,3040254205,C660501-0103,"COMPASS,SPEC",PAMALS,REC,REPARADO,V1 PAMA-LS,385.0
2026-07-13,3040254206,C660501-0103,"COMPASS,SPEC",ALA 8,REC,EM REPARO EM GARANTIA,WILLIAM,385.0
2026-07-13,3040254208,C660501-0103,"COMPASS,SPEC",BABV,REC,REPARADO,V1 PAMA-LS,385.0
2026-07-13,3040254210,799-1,TRANSDUCER,BANT,REC,,BANT,385.0
2026-07-13,3040254770,069-1025-25,"RECEIVER-TRANSMITTER,RADIO - KX165",ALA 9,REC,EM REPARO,WILLIAM,376.0
2026-07-13,3040254784,452-0133,"BATTERY,NONRECHARGEABLE",DACTA II,REC,CONDENADO,VEE ONE,376.0
2026-07-13,3040254785,452-0133,"BATTERY,NONRECHARGEABLE",BAMN,REC,CONDENADO,VEE ONE,376.0
2026-07-13,3040254786,452-0133,"BATTERY PACK,AIRCRAFT",BAMN,REC,CONDENADO,VEE ONE,376.0
2026-07-13,3040254787,452-0133,"BATTERY PACK,AIRCRAFT",DACTA II,REC,CONDENADO,VEE ONE,376.0
2026-07-13,3040254788,452-0133,"BATTERY,NONRECHARGEABLE",BAMN,REC,CONDENADO,VEE ONE,376.0
2026-07-13,3040254789,452-0133,"BATTERY,NONRECHARGEABLE",BAMN,REC,CONDENADO,VEE ONE,376.0
2026-07-13,3040254792,2606013-1RX,INDICATOR-PERCENT RPM,BABR,REC,,BANT,376.0
2026-07-13,3040254793,D145-00-46-2,FLAP ACTUATOR ASSY,PAMALS,REC,,PAMA-LS,376.0
2026-07-13,3040254794,C145-350,"MOTOR,DIRECT CURRENT",PAMALS,OS concluída,,,
2026-07-13,3040254795,D145-00-46-2,FLAP ACTUATOR ASSY,BABE,REC,,PAMA-LS,376.0
2026-07-13,3040254796,30994-001,BATTERY-MARATHON TSP410 NICAD,BAMN,OS concluída,REPARADO,,
2026-07-13,3040254799,453-5000-710,EMERGENCY LOCATOR TRANSMITTER MODEL C406-2,PAMASP,OS concluída,,,
2026-07-13,3040254803,C352TS,"EXTINGUISHER,FIRE",2 ETA,REC,REPARADO,V1 PAMA-LS,376.0
2026-07-13,3040254805,C352TS,"EXTINGUISHER,FIRE",PAMALS,OS concluída,,,
2026-07-13,3040254806,C352TS,"EXTINGUISHER,FIRE",PAMALS,REC,REPARADO,V1 PAMA-LS,376.0
2026-07-13,3040254808,C352TS,"EXTINGUISHER,FIRE",BABR,REC,REPARADO,V1 PAMA-LS,376.0
2026-07-13,3040254809,C352TS,"EXTINGUISHER,FIRE",PAMAGL,OS concluída,,,
2026-07-13,3040254810,C352TS,"EXTINGUISHER,FIRE",PAMALS,OS concluída,,,
2026-07-13,3040254815,C482001-0402,VACUUM REGULAT,PAMALS,REC,CONDENADO,VEE ONE,376.0
2026-07-13,3040254816,C482001-0402,VACUUM REGULAT,PAMALS,REC,CONDENADO,VEE ONE,376.0
2026-07-13,3040254817,2641011-5,AXLE-MAIN GEAR,BABE,OS concluída,NO ESTADO,,
2026-07-13,3040254818,2641011-5,AXLE-MAIN GEAR,BABE,OS concluída,,,
2026-07-13,3040254819,2641011-5,AXLE-MAIN GEAR,BANT,OS concluída,REPARADO,,
2026-07-13,3040254820,2641011-5,AXLE-MAIN GEAR,BAMN,OS concluída,REPARADO,,
2026-07-13,3040255319,702801-5,FUEL PUMP,PAMASP,REC,EM REPARO,VEE ONE,367.0
2026-07-13,3040255321,8210-002,"GOVERNOR,CONSTANT SPEED DRIVE",PAMALS,OS concluída,,,
2026-07-13,3040255326,011-00916-00,DISPLAY UNIT GDU 1040A,BAMN,REC,,BAMN,367.0
2026-07-13,3040255461,DAAS-A-010-1,ADAS-D PROCESSOR,PAMALS,REC,EM REPARO,VEE ONE,363.0
2026-07-13,3040255589,071-01519-0101,"RECEIVER-EXCITER,RADAR",BANT,REC,,PROCURANDO,361.0
2026-07-13,3040255590,071-01519-0101,"RECEIVER-EXCITER,RADAR",PAMALS,OS concluída,REPARADO,,
2026-07-13,3040255706,C661064-0237,AIRSPEED INDICATOR,BAMN,OS concluída,,,
2026-07-13,3040256112,011-00883-20,RADAR GWX 68 WEATHER,BABE,REC,,BAMN,347.0
2026-07-13,3040256114,5934PAD-3,"ALTIMETER,PRESSURE",PAMALS,REC,EM REPARO,VEE ONE,347.0
2026-07-13,3040256115,5934PAD-3,"ALTIMETER,PRESSURE",PAMALS,OS concluída,REPARADO,,
2026-07-13,3040256118,011-00878-10,GSA-81 TORQUE SERVO,BAPV,REC,,BACO,347.0
2026-07-13,3040256119,011-00878-10,GSA-81 TORQUE SERVO,BAPV,REC,EM REPARO,LEAP,347.0
2026-07-13,3040256120,011-00916-10,"DISPLAY UNIT,FLIGHT INFORMATION",BAMN,OS concluída,,,
2026-07-13,3040256311,3121248-03,"VALVE ASSEMBLY,COMPRESSOR BLEED",PAMALS,OS concluída,,,
2026-07-13,3040256314,066-4010-12,RECEIVER VOR/LOC (KNS81),EEAR,REC,EM REPARO,LEAP,334.0
2026-07-13,3040256662,030-18200,MAIN WHEEL BRAKE,BASM,OS concluída,,,
2026-07-13,3040256665,161-11700,INNER WHEEL HALF ASSY,BABV,OS concluída,,,
2026-07-13,3040256666,161-11700,INNER WHEEL HALF ASSY,PAMALS,OS concluída,,,
2026-07-13,3040256667,161-11700,INNER WHEEL HALF ASSY,PAMALS,OS concluída,,,
2026-07-13,3040256668,161-11700,INNER WHEEL HALF ASSY,PAMALS,OS concluída,CONDENADO,,
2026-07-13,3040256669,161-11700,INNER WHEEL HALF ASSY,PAMALS,OS concluída,,,
2026-07-13,3040256670,161-11700,INNER WHEEL HALF ASSY,PAMALS,OS concluída,CONDENADO,,
2026-07-13,3040256671,161-11700,INNER WHEEL HALF ASSY,PAMALS,REC,REPARADO,VEE ONE,325.0
2026-07-13,3040256672,161-12800,WHEEL HALF ASSY-INNER,PAMALS,REC,REPARADO,VEE ONE,325.0
2026-07-13,3040256673,161-12800,WHEEL HALF ASSY-INNER,PAMALS,REC,CONDENADO,VEE ONE,322.0
2026-07-13,3040256675,161-12800,WHEEL HALF ASSY-INNER,BANT,OS concluída,REPARADO,,
2026-07-13,3040256694,162-11800,WHEEL HALF ASSY-OUTER,BANT,OS concluída,REPARADO,,
2026-07-13,3040256696,162-11800,WHEEL HALF ASSY-OUTER,PAMALS,REC,,PAMA-LS,325.0
2026-07-13,3040256698,030-18200,MAIN WHEEL BRAKE,PAMASP,REC,,PROCURANDO,325.0
2026-07-13,3040256702,C661064-0237,AIRSPEED INDICATOR,BABR,OS concluída,,,
2026-07-13,3040256703,C661064-0237,AIRSPEED INDICATOR,PAMALS,OS concluída,REPARADO,,
2026-07-13,3040256704,C661064-0237,AIRSPEED INDICATOR,PAMALS,OS concluída,,,
2026-07-13,3040256707,D210507,"GOVERNOR,OVERSPEED",PAMALS,OS concluída,,,
2026-07-13,3040256708,D210507,"GOVERNOR,OVERSPEED",PAMALS,REC,REPARADO,VEE ONE,325.0
2026-07-13,3040256709,3121248-03,"VALVE ASSEMBLY,COMPRESSOR BLEED",PAMASP,REC,,BANT,322.0
2026-07-13,3040256713,030-18200,MAIN WHEEL BRAKE,ALA 3,REC,,BAMN,325.0
2026-07-13,3040256787,011-00877-00,"GSA-80 SERVO ROL,YAW,SPEC",PAMALS,REC,EM REPARO,VEE ONE,325.0
2026-07-13,3040256792,011-00877-00,"GSA-80 SERVO ROL,YAW,SPEC",BAMN,REC,,PROCURANDO,325.0
2026-07-13,3040256828,011-00883-20,RADAR GWX 68 WEATHER,PAMALS,REC,CONDENADO,V1 PAMA-LS,325.0
2026-07-13,3040257093,065-00183-0501,AUTOPILOT COMPUTER KFC225,BABE,REC,,BANT,318.0
2026-07-13,3040257094,065-00183-0501,AUTOPILOT COMPUTER KFC225,BABE,REC,,BANT,318.0
2026-07-13,3040257095,011-01105-01,INTEGRATED AVIONICS UNIT GIA63W,BABE,REC,EM REPARO,VEE ONE,318.0
2026-07-13,3040257096,011-01105-01,INTEGRATED AVIONICS UNIT GIA63W,BABE,REC,,BAMN,318.0
2026-07-13,3040257436,30994-001,BATTERY-MARATHON TSP410 NICAD,PAMALS,OS concluída,CONDENADO,AMA - VEE ONE,
2026-07-13,3040257438,030-18200,MAIN WHEEL BRAKE,BAMN,REC,REPARADO,VEE ONE,299.0
2026-07-13,3040257439,030-18200,MAIN WHEEL BRAKE,BAMN,REC,,BAMN,299.0
2026-07-13,3040257440,030-18200,MAIN WHEEL BRAKE,BANT,REC,CONDENADO,VEE ONE,299.0
2026-07-13,3040257441,030-18200,MAIN WHEEL BRAKE,BAPV,REC,,BAMN,299.0
2026-07-13,3040257442,C163030-1001,MAIN W BRAKE A,BAMN,REC,REPARADO,VEE ONE,299.0
2026-07-13,3040257443,161-12800,WHEEL HALF ASSY-INNER,ALA 3,AUT,,NÃO TEVE MOVIMENTAÇÃO,306.0
2026-07-13,3040257444,162-10700,OUTER WHEEL HALF ASSY,PAMALS,OS concluída,CONDENADO,,
2026-07-13,3040257447,162-10700,OUTER WHEEL HALF ASSY,PAMALS,OS concluída,CONDENADO,,
2026-07-13,3040257450,3244809-4,"FUEL CONTROL,MAIN,TURBINE ENGINE",PAMASP,OS concluída,EM REPARO,LEAP,
2026-07-13,3040257451,3244809-7,"FUEL CONTROL,MAIN,TURBINE ENGINE",PAMASP,REC,,BANT,299.0
2026-07-13,3040257452,3244809-8,"FUEL CONTROL,MAIN,TURBINE ENGINE",BAPV,OS concluída,REPARADO,,
2026-07-13,3040257453,EA-5172-45-CES,"INDICATOR,AIRSPEED",ALA 7,REC,DEVOLVIDO NO ESTADO,WILLIAM,299.0
2026-07-13,3040257454,EA-5172-45-CES,"INDICATOR,AIRSPEED",BACG,OS concluída,,,
2026-07-13,3040258303,011-00877-00,"GSA-80 SERVO ROL,YAW,SPEC",DACTA II,REC,EM REPARO,VEE ONE,279.0
2026-07-13,3040258306,D210507,"GOVERNOR,OVERSPEED",PAMALS,REC,EM REPARO,LEAP,279.0
2026-07-13,3040258307,D210507,"GOVERNOR,OVERSPEED",ALA 5,OS concluída,,,
2026-07-13,3040258308,D210507,"GOVERNOR,OVERSPEED",BAMN,OS concluída,REPARADO,,
2026-07-13,3040258309,D210507,"GOVERNOR,OVERSPEED",BAMN,REC,EM REPARO,LEAP,279.0
2026-07-13,3040258310,D210507,"GOVERNOR,OVERSPEED",BACO,OS concluída,,,
2026-07-13,3040258419,011-00877-00,"GSA-80 SERVO ROL,YAW,SPEC",DACTA II,REC,EM REPARO,VEE ONE,277.0
2026-07-13,3040258420,011-00877-00,"GSA-80 SERVO ROL,YAW,SPEC",BACO,REC,EM REPARO,VEE ONE,277.0
2026-07-13,3040258421,011-00877-00,"GSA-80 SERVO ROL,YAW,SPEC",BABE,REC,,BACO,277.0
2026-07-13,3040258422,2601188-8,COMPRESSOR DRIVE ASSY R134A,PAMASP,REC,,PROCURANDO,277.0
2026-07-13,3040258764,069-01034-0102,"NAVIGATION SET,SATELLITE SIGNALS KLN-94",PAMALS,REC,,BANT,270.0
2026-07-13,3040259146,1U149-015-15,HORIZ. GYRO-STADBY,PAMALS,REC,EM REPARO,VEE ONE,248.0
2026-07-13,3040259147,162-10700,OUTER WHEEL HALF ASSY,BANT,REC,EM REPARO,AMA - VEE ONE,248.0
2026-07-13,3040259148,3049038-03,"VALVE,COMPRESSOR BLEED",BANT,OS concluída,,,
2026-07-13,3040259151,066-01141-5101,"TRANSPONDER,RADAR",BANT,REC,REPARADO,V1 PAMA-LS,251.0
2026-07-13,3040259152,066-01141-5101,"TRANSPONDER,RADAR",BABE,REC,,BANT,251.0
2026-07-13,3040259251,064-1019-05,VHF TRANSCEIVE KY196,EEAR,REC,,EEAR,249.0
2026-07-13,3040259316,2606015-4,INDICATOR-OIL TEMP/OIL PRESS,BACG,REC,REPARADO,V1 PAMA-LS,245.0
2026-07-13,3040259564,C414007-0102,BLOWER ASSY,PAMALS,OS concluída,,,
2026-07-13,3040259568,C414007-0102,BLOWER ASSY,ALA 10,OS concluída,,,
2026-07-13,3040259570,C414007-0102,BLOWER ASSY,ALA 10,OS concluída,,,
2026-07-13,3040259694,025323-150,FUEL PUMP,PAMASP,REC,,BACO,237.0
2026-07-13,3040259918,C414007-0102,BLOWER ASSY,ALA 10,REC,EM REPARO,VEE ONE,230.0
2026-07-13,3040259922,C414007-0102,BLOWER ASSY,BANT,REC,REPARADO,V1 PAMA-LS,230.0
2026-07-13,3040259924,C414007-0102,BLOWER ASSY,BACG,REC,EM REPARO,VEE ONE,230.0
2026-07-13,3040259928,C414007-0102,BLOWER ASSY,PAMALS,REC,EM REPARO,VEE ONE,230.0
2026-07-13,3040259944,066-3046-07,"CONTROL,INDICATOR",EEAR,REC,,PAMA-LS,230.0
2026-07-13,3040259946,066-3046-07,"CONTROL,INDICATOR",BANT,REC,,BANT,230.0
2026-07-13,3040259947,066-3046-07,"CONTROL,INDICATOR",EEAR,OS concluída,REPARADO,,
2026-07-13,3040259949,065-0060-01,"CONTROL,SERVO,AUTOMATIC PILOT",PAMALS,REC,EM REPARO,LEAP,230.0
2026-07-13,3040259950,065-0060-01,"CONTROL,SERVO,AUTOMATIC PILOT",PAMALS,REC,EM REPARO,LEAP,230.0
2026-07-13,3040260204,324843-W020,HEADSET-MICROPHONE,PAMALS,OS concluída,REPARADO,,
2026-07-13,3040260205,324843-W020,HEADSET-MICROPHONE,PAMALS,OS concluída,REPARADO,,
2026-07-13,3040260208,324843-W020,HEADSET-MICROPHONE,PAMALS,REC,VAI SER DEVOLVIDO SEM REPARO,WILLIAM,216.0
2026-07-13,3040260209,011-00916-00,DISPLAY UNIT GDU 1040A,PAMALS,REC,,BAMN,216.0
2026-07-13,3040260382,065-00183-0501,AUTOPILOT COMPUTER KFC225,BANT,REC,,BANT,209.0
2026-07-13,3040260388,SD5H14C4527,AIR COMPRESSOR,PAMALS,REC,EM REPARO,VEE ONE,209.0
2026-07-13,3040260389,SD5H14C4527,AIR COMPRESSOR,PAMALS,REC,EM REPARO,VEE ONE,209.0
2026-07-13,3040260516,ASG12000-2,ALTERNATOR,PAMALS,REC,REPARADO,V1 PAMA-LS,206.0
2026-07-13,3040260517,ASG12000-2,ALTERNATOR,PAMALS,OS concluída,,,
2026-07-13,3040260522,9910592-2,ALTERNADOR,BAMN,REC,REPARADO,V1 PAMA-LS,206.0
2026-07-13,3040260523,9910592-2,ALTERNADOR,BAMN,REC,REPARADO,V1 PAMA-LS,206.0
2026-07-13,3040260524,51539-012M,CONTROL UNIT ASSY-GENERATOR,BANT,REC,,BACG,206.0
2026-07-13,3040260538,324843-W020,HEADSET-MICROPHONE,PAMALS,REC,,BABE,188.0
2026-07-13,3040260539,324843-W020,HEADSET-MICROPHONE,PAMALS,REC,,BABE,188.0
2026-07-13,3040260540,324843-W020,HEADSET-MICROPHONE,PAMALS,OS concluída,REPARADO,,
2026-07-13,3040260541,324843-W020,HEADSET-MICROPHONE,PAMALS,OS concluída,REPARADO,,
2026-07-13,3040260542,324843-W020,HEADSET-MICROPHONE,PAMALS,REC,,BABE,188.0
2026-07-13,3040260543,324843-W020,HEADSET-MICROPHONE,PAMALS,REC,VAI SER DEVOLVIDO SEM REPARO,WILLIAM,188.0
2026-07-13,3040260544,161-11700,INNER WHEEL HALF ASSY,BANT,REC,REPARADO,VEE ONE,188.0
2026-07-13,3040260545,161-11700,INNER WHEEL HALF ASSY,BACG,REC,REPARADO,VEE ONE,188.0
2026-07-13,3040260546,161-12800,WHEEL HALF ASSY-INNER,PAMALS,REC,REPARADO,VEE ONE,188.0
2026-07-13,3040260547,161-12800,WHEEL HALF ASSY-INNER,EPCAR,OS concluída,REPARADO,VEE ONE,
2026-07-13,3040260548,161-11700,INNER WHEEL HALF ASSY,CLA,REC,REPARADO,VEE ONE,188.0
2026-07-13,3040260549,162-10700,OUTER WHEEL HALF ASSY,BACG,REC,REPARADO,VEE ONE,188.0
2026-07-13,3040260550,162-10700,OUTER WHEEL HALF ASSY,CLA,REC,REPARADO,VEE ONE,188.0
2026-07-13,3040260551,162-11800,WHEEL HALF ASSY-OUTER,BANT,REC,REPARADO,VEE ONE,188.0
2026-07-13,3040260552,30994-001,BATTERY-MARATHON TSP410 NICAD,BABE,OS concluída,CONDENADO,AMA - VEE ONE,
2026-07-13,3040260583,3244897-4,FUEL CONTROL UNIT,PAMALS,OS concluída,,,
2026-07-13,3040260595,9910586-4,FLAP ACTUATOR AND MOTOR ASSEMBLY,7 ETA,REC,,BAMN,188.0
2026-07-13,3040260597,9910586-4,FLAP ACTUATOR AND MOTOR ASSEMBLY,BAPV,REC,REPARADO,VEE ONE,188.0
2026-07-13,3040260750,3122678-04,FUEL CONTROL UNIT,PAMASP,REC,,BANT,180.0
2026-07-13,3040260752,3244897-4,FUEL CONTROL UNIT,PAMASP,OS concluída,REPARADO,,
2026-07-13,3040260753,3244809-7,"FUEL CONTROL,MAIN,TURBINE ENGINE",PAMASP,OS concluída,REPARADO,,
2026-07-13,3040260754,3244809-1,"FUEL CONTROL,MAIN,TURBINE ENGINE",PAMASP,REC,EM QUARENTENA,LEAP,180.0
2026-07-13,3040260811,3034792,BOMBA DE COMBUSTÍVEL,BAPV,REC,,BABR,166.0
2026-07-13,3040260812,3034792,BOMBA DE COMBUSTÍVEL,BACG,OS concluída,,,
2026-07-13,3040260913,064-1054-30,RECEIVER-TRANSMITTER SUBASSEMBLY,EPCAR,REC,REPARADO,V1 PAMA-LS,168.0
2026-07-13,3040260915,064-1054-30,RECEIVER-TRANSMITTER SUBASSEMBLY,PAMALS,REC,REPARADO,V1 PAMA-LS,168.0
2026-07-13,3040260922,162-11800,WHEEL HALF ASSY-OUTER,PAMALS,OS concluída,,,
2026-07-13,3040260923,030-18200,MAIN WHEEL BRAKE,BACO,REC,REPARADO,VEE ONE,166.0
2026-07-13,3040261322,011-00831-00,"ENGINE INTERFA,SPEC",BAPV,REC,REPARADO,VEE ONE,153.0
2026-07-13,3040261324,011-00882-10,"COMPUTER,AIR DATA",BAMN,OS concluída,,,
2026-07-13,3040261326,011-00882-10,"COMPUTER,AIR DATA",BAMN,OS concluída,,,
2026-07-13,3040261327,064-1054-30,RECEIVER-TRANSMITTER SUBASSEMBLY,PAMASP,REC,REPARADO,V1 PAMA-LS,153.0
2026-07-13,3040261329,065-0061-36,ACTUATOR TRIM (KS272A),ALA 10,OS concluída,REPARADO,,
2026-07-13,3040261331,065-0061-36,ACTUATOR TRIM (KS272A),PAMASP,REC,,BABR,153.0
2026-07-13,3040261334,065-0065-01,SELECTOR ALT,BANT,REC,EM REPARO,WILLIAM,153.0
2026-07-13,3040261335,065-0065-01,SELECTOR ALT,BANT,REC,EM REPARO,WILLIAM,153.0
2026-07-13,3040261336,066-01141-0101,"RECEIVER,RADIO",BANT,REC,REPARADO,V1 PAMA-LS,153.0
2026-07-13,3040261340,066-1053-00,"RECEIVER,RADIO",BASM,REC,REPARADO,V1 PAMA-LS,153.0
2026-07-13,3040261342,066-3084-02,COLOR RADAR INDICATOR,BABV,REC,EM REPARO,WILLIAM,153.0
2026-07-13,3040261344,066-4010-12,RECEIVER VOR/LOC (KNS81),ALA 10,REC,EM REPARO,WILLIAM,153.0
2026-07-13,3040261347,071-1234-00,ANTENNA ACCESSORY,ALA 1,REC,EM REPARO,WILLIAM,153.0
2026-07-13,3040261352,1134380-4,EVAPORATOR MODULE ASSY-RH,BAMN,REC,CONDENADO,VEE ONE,153.0
2026-07-13,3040261353,1H75-21,PRESSURE REGULATOR,BAMN,REC,,BAMN,153.0
2026-07-13,3040261354,2643100-201,NOSE GEAR STRUT ASSY - TALL FORK,BANT,REC,EM REPARO,AV AERONAUTICA,153.0
2026-07-13,3040261355,2643100-201,NOSE GEAR STRUT ASSY - TALL FORK,BABR,OS concluída,REPARADO,,
2026-07-13,3040261356,2670104-2,ANNUNCIATOR PANEL,PAMALS,REC,REPARADO,VEE ONE,153.0
2026-07-13,3040261357,2682001-1,BRAKE CYL MAST,BABE,OS concluída,REPARADO,,
2026-07-13,3040261364,8210-002-01,GOVERNOR PROPELLER,PAMASP,REC,REPARADO,VEE ONE,153.0
2026-07-13,3040261371,TFF2905-13,FUEL FLOW TRANSDUCER,ALA 8,REC,EM REPARO,WILLIAM,153.0
2026-07-13,3040261373,C661065-0240,AIRSPEED INDICATOR,BABE,REC,REPARADO,V1 PAMA-LS,153.0
2026-07-13,3040261375,C661065-0240RX,"INDICATOR, AIRSPEED",BACG,REC,EM REPARO,WILLIAM,153.0
2026-07-13,3040261376,066-1061-03,RT RADAR ALTIM (KRA10A),PAMALS,REC,PARA REPARO,VEE ONE,153.0
2026-07-13,3040261377,066-3054-01,INDICATOR RADAR ALTIMETER - TYPE KI250,PAMALS,REC,EM REPARO,WILLIAM,153.0
2026-07-13,3040261387,3034792,BOMBA DE COMBUSTÍVEL,BABR,OS concluída,REPARADO,,
2026-07-13,3040261388,3034792,BOMBA DE COMBUSTÍVEL,BABR,OS concluída,REPARADO,,
2026-07-13,3040261389,3034792,BOMBA DE COMBUSTÍVEL,PAMASP,REC,REPARADO,V1 PAMA-LS,153.0
2026-07-13,3040261627,S3828-1,ALTIMETER,BAMN,REC,EM REPARO,WILLIAM,139.0
2026-07-13,3040261628,S3828-1,ALTIMETER,BABE,REC,REPARADO,V1 PAMA-LS,139.0
2026-07-13,3040261843,3034792,BOMBA DE COMBUSTÍVEL,PAMALS,REC,EM REPARO,VEE ONE,126.0
2026-07-13,3040261851,51539-012MRX,CONTROL UNIT ASSY-GENERATOR,BABE,REC,EM REPARO,VEE ONE,131.0
2026-07-13,3040261852,51539-012MRX,CONTROL UNIT ASSY-GENERATOR,BABE,REC,EM REPARO,VEE ONE,131.0
2026-07-13,3040262245,200SGL119Q-2,STARTER GENERATOR,BAMN,OS concluída,REPARADO,,
2026-07-13,3040262246,200SGL119Q-2,STARTER GENERATOR,BAMN,OS concluída,REPARADO,,
2026-07-13,3040262273,324843-W020,HEADSET-MICROPHONE,BABE,OS concluída,REPARADO,,
2026-07-13,3040262275,324843-W020,HEADSET-MICROPHONE,BANT,OS concluída,REPARADO,,
2026-07-13,3040262363,066-1055-00,AUDIO CONTROL PANEL,ALA 5,OS concluída,,,
2026-07-13,3040262367,066-1055-00,AUDIO CONTROL PANEL,ALA 9,REC,EM REPARO,WILLIAM,109.0
2026-07-13,3040262368,066-1055-00,AUDIO CONTROL PANEL,CLA,OS concluída,,,
2026-07-13,3040262371,51539-012N,CONTROL UNIT ASSY-GENERATOR,BANT,REC,REPARADO,V1 PAMA-LS,109.0
2026-07-13,3040262372,51539-012M,CONTROL UNIT ASSY-GENERATOR,BANT,REC,,V1 PAMA-LS,109.0
2026-07-13,3040262419,065-0061-36,ACTUATOR TRIM (KS272A),ALA 9,REC,EM REPARO,WILLIAM,104.0
2026-07-13,3040262630,161-11700,INNER WHEEL HALF ASSY,BANT,REC,REPARADO,VEE ONE,91.0
2026-07-13,3040262632,161-12800,WHEEL HALF ASSY-INNER,BANT,OS concluída,REPARADO,VEE ONE,
2026-07-13,3040262633,161-12800,WHEEL HALF ASSY-INNER,BANT,REC,REPARADO,VEE ONE,91.0
2026-07-13,3040262634,162-10700,OUTER WHEEL HALF ASSY,BANT,REC,REPARADO,VEE ONE,91.0
2026-07-13,3040262635,162-11800,WHEEL HALF ASSY-OUTER,EPCAR,REC,REPARADO,VEE ONE,91.0
2026-07-13,3040262636,162-11800,WHEEL HALF ASSY-OUTER,BANT,REC,REPARADO,VEE ONE,91.0
2026-07-13,3040262637,162-11800,WHEEL HALF ASSY-OUTER,BANT,REC,REPARADO,VEE ONE,91.0
2026-07-13,3040262638,200SGL119Q,STARTER GENERATOR,PAMALS,REC,EM REPARO,AV AERONAUTICA,91.0
2026-07-13,3040262639,200SGL119Q,STARTER GENERATOR,PAMASP,OS concluída,,PAMA-LS,
2026-07-13,3040262646,200SGL119Q,STARTER GENERATOR,PAMASP,OS concluída,,,
2026-07-13,3040262706,2641011-5,AXLE-MAIN GEAR,BAMN,REC,,BANT,91.0
2026-07-13,3040262707,2641011-5,AXLE-MAIN GEAR,BABV,REC,REPARADO,VEE ONE,91.0
2026-07-13,3040262708,2641011-5,AXLE-MAIN GEAR,PAMALS,REC,,BANT,91.0
2026-07-13,3040262709,2641011-5,AXLE-MAIN GEAR,PAMALS,REC,,BANT,91.0
2026-07-13,3040262711,2641011-5,AXLE-MAIN GEAR,BABR,REC,,BANT,91.0
2026-07-13,3040262712,2641011-5,AXLE-MAIN GEAR,BABR,REC,,BANT,91.0
2026-07-13,3040262713,2641011-5,AXLE-MAIN GEAR,BAPV,REC,REPARADO,VEE ONE,91.0
2026-07-13,3040262714,2641011-5,AXLE-MAIN GEAR,BAPV,REC,,BANT,91.0
2026-07-13,3040262717,2641011-5,AXLE-MAIN GEAR,BANT,REC,REPARADO,VEE ONE,91.0
2026-07-13,3040262734,C352,PORTABLE HALON FIRE EXTINGUISHERS,ALA 5,REC,EM REPARO,AV AERONAUTICA,91.0
2026-07-13,3040262738,C352TS,"EXTINGUISHER,FIRE",BANT,REC,,PROCURANDO,91.0
2026-07-13,3040262739,C352TS,"EXTINGUISHER,FIRE",BANT,REC,,PROCURANDO,91.0
2026-07-13,3040262740,C352TS,"EXTINGUISHER,FIRE",PAMALS,REC,,PROCURANDO,91.0
2026-07-13,3040262744,3244809-1A,F.C.U,PAMALS,REC,EM REPARO,LEAP,91.0
2026-07-13,3040262745,064-1019-05,VHF TRANSCEIVE KY196,EEAR,REC,EM REPARO,VEE ONE,91.0
2026-07-13,3040262746,066-1070-01,TRANSCEIVER DME (KN63),BABE,REC,EM REPARO,WILLIAM,91.0
2026-07-13,3040262747,066-1072-00,RECEIVER ADF (KING KR87),ALA 7,REC,EM REPARO,WILLIAM,91.0
2026-07-13,3040262748,066-3046-07,"CONTROL,INDICATOR",BABR,REC,,BANT,91.0
2026-07-13,3040262757,2606015-2,IND OIL TEMP/P,PAMALS,REC,EM REPARO,VEE ONE,91.0
2026-07-13,3040262758,9910338-4,FUEL TOTALIZER INDICATOR,PAMALS,REC,EM REPARO,VEE ONE,91.0
2026-07-13,3040262759,9910338-6,"TRANSMITTER,RATE OF FLOW",BAMN,REC,EM REPARO,WILLIAM,91.0
2026-07-13,3040262760,9910338-6,"TRANSMITTER,RATE OF FLOW",BANT,REC,EM REPARO,VEE ONE,91.0
2026-07-13,3040262765,011-00883-20,RADAR GWX 68 WEATHER,BAMN,REC,EM REPARO,VEE ONE,91.0
2026-07-13,3040262766,011-00883-20,RADAR GWX 68 WEATHER,BAMN,OS concluída,EM REPARO,VEE ONE,
2026-07-13,3040262767,066-3046-07,"CONTROL,INDICATOR",EEAR,REC,EM REPARO,LEAP,91.0
2026-07-13,3040262768,066-3046-07,"CONTROL,INDICATOR",EEAR,REC,EM REPARO,LEAP,91.0
2026-07-13,3040262769,066-3046-07,"CONTROL,INDICATOR",BABR,REC,,BANT,91.0
2026-07-13,3040262770,011-01020-10,AFCS MODE CONTROLLER GMC 710,BAMN,REC,EM REPARO,WILLIAM,91.0
2026-07-13,3040262772,011-01020-10,AFCS MODE CONTROLLER GMC 710,BAMN,REC,EM REPARO,WILLIAM,91.0
2026-07-13,3040262773,011-01020-10,AFCS MODE CONTROLLER GMC 710,BAMN,REC,EM REPARO,WILLIAM,91.0
2026-07-13,3040262791,066-3060-00,IND RMI KNI582,BANT,REC,EM REPARO,LEAP,91.0
2026-07-13,3040262792,066-3060-00,IND RMI KNI582,BANT,REC,EM REPARO,LEAP,91.0
2026-07-13,3040262966,2682001-1,BRAKE CYL MAST,BACO,OS concluída,,PAMA-LS,
2026-07-13,3040262967,2682001-1,BRAKE CYL MAST,PAMALS,REC,REPARADO,V1 PAMA-LS,89.0
2026-07-13,3040262968,2682001-1,BRAKE CYL MAST,BANT,OS concluída,,PAMA-LS,
2026-07-13,3040262969,2682001-1,BRAKE CYL MAST,BABE,REC,REPARADO,V1 PAMA-LS,89.0
2026-07-13,3040263069,453-5060,ELT C406-N,BABE,OS concluída,,,
2026-07-13,3040263283,D145-00-46-2,FLAP ACTUATOR ASSY,PAMALS,REC,EM REPARO,LEAP,74.0
2026-07-13,3040263284,D145-00-46-2,FLAP ACTUATOR ASSY,BAFL,REC,EM REPARO,LEAP,74.0
2026-07-13,3040263286,C661065-0237,AIRSPEED INDICATOR,BANT,REC,DEVOLVIDO NO ESTADO,WILLIAM,74.0
2026-07-13,3040263287,C661065-0237,AIRSPEED INDICATOR,BABR,REC,REPARADO,VEE ONE,74.0
2026-07-13,3040263288,C661065-0237,AIRSPEED INDICATOR,PAMASP,REC,REPARADO,VEE ONE,74.0
2026-07-13,3040263314,060-0017-00,FLIGHT DIR HOR,EEAR,REC,EM REPARO,LEAP,74.0
2026-07-13,3040263315,060-0017-00,FLIGHT DIR HOR,BACG,OS concluída,,BABR,
2026-07-13,3040263316,060-0017-00,FLIGHT DIR HOR,BANT,REC,,BANT,74.0
2026-07-13,3040263317,060-0017-00,FLIGHT DIR HOR,PAMASP,REC,,BANT,74.0
2026-07-13,3040263319,066-1055-00,AUDIO CONTROL PANEL,BABE,REC,REPARADO,VEE ONE,74.0
2026-07-13,3040263320,066-1055-00,AUDIO CONTROL PANEL,PAMALS,REC,EM REPARO,AV AERONAUTICA,74.0
2026-07-13,3040263322,066-1055-00,AUDIO CONTROL PANEL,ALA 9,REC,EM REPARO,WILLIAM,74.0
2026-07-13,3040263324,069-01033-0101,"RECEIVER-TRANSMITTER,RADIO",PAMALS,REC,EM REPARO,LEAP,74.0
2026-07-13,3040263325,069-01033-0101,"RECEIVER-TRANSMITTER,RADIO",PAMALS,REC,,PROCURANDO,74.0
2026-07-13,3040263326,069-01033-0101,"RECEIVER-TRANSMITTER,RADIO",PAMALS,REC,,BANT,74.0
2026-07-13,3040263327,C661064-0237,AIRSPEED INDICATOR,BABR,REC,EM REPARO,WILLIAM,74.0
2026-07-13,3040263328,C661064-0237,AIRSPEED INDICATOR,BABR,REC,EM REPARO,WILLIAM,74.0
2026-07-13,3040263329,C661064-0237,AIRSPEED INDICATOR,PAMALS,REC,EM REPARO,WILLIAM,74.0
2026-07-13,3040263330,C661064-0237,AIRSPEED INDICATOR,PAMALS,REC,EM REPARO,WILLIAM,74.0
2026-07-13,3040263331,C661064-0237,AIRSPEED INDICATOR,PAMALS,REC,VAI SER DEVOLVIDO SEM REPARO,WILLIAM,74.0
2026-07-13,3040263332,011-00916-10,"DISPLAY UNIT,FLIGHT INFORMATION",BAMN,REC,EM REPARO,WILLIAM,74.0
2026-07-13,3040263333,011-00916-10,"DISPLAY UNIT,FLIGHT INFORMATION",BACO,REC,EM REPARO,WILLIAM,74.0
2026-07-13,3040263334,011-00916-10,"DISPLAY UNIT,FLIGHT INFORMATION",BACO,REC,VAI SER DEVOLVIDO SEM REPARO,WILLIAM,74.0
2026-07-13,3040263335,C611008-0101,ALTERNATOR CONTROL UNIT,PAMALS,REC,EM REPARO,AV AERONAUTICA,74.0
2026-07-13,3040263336,C611008-0101,ALTERNATOR CONTROL UNIT,PAMALS,REC,EM REPARO,AV AERONAUTICA,74.0
2026-07-13,3040263338,C611008-0101,ALTERNATOR CONTROL UNIT,PAMALS,REC,REPARADO,V1 PAMA-LS,74.0
2026-07-13,3040263415,069-01033-0101,"RECEIVER-TRANSMITTER,RADIO",BABR,REC,,BANT,68.0
2026-07-13,3040263416,069-01033-0101,"RECEIVER-TRANSMITTER,RADIO",BASM,REC,EM REPARO,WILLIAM,68.0
2026-07-13,3040263417,069-01033-0101,"RECEIVER-TRANSMITTER,RADIO",PAMALS,REC,EM REPARO,WILLIAM,68.0
2026-07-13,3040263433,066-03064-0005,"ALTIMETER,SERVO CONTROLLED,AUTOMATIC PRESSURE",BACG,REC,EM REPARO,WILLIAM,68.0
2026-07-13,3040263434,066-03064-0005,"ALTIMETER,SERVO CONTROLLED,AUTOMATIC PRESSURE",PAMASP,REC,VAI SER DEVOLVIDO SEM REPARO,WILLIAM,68.0
2026-07-13,3040263435,066-03064-0005,"ALTIMETER,SERVO CONTROLLED,AUTOMATIC PRESSURE",BANT,REC,EM REPARO,WILLIAM,68.0
2026-07-13,3040263443,3244897-4,FUEL CONTROL UNIT,PAMALS,REC,EM REPARO,LEAP,67.0
2026-07-13,3040263444,3244897-4,FUEL CONTROL UNIT,PAMALS,REC,EM REPARO,LEAP,67.0
2026-07-13,3040263447,066-3046-07,"CONTROL,INDICATOR",CLA,REC,,BABR,68.0
2026-07-13,3040263448,2618510-10,ALTERNATOR CONTROL UNIT ASSY,BABE,REC,EM REPARO,WILLIAM,62.0
2026-07-13,3040263449,2618510-10,ALTERNATOR CONTROL UNIT ASSY,PAMALS,REC,EM REPARO,WILLIAM,62.0
2026-07-13,3040263571,066-3084-32,IND RDR 2000 IN-182A,PAMALS,REC,EM REPARO,WILLIAM,62.0
2026-07-13,3040263572,066-3084-32,IND RDR 2000 IN-182A,PAMALS,REC,EM REPARO,WILLIAM,62.0
2026-07-13,3040263573,066-3084-32,IND RDR 2000 IN-182A,PAMALS,REC,,BABR,62.0
2026-07-13,3040263574,066-1072-04,"RECEIVER,RADIO",BABE,REC,EM REPARO,WILLIAM,62.0
2026-07-13,3040263575,066-1072-04,"RECEIVER,RADIO",BABE,REC,EM REPARO,WILLIAM,62.0
2026-07-13,3040263576,066-1072-04,"RECEIVER,RADIO",BAMN,OS concluída,DEVOLVIDO NO ESTADO,WILLIAM,
2026-07-13,3040263577,060-0015-00,"CONTROL,DIRECTIONAL,AUTOMATIC PILOT",ALA 5,REC,EM REPARO,WILLIAM,62.0
2026-07-13,3040263795,071-01519-0101,"RECEIVER-EXCITER,RADAR",PAMALS,REC,,PROCURANDO,45.0
2026-07-13,3040263796,071-01519-0101,"RECEIVER-EXCITER,RADAR",PAMALS,REC,,PROCURANDO,45.0
2026-07-13,3040263797,066-3046-07,"CONTROL,INDICATOR",BABE,REC,EM REPARO,WILLIAM,45.0
2026-07-13,3040263798,066-3046-07,"CONTROL,INDICATOR",PAMASP,REC,EM REPARO,WILLIAM,45.0
2026-07-13,3040263799,066-3046-07,"CONTROL,INDICATOR",PAMASP,REC,EM REPARO,WILLIAM,45.0
2026-07-13,3040263877,2641011-5,AXLE-MAIN GEAR,CLA,REC,EM REPARO,LEAP,52.0
2026-07-13,3040263878,2641011-5,AXLE-MAIN GEAR,CLA,REC,EM REPARO,LEAP,52.0
2026-07-13,3040264121,3244897-4,FUEL CONTROL UNIT,BABE,OS concluída,EM REPARO,LEAP,
2026-07-13,3040264122,3244809-8,"FUEL CONTROL,MAIN,TURBINE ENGINE",BABE,OS concluída,,BABR,
2026-07-13,3040264236,200SGL119Q-2,STARTER GENERATOR,BABE,REC,,BABE,45.0
2026-07-13,3040264237,200SGL119Q-2,STARTER GENERATOR,BAMN,REC,EM REPARO,AV AERONAUTICA,45.0
2026-07-13,3040264238,324843-2020,HEADSET-MICROPHONE,DACTA II,REC,EM REPARO,WILLIAM,45.0
2026-07-13,3040264240,324843-2020,HEADSET-MICROPHONE,DACTA II,REC,EM REPARO,WILLIAM,45.0
2026-07-13,3040264241,324843-2020,HEADSET-MICROPHONE,DACTA II,REC,EM REPARO,WILLIAM,45.0
2026-07-13,3040264242,324843-2020,HEADSET-MICROPHONE,BABE,REC,EM REPARO,WILLIAM,45.0
2026-07-13,3040264243,069-01033-0101,"RECEIVER-TRANSMITTER,RADIO",PAMALS,REC,EM REPARO,WILLIAM,45.0
2026-07-13,3040264244,069-01033-0101,"RECEIVER-TRANSMITTER,RADIO",PAMASP,REC,EM REPARO,WILLIAM,45.0
2026-07-13,3040264246,060-0017-00,FLIGHT DIR HOR,PAMALS,REC,EM REPARO,WILLIAM,45.0
2026-07-13,3040264262,9910338-8,"INDICATOR,FUEL FLOW",BABV,REC,EM REPARO,WILLIAM,45.0
2026-07-13,3040264263,9910338-8,"INDICATOR,FUEL FLOW",PAMALS,OS concluída,,BABR,
2026-07-13,3040264264,324843-2020,HEADSET-MICROPHONE,DACTA II,REC,EM REPARO,WILLIAM,45.0
2026-07-13,3040264572,060-0017-00,FLIGHT DIR HOR,PAMASP,REC,,,33.0
2026-07-13,3040264573,060-0017-00,FLIGHT DIR HOR,BANT,REC,,,33.0
2026-07-13,3040264574,060-0017-00,FLIGHT DIR HOR,BANT,REC,,,33.0
2026-07-13,3040264576,060-0017-00,FLIGHT DIR HOR,PAMALS,REC,,,33.0
2026-07-13,3040264577,060-0017-00,FLIGHT DIR HOR,PAMALS,REC,,,33.0
2026-07-13,3040264579,060-0017-00,FLIGHT DIR HOR,BABR,OS concluída,,,
2026-07-13,3040264643,1H75-21,PRESSURE REGULATOR,PAMASP,REC,,,28.0
2026-07-13,3040264645,1H75-21,PRESSURE REGULATOR,PAMASP,REC,,,28.0
2026-07-13,3040264646,1H75-21,PRESSURE REGULATOR,PAMASP,REC,,,28.0
2026-07-13,3040264647,1H75-21,PRESSURE REGULATOR,BAMN,REC,,,28.0
2026-07-13,3040264707,3244809-7,"FUEL CONTROL,MAIN,TURBINE ENGINE",BABE,REC,,,28.0
2026-07-13,3040264709,540-1407-4,"VALVE,BLEED,TURBINEENGINE",PAMASP,REC,,,28.0
2026-07-13,3040264710,200SGL153Q,"STARTER-GENERATOR,ENGINE,AIRCRAFT",CLA,REC,,,28.0
2026-07-13,3040264711,200SGL153Q,"STARTER-GENERATOR,ENGINE,AIRCRAFT",PAMASP,REC,,,28.0
2026-07-13,3040264712,200SGL153Q,"STARTER-GENERATOR,ENGINE,AIRCRAFT",BACG,REC,,,28.0
2026-07-13,3040264718,9910338-8,"INDICATOR,FUEL FLOW",PAMALS,REC,,,28.0
2026-07-13,3040264719,S3326-2,"INDICATOR,HORIZONTAL SITUATION",ALA 8,REC,,,28.0
2026-07-13,3040264720,S3326-2,"INDICATOR,HORIZONTAL SITUATION",PAMALS,REC,,,28.0
2026-07-13,3040264721,S3326-2,"INDICATOR,HORIZONTAL SITUATION",PAMASP,REC,,,28.0
2026-07-13,3040264724,2606013-1AM,INDICADOR PERCENTUAL RPM,BABV,REC,,,28.0
2026-07-13,3040264725,2606013-1AM,INDICADOR PERCENTUAL RPM,BABR,REC,,,28.0
2026-07-13,3040264726,2606015-4,INDICATOR-OIL TEMP/OIL PRESS,BANT,REC,,,28.0
2026-07-13,3040264727,C661051-0201,GYRO HORIZON,ALA 10,REC,,,28.0
2026-07-13,3040264728,504-0111-906,GYRO HORIZON,PAMALS,REC,,,28.0
2026-07-13,3040264729,504-0111-906,GYRO HORIZON,BACG,REC,,,28.0
2026-07-13,3040264730,8210-003,"GOVERNOR,FUEL CONTROL",PAMASP,REC,,,28.0
2026-07-13,3040264731,8210-002,"GOVERNOR,CONSTANT SPEED DRIVE",PAMASP,REC,,,28.0
2026-07-13,3040264732,8210-002,"GOVERNOR,CONSTANT SPEED DRIVE",BAMN,REC,,,28.0
2026-07-13,3040264733,030-18200,MAIN WHEEL BRAKE,BAMN,REC,,,28.0
2026-07-13,3040264734,030-18200,MAIN WHEEL BRAKE,BAMN,REC,,,28.0
2026-07-13,3040264735,161-11700,INNER WHEEL HALF ASSY,PAMALS,REC,,,28.0
2026-07-13,3040264736,161-12800,WHEEL HALF ASSY-INNER,BABR,REC,,,28.0
2026-07-13,3040264737,161-12800,WHEEL HALF ASSY-INNER,PAMALS,AUT,,,28.0
2026-07-13,3040264738,162-10700,OUTER WHEEL HALF ASSY,BACO,AUT,,,28.0
2026-07-13,3040264807,011-01105-01,INTEGRATED AVIONICS UNIT GIA63W,ALA 8,REC,,,20.0
2026-07-13,3040264808,011-01105-01,INTEGRATED AVIONICS UNIT GIA63W,BAMN,REC,,,20.0
2026-07-13,3040264907,011-00916-10,"DISPLAY UNIT,FLIGHT INFORMATION",BAMN,REC,,,13.0
2026-07-13,3040264908,011-00916-10,"DISPLAY UNIT,FLIGHT INFORMATION",BABV,REC,,,13.0
2026-07-13,3040264960,3034792,BOMBA DE COMBUSTÍVEL,CLA,REC,,,11.0
2026-07-13,3040264961,3244897-4,FUEL CONTROL UNIT,CLA,REC,,,11.0
2026-07-13,3040264974,3244809-8,"FUEL CONTROL,MAIN,TURBINE ENGINE",BAMN,REC,,,11.0
2026-07-13,3040265140,011-01020-10,AFCS MODE CONTROLLER GMC 710,BABE,REC,,,5.0
2026-07-13,3040265144,011-01020-10,AFCS MODE CONTROLLER GMC 710,BABE,REC,,,5.0
2026-07-14,3040249831,066-01141-5101,"RECEIVER-TRANSMITTER,RADIO (KT71)",PAMALS,REC,EM REPARO,LEAP,519.0
2026-07-14,3040250234,3034792,BOMBA DE COMBUSTÍVEL,PAMALS,REC,,BANT,503.0
2026-07-14,3040250248,452-0133,"BATTERY,NONRECHARGEABLE",BABR,REC,CONDENADO,VEE ONE,503.0
2026-07-14,3040250249,452-0133,"BATTERY,NONRECHARGEABLE",BAMN,REC,CONDENADO,VEE ONE,503.0
2026-07-14,3040250716,030-18200,MAIN WHEEL BRAKE,BABV,REC,EM REPARO,LEAP,481.0
2026-07-14,3040250717,030-18200,MAIN WHEEL BRAKE,BACO,OS concluída,REPARADO,,
2026-07-14,3040250718,030-18200,MAIN WHEEL BRAKE,BACO,OS concluída,REPARADO,,
2026-07-14,3040250719,060-0017-00,FLIGHT DIR HOR,PAMALS,REC,,BANT,481.0
2026-07-14,3040250720,060-0017-00,FLIGHT DIR HOR,BABV,OS concluída,REPARADO,,
2026-07-14,3040250721,060-0017-00,FLIGHT DIR HOR,BANT,OS concluída,REPARADO,,
2026-07-14,3040250722,066-01141-5101,"RECEIVER-TRANSMITTER,RADIO (KT71)",ALA 9,REC,EM REPARO,WILLIAM,481.0
2026-07-14,3040250723,066-01141-5101,"RECEIVER-TRANSMITTER,RADIO (KT71)",CLA,REC,,BABR,481.0
2026-07-14,3040250724,066-04035-1101,"DISPLAY UNIT,RADAR",PAMALS,REC,,BANT,481.0
2026-07-14,3040250725,066-3046-07,"CONTROL,INDICATOR",ALA 10,OS concluída,REPARADO,,
2026-07-14,3040250732,069-1025-25,"RECEIVER-TRANSMITTER,RADIO - KX165",PAMALS,REC,EM REPARO,WILLIAM,481.0
2026-07-14,3040250773,161-11700,INNER WHEEL HALF ASSY,EEAR,REC,,BACG,481.0
2026-07-14,3040250775,161-11700,INNER WHEEL HALF ASSY,BABE,OS concluída,CONDENADO,,
2026-07-14,3040250776,161-12800,WHEEL HALF ASSY-INNER,BABE,OS concluída,CONDENADO,,
2026-07-14,3040250778,161-12800,WHEEL HALF ASSY-INNER,BACG,OS concluída,REPARADO,,
2026-07-14,3040250780,162-11800,WHEEL HALF ASSY-OUTER,PAMALS,OS concluída,,,
2026-07-14,3040250781,162-11800,WHEEL HALF ASSY-OUTER,BACG,OS concluída,,,
2026-07-14,3040250782,2606012-1,INDICATOR-INTER-TURBINE TEMPERATURE,ALA 9,OS concluída,,,
2026-07-14,3040250789,2641012-14,TRUNNION ASSY-RH-MAIN GEAR,PAMASP,OS concluída,CONDENADO,,
2026-07-14,3040250790,2643031-7,"FORK ASSY,NOSE GEAR SPRING",BAMN,OS concluída,CONDENADO,,
2026-07-14,3040250791,2643090-1,SHIMMY DAMPENE,BANT,REC,EM REPARO,AV AERONAUTICA,481.0
2026-07-14,3040250792,2643090-1,SHIMMY DAMPENE,BAMN,REC,REPARADO,V1 PAMA-LS,481.0
2026-07-14,3040250793,2643099-4,"SUPPORT ASSY FOWARD, NLG SPRING",BAMN,OS concluída,CONDENADO,,
2026-07-14,3040250798,30994-001,BATTERY-MARATHON TSP410 NICAD,BANT,OS concluída,CONDENADO,AMA - VEE ONE,
2026-07-14,3040250816,453-5060,"BEACON,DISTRESS",BAMN,REC,,PAMA-LS,481.0
2026-07-14,3040250827,51539-012N,CONTROL UNIT ASSY-GENERATOR,BANT,REC,,BABR,481.0
2026-07-14,3040250828,51539-012N,CONTROL UNIT ASSY-GENERATOR,BACG,REC,,BABR,481.0
2026-07-14,3040250829,51539-012N,CONTROL UNIT ASSY-GENERATOR,BAMN,OS concluída,,,
2026-07-14,3040250830,799-1,TRANSDUCER,BACO,REC,,BANT,481.0
2026-07-14,3040250831,799-1,TRANSDUCER,BANT,REC,,BANT,481.0
2026-07-14,3040250832,9910338-4,FUEL TOTALIZER INDICATOR,EEAR,REC,,PAMA-LS,481.0
2026-07-14,3040250833,9910586-4,FLAP ACTUATOR AND MOTOR ASSEMBLY,ALA 3,REC,,BAMN,481.0
2026-07-14,3040250834,9910586-4,FLAP ACTUATOR AND MOTOR ASSEMBLY,ALA 3,OS concluída,CONDENADO,,
2026-07-14,3040250835,ASG12000-2,ALTERNATOR,ALA 5,REC,REPARADO,V1 PAMA-LS,481.0
2026-07-14,3040250841,C661030-0301,TURN BANK,PAMALS,REC,EM REPARO,LEAP,481.0
2026-07-14,3040250842,C662041-0102,INDICATOR FUEL,ALA 5,REC,,PAMA-LS,481.0
2026-07-14,3040250843,C662041-0102,INDICATOR FUEL,ALA 10,OS concluída,REPARADO,,
2026-07-14,3040250844,C662041-0102,INDICATOR FUEL,ALA 9,REC,,PAMA-LS,481.0
2026-07-14,3040252159,011-00916-00,DISPLAY UNIT GDU 1040A,BAMN,REC,,BAMN,448.0
2026-07-14,3040252160,011-01020-10,AFCS MODE CONTROLLER GMC 710,BAMN,OS concluída,,,
2026-07-14,3040252161,065-0042-03,COMPUTER PA,ALA 10,REC,EM REPARO,WILLIAM,448.0
2026-07-14,3040252162,065-0042-03,COMPUTER PA,EEAR,REC,,BABE,448.0
2026-07-14,3040252164,065-0042-03,COMPUTER PA,EEAR,REC,EM REPARO,WILLIAM,448.0
2026-07-14,3040252165,065-0042-03,COMPUTER PA,PAMALS,OS concluída,,,
2026-07-14,3040252166,065-0059-01,SERVO PITCH,EEAR,REC,EM REPARO,WILLIAM,448.0
2026-07-14,3040252168,066-03064-0005,"ALTIMETER,SERVO CONTROLLED,AUTOMATIC PRESSURE",ALA 9,OS concluída,REPARADO,,
2026-07-14,3040252170,066-03064-0005,"ALTIMETER,SERVO CONTROLLED,AUTOMATIC PRESSURE",ALA 7,REC,NO ESTADO,VEE ONE,448.0
2026-07-14,3040252172,066-03064-0005,"ALTIMETER,SERVO CONTROLLED,AUTOMATIC PRESSURE",PAMALS,REC,NO ESTADO,VEE ONE,448.0
2026-07-14,3040252173,066-03064-0005,"ALTIMETER,SERVO CONTROLLED,AUTOMATIC PRESSURE",BANT,REC,EM REPARO,LEAP,448.0
2026-07-14,3040252178,066-1072-00,RECEIVER ADF (KING KR87),PAMALS,OS concluída,,,
2026-07-14,3040252180,066-1072-04,"RECEIVER,RADIO",ALA 8,OS concluída,,,
2026-07-14,3040252181,066-1072-04,"RECEIVER,RADIO",PAMASP,REC,EM REPARO,WILLIAM,448.0
2026-07-14,3040252182,066-1072-04,"RECEIVER,RADIO",ALA 9,OS concluída,REPARADO,,
2026-07-14,3040252185,066-1072-04,"RECEIVER,RADIO",BAMN,OS concluída,REPARADO,,
2026-07-14,3040252189,9910338-6,"TRANSMITTER,RATE OF FLOW",ALA 8,OS concluída,REPARADO,,
2026-07-14,3040252190,9910338-6,"TRANSMITTER,RATE OF FLOW",BABR,OS concluída,,,
2026-07-14,3040252191,C611008-0101,ALTERNATOR CONTROL UNIT,PAMALS,REC,,BABR,448.0
2026-07-14,3040252935,030-18200,MAIN WHEEL BRAKE,BAMN,OS concluída,CONDENADO,,
2026-07-14,3040252936,030-18200,MAIN WHEEL BRAKE,BACO,REC,,PAMA-LS,418.0
2026-07-14,3040252939,C163030-1001,MAIN W BRAKE A,BABV,REC,,BAMN,418.0
2026-07-14,3040252940,30-182,MAIN WHEEL BRAKE,BABV,OS concluída,CONDENADO,,
2026-07-14,3040252942,30-182,MAIN WHEEL BRAKE,BAMN,OS concluída,REPARADO,,
2026-07-14,3040252943,30-182,MAIN WHEEL BRAKE,BAMN,OS concluída,REPARADO,,
2026-07-14,3040253168,161-12800,WHEEL HALF ASSY-INNER,BASM,REC,REPARADO,VEE ONE,414.0
2026-07-14,3040253170,161-12800,WHEEL HALF ASSY-INNER,BASM,OS concluída,CONDENADO,,
2026-07-14,3040253172,161-12800,WHEEL HALF ASSY-INNER,PAMALS,REC,,PROCURANDO,414.0
2026-07-14,3040253173,161-12800,WHEEL HALF ASSY-INNER,PAMALS,REC,EM REPARO,LEAP,414.0
2026-07-14,3040253174,161-12800,WHEEL HALF ASSY-INNER,PAMALS,OS concluída,CONDENADO,,
2026-07-14,3040253176,162-10700,OUTER WHEEL HALF ASSY,BABE,OS concluída,CONDENADO,,
2026-07-14,3040253177,162-10700,OUTER WHEEL HALF ASSY,BABV,REC,REPARADO,VEE ONE,414.0
2026-07-14,3040253178,162-10700,OUTER WHEEL HALF ASSY,PAMALS,REC,,PROCURANDO,414.0
2026-07-14,3040253179,162-11800,WHEEL HALF ASSY-OUTER,CLA,OS concluída,CONDENADO,,
2026-07-14,3040253180,162-11800,WHEEL HALF ASSY-OUTER,BASM,REC,,PROCURANDO,414.0
2026-07-14,3040253181,162-11800,WHEEL HALF ASSY-OUTER,PAMALS,OS concluída,REPARADO,,
2026-07-14,3040253182,162-11800,WHEEL HALF ASSY-OUTER,PAMALS,REC,REPARADO,VEE ONE,414.0
2026-07-14,3040253526,30994-001,BATTERY-MARATHON TSP410 NICAD,PAMALS,OS concluída,CONDENADO,AMA - VEE ONE,
2026-07-14,3040253527,30994-001,BATTERY-MARATHON TSP410 NICAD,BAPV,OS concluída,CONDENADO,AMA - VEE ONE,
2026-07-14,3040253528,066-03064-0005,"ALTIMETER,SERVO CONTROLLED,AUTOMATIC PRESSURE",BANT,OS concluída,REPARADO,,
2026-07-14,3040253529,066-03064-0005,"ALTIMETER,SERVO CONTROLLED,AUTOMATIC PRESSURE",DSM-MN,REC,DEVOLVIDO NO ESTADO,WILLIAM,404.0
2026-07-14,3040253530,799-1,TRANSDUCER,BAMN,REC,,BANT,404.0
2026-07-14,3040253531,799-1,TRANSDUCER,BAMN,REC,,VEE ONE,404.0
2026-07-14,3040253532,799-1,TRANSDUCER,PAMALS,REC,,BANT,404.0
2026-07-14,3040253535,2643099-4,"SUPPORT ASSY FOWARD, NLG SPRING",BABE,REC,CONDENADO,VEE ONE,404.0
2026-07-14,3040253536,2641012-14,TRUNNION ASSY-RH-MAIN GEAR,PAMALS,OS concluída,CONDENADO,,
2026-07-14,3040254195,540-1407-4,"VALVE,BLEED,TURBINEENGINE",PAMALS,REC,,BANT,386.0
2026-07-14,3040254201,2643090-3,SHIMMY DAMPER-NOSE GEAR,PAMALS,REC,REPARADO,V1 PAMA-LS,386.0
2026-07-14,3040254203,SE1070-6,SHIMMY DAMPENER ASSY,BACGINAT,OS concluída,,,
2026-07-14,3040254205,C660501-0103,"COMPASS,SPEC",PAMALS,REC,REPARADO,V1 PAMA-LS,386.0
2026-07-14,3040254206,C660501-0103,"COMPASS,SPEC",ALA 8,REC,EM REPARO EM GARANTIA,WILLIAM,386.0
2026-07-14,3040254208,C660501-0103,"COMPASS,SPEC",BABV,REC,REPARADO,V1 PAMA-LS,386.0
2026-07-14,3040254210,799-1,TRANSDUCER,BANT,REC,,BANT,386.0
2026-07-14,3040254770,069-1025-25,"RECEIVER-TRANSMITTER,RADIO - KX165",ALA 9,REC,EM REPARO,WILLIAM,377.0
2026-07-14,3040254784,452-0133,"BATTERY,NONRECHARGEABLE",DACTA II,REC,CONDENADO,VEE ONE,377.0
2026-07-14,3040254785,452-0133,"BATTERY,NONRECHARGEABLE",BAMN,REC,CONDENADO,VEE ONE,377.0
2026-07-14,3040254786,452-0133,"BATTERY PACK,AIRCRAFT",BAMN,REC,CONDENADO,VEE ONE,377.0
2026-07-14,3040254787,452-0133,"BATTERY PACK,AIRCRAFT",DACTA II,REC,CONDENADO,VEE ONE,377.0
2026-07-14,3040254788,452-0133,"BATTERY,NONRECHARGEABLE",BAMN,REC,CONDENADO,VEE ONE,377.0
2026-07-14,3040254789,452-0133,"BATTERY,NONRECHARGEABLE",BAMN,REC,CONDENADO,VEE ONE,377.0
2026-07-14,3040254792,2606013-1RX,INDICATOR-PERCENT RPM,BABR,REC,,BANT,377.0
2026-07-14,3040254793,D145-00-46-2,FLAP ACTUATOR ASSY,PAMALS,REC,,PAMA-LS,377.0
2026-07-14,3040254794,C145-350,"MOTOR,DIRECT CURRENT",PAMALS,OS concluída,,,
2026-07-14,3040254795,D145-00-46-2,FLAP ACTUATOR ASSY,BABE,REC,,PAMA-LS,377.0
2026-07-14,3040254796,30994-001,BATTERY-MARATHON TSP410 NICAD,BAMN,OS concluída,REPARADO,,
2026-07-14,3040254799,453-5000-710,EMERGENCY LOCATOR TRANSMITTER MODEL C406-2,PAMASP,OS concluída,,,
2026-07-14,3040254803,C352TS,"EXTINGUISHER,FIRE",2 ETA,REC,REPARADO,V1 PAMA-LS,377.0
2026-07-14,3040254805,C352TS,"EXTINGUISHER,FIRE",PAMALS,OS concluída,,,
2026-07-14,3040254806,C352TS,"EXTINGUISHER,FIRE",PAMALS,REC,REPARADO,V1 PAMA-LS,377.0
2026-07-14,3040254808,C352TS,"EXTINGUISHER,FIRE",BABR,REC,REPARADO,V1 PAMA-LS,377.0
2026-07-14,3040254809,C352TS,"EXTINGUISHER,FIRE",PAMAGL,OS concluída,,,
2026-07-14,3040254810,C352TS,"EXTINGUISHER,FIRE",PAMALS,OS concluída,,,
2026-07-14,3040254815,C482001-0402,VACUUM REGULAT,PAMALS,REC,CONDENADO,VEE ONE,377.0
2026-07-14,3040254816,C482001-0402,VACUUM REGULAT,PAMALS,REC,CONDENADO,VEE ONE,377.0
2026-07-14,3040254817,2641011-5,AXLE-MAIN GEAR,BABE,OS concluída,NO ESTADO,,
2026-07-14,3040254818,2641011-5,AXLE-MAIN GEAR,BABE,OS concluída,,,
2026-07-14,3040254819,2641011-5,AXLE-MAIN GEAR,BANT,OS concluída,REPARADO,,
2026-07-14,3040254820,2641011-5,AXLE-MAIN GEAR,BAMN,OS concluída,REPARADO,,
2026-07-14,3040255319,702801-5,FUEL PUMP,PAMASP,REC,EM REPARO,VEE ONE,368.0
2026-07-14,3040255321,8210-002,"GOVERNOR,CONSTANT SPEED DRIVE",PAMALS,OS concluída,,,
2026-07-14,3040255326,011-00916-00,DISPLAY UNIT GDU 1040A,BAMN,REC,,BAMN,368.0
2026-07-14,3040255461,DAAS-A-010-1,ADAS-D PROCESSOR,PAMALS,REC,EM REPARO,VEE ONE,364.0
2026-07-14,3040255589,071-01519-0101,"RECEIVER-EXCITER,RADAR",BANT,REC,,PROCURANDO,362.0
2026-07-14,3040255590,071-01519-0101,"RECEIVER-EXCITER,RADAR",PAMALS,OS concluída,REPARADO,,
2026-07-14,3040255706,C661064-0237,AIRSPEED INDICATOR,BAMN,OS concluída,,,
2026-07-14,3040256112,011-00883-20,RADAR GWX 68 WEATHER,BABE,REC,,BAMN,348.0
2026-07-14,3040256114,5934PAD-3,"ALTIMETER,PRESSURE",PAMALS,REC,EM REPARO,VEE ONE,348.0
2026-07-14,3040256115,5934PAD-3,"ALTIMETER,PRESSURE",PAMALS,OS concluída,REPARADO,,
2026-07-14,3040256118,011-00878-10,GSA-81 TORQUE SERVO,BAPV,REC,,BACO,348.0
2026-07-14,3040256119,011-00878-10,GSA-81 TORQUE SERVO,BAPV,REC,EM REPARO,LEAP,348.0
2026-07-14,3040256120,011-00916-10,"DISPLAY UNIT,FLIGHT INFORMATION",BAMN,OS concluída,,,
2026-07-14,3040256311,3121248-03,"VALVE ASSEMBLY,COMPRESSOR BLEED",PAMALS,OS concluída,,,
2026-07-14,3040256314,066-4010-12,RECEIVER VOR/LOC (KNS81),EEAR,REC,EM REPARO,LEAP,335.0
2026-07-14,3040256662,030-18200,MAIN WHEEL BRAKE,BASM,OS concluída,,,
2026-07-14,3040256665,161-11700,INNER WHEEL HALF ASSY,BABV,OS concluída,,,
2026-07-14,3040256666,161-11700,INNER WHEEL HALF ASSY,PAMALS,OS concluída,,,
2026-07-14,3040256667,161-11700,INNER WHEEL HALF ASSY,PAMALS,OS concluída,,,
2026-07-14,3040256668,161-11700,INNER WHEEL HALF ASSY,PAMALS,OS concluída,CONDENADO,,
2026-07-14,3040256669,161-11700,INNER WHEEL HALF ASSY,PAMALS,OS concluída,,,
2026-07-14,3040256670,161-11700,INNER WHEEL HALF ASSY,PAMALS,OS concluída,CONDENADO,,
2026-07-14,3040256671,161-11700,INNER WHEEL HALF ASSY,PAMALS,REC,REPARADO,VEE ONE,326.0
2026-07-14,3040256672,161-12800,WHEEL HALF ASSY-INNER,PAMALS,REC,REPARADO,VEE ONE,326.0
2026-07-14,3040256673,161-12800,WHEEL HALF ASSY-INNER,PAMALS,REC,CONDENADO,VEE ONE,323.0
2026-07-14,3040256675,161-12800,WHEEL HALF ASSY-INNER,BANT,OS concluída,REPARADO,,
2026-07-14,3040256694,162-11800,WHEEL HALF ASSY-OUTER,BANT,OS concluída,REPARADO,,
2026-07-14,3040256696,162-11800,WHEEL HALF ASSY-OUTER,PAMALS,REC,,PAMA-LS,326.0
2026-07-14,3040256698,030-18200,MAIN WHEEL BRAKE,PAMASP,REC,,PROCURANDO,326.0
2026-07-14,3040256702,C661064-0237,AIRSPEED INDICATOR,BABR,OS concluída,,,
2026-07-14,3040256703,C661064-0237,AIRSPEED INDICATOR,PAMALS,OS concluída,REPARADO,,
2026-07-14,3040256704,C661064-0237,AIRSPEED INDICATOR,PAMALS,OS concluída,,,
2026-07-14,3040256707,D210507,"GOVERNOR,OVERSPEED",PAMALS,OS concluída,,,
2026-07-14,3040256708,D210507,"GOVERNOR,OVERSPEED",PAMALS,REC,REPARADO,VEE ONE,326.0
2026-07-14,3040256709,3121248-03,"VALVE ASSEMBLY,COMPRESSOR BLEED",PAMASP,REC,,BANT,323.0
2026-07-14,3040256713,030-18200,MAIN WHEEL BRAKE,ALA 3,REC,,BAMN,326.0
2026-07-14,3040256787,011-00877-00,"GSA-80 SERVO ROL,YAW,SPEC",PAMALS,REC,EM REPARO,VEE ONE,326.0
2026-07-14,3040256792,011-00877-00,"GSA-80 SERVO ROL,YAW,SPEC",BAMN,REC,,PROCURANDO,326.0
2026-07-14,3040256828,011-00883-20,RADAR GWX 68 WEATHER,PAMALS,REC,CONDENADO,V1 PAMA-LS,326.0
2026-07-14,3040257093,065-00183-0501,AUTOPILOT COMPUTER KFC225,BABE,REC,,BANT,319.0
2026-07-14,3040257094,065-00183-0501,AUTOPILOT COMPUTER KFC225,BABE,REC,,BANT,319.0
2026-07-14,3040257095,011-01105-01,INTEGRATED AVIONICS UNIT GIA63W,BABE,REC,EM REPARO,VEE ONE,319.0
2026-07-14,3040257096,011-01105-01,INTEGRATED AVIONICS UNIT GIA63W,BABE,REC,,BAMN,319.0
2026-07-14,3040257436,30994-001,BATTERY-MARATHON TSP410 NICAD,PAMALS,OS concluída,CONDENADO,AMA - VEE ONE,
2026-07-14,3040257438,030-18200,MAIN WHEEL BRAKE,BAMN,REC,REPARADO,VEE ONE,300.0
2026-07-14,3040257439,030-18200,MAIN WHEEL BRAKE,BAMN,REC,,BAMN,300.0
2026-07-14,3040257440,030-18200,MAIN WHEEL BRAKE,BANT,REC,CONDENADO,VEE ONE,300.0
2026-07-14,3040257441,030-18200,MAIN WHEEL BRAKE,BAPV,REC,,BAMN,300.0
2026-07-14,3040257442,C163030-1001,MAIN W BRAKE A,BAMN,REC,REPARADO,VEE ONE,300.0
2026-07-14,3040257443,161-12800,WHEEL HALF ASSY-INNER,ALA 3,AUT,,NÃO TEVE MOVIMENTAÇÃO,307.0
2026-07-14,3040257444,162-10700,OUTER WHEEL HALF ASSY,PAMALS,OS concluída,CONDENADO,,
2026-07-14,3040257447,162-10700,OUTER WHEEL HALF ASSY,PAMALS,OS concluída,CONDENADO,,
2026-07-14,3040257450,3244809-4,"FUEL CONTROL,MAIN,TURBINE ENGINE",PAMASP,OS concluída,EM REPARO,LEAP,
2026-07-14,3040257451,3244809-7,"FUEL CONTROL,MAIN,TURBINE ENGINE",PAMASP,REC,,BANT,300.0
2026-07-14,3040257452,3244809-8,"FUEL CONTROL,MAIN,TURBINE ENGINE",BAPV,OS concluída,REPARADO,,
2026-07-14,3040257453,EA-5172-45-CES,"INDICATOR,AIRSPEED",ALA 7,REC,DEVOLVIDO NO ESTADO,WILLIAM,300.0
2026-07-14,3040257454,EA-5172-45-CES,"INDICATOR,AIRSPEED",BACG,OS concluída,,,
2026-07-14,3040258303,011-00877-00,"GSA-80 SERVO ROL,YAW,SPEC",DACTA II,REC,EM REPARO,VEE ONE,280.0
2026-07-14,3040258306,D210507,"GOVERNOR,OVERSPEED",PAMALS,REC,EM REPARO,LEAP,280.0
2026-07-14,3040258307,D210507,"GOVERNOR,OVERSPEED",ALA 5,OS concluída,,,
2026-07-14,3040258308,D210507,"GOVERNOR,OVERSPEED",BAMN,OS concluída,REPARADO,,
2026-07-14,3040258309,D210507,"GOVERNOR,OVERSPEED",BAMN,REC,EM REPARO,LEAP,280.0
2026-07-14,3040258310,D210507,"GOVERNOR,OVERSPEED",BACO,OS concluída,,,
2026-07-14,3040258419,011-00877-00,"GSA-80 SERVO ROL,YAW,SPEC",DACTA II,REC,EM REPARO,VEE ONE,278.0
2026-07-14,3040258420,011-00877-00,"GSA-80 SERVO ROL,YAW,SPEC",BACO,REC,EM REPARO,VEE ONE,278.0
2026-07-14,3040258421,011-00877-00,"GSA-80 SERVO ROL,YAW,SPEC",BABE,REC,,BACO,278.0
2026-07-14,3040258422,2601188-8,COMPRESSOR DRIVE ASSY R134A,PAMASP,REC,,PROCURANDO,278.0
2026-07-14,3040258764,069-01034-0102,"NAVIGATION SET,SATELLITE SIGNALS KLN-94",PAMALS,REC,,BANT,271.0
2026-07-14,3040259146,1U149-015-15,HORIZ. GYRO-STADBY,PAMALS,REC,EM REPARO,VEE ONE,249.0
2026-07-14,3040259147,162-10700,OUTER WHEEL HALF ASSY,BANT,REC,EM REPARO,AMA - VEE ONE,249.0
2026-07-14,3040259148,3049038-03,"VALVE,COMPRESSOR BLEED",BANT,OS concluída,,,
2026-07-14,3040259151,066-01141-5101,"TRANSPONDER,RADAR",BANT,REC,REPARADO,V1 PAMA-LS,252.0
2026-07-14,3040259152,066-01141-5101,"TRANSPONDER,RADAR",BABE,REC,,BANT,252.0
2026-07-14,3040259251,064-1019-05,VHF TRANSCEIVE KY196,EEAR,REC,,EEAR,250.0
2026-07-14,3040259316,2606015-4,INDICATOR-OIL TEMP/OIL PRESS,BACG,REC,REPARADO,V1 PAMA-LS,246.0
2026-07-14,3040259564,C414007-0102,BLOWER ASSY,PAMALS,OS concluída,,,
2026-07-14,3040259568,C414007-0102,BLOWER ASSY,ALA 10,OS concluída,,,
2026-07-14,3040259570,C414007-0102,BLOWER ASSY,ALA 10,OS concluída,,,
2026-07-14,3040259694,025323-150,FUEL PUMP,PAMASP,REC,,BACO,238.0
2026-07-14,3040259918,C414007-0102,BLOWER ASSY,ALA 10,REC,EM REPARO,VEE ONE,231.0
2026-07-14,3040259922,C414007-0102,BLOWER ASSY,BANT,REC,REPARADO,V1 PAMA-LS,231.0
2026-07-14,3040259924,C414007-0102,BLOWER ASSY,BACG,REC,EM REPARO,VEE ONE,231.0
2026-07-14,3040259928,C414007-0102,BLOWER ASSY,PAMALS,REC,EM REPARO,VEE ONE,231.0
2026-07-14,3040259944,066-3046-07,"CONTROL,INDICATOR",EEAR,REC,,PAMA-LS,231.0
2026-07-14,3040259946,066-3046-07,"CONTROL,INDICATOR",BANT,REC,,BANT,231.0
2026-07-14,3040259947,066-3046-07,"CONTROL,INDICATOR",EEAR,OS concluída,REPARADO,,
2026-07-14,3040259949,065-0060-01,"CONTROL,SERVO,AUTOMATIC PILOT",PAMALS,REC,EM REPARO,LEAP,231.0
2026-07-14,3040259950,065-0060-01,"CONTROL,SERVO,AUTOMATIC PILOT",PAMALS,REC,EM REPARO,LEAP,231.0
2026-07-14,3040260204,324843-W020,HEADSET-MICROPHONE,PAMALS,OS concluída,REPARADO,,
2026-07-14,3040260205,324843-W020,HEADSET-MICROPHONE,PAMALS,OS concluída,REPARADO,,
2026-07-14,3040260208,324843-W020,HEADSET-MICROPHONE,PAMALS,REC,VAI SER DEVOLVIDO SEM REPARO,WILLIAM,217.0
2026-07-14,3040260209,011-00916-00,DISPLAY UNIT GDU 1040A,PAMALS,REC,,BAMN,217.0
2026-07-14,3040260382,065-00183-0501,AUTOPILOT COMPUTER KFC225,BANT,REC,,BANT,210.0
2026-07-14,3040260388,SD5H14C4527,AIR COMPRESSOR,PAMALS,REC,EM REPARO,VEE ONE,210.0
2026-07-14,3040260389,SD5H14C4527,AIR COMPRESSOR,PAMALS,REC,EM REPARO,VEE ONE,210.0
2026-07-14,3040260516,ASG12000-2,ALTERNATOR,PAMALS,REC,REPARADO,V1 PAMA-LS,207.0
2026-07-14,3040260517,ASG12000-2,ALTERNATOR,PAMALS,OS concluída,,,
2026-07-14,3040260522,9910592-2,ALTERNADOR,BAMN,REC,REPARADO,V1 PAMA-LS,207.0
2026-07-14,3040260523,9910592-2,ALTERNADOR,BAMN,REC,REPARADO,V1 PAMA-LS,207.0
2026-07-14,3040260524,51539-012M,CONTROL UNIT ASSY-GENERATOR,BANT,REC,,BACG,207.0
2026-07-14,3040260538,324843-W020,HEADSET-MICROPHONE,PAMALS,REC,,BABE,189.0
2026-07-14,3040260539,324843-W020,HEADSET-MICROPHONE,PAMALS,REC,,BABE,189.0
2026-07-14,3040260540,324843-W020,HEADSET-MICROPHONE,PAMALS,OS concluída,REPARADO,,
2026-07-14,3040260541,324843-W020,HEADSET-MICROPHONE,PAMALS,OS concluída,REPARADO,,
2026-07-14,3040260542,324843-W020,HEADSET-MICROPHONE,PAMALS,REC,,BABE,189.0
2026-07-14,3040260543,324843-W020,HEADSET-MICROPHONE,PAMALS,REC,VAI SER DEVOLVIDO SEM REPARO,WILLIAM,189.0
2026-07-14,3040260544,161-11700,INNER WHEEL HALF ASSY,BANT,REC,REPARADO,VEE ONE,189.0
2026-07-14,3040260545,161-11700,INNER WHEEL HALF ASSY,BACG,REC,REPARADO,VEE ONE,189.0
2026-07-14,3040260546,161-12800,WHEEL HALF ASSY-INNER,PAMALS,REC,REPARADO,VEE ONE,189.0
2026-07-14,3040260547,161-12800,WHEEL HALF ASSY-INNER,EPCAR,OS concluída,REPARADO,VEE ONE,
2026-07-14,3040260548,161-11700,INNER WHEEL HALF ASSY,CLA,REC,REPARADO,VEE ONE,189.0
2026-07-14,3040260549,162-10700,OUTER WHEEL HALF ASSY,BACG,REC,REPARADO,VEE ONE,189.0
2026-07-14,3040260550,162-10700,OUTER WHEEL HALF ASSY,CLA,REC,REPARADO,VEE ONE,189.0
2026-07-14,3040260551,162-11800,WHEEL HALF ASSY-OUTER,BANT,REC,REPARADO,VEE ONE,189.0
2026-07-14,3040260552,30994-001,BATTERY-MARATHON TSP410 NICAD,BABE,OS concluída,CONDENADO,AMA - VEE ONE,
2026-07-14,3040260583,3244897-4,FUEL CONTROL UNIT,PAMALS,OS concluída,,,
2026-07-14,3040260595,9910586-4,FLAP ACTUATOR AND MOTOR ASSEMBLY,7 ETA,REC,,BAMN,189.0
2026-07-14,3040260597,9910586-4,FLAP ACTUATOR AND MOTOR ASSEMBLY,BAPV,REC,REPARADO,VEE ONE,189.0
2026-07-14,3040260750,3122678-04,FUEL CONTROL UNIT,PAMASP,REC,,BANT,181.0
2026-07-14,3040260752,3244897-4,FUEL CONTROL UNIT,PAMASP,OS concluída,REPARADO,,
2026-07-14,3040260753,3244809-7,"FUEL CONTROL,MAIN,TURBINE ENGINE",PAMASP,OS concluída,REPARADO,,
2026-07-14,3040260754,3244809-1,"FUEL CONTROL,MAIN,TURBINE ENGINE",PAMASP,REC,EM QUARENTENA,LEAP,181.0
2026-07-14,3040260811,3034792,BOMBA DE COMBUSTÍVEL,BAPV,REC,,BABR,167.0
2026-07-14,3040260812,3034792,BOMBA DE COMBUSTÍVEL,BACG,OS concluída,,,
2026-07-14,3040260913,064-1054-30,RECEIVER-TRANSMITTER SUBASSEMBLY,EPCAR,REC,REPARADO,V1 PAMA-LS,169.0
2026-07-14,3040260915,064-1054-30,RECEIVER-TRANSMITTER SUBASSEMBLY,PAMALS,REC,REPARADO,V1 PAMA-LS,169.0
2026-07-14,3040260922,162-11800,WHEEL HALF ASSY-OUTER,PAMALS,OS concluída,,,
2026-07-14,3040260923,030-18200,MAIN WHEEL BRAKE,BACO,REC,REPARADO,VEE ONE,167.0
2026-07-14,3040261322,011-00831-00,"ENGINE INTERFA,SPEC",BAPV,REC,REPARADO,VEE ONE,154.0
2026-07-14,3040261324,011-00882-10,"COMPUTER,AIR DATA",BAMN,OS concluída,,,
2026-07-14,3040261326,011-00882-10,"COMPUTER,AIR DATA",BAMN,OS concluída,,,
2026-07-14,3040261327,064-1054-30,RECEIVER-TRANSMITTER SUBASSEMBLY,PAMASP,REC,REPARADO,V1 PAMA-LS,154.0
2026-07-14,3040261329,065-0061-36,ACTUATOR TRIM (KS272A),ALA 10,OS concluída,REPARADO,,
2026-07-14,3040261331,065-0061-36,ACTUATOR TRIM (KS272A),PAMASP,REC,,BABR,154.0
2026-07-14,3040261334,065-0065-01,SELECTOR ALT,BANT,REC,EM REPARO,WILLIAM,154.0
2026-07-14,3040261335,065-0065-01,SELECTOR ALT,BANT,REC,EM REPARO,WILLIAM,154.0
2026-07-14,3040261336,066-01141-0101,"RECEIVER,RADIO",BANT,REC,REPARADO,V1 PAMA-LS,154.0
2026-07-14,3040261340,066-1053-00,"RECEIVER,RADIO",BASM,REC,REPARADO,V1 PAMA-LS,154.0
2026-07-14,3040261342,066-3084-02,COLOR RADAR INDICATOR,BABV,REC,EM REPARO,WILLIAM,154.0
2026-07-14,3040261344,066-4010-12,RECEIVER VOR/LOC (KNS81),ALA 10,REC,EM REPARO,WILLIAM,154.0
2026-07-14,3040261347,071-1234-00,ANTENNA ACCESSORY,ALA 1,REC,EM REPARO,WILLIAM,154.0
2026-07-14,3040261352,1134380-4,EVAPORATOR MODULE ASSY-RH,BAMN,REC,CONDENADO,VEE ONE,154.0
2026-07-14,3040261353,1H75-21,PRESSURE REGULATOR,BAMN,REC,,BAMN,154.0
2026-07-14,3040261354,2643100-201,NOSE GEAR STRUT ASSY - TALL FORK,BANT,REC,EM REPARO,AV AERONAUTICA,154.0
2026-07-14,3040261355,2643100-201,NOSE GEAR STRUT ASSY - TALL FORK,BABR,OS concluída,REPARADO,,
2026-07-14,3040261356,2670104-2,ANNUNCIATOR PANEL,PAMALS,REC,REPARADO,VEE ONE,154.0
2026-07-14,3040261357,2682001-1,BRAKE CYL MAST,BABE,OS concluída,REPARADO,,
2026-07-14,3040261364,8210-002-01,GOVERNOR PROPELLER,PAMASP,REC,REPARADO,VEE ONE,154.0
2026-07-14,3040261371,TFF2905-13,FUEL FLOW TRANSDUCER,ALA 8,REC,EM REPARO,WILLIAM,154.0
2026-07-14,3040261373,C661065-0240,AIRSPEED INDICATOR,BABE,REC,REPARADO,V1 PAMA-LS,154.0
2026-07-14,3040261375,C661065-0240RX,"INDICATOR, AIRSPEED",BACG,REC,EM REPARO,WILLIAM,154.0
2026-07-14,3040261376,066-1061-03,RT RADAR ALTIM (KRA10A),PAMALS,REC,PARA REPARO,VEE ONE,154.0
2026-07-14,3040261377,066-3054-01,INDICATOR RADAR ALTIMETER - TYPE KI250,PAMALS,REC,EM REPARO,WILLIAM,154.0
2026-07-14,3040261387,3034792,BOMBA DE COMBUSTÍVEL,BABR,OS concluída,REPARADO,,
2026-07-14,3040261388,3034792,BOMBA DE COMBUSTÍVEL,BABR,OS concluída,REPARADO,,
2026-07-14,3040261389,3034792,BOMBA DE COMBUSTÍVEL,PAMASP,REC,REPARADO,V1 PAMA-LS,154.0
2026-07-14,3040261627,S3828-1,ALTIMETER,BAMN,REC,EM REPARO,WILLIAM,140.0
2026-07-14,3040261628,S3828-1,ALTIMETER,BABE,REC,REPARADO,V1 PAMA-LS,140.0
2026-07-14,3040261843,3034792,BOMBA DE COMBUSTÍVEL,PAMALS,REC,EM REPARO,VEE ONE,127.0
2026-07-14,3040261851,51539-012MRX,CONTROL UNIT ASSY-GENERATOR,BABE,REC,EM REPARO,VEE ONE,132.0
2026-07-14,3040261852,51539-012MRX,CONTROL UNIT ASSY-GENERATOR,BABE,REC,EM REPARO,VEE ONE,132.0
2026-07-14,3040262245,200SGL119Q-2,STARTER GENERATOR,BAMN,OS concluída,REPARADO,,
2026-07-14,3040262246,200SGL119Q-2,STARTER GENERATOR,BAMN,OS concluída,REPARADO,,
2026-07-14,3040262273,324843-W020,HEADSET-MICROPHONE,BABE,OS concluída,REPARADO,,
2026-07-14,3040262275,324843-W020,HEADSET-MICROPHONE,BANT,OS concluída,REPARADO,,
2026-07-14,3040262363,066-1055-00,AUDIO CONTROL PANEL,ALA 5,OS concluída,,,
2026-07-14,3040262367,066-1055-00,AUDIO CONTROL PANEL,ALA 9,REC,EM REPARO,WILLIAM,110.0
2026-07-14,3040262368,066-1055-00,AUDIO CONTROL PANEL,CLA,OS concluída,,,
2026-07-14,3040262371,51539-012N,CONTROL UNIT ASSY-GENERATOR,BANT,REC,REPARADO,V1 PAMA-LS,110.0
2026-07-14,3040262372,51539-012M,CONTROL UNIT ASSY-GENERATOR,BANT,REC,,V1 PAMA-LS,110.0
2026-07-14,3040262419,065-0061-36,ACTUATOR TRIM (KS272A),ALA 9,REC,EM REPARO,WILLIAM,105.0
2026-07-14,3040262630,161-11700,INNER WHEEL HALF ASSY,BANT,REC,REPARADO,VEE ONE,92.0
2026-07-14,3040262632,161-12800,WHEEL HALF ASSY-INNER,BANT,OS concluída,REPARADO,VEE ONE,
2026-07-14,3040262633,161-12800,WHEEL HALF ASSY-INNER,BANT,REC,REPARADO,VEE ONE,92.0
2026-07-14,3040262634,162-10700,OUTER WHEEL HALF ASSY,BANT,REC,REPARADO,VEE ONE,92.0
2026-07-14,3040262635,162-11800,WHEEL HALF ASSY-OUTER,EPCAR,REC,REPARADO,VEE ONE,92.0
2026-07-14,3040262636,162-11800,WHEEL HALF ASSY-OUTER,BANT,REC,REPARADO,VEE ONE,92.0
2026-07-14,3040262637,162-11800,WHEEL HALF ASSY-OUTER,BANT,REC,REPARADO,VEE ONE,92.0
2026-07-14,3040262638,200SGL119Q,STARTER GENERATOR,PAMALS,REC,EM REPARO,AV AERONAUTICA,92.0
2026-07-14,3040262639,200SGL119Q,STARTER GENERATOR,PAMASP,OS concluída,,PAMA-LS,
2026-07-14,3040262646,200SGL119Q,STARTER GENERATOR,PAMASP,OS concluída,,,
2026-07-14,3040262706,2641011-5,AXLE-MAIN GEAR,BAMN,REC,,BANT,92.0
2026-07-14,3040262707,2641011-5,AXLE-MAIN GEAR,BABV,REC,REPARADO,VEE ONE,92.0
2026-07-14,3040262708,2641011-5,AXLE-MAIN GEAR,PAMALS,REC,,BANT,92.0
2026-07-14,3040262709,2641011-5,AXLE-MAIN GEAR,PAMALS,REC,,BANT,92.0
2026-07-14,3040262711,2641011-5,AXLE-MAIN GEAR,BABR,REC,,BANT,92.0
2026-07-14,3040262712,2641011-5,AXLE-MAIN GEAR,BABR,REC,,BANT,92.0
2026-07-14,3040262713,2641011-5,AXLE-MAIN GEAR,BAPV,REC,REPARADO,VEE ONE,92.0
2026-07-14,3040262714,2641011-5,AXLE-MAIN GEAR,BAPV,REC,,BANT,92.0
2026-07-14,3040262717,2641011-5,AXLE-MAIN GEAR,BANT,REC,REPARADO,VEE ONE,92.0
2026-07-14,3040262734,C352,PORTABLE HALON FIRE EXTINGUISHERS,ALA 5,REC,EM REPARO,AV AERONAUTICA,92.0
2026-07-14,3040262738,C352TS,"EXTINGUISHER,FIRE",BANT,REC,,PROCURANDO,92.0
2026-07-14,3040262739,C352TS,"EXTINGUISHER,FIRE",BANT,REC,,PROCURANDO,92.0
2026-07-14,3040262740,C352TS,"EXTINGUISHER,FIRE",PAMALS,REC,,PROCURANDO,92.0
2026-07-14,3040262744,3244809-1A,F.C.U,PAMALS,REC,EM REPARO,LEAP,92.0
2026-07-14,3040262745,064-1019-05,VHF TRANSCEIVE KY196,EEAR,REC,EM REPARO,VEE ONE,92.0
2026-07-14,3040262746,066-1070-01,TRANSCEIVER DME (KN63),BABE,REC,EM REPARO,WILLIAM,92.0
2026-07-14,3040262747,066-1072-00,RECEIVER ADF (KING KR87),ALA 7,REC,EM REPARO,WILLIAM,92.0
2026-07-14,3040262748,066-3046-07,"CONTROL,INDICATOR",BABR,REC,,BANT,92.0
2026-07-14,3040262757,2606015-2,IND OIL TEMP/P,PAMALS,REC,EM REPARO,VEE ONE,92.0
2026-07-14,3040262758,9910338-4,FUEL TOTALIZER INDICATOR,PAMALS,REC,EM REPARO,VEE ONE,92.0
2026-07-14,3040262759,9910338-6,"TRANSMITTER,RATE OF FLOW",BAMN,REC,EM REPARO,WILLIAM,92.0
2026-07-14,3040262760,9910338-6,"TRANSMITTER,RATE OF FLOW",BANT,REC,EM REPARO,VEE ONE,92.0
2026-07-14,3040262765,011-00883-20,RADAR GWX 68 WEATHER,BAMN,REC,EM REPARO,VEE ONE,92.0
2026-07-14,3040262766,011-00883-20,RADAR GWX 68 WEATHER,BAMN,OS concluída,EM REPARO,VEE ONE,
2026-07-14,3040262767,066-3046-07,"CONTROL,INDICATOR",EEAR,REC,EM REPARO,LEAP,92.0
2026-07-14,3040262768,066-3046-07,"CONTROL,INDICATOR",EEAR,REC,EM REPARO,LEAP,92.0
2026-07-14,3040262769,066-3046-07,"CONTROL,INDICATOR",BABR,REC,,BANT,92.0
2026-07-14,3040262770,011-01020-10,AFCS MODE CONTROLLER GMC 710,BAMN,REC,EM REPARO,WILLIAM,92.0
2026-07-14,3040262772,011-01020-10,AFCS MODE CONTROLLER GMC 710,BAMN,REC,EM REPARO,WILLIAM,92.0
2026-07-14,3040262773,011-01020-10,AFCS MODE CONTROLLER GMC 710,BAMN,REC,EM REPARO,WILLIAM,92.0
2026-07-14,3040262791,066-3060-00,IND RMI KNI582,BANT,REC,EM REPARO,LEAP,92.0
2026-07-14,3040262792,066-3060-00,IND RMI KNI582,BANT,REC,EM REPARO,LEAP,92.0
2026-07-14,3040262966,2682001-1,BRAKE CYL MAST,BACO,OS concluída,,PAMA-LS,
2026-07-14,3040262967,2682001-1,BRAKE CYL MAST,PAMALS,REC,REPARADO,V1 PAMA-LS,90.0
2026-07-14,3040262968,2682001-1,BRAKE CYL MAST,BANT,OS concluída,,PAMA-LS,
2026-07-14,3040262969,2682001-1,BRAKE CYL MAST,BABE,REC,REPARADO,V1 PAMA-LS,90.0
2026-07-14,3040263069,453-5060,ELT C406-N,BABE,OS concluída,,,
2026-07-14,3040263283,D145-00-46-2,FLAP ACTUATOR ASSY,PAMALS,REC,EM REPARO,LEAP,75.0
2026-07-14,3040263284,D145-00-46-2,FLAP ACTUATOR ASSY,BAFL,REC,EM REPARO,LEAP,75.0
2026-07-14,3040263286,C661065-0237,AIRSPEED INDICATOR,BANT,REC,DEVOLVIDO NO ESTADO,WILLIAM,75.0
2026-07-14,3040263287,C661065-0237,AIRSPEED INDICATOR,BABR,REC,REPARADO,VEE ONE,75.0
2026-07-14,3040263288,C661065-0237,AIRSPEED INDICATOR,PAMASP,REC,REPARADO,VEE ONE,75.0
2026-07-14,3040263314,060-0017-00,FLIGHT DIR HOR,EEAR,REC,EM REPARO,LEAP,75.0
2026-07-14,3040263315,060-0017-00,FLIGHT DIR HOR,BACG,OS concluída,,BABR,
2026-07-14,3040263316,060-0017-00,FLIGHT DIR HOR,BANT,REC,,BANT,75.0
2026-07-14,3040263317,060-0017-00,FLIGHT DIR HOR,PAMASP,REC,,BANT,75.0
2026-07-14,3040263319,066-1055-00,AUDIO CONTROL PANEL,BABE,REC,REPARADO,VEE ONE,75.0
2026-07-14,3040263320,066-1055-00,AUDIO CONTROL PANEL,PAMALS,REC,EM REPARO,AV AERONAUTICA,75.0
2026-07-14,3040263322,066-1055-00,AUDIO CONTROL PANEL,ALA 9,REC,EM REPARO,WILLIAM,75.0
2026-07-14,3040263324,069-01033-0101,"RECEIVER-TRANSMITTER,RADIO",PAMALS,REC,EM REPARO,LEAP,75.0
2026-07-14,3040263325,069-01033-0101,"RECEIVER-TRANSMITTER,RADIO",PAMALS,REC,,PROCURANDO,75.0
2026-07-14,3040263326,069-01033-0101,"RECEIVER-TRANSMITTER,RADIO",PAMALS,REC,,BANT,75.0
2026-07-14,3040263327,C661064-0237,AIRSPEED INDICATOR,BABR,REC,EM REPARO,WILLIAM,75.0
2026-07-14,3040263328,C661064-0237,AIRSPEED INDICATOR,BABR,REC,EM REPARO,WILLIAM,75.0
2026-07-14,3040263329,C661064-0237,AIRSPEED INDICATOR,PAMALS,REC,EM REPARO,WILLIAM,75.0
2026-07-14,3040263330,C661064-0237,AIRSPEED INDICATOR,PAMALS,REC,EM REPARO,WILLIAM,75.0
2026-07-14,3040263331,C661064-0237,AIRSPEED INDICATOR,PAMALS,REC,VAI SER DEVOLVIDO SEM REPARO,WILLIAM,75.0
2026-07-14,3040263332,011-00916-10,"DISPLAY UNIT,FLIGHT INFORMATION",BAMN,REC,EM REPARO,WILLIAM,75.0
2026-07-14,3040263333,011-00916-10,"DISPLAY UNIT,FLIGHT INFORMATION",BACO,REC,EM REPARO,WILLIAM,75.0
2026-07-14,3040263334,011-00916-10,"DISPLAY UNIT,FLIGHT INFORMATION",BACO,REC,VAI SER DEVOLVIDO SEM REPARO,WILLIAM,75.0
2026-07-14,3040263335,C611008-0101,ALTERNATOR CONTROL UNIT,PAMALS,REC,EM REPARO,AV AERONAUTICA,75.0
2026-07-14,3040263336,C611008-0101,ALTERNATOR CONTROL UNIT,PAMALS,REC,EM REPARO,AV AERONAUTICA,75.0
2026-07-14,3040263338,C611008-0101,ALTERNATOR CONTROL UNIT,PAMALS,REC,REPARADO,V1 PAMA-LS,75.0
2026-07-14,3040263415,069-01033-0101,"RECEIVER-TRANSMITTER,RADIO",BABR,REC,,BANT,69.0
2026-07-14,3040263416,069-01033-0101,"RECEIVER-TRANSMITTER,RADIO",BASM,REC,EM REPARO,WILLIAM,69.0
2026-07-14,3040263417,069-01033-0101,"RECEIVER-TRANSMITTER,RADIO",PAMALS,REC,EM REPARO,WILLIAM,69.0
2026-07-14,3040263433,066-03064-0005,"ALTIMETER,SERVO CONTROLLED,AUTOMATIC PRESSURE",BACG,REC,EM REPARO,WILLIAM,69.0
2026-07-14,3040263434,066-03064-0005,"ALTIMETER,SERVO CONTROLLED,AUTOMATIC PRESSURE",PAMASP,REC,VAI SER DEVOLVIDO SEM REPARO,WILLIAM,69.0
2026-07-14,3040263435,066-03064-0005,"ALTIMETER,SERVO CONTROLLED,AUTOMATIC PRESSURE",BANT,REC,EM REPARO,WILLIAM,69.0
2026-07-14,3040263443,3244897-4,FUEL CONTROL UNIT,PAMALS,REC,EM REPARO,LEAP,68.0
2026-07-14,3040263444,3244897-4,FUEL CONTROL UNIT,PAMALS,REC,EM REPARO,LEAP,68.0
2026-07-14,3040263447,066-3046-07,"CONTROL,INDICATOR",CLA,REC,,BABR,69.0
2026-07-14,3040263448,2618510-10,ALTERNATOR CONTROL UNIT ASSY,BABE,REC,EM REPARO,WILLIAM,63.0
2026-07-14,3040263449,2618510-10,ALTERNATOR CONTROL UNIT ASSY,PAMALS,REC,EM REPARO,WILLIAM,63.0
2026-07-14,3040263571,066-3084-32,IND RDR 2000 IN-182A,PAMALS,REC,EM REPARO,WILLIAM,63.0
2026-07-14,3040263572,066-3084-32,IND RDR 2000 IN-182A,PAMALS,REC,EM REPARO,WILLIAM,63.0
2026-07-14,3040263573,066-3084-32,IND RDR 2000 IN-182A,PAMALS,REC,,BABR,63.0
2026-07-14,3040263574,066-1072-04,"RECEIVER,RADIO",BABE,REC,EM REPARO,WILLIAM,63.0
2026-07-14,3040263575,066-1072-04,"RECEIVER,RADIO",BABE,REC,EM REPARO,WILLIAM,63.0
2026-07-14,3040263576,066-1072-04,"RECEIVER,RADIO",BAMN,OS concluída,DEVOLVIDO NO ESTADO,WILLIAM,
2026-07-14,3040263577,060-0015-00,"CONTROL,DIRECTIONAL,AUTOMATIC PILOT",ALA 5,REC,EM REPARO,WILLIAM,63.0
2026-07-14,3040263795,071-01519-0101,"RECEIVER-EXCITER,RADAR",PAMALS,REC,,PROCURANDO,46.0
2026-07-14,3040263796,071-01519-0101,"RECEIVER-EXCITER,RADAR",PAMALS,REC,,PROCURANDO,46.0
2026-07-14,3040263797,066-3046-07,"CONTROL,INDICATOR",BABE,REC,EM REPARO,WILLIAM,46.0
2026-07-14,3040263798,066-3046-07,"CONTROL,INDICATOR",PAMASP,REC,EM REPARO,WILLIAM,46.0
2026-07-14,3040263799,066-3046-07,"CONTROL,INDICATOR",PAMASP,REC,EM REPARO,WILLIAM,46.0
2026-07-14,3040263877,2641011-5,AXLE-MAIN GEAR,CLA,REC,EM REPARO,LEAP,53.0
2026-07-14,3040263878,2641011-5,AXLE-MAIN GEAR,CLA,REC,EM REPARO,LEAP,53.0
2026-07-14,3040264121,3244897-4,FUEL CONTROL UNIT,BABE,OS concluída,EM REPARO,LEAP,
2026-07-14,3040264122,3244809-8,"FUEL CONTROL,MAIN,TURBINE ENGINE",BABE,OS concluída,,BABR,
2026-07-14,3040264236,200SGL119Q-2,STARTER GENERATOR,BABE,REC,,BABE,46.0
2026-07-14,3040264237,200SGL119Q-2,STARTER GENERATOR,BAMN,REC,EM REPARO,AV AERONAUTICA,46.0
2026-07-14,3040264238,324843-2020,HEADSET-MICROPHONE,DACTA II,REC,EM REPARO,WILLIAM,46.0
2026-07-14,3040264240,324843-2020,HEADSET-MICROPHONE,DACTA II,REC,EM REPARO,WILLIAM,46.0
2026-07-14,3040264241,324843-2020,HEADSET-MICROPHONE,DACTA II,REC,EM REPARO,WILLIAM,46.0
2026-07-14,3040264242,324843-2020,HEADSET-MICROPHONE,BABE,REC,EM REPARO,WILLIAM,46.0
2026-07-14,3040264243,069-01033-0101,"RECEIVER-TRANSMITTER,RADIO",PAMALS,REC,EM REPARO,WILLIAM,46.0
2026-07-14,3040264244,069-01033-0101,"RECEIVER-TRANSMITTER,RADIO",PAMASP,REC,EM REPARO,WILLIAM,46.0
2026-07-14,3040264246,060-0017-00,FLIGHT DIR HOR,PAMALS,REC,EM REPARO,WILLIAM,46.0
2026-07-14,3040264262,9910338-8,"INDICATOR,FUEL FLOW",BABV,REC,EM REPARO,WILLIAM,46.0
2026-07-14,3040264263,9910338-8,"INDICATOR,FUEL FLOW",PAMALS,OS concluída,,BABR,
2026-07-14,3040264264,324843-2020,HEADSET-MICROPHONE,DACTA II,REC,EM REPARO,WILLIAM,46.0
2026-07-14,3040264572,060-0017-00,FLIGHT DIR HOR,PAMASP,REC,,,34.0
2026-07-14,3040264573,060-0017-00,FLIGHT DIR HOR,BANT,REC,,,34.0
2026-07-14,3040264574,060-0017-00,FLIGHT DIR HOR,BANT,REC,,,34.0
2026-07-14,3040264576,060-0017-00,FLIGHT DIR HOR,PAMALS,REC,,,34.0
2026-07-14,3040264577,060-0017-00,FLIGHT DIR HOR,PAMALS,REC,,,34.0
2026-07-14,3040264579,060-0017-00,FLIGHT DIR HOR,BABR,OS concluída,,,
2026-07-14,3040264643,1H75-21,PRESSURE REGULATOR,PAMASP,REC,,,29.0
2026-07-14,3040264645,1H75-21,PRESSURE REGULATOR,PAMASP,REC,,,29.0
2026-07-14,3040264646,1H75-21,PRESSURE REGULATOR,PAMASP,REC,,,29.0
2026-07-14,3040264647,1H75-21,PRESSURE REGULATOR,BAMN,REC,,,29.0
2026-07-14,3040264707,3244809-7,"FUEL CONTROL,MAIN,TURBINE ENGINE",BABE,REC,,,29.0
2026-07-14,3040264709,540-1407-4,"VALVE,BLEED,TURBINEENGINE",PAMASP,REC,,,29.0
2026-07-14,3040264710,200SGL153Q,"STARTER-GENERATOR,ENGINE,AIRCRAFT",CLA,REC,,,29.0
2026-07-14,3040264711,200SGL153Q,"STARTER-GENERATOR,ENGINE,AIRCRAFT",PAMASP,REC,,,29.0
2026-07-14,3040264712,200SGL153Q,"STARTER-GENERATOR,ENGINE,AIRCRAFT",BACG,REC,,,29.0
2026-07-14,3040264718,9910338-8,"INDICATOR,FUEL FLOW",PAMALS,REC,,,29.0
2026-07-14,3040264719,S3326-2,"INDICATOR,HORIZONTAL SITUATION",ALA 8,REC,,,29.0
2026-07-14,3040264720,S3326-2,"INDICATOR,HORIZONTAL SITUATION",PAMALS,REC,,,29.0
2026-07-14,3040264721,S3326-2,"INDICATOR,HORIZONTAL SITUATION",PAMASP,REC,,,29.0
2026-07-14,3040264724,2606013-1AM,INDICADOR PERCENTUAL RPM,BABV,REC,,,29.0
2026-07-14,3040264725,2606013-1AM,INDICADOR PERCENTUAL RPM,BABR,REC,,,29.0
2026-07-14,3040264726,2606015-4,INDICATOR-OIL TEMP/OIL PRESS,BANT,REC,,,29.0
2026-07-14,3040264727,C661051-0201,GYRO HORIZON,ALA 10,REC,,,29.0
2026-07-14,3040264728,504-0111-906,GYRO HORIZON,PAMALS,REC,,,29.0
2026-07-14,3040264729,504-0111-906,GYRO HORIZON,BACG,REC,,,29.0
2026-07-14,3040264730,8210-003,"GOVERNOR,FUEL CONTROL",PAMASP,REC,,,29.0
2026-07-14,3040264731,8210-002,"GOVERNOR,CONSTANT SPEED DRIVE",PAMASP,REC,,,29.0
2026-07-14,3040264732,8210-002,"GOVERNOR,CONSTANT SPEED DRIVE",BAMN,REC,,,29.0
2026-07-14,3040264733,030-18200,MAIN WHEEL BRAKE,BAMN,REC,,,29.0
2026-07-14,3040264734,030-18200,MAIN WHEEL BRAKE,BAMN,REC,,,29.0
2026-07-14,3040264735,161-11700,INNER WHEEL HALF ASSY,PAMALS,REC,,,29.0
2026-07-14,3040264736,161-12800,WHEEL HALF ASSY-INNER,BABR,REC,,,29.0
2026-07-14,3040264737,161-12800,WHEEL HALF ASSY-INNER,PAMALS,AUT,,,29.0
2026-07-14,3040264738,162-10700,OUTER WHEEL HALF ASSY,BACO,AUT,,,29.0
2026-07-14,3040264807,011-01105-01,INTEGRATED AVIONICS UNIT GIA63W,ALA 8,REC,,,21.0
2026-07-14,3040264808,011-01105-01,INTEGRATED AVIONICS UNIT GIA63W,BAMN,REC,,,21.0
2026-07-14,3040264907,011-00916-10,"DISPLAY UNIT,FLIGHT INFORMATION",BAMN,REC,,,14.0
2026-07-14,3040264908,011-00916-10,"DISPLAY UNIT,FLIGHT INFORMATION",BABV,REC,,,14.0
2026-07-14,3040264960,3034792,BOMBA DE COMBUSTÍVEL,CLA,REC,,,12.0
2026-07-14,3040264961,3244897-4,FUEL CONTROL UNIT,CLA,REC,,,12.0
2026-07-14,3040264974,3244809-8,"FUEL CONTROL,MAIN,TURBINE ENGINE",BAMN,REC,,,12.0
2026-07-14,3040265140,011-01020-10,AFCS MODE CONTROLLER GMC 710,BABE,REC,,,6.0
2026-07-14,3040265144,011-01020-10,AFCS MODE CONTROLLER GMC 710,BABE,REC,,,6.0
2026-07-15,3040249831,066-01141-5101,"RECEIVER-TRANSMITTER,RADIO (KT71)",PAMALS,REC,EM REPARO,LEAP,520.0
2026-07-15,3040250234,3034792,BOMBA DE COMBUSTÍVEL,PAMALS,REC,,BANT,504.0
2026-07-15,3040250248,452-0133,"BATTERY,NONRECHARGEABLE",BABR,REC,CONDENADO,VEE ONE,504.0
2026-07-15,3040250249,452-0133,"BATTERY,NONRECHARGEABLE",BAMN,REC,CONDENADO,VEE ONE,504.0
2026-07-15,3040250716,030-18200,MAIN WHEEL BRAKE,BABV,REC,EM REPARO,LEAP,482.0
2026-07-15,3040250717,030-18200,MAIN WHEEL BRAKE,BACO,OS concluída,REPARADO,,
2026-07-15,3040250718,030-18200,MAIN WHEEL BRAKE,BACO,OS concluída,REPARADO,,
2026-07-15,3040250719,060-0017-00,FLIGHT DIR HOR,PAMALS,REC,,BANT,482.0
2026-07-15,3040250720,060-0017-00,FLIGHT DIR HOR,BABV,OS concluída,REPARADO,,
2026-07-15,3040250721,060-0017-00,FLIGHT DIR HOR,BANT,OS concluída,REPARADO,,
2026-07-15,3040250722,066-01141-5101,"RECEIVER-TRANSMITTER,RADIO (KT71)",ALA 9,REC,EM REPARO,WILLIAM,482.0
2026-07-15,3040250723,066-01141-5101,"RECEIVER-TRANSMITTER,RADIO (KT71)",CLA,REC,,BABR,482.0
2026-07-15,3040250724,066-04035-1101,"DISPLAY UNIT,RADAR",PAMALS,REC,,BANT,482.0
2026-07-15,3040250725,066-3046-07,"CONTROL,INDICATOR",ALA 10,OS concluída,REPARADO,,
2026-07-15,3040250732,069-1025-25,"RECEIVER-TRANSMITTER,RADIO - KX165",PAMALS,REC,EM REPARO,WILLIAM,482.0
2026-07-15,3040250773,161-11700,INNER WHEEL HALF ASSY,EEAR,REC,,BACG,482.0
2026-07-15,3040250775,161-11700,INNER WHEEL HALF ASSY,BABE,OS concluída,CONDENADO,,
2026-07-15,3040250776,161-12800,WHEEL HALF ASSY-INNER,BABE,OS concluída,CONDENADO,,
2026-07-15,3040250778,161-12800,WHEEL HALF ASSY-INNER,BACG,OS concluída,REPARADO,,
2026-07-15,3040250780,162-11800,WHEEL HALF ASSY-OUTER,PAMALS,OS concluída,,,
2026-07-15,3040250781,162-11800,WHEEL HALF ASSY-OUTER,BACG,OS concluída,,,
2026-07-15,3040250782,2606012-1,INDICATOR-INTER-TURBINE TEMPERATURE,ALA 9,OS concluída,,,
2026-07-15,3040250789,2641012-14,TRUNNION ASSY-RH-MAIN GEAR,PAMASP,OS concluída,CONDENADO,,
2026-07-15,3040250790,2643031-7,"FORK ASSY,NOSE GEAR SPRING",BAMN,OS concluída,CONDENADO,,
2026-07-15,3040250791,2643090-1,SHIMMY DAMPENE,BANT,REC,EM REPARO,AV AERONAUTICA,482.0
2026-07-15,3040250792,2643090-1,SHIMMY DAMPENE,BAMN,REC,REPARADO,V1 PAMA-LS,482.0
2026-07-15,3040250793,2643099-4,"SUPPORT ASSY FOWARD, NLG SPRING",BAMN,OS concluída,CONDENADO,,
2026-07-15,3040250798,30994-001,BATTERY-MARATHON TSP410 NICAD,BANT,OS concluída,CONDENADO,AMA - VEE ONE,
2026-07-15,3040250816,453-5060,"BEACON,DISTRESS",BAMN,REC,,PAMA-LS,482.0
2026-07-15,3040250827,51539-012N,CONTROL UNIT ASSY-GENERATOR,BANT,REC,,BABR,482.0
2026-07-15,3040250828,51539-012N,CONTROL UNIT ASSY-GENERATOR,BACG,REC,,BABR,482.0
2026-07-15,3040250829,51539-012N,CONTROL UNIT ASSY-GENERATOR,BAMN,OS concluída,,,
2026-07-15,3040250830,799-1,TRANSDUCER,BACO,REC,,BANT,482.0
2026-07-15,3040250831,799-1,TRANSDUCER,BANT,REC,,BANT,482.0
2026-07-15,3040250832,9910338-4,FUEL TOTALIZER INDICATOR,EEAR,REC,,PAMA-LS,482.0
2026-07-15,3040250833,9910586-4,FLAP ACTUATOR AND MOTOR ASSEMBLY,ALA 3,REC,,BAMN,482.0
2026-07-15,3040250834,9910586-4,FLAP ACTUATOR AND MOTOR ASSEMBLY,ALA 3,OS concluída,CONDENADO,,
2026-07-15,3040250835,ASG12000-2,ALTERNATOR,ALA 5,REC,REPARADO,V1 PAMA-LS,482.0
2026-07-15,3040250841,C661030-0301,TURN BANK,PAMALS,REC,EM REPARO,LEAP,482.0
2026-07-15,3040250842,C662041-0102,INDICATOR FUEL,ALA 5,REC,,PAMA-LS,482.0
2026-07-15,3040250843,C662041-0102,INDICATOR FUEL,ALA 10,OS concluída,REPARADO,,
2026-07-15,3040250844,C662041-0102,INDICATOR FUEL,ALA 9,REC,,PAMA-LS,482.0
2026-07-15,3040252159,011-00916-00,DISPLAY UNIT GDU 1040A,BAMN,REC,,BAMN,449.0
2026-07-15,3040252160,011-01020-10,AFCS MODE CONTROLLER GMC 710,BAMN,OS concluída,,,
2026-07-15,3040252161,065-0042-03,COMPUTER PA,ALA 10,REC,EM REPARO,WILLIAM,449.0
2026-07-15,3040252162,065-0042-03,COMPUTER PA,EEAR,REC,,BABE,449.0
2026-07-15,3040252164,065-0042-03,COMPUTER PA,EEAR,REC,EM REPARO,WILLIAM,449.0
2026-07-15,3040252165,065-0042-03,COMPUTER PA,PAMALS,OS concluída,,,
2026-07-15,3040252166,065-0059-01,SERVO PITCH,EEAR,REC,EM REPARO,WILLIAM,449.0
2026-07-15,3040252168,066-03064-0005,"ALTIMETER,SERVO CONTROLLED,AUTOMATIC PRESSURE",ALA 9,OS concluída,REPARADO,,
2026-07-15,3040252170,066-03064-0005,"ALTIMETER,SERVO CONTROLLED,AUTOMATIC PRESSURE",ALA 7,REC,NO ESTADO,VEE ONE,449.0
2026-07-15,3040252172,066-03064-0005,"ALTIMETER,SERVO CONTROLLED,AUTOMATIC PRESSURE",PAMALS,REC,NO ESTADO,VEE ONE,449.0
2026-07-15,3040252173,066-03064-0005,"ALTIMETER,SERVO CONTROLLED,AUTOMATIC PRESSURE",BANT,REC,EM REPARO,LEAP,449.0
2026-07-15,3040252178,066-1072-00,RECEIVER ADF (KING KR87),PAMALS,OS concluída,,,
2026-07-15,3040252180,066-1072-04,"RECEIVER,RADIO",ALA 8,OS concluída,,,
2026-07-15,3040252181,066-1072-04,"RECEIVER,RADIO",PAMASP,REC,EM REPARO,WILLIAM,449.0
2026-07-15,3040252182,066-1072-04,"RECEIVER,RADIO",ALA 9,OS concluída,REPARADO,,
2026-07-15,3040252185,066-1072-04,"RECEIVER,RADIO",BAMN,OS concluída,REPARADO,,
2026-07-15,3040252189,9910338-6,"TRANSMITTER,RATE OF FLOW",ALA 8,OS concluída,REPARADO,,
2026-07-15,3040252190,9910338-6,"TRANSMITTER,RATE OF FLOW",BABR,OS concluída,,,
2026-07-15,3040252191,C611008-0101,ALTERNATOR CONTROL UNIT,PAMALS,REC,,BABR,449.0
2026-07-15,3040252935,030-18200,MAIN WHEEL BRAKE,BAMN,OS concluída,CONDENADO,,
2026-07-15,3040252936,030-18200,MAIN WHEEL BRAKE,BACO,REC,,PAMA-LS,419.0
2026-07-15,3040252939,C163030-1001,MAIN W BRAKE A,BABV,REC,,BAMN,419.0
2026-07-15,3040252940,30-182,MAIN WHEEL BRAKE,BABV,OS concluída,CONDENADO,,
2026-07-15,3040252942,30-182,MAIN WHEEL BRAKE,BAMN,OS concluída,REPARADO,,
2026-07-15,3040252943,30-182,MAIN WHEEL BRAKE,BAMN,OS concluída,REPARADO,,
2026-07-15,3040253168,161-12800,WHEEL HALF ASSY-INNER,BASM,REC,REPARADO,VEE ONE,415.0
2026-07-15,3040253170,161-12800,WHEEL HALF ASSY-INNER,BASM,OS concluída,CONDENADO,,
2026-07-15,3040253172,161-12800,WHEEL HALF ASSY-INNER,PAMALS,REC,,PROCURANDO,415.0
2026-07-15,3040253173,161-12800,WHEEL HALF ASSY-INNER,PAMALS,REC,EM REPARO,LEAP,415.0
2026-07-15,3040253174,161-12800,WHEEL HALF ASSY-INNER,PAMALS,OS concluída,CONDENADO,,
2026-07-15,3040253176,162-10700,OUTER WHEEL HALF ASSY,BABE,OS concluída,CONDENADO,,
2026-07-15,3040253177,162-10700,OUTER WHEEL HALF ASSY,BABV,REC,REPARADO,VEE ONE,415.0
2026-07-15,3040253178,162-10700,OUTER WHEEL HALF ASSY,PAMALS,REC,,PROCURANDO,415.0
2026-07-15,3040253179,162-11800,WHEEL HALF ASSY-OUTER,CLA,OS concluída,CONDENADO,,
2026-07-15,3040253180,162-11800,WHEEL HALF ASSY-OUTER,BASM,REC,,PROCURANDO,415.0
2026-07-15,3040253181,162-11800,WHEEL HALF ASSY-OUTER,PAMALS,OS concluída,REPARADO,,
2026-07-15,3040253182,162-11800,WHEEL HALF ASSY-OUTER,PAMALS,REC,REPARADO,VEE ONE,415.0
2026-07-15,3040253526,30994-001,BATTERY-MARATHON TSP410 NICAD,PAMALS,OS concluída,CONDENADO,AMA - VEE ONE,
2026-07-15,3040253527,30994-001,BATTERY-MARATHON TSP410 NICAD,BAPV,OS concluída,CONDENADO,AMA - VEE ONE,
2026-07-15,3040253528,066-03064-0005,"ALTIMETER,SERVO CONTROLLED,AUTOMATIC PRESSURE",BANT,OS concluída,REPARADO,,
2026-07-15,3040253529,066-03064-0005,"ALTIMETER,SERVO CONTROLLED,AUTOMATIC PRESSURE",DSM-MN,REC,DEVOLVIDO NO ESTADO,WILLIAM,405.0
2026-07-15,3040253530,799-1,TRANSDUCER,BAMN,REC,,BANT,405.0
2026-07-15,3040253531,799-1,TRANSDUCER,BAMN,REC,,VEE ONE,405.0
2026-07-15,3040253532,799-1,TRANSDUCER,PAMALS,REC,,BANT,405.0
2026-07-15,3040253535,2643099-4,"SUPPORT ASSY FOWARD, NLG SPRING",BABE,REC,CONDENADO,VEE ONE,405.0
2026-07-15,3040253536,2641012-14,TRUNNION ASSY-RH-MAIN GEAR,PAMALS,OS concluída,CONDENADO,,
2026-07-15,3040254195,540-1407-4,"VALVE,BLEED,TURBINEENGINE",PAMALS,REC,,BANT,387.0
2026-07-15,3040254201,2643090-3,SHIMMY DAMPER-NOSE GEAR,PAMALS,REC,REPARADO,V1 PAMA-LS,387.0
2026-07-15,3040254203,SE1070-6,SHIMMY DAMPENER ASSY,BACGINAT,OS concluída,,,
2026-07-15,3040254205,C660501-0103,"COMPASS,SPEC",PAMALS,REC,REPARADO,V1 PAMA-LS,387.0
2026-07-15,3040254206,C660501-0103,"COMPASS,SPEC",ALA 8,REC,EM REPARO EM GARANTIA,WILLIAM,387.0
2026-07-15,3040254208,C660501-0103,"COMPASS,SPEC",BABV,REC,REPARADO,V1 PAMA-LS,387.0
2026-07-15,3040254210,799-1,TRANSDUCER,BANT,REC,,BANT,387.0
2026-07-15,3040254770,069-1025-25,"RECEIVER-TRANSMITTER,RADIO - KX165",ALA 9,REC,EM REPARO,WILLIAM,378.0
2026-07-15,3040254784,452-0133,"BATTERY,NONRECHARGEABLE",DACTA II,REC,CONDENADO,VEE ONE,378.0
2026-07-15,3040254785,452-0133,"BATTERY,NONRECHARGEABLE",BAMN,REC,CONDENADO,VEE ONE,378.0
2026-07-15,3040254786,452-0133,"BATTERY PACK,AIRCRAFT",BAMN,REC,CONDENADO,VEE ONE,378.0
2026-07-15,3040254787,452-0133,"BATTERY PACK,AIRCRAFT",DACTA II,REC,CONDENADO,VEE ONE,378.0
2026-07-15,3040254788,452-0133,"BATTERY,NONRECHARGEABLE",BAMN,REC,CONDENADO,VEE ONE,378.0
2026-07-15,3040254789,452-0133,"BATTERY,NONRECHARGEABLE",BAMN,REC,CONDENADO,VEE ONE,378.0
2026-07-15,3040254792,2606013-1RX,INDICATOR-PERCENT RPM,BABR,REC,,BANT,378.0
2026-07-15,3040254793,D145-00-46-2,FLAP ACTUATOR ASSY,PAMALS,REC,,PAMA-LS,378.0
2026-07-15,3040254794,C145-350,"MOTOR,DIRECT CURRENT",PAMALS,OS concluída,,,
2026-07-15,3040254795,D145-00-46-2,FLAP ACTUATOR ASSY,BABE,REC,,PAMA-LS,378.0
2026-07-15,3040254796,30994-001,BATTERY-MARATHON TSP410 NICAD,BAMN,OS concluída,REPARADO,,
2026-07-15,3040254799,453-5000-710,EMERGENCY LOCATOR TRANSMITTER MODEL C406-2,PAMASP,OS concluída,,,
2026-07-15,3040254803,C352TS,"EXTINGUISHER,FIRE",2 ETA,REC,REPARADO,V1 PAMA-LS,378.0
2026-07-15,3040254805,C352TS,"EXTINGUISHER,FIRE",PAMALS,OS concluída,,,
2026-07-15,3040254806,C352TS,"EXTINGUISHER,FIRE",PAMALS,REC,REPARADO,V1 PAMA-LS,378.0
2026-07-15,3040254808,C352TS,"EXTINGUISHER,FIRE",BABR,REC,REPARADO,V1 PAMA-LS,378.0
2026-07-15,3040254809,C352TS,"EXTINGUISHER,FIRE",PAMAGL,OS concluída,,,
2026-07-15,3040254810,C352TS,"EXTINGUISHER,FIRE",PAMALS,OS concluída,,,
2026-07-15,3040254815,C482001-0402,VACUUM REGULAT,PAMALS,REC,CONDENADO,VEE ONE,378.0
2026-07-15,3040254816,C482001-0402,VACUUM REGULAT,PAMALS,REC,CONDENADO,VEE ONE,378.0
2026-07-15,3040254817,2641011-5,AXLE-MAIN GEAR,BABE,OS concluída,NO ESTADO,,
2026-07-15,3040254818,2641011-5,AXLE-MAIN GEAR,BABE,OS concluída,,,
2026-07-15,3040254819,2641011-5,AXLE-MAIN GEAR,BANT,OS concluída,REPARADO,,
2026-07-15,3040254820,2641011-5,AXLE-MAIN GEAR,BAMN,OS concluída,REPARADO,,
2026-07-15,3040255319,702801-5,FUEL PUMP,PAMASP,REC,EM REPARO,VEE ONE,369.0
2026-07-15,3040255321,8210-002,"GOVERNOR,CONSTANT SPEED DRIVE",PAMALS,OS concluída,,,
2026-07-15,3040255326,011-00916-00,DISPLAY UNIT GDU 1040A,BAMN,REC,,BAMN,369.0
2026-07-15,3040255461,DAAS-A-010-1,ADAS-D PROCESSOR,PAMALS,REC,EM REPARO,VEE ONE,365.0
2026-07-15,3040255589,071-01519-0101,"RECEIVER-EXCITER,RADAR",BANT,REC,,PROCURANDO,363.0
2026-07-15,3040255590,071-01519-0101,"RECEIVER-EXCITER,RADAR",PAMALS,OS concluída,REPARADO,,
2026-07-15,3040255706,C661064-0237,AIRSPEED INDICATOR,BAMN,OS concluída,,,
2026-07-15,3040256112,011-00883-20,RADAR GWX 68 WEATHER,BABE,REC,,BAMN,349.0
2026-07-15,3040256114,5934PAD-3,"ALTIMETER,PRESSURE",PAMALS,REC,EM REPARO,VEE ONE,349.0
2026-07-15,3040256115,5934PAD-3,"ALTIMETER,PRESSURE",PAMALS,OS concluída,REPARADO,,
2026-07-15,3040256118,011-00878-10,GSA-81 TORQUE SERVO,BAPV,REC,,BACO,349.0
2026-07-15,3040256119,011-00878-10,GSA-81 TORQUE SERVO,BAPV,REC,EM REPARO,LEAP,349.0
2026-07-15,3040256120,011-00916-10,"DISPLAY UNIT,FLIGHT INFORMATION",BAMN,OS concluída,,,
2026-07-15,3040256311,3121248-03,"VALVE ASSEMBLY,COMPRESSOR BLEED",PAMALS,OS concluída,,,
2026-07-15,3040256314,066-4010-12,RECEIVER VOR/LOC (KNS81),EEAR,REC,EM REPARO,LEAP,336.0
2026-07-15,3040256662,030-18200,MAIN WHEEL BRAKE,BASM,OS concluída,,,
2026-07-15,3040256665,161-11700,INNER WHEEL HALF ASSY,BABV,OS concluída,,,
2026-07-15,3040256666,161-11700,INNER WHEEL HALF ASSY,PAMALS,OS concluída,,,
2026-07-15,3040256667,161-11700,INNER WHEEL HALF ASSY,PAMALS,OS concluída,,,
2026-07-15,3040256668,161-11700,INNER WHEEL HALF ASSY,PAMALS,OS concluída,CONDENADO,,
2026-07-15,3040256669,161-11700,INNER WHEEL HALF ASSY,PAMALS,OS concluída,,,
2026-07-15,3040256670,161-11700,INNER WHEEL HALF ASSY,PAMALS,OS concluída,CONDENADO,,
2026-07-15,3040256671,161-11700,INNER WHEEL HALF ASSY,PAMALS,REC,REPARADO,VEE ONE,327.0
2026-07-15,3040256672,161-12800,WHEEL HALF ASSY-INNER,PAMALS,REC,REPARADO,VEE ONE,327.0
2026-07-15,3040256673,161-12800,WHEEL HALF ASSY-INNER,PAMALS,REC,CONDENADO,VEE ONE,324.0
2026-07-15,3040256675,161-12800,WHEEL HALF ASSY-INNER,BANT,OS concluída,REPARADO,,
2026-07-15,3040256694,162-11800,WHEEL HALF ASSY-OUTER,BANT,OS concluída,REPARADO,,
2026-07-15,3040256696,162-11800,WHEEL HALF ASSY-OUTER,PAMALS,REC,,PAMA-LS,327.0
2026-07-15,3040256698,030-18200,MAIN WHEEL BRAKE,PAMASP,REC,,PROCURANDO,327.0
2026-07-15,3040256702,C661064-0237,AIRSPEED INDICATOR,BABR,OS concluída,,,
2026-07-15,3040256703,C661064-0237,AIRSPEED INDICATOR,PAMALS,OS concluída,REPARADO,,
2026-07-15,3040256704,C661064-0237,AIRSPEED INDICATOR,PAMALS,OS concluída,,,
2026-07-15,3040256707,D210507,"GOVERNOR,OVERSPEED",PAMALS,OS concluída,,,
2026-07-15,3040256708,D210507,"GOVERNOR,OVERSPEED",PAMALS,REC,REPARADO,VEE ONE,327.0
2026-07-15,3040256709,3121248-03,"VALVE ASSEMBLY,COMPRESSOR BLEED",PAMASP,REC,,BANT,324.0
2026-07-15,3040256713,030-18200,MAIN WHEEL BRAKE,ALA 3,REC,,BAMN,327.0
2026-07-15,3040256787,011-00877-00,"GSA-80 SERVO ROL,YAW,SPEC",PAMALS,REC,EM REPARO,VEE ONE,327.0
2026-07-15,3040256792,011-00877-00,"GSA-80 SERVO ROL,YAW,SPEC",BAMN,REC,,PROCURANDO,327.0
2026-07-15,3040256828,011-00883-20,RADAR GWX 68 WEATHER,PAMALS,REC,CONDENADO,V1 PAMA-LS,327.0
2026-07-15,3040257093,065-00183-0501,AUTOPILOT COMPUTER KFC225,BABE,REC,,BANT,320.0
2026-07-15,3040257094,065-00183-0501,AUTOPILOT COMPUTER KFC225,BABE,REC,,BANT,320.0
2026-07-15,3040257095,011-01105-01,INTEGRATED AVIONICS UNIT GIA63W,BABE,REC,EM REPARO,VEE ONE,320.0
2026-07-15,3040257096,011-01105-01,INTEGRATED AVIONICS UNIT GIA63W,BABE,REC,,BAMN,320.0
2026-07-15,3040257436,30994-001,BATTERY-MARATHON TSP410 NICAD,PAMALS,OS concluída,CONDENADO,AMA - VEE ONE,
2026-07-15,3040257438,030-18200,MAIN WHEEL BRAKE,BAMN,REC,REPARADO,VEE ONE,301.0
2026-07-15,3040257439,030-18200,MAIN WHEEL BRAKE,BAMN,REC,,BAMN,301.0
2026-07-15,3040257440,030-18200,MAIN WHEEL BRAKE,BANT,REC,CONDENADO,VEE ONE,301.0
2026-07-15,3040257441,030-18200,MAIN WHEEL BRAKE,BAPV,REC,,BAMN,301.0
2026-07-15,3040257442,C163030-1001,MAIN W BRAKE A,BAMN,REC,REPARADO,VEE ONE,301.0
2026-07-15,3040257443,161-12800,WHEEL HALF ASSY-INNER,ALA 3,AUT,,NÃO TEVE MOVIMENTAÇÃO,308.0
2026-07-15,3040257444,162-10700,OUTER WHEEL HALF ASSY,PAMALS,OS concluída,CONDENADO,,
2026-07-15,3040257447,162-10700,OUTER WHEEL HALF ASSY,PAMALS,OS concluída,CONDENADO,,
2026-07-15,3040257450,3244809-4,"FUEL CONTROL,MAIN,TURBINE ENGINE",PAMASP,OS concluída,EM REPARO,LEAP,
2026-07-15,3040257451,3244809-7,"FUEL CONTROL,MAIN,TURBINE ENGINE",PAMASP,REC,,BANT,301.0
2026-07-15,3040257452,3244809-8,"FUEL CONTROL,MAIN,TURBINE ENGINE",BAPV,OS concluída,REPARADO,,
2026-07-15,3040257453,EA-5172-45-CES,"INDICATOR,AIRSPEED",ALA 7,REC,DEVOLVIDO NO ESTADO,WILLIAM,301.0
2026-07-15,3040257454,EA-5172-45-CES,"INDICATOR,AIRSPEED",BACG,OS concluída,,,
2026-07-15,3040258303,011-00877-00,"GSA-80 SERVO ROL,YAW,SPEC",DACTA II,REC,EM REPARO,VEE ONE,281.0
2026-07-15,3040258306,D210507,"GOVERNOR,OVERSPEED",PAMALS,REC,EM REPARO,LEAP,281.0
2026-07-15,3040258307,D210507,"GOVERNOR,OVERSPEED",ALA 5,OS concluída,,,
2026-07-15,3040258308,D210507,"GOVERNOR,OVERSPEED",BAMN,OS concluída,REPARADO,,
2026-07-15,3040258309,D210507,"GOVERNOR,OVERSPEED",BAMN,REC,EM REPARO,LEAP,281.0
2026-07-15,3040258310,D210507,"GOVERNOR,OVERSPEED",BACO,OS concluída,,,
2026-07-15,3040258419,011-00877-00,"GSA-80 SERVO ROL,YAW,SPEC",DACTA II,REC,EM REPARO,VEE ONE,279.0
2026-07-15,3040258420,011-00877-00,"GSA-80 SERVO ROL,YAW,SPEC",BACO,REC,EM REPARO,VEE ONE,279.0
2026-07-15,3040258421,011-00877-00,"GSA-80 SERVO ROL,YAW,SPEC",BABE,REC,,BACO,279.0
2026-07-15,3040258422,2601188-8,COMPRESSOR DRIVE ASSY R134A,PAMASP,REC,,PROCURANDO,279.0
2026-07-15,3040258764,069-01034-0102,"NAVIGATION SET,SATELLITE SIGNALS KLN-94",PAMALS,REC,,BANT,272.0
2026-07-15,3040259146,1U149-015-15,HORIZ. GYRO-STADBY,PAMALS,REC,EM REPARO,VEE ONE,250.0
2026-07-15,3040259147,162-10700,OUTER WHEEL HALF ASSY,BANT,REC,EM REPARO,AMA - VEE ONE,250.0
2026-07-15,3040259148,3049038-03,"VALVE,COMPRESSOR BLEED",BANT,OS concluída,,,
2026-07-15,3040259151,066-01141-5101,"TRANSPONDER,RADAR",BANT,REC,REPARADO,V1 PAMA-LS,253.0
2026-07-15,3040259152,066-01141-5101,"TRANSPONDER,RADAR",BABE,REC,,BANT,253.0
2026-07-15,3040259251,064-1019-05,VHF TRANSCEIVE KY196,EEAR,REC,,EEAR,251.0
2026-07-15,3040259316,2606015-4,INDICATOR-OIL TEMP/OIL PRESS,BACG,REC,REPARADO,V1 PAMA-LS,247.0
2026-07-15,3040259564,C414007-0102,BLOWER ASSY,PAMALS,OS concluída,,,
2026-07-15,3040259568,C414007-0102,BLOWER ASSY,ALA 10,OS concluída,,,
2026-07-15,3040259570,C414007-0102,BLOWER ASSY,ALA 10,OS concluída,,,
2026-07-15,3040259694,025323-150,FUEL PUMP,PAMASP,REC,,BACO,239.0
2026-07-15,3040259918,C414007-0102,BLOWER ASSY,ALA 10,REC,EM REPARO,VEE ONE,232.0
2026-07-15,3040259922,C414007-0102,BLOWER ASSY,BANT,REC,REPARADO,V1 PAMA-LS,232.0
2026-07-15,3040259924,C414007-0102,BLOWER ASSY,BACG,REC,EM REPARO,VEE ONE,232.0
2026-07-15,3040259928,C414007-0102,BLOWER ASSY,PAMALS,REC,EM REPARO,VEE ONE,232.0
2026-07-15,3040259944,066-3046-07,"CONTROL,INDICATOR",EEAR,REC,,PAMA-LS,232.0
2026-07-15,3040259946,066-3046-07,"CONTROL,INDICATOR",BANT,REC,,BANT,232.0
2026-07-15,3040259947,066-3046-07,"CONTROL,INDICATOR",EEAR,OS concluída,REPARADO,,
2026-07-15,3040259949,065-0060-01,"CONTROL,SERVO,AUTOMATIC PILOT",PAMALS,REC,EM REPARO,LEAP,232.0
2026-07-15,3040259950,065-0060-01,"CONTROL,SERVO,AUTOMATIC PILOT",PAMALS,REC,EM REPARO,LEAP,232.0
2026-07-15,3040260204,324843-W020,HEADSET-MICROPHONE,PAMALS,OS concluída,REPARADO,,
2026-07-15,3040260205,324843-W020,HEADSET-MICROPHONE,PAMALS,OS concluída,REPARADO,,
2026-07-15,3040260208,324843-W020,HEADSET-MICROPHONE,PAMALS,REC,VAI SER DEVOLVIDO SEM REPARO,WILLIAM,218.0
2026-07-15,3040260209,011-00916-00,DISPLAY UNIT GDU 1040A,PAMALS,REC,,BAMN,218.0
2026-07-15,3040260382,065-00183-0501,AUTOPILOT COMPUTER KFC225,BANT,REC,,BANT,211.0
2026-07-15,3040260388,SD5H14C4527,AIR COMPRESSOR,PAMALS,REC,EM REPARO,VEE ONE,211.0
2026-07-15,3040260389,SD5H14C4527,AIR COMPRESSOR,PAMALS,REC,EM REPARO,VEE ONE,211.0
2026-07-15,3040260516,ASG12000-2,ALTERNATOR,PAMALS,REC,REPARADO,V1 PAMA-LS,208.0
2026-07-15,3040260517,ASG12000-2,ALTERNATOR,PAMALS,OS concluída,,,
2026-07-15,3040260522,9910592-2,ALTERNADOR,BAMN,REC,REPARADO,V1 PAMA-LS,208.0
2026-07-15,3040260523,9910592-2,ALTERNADOR,BAMN,REC,REPARADO,V1 PAMA-LS,208.0
2026-07-15,3040260524,51539-012M,CONTROL UNIT ASSY-GENERATOR,BANT,REC,,BACG,208.0
2026-07-15,3040260538,324843-W020,HEADSET-MICROPHONE,PAMALS,REC,,BABE,190.0
2026-07-15,3040260539,324843-W020,HEADSET-MICROPHONE,PAMALS,REC,,BABE,190.0
2026-07-15,3040260540,324843-W020,HEADSET-MICROPHONE,PAMALS,OS concluída,REPARADO,,
2026-07-15,3040260541,324843-W020,HEADSET-MICROPHONE,PAMALS,OS concluída,REPARADO,,
2026-07-15,3040260542,324843-W020,HEADSET-MICROPHONE,PAMALS,REC,,BABE,190.0
2026-07-15,3040260543,324843-W020,HEADSET-MICROPHONE,PAMALS,REC,VAI SER DEVOLVIDO SEM REPARO,WILLIAM,190.0
2026-07-15,3040260544,161-11700,INNER WHEEL HALF ASSY,BANT,REC,REPARADO,VEE ONE,190.0
2026-07-15,3040260545,161-11700,INNER WHEEL HALF ASSY,BACG,REC,REPARADO,VEE ONE,190.0
2026-07-15,3040260546,161-12800,WHEEL HALF ASSY-INNER,PAMALS,REC,REPARADO,VEE ONE,190.0
2026-07-15,3040260547,161-12800,WHEEL HALF ASSY-INNER,EPCAR,OS concluída,REPARADO,VEE ONE,
2026-07-15,3040260548,161-11700,INNER WHEEL HALF ASSY,CLA,REC,REPARADO,VEE ONE,190.0
2026-07-15,3040260549,162-10700,OUTER WHEEL HALF ASSY,BACG,REC,REPARADO,VEE ONE,190.0
2026-07-15,3040260550,162-10700,OUTER WHEEL HALF ASSY,CLA,REC,REPARADO,VEE ONE,190.0
2026-07-15,3040260551,162-11800,WHEEL HALF ASSY-OUTER,BANT,REC,REPARADO,VEE ONE,190.0
2026-07-15,3040260552,30994-001,BATTERY-MARATHON TSP410 NICAD,BABE,OS concluída,CONDENADO,AMA - VEE ONE,
2026-07-15,3040260583,3244897-4,FUEL CONTROL UNIT,PAMALS,OS concluída,,,
2026-07-15,3040260595,9910586-4,FLAP ACTUATOR AND MOTOR ASSEMBLY,7 ETA,REC,,BAMN,190.0
2026-07-15,3040260597,9910586-4,FLAP ACTUATOR AND MOTOR ASSEMBLY,BAPV,REC,REPARADO,VEE ONE,190.0
2026-07-15,3040260750,3122678-04,FUEL CONTROL UNIT,PAMASP,REC,,BANT,182.0
2026-07-15,3040260752,3244897-4,FUEL CONTROL UNIT,PAMASP,OS concluída,REPARADO,,
2026-07-15,3040260753,3244809-7,"FUEL CONTROL,MAIN,TURBINE ENGINE",PAMASP,OS concluída,REPARADO,,
2026-07-15,3040260754,3244809-1,"FUEL CONTROL,MAIN,TURBINE ENGINE",PAMASP,REC,EM QUARENTENA,LEAP,182.0
2026-07-15,3040260811,3034792,BOMBA DE COMBUSTÍVEL,BAPV,REC,,BABR,168.0
2026-07-15,3040260812,3034792,BOMBA DE COMBUSTÍVEL,BACG,OS concluída,,,
2026-07-15,3040260913,064-1054-30,RECEIVER-TRANSMITTER SUBASSEMBLY,EPCAR,REC,REPARADO,V1 PAMA-LS,170.0
2026-07-15,3040260915,064-1054-30,RECEIVER-TRANSMITTER SUBASSEMBLY,PAMALS,REC,REPARADO,V1 PAMA-LS,170.0
2026-07-15,3040260922,162-11800,WHEEL HALF ASSY-OUTER,PAMALS,OS concluída,,,
2026-07-15,3040260923,030-18200,MAIN WHEEL BRAKE,BACO,REC,REPARADO,VEE ONE,168.0
2026-07-15,3040261322,011-00831-00,"ENGINE INTERFA,SPEC",BAPV,REC,REPARADO,VEE ONE,155.0
2026-07-15,3040261324,011-00882-10,"COMPUTER,AIR DATA",BAMN,OS concluída,,,
2026-07-15,3040261326,011-00882-10,"COMPUTER,AIR DATA",BAMN,OS concluída,,,
2026-07-15,3040261327,064-1054-30,RECEIVER-TRANSMITTER SUBASSEMBLY,PAMASP,REC,REPARADO,V1 PAMA-LS,155.0
2026-07-15,3040261329,065-0061-36,ACTUATOR TRIM (KS272A),ALA 10,OS concluída,REPARADO,,
2026-07-15,3040261331,065-0061-36,ACTUATOR TRIM (KS272A),PAMASP,REC,,BABR,155.0
2026-07-15,3040261334,065-0065-01,SELECTOR ALT,BANT,REC,EM REPARO,WILLIAM,155.0
2026-07-15,3040261335,065-0065-01,SELECTOR ALT,BANT,REC,EM REPARO,WILLIAM,155.0
2026-07-15,3040261336,066-01141-0101,"RECEIVER,RADIO",BANT,REC,REPARADO,V1 PAMA-LS,155.0
2026-07-15,3040261340,066-1053-00,"RECEIVER,RADIO",BASM,REC,REPARADO,V1 PAMA-LS,155.0
2026-07-15,3040261342,066-3084-02,COLOR RADAR INDICATOR,BABV,REC,EM REPARO,WILLIAM,155.0
2026-07-15,3040261344,066-4010-12,RECEIVER VOR/LOC (KNS81),ALA 10,REC,EM REPARO,WILLIAM,155.0
2026-07-15,3040261347,071-1234-00,ANTENNA ACCESSORY,ALA 1,REC,EM REPARO,WILLIAM,155.0
2026-07-15,3040261352,1134380-4,EVAPORATOR MODULE ASSY-RH,BAMN,REC,CONDENADO,VEE ONE,155.0
2026-07-15,3040261353,1H75-21,PRESSURE REGULATOR,BAMN,REC,,BAMN,155.0
2026-07-15,3040261354,2643100-201,NOSE GEAR STRUT ASSY - TALL FORK,BANT,REC,EM REPARO,AV AERONAUTICA,155.0
2026-07-15,3040261355,2643100-201,NOSE GEAR STRUT ASSY - TALL FORK,BABR,OS concluída,REPARADO,,
2026-07-15,3040261356,2670104-2,ANNUNCIATOR PANEL,PAMALS,REC,REPARADO,VEE ONE,155.0
2026-07-15,3040261357,2682001-1,BRAKE CYL MAST,BABE,OS concluída,REPARADO,,
2026-07-15,3040261364,8210-002-01,GOVERNOR PROPELLER,PAMASP,REC,REPARADO,VEE ONE,155.0
2026-07-15,3040261371,TFF2905-13,FUEL FLOW TRANSDUCER,ALA 8,REC,EM REPARO,WILLIAM,155.0
2026-07-15,3040261373,C661065-0240,AIRSPEED INDICATOR,BABE,REC,REPARADO,V1 PAMA-LS,155.0
2026-07-15,3040261375,C661065-0240RX,"INDICATOR, AIRSPEED",BACG,REC,EM REPARO,WILLIAM,155.0
2026-07-15,3040261376,066-1061-03,RT RADAR ALTIM (KRA10A),PAMALS,REC,PARA REPARO,VEE ONE,155.0
2026-07-15,3040261377,066-3054-01,INDICATOR RADAR ALTIMETER - TYPE KI250,PAMALS,REC,EM REPARO,WILLIAM,155.0
2026-07-15,3040261387,3034792,BOMBA DE COMBUSTÍVEL,BABR,OS concluída,REPARADO,,
2026-07-15,3040261388,3034792,BOMBA DE COMBUSTÍVEL,BABR,OS concluída,REPARADO,,
2026-07-15,3040261389,3034792,BOMBA DE COMBUSTÍVEL,PAMASP,REC,REPARADO,V1 PAMA-LS,155.0
2026-07-15,3040261627,S3828-1,ALTIMETER,BAMN,REC,EM REPARO,WILLIAM,141.0
2026-07-15,3040261628,S3828-1,ALTIMETER,BABE,REC,REPARADO,V1 PAMA-LS,141.0
2026-07-15,3040261843,3034792,BOMBA DE COMBUSTÍVEL,PAMALS,REC,EM REPARO,VEE ONE,128.0
2026-07-15,3040261851,51539-012MRX,CONTROL UNIT ASSY-GENERATOR,BABE,REC,EM REPARO,VEE ONE,133.0
2026-07-15,3040261852,51539-012MRX,CONTROL UNIT ASSY-GENERATOR,BABE,REC,EM REPARO,VEE ONE,133.0
2026-07-15,3040262245,200SGL119Q-2,STARTER GENERATOR,BAMN,OS concluída,REPARADO,,
2026-07-15,3040262246,200SGL119Q-2,STARTER GENERATOR,BAMN,OS concluída,REPARADO,,
2026-07-15,3040262273,324843-W020,HEADSET-MICROPHONE,BABE,OS concluída,REPARADO,,
2026-07-15,3040262275,324843-W020,HEADSET-MICROPHONE,BANT,OS concluída,REPARADO,,
2026-07-15,3040262363,066-1055-00,AUDIO CONTROL PANEL,ALA 5,OS concluída,,,
2026-07-15,3040262367,066-1055-00,AUDIO CONTROL PANEL,ALA 9,REC,EM REPARO,WILLIAM,111.0
2026-07-15,3040262368,066-1055-00,AUDIO CONTROL PANEL,CLA,OS concluída,,,
2026-07-15,3040262371,51539-012N,CONTROL UNIT ASSY-GENERATOR,BANT,REC,REPARADO,V1 PAMA-LS,111.0
2026-07-15,3040262372,51539-012M,CONTROL UNIT ASSY-GENERATOR,BANT,REC,,V1 PAMA-LS,111.0
2026-07-15,3040262419,065-0061-36,ACTUATOR TRIM (KS272A),ALA 9,REC,EM REPARO,WILLIAM,106.0
2026-07-15,3040262630,161-11700,INNER WHEEL HALF ASSY,BANT,REC,REPARADO,VEE ONE,93.0
2026-07-15,3040262632,161-12800,WHEEL HALF ASSY-INNER,BANT,OS concluída,REPARADO,VEE ONE,
2026-07-15,3040262633,161-12800,WHEEL HALF ASSY-INNER,BANT,REC,REPARADO,VEE ONE,93.0
2026-07-15,3040262634,162-10700,OUTER WHEEL HALF ASSY,BANT,REC,REPARADO,VEE ONE,93.0
2026-07-15,3040262635,162-11800,WHEEL HALF ASSY-OUTER,EPCAR,REC,REPARADO,VEE ONE,93.0
2026-07-15,3040262636,162-11800,WHEEL HALF ASSY-OUTER,BANT,REC,REPARADO,VEE ONE,93.0
2026-07-15,3040262637,162-11800,WHEEL HALF ASSY-OUTER,BANT,REC,REPARADO,VEE ONE,93.0
2026-07-15,3040262638,200SGL119Q,STARTER GENERATOR,PAMALS,REC,EM REPARO,AV AERONAUTICA,93.0
2026-07-15,3040262639,200SGL119Q,STARTER GENERATOR,PAMASP,OS concluída,,PAMA-LS,
2026-07-15,3040262646,200SGL119Q,STARTER GENERATOR,PAMASP,OS concluída,,,
2026-07-15,3040262706,2641011-5,AXLE-MAIN GEAR,BAMN,REC,,BANT,93.0
2026-07-15,3040262707,2641011-5,AXLE-MAIN GEAR,BABV,REC,REPARADO,VEE ONE,93.0
2026-07-15,3040262708,2641011-5,AXLE-MAIN GEAR,PAMALS,REC,,BANT,93.0
2026-07-15,3040262709,2641011-5,AXLE-MAIN GEAR,PAMALS,REC,,BANT,93.0
2026-07-15,3040262711,2641011-5,AXLE-MAIN GEAR,BABR,REC,,BANT,93.0
2026-07-15,3040262712,2641011-5,AXLE-MAIN GEAR,BABR,REC,,BANT,93.0
2026-07-15,3040262713,2641011-5,AXLE-MAIN GEAR,BAPV,REC,REPARADO,VEE ONE,93.0
2026-07-15,3040262714,2641011-5,AXLE-MAIN GEAR,BAPV,REC,,BANT,93.0
2026-07-15,3040262717,2641011-5,AXLE-MAIN GEAR,BANT,REC,REPARADO,VEE ONE,93.0
2026-07-15,3040262734,C352,PORTABLE HALON FIRE EXTINGUISHERS,ALA 5,REC,EM REPARO,AV AERONAUTICA,93.0
2026-07-15,3040262738,C352TS,"EXTINGUISHER,FIRE",BANT,REC,,PROCURANDO,93.0
2026-07-15,3040262739,C352TS,"EXTINGUISHER,FIRE",BANT,REC,,PROCURANDO,93.0
2026-07-15,3040262740,C352TS,"EXTINGUISHER,FIRE",PAMALS,REC,,PROCURANDO,93.0
2026-07-15,3040262744,3244809-1A,F.C.U,PAMALS,REC,EM REPARO,LEAP,93.0
2026-07-15,3040262745,064-1019-05,VHF TRANSCEIVE KY196,EEAR,REC,EM REPARO,VEE ONE,93.0
2026-07-15,3040262746,066-1070-01,TRANSCEIVER DME (KN63),BABE,REC,EM REPARO,WILLIAM,93.0
2026-07-15,3040262747,066-1072-00,RECEIVER ADF (KING KR87),ALA 7,REC,EM REPARO,WILLIAM,93.0
2026-07-15,3040262748,066-3046-07,"CONTROL,INDICATOR",BABR,REC,,BANT,93.0
2026-07-15,3040262757,2606015-2,IND OIL TEMP/P,PAMALS,REC,EM REPARO,VEE ONE,93.0
2026-07-15,3040262758,9910338-4,FUEL TOTALIZER INDICATOR,PAMALS,REC,EM REPARO,VEE ONE,93.0
2026-07-15,3040262759,9910338-6,"TRANSMITTER,RATE OF FLOW",BAMN,REC,EM REPARO,WILLIAM,93.0
2026-07-15,3040262760,9910338-6,"TRANSMITTER,RATE OF FLOW",BANT,REC,EM REPARO,VEE ONE,93.0
2026-07-15,3040262765,011-00883-20,RADAR GWX 68 WEATHER,BAMN,REC,EM REPARO,VEE ONE,93.0
2026-07-15,3040262766,011-00883-20,RADAR GWX 68 WEATHER,BAMN,OS concluída,EM REPARO,VEE ONE,
2026-07-15,3040262767,066-3046-07,"CONTROL,INDICATOR",EEAR,REC,EM REPARO,LEAP,93.0
2026-07-15,3040262768,066-3046-07,"CONTROL,INDICATOR",EEAR,REC,EM REPARO,LEAP,93.0
2026-07-15,3040262769,066-3046-07,"CONTROL,INDICATOR",BABR,REC,,BANT,93.0
2026-07-15,3040262770,011-01020-10,AFCS MODE CONTROLLER GMC 710,BAMN,REC,EM REPARO,WILLIAM,93.0
2026-07-15,3040262772,011-01020-10,AFCS MODE CONTROLLER GMC 710,BAMN,REC,EM REPARO,WILLIAM,93.0
2026-07-15,3040262773,011-01020-10,AFCS MODE CONTROLLER GMC 710,BAMN,REC,EM REPARO,WILLIAM,93.0
2026-07-15,3040262791,066-3060-00,IND RMI KNI582,BANT,REC,EM REPARO,LEAP,93.0
2026-07-15,3040262792,066-3060-00,IND RMI KNI582,BANT,REC,EM REPARO,LEAP,93.0
2026-07-15,3040262966,2682001-1,BRAKE CYL MAST,BACO,OS concluída,,PAMA-LS,
2026-07-15,3040262967,2682001-1,BRAKE CYL MAST,PAMALS,REC,REPARADO,V1 PAMA-LS,91.0
2026-07-15,3040262968,2682001-1,BRAKE CYL MAST,BANT,OS concluída,,PAMA-LS,
2026-07-15,3040262969,2682001-1,BRAKE CYL MAST,BABE,REC,REPARADO,V1 PAMA-LS,91.0
2026-07-15,3040263069,453-5060,ELT C406-N,BABE,OS concluída,,,
2026-07-15,3040263283,D145-00-46-2,FLAP ACTUATOR ASSY,PAMALS,REC,EM REPARO,LEAP,76.0
2026-07-15,3040263284,D145-00-46-2,FLAP ACTUATOR ASSY,BAFL,REC,EM REPARO,LEAP,76.0
2026-07-15,3040263286,C661065-0237,AIRSPEED INDICATOR,BANT,REC,DEVOLVIDO NO ESTADO,WILLIAM,76.0
2026-07-15,3040263287,C661065-0237,AIRSPEED INDICATOR,BABR,REC,REPARADO,VEE ONE,76.0
2026-07-15,3040263288,C661065-0237,AIRSPEED INDICATOR,PAMASP,REC,REPARADO,VEE ONE,76.0
2026-07-15,3040263314,060-0017-00,FLIGHT DIR HOR,EEAR,REC,EM REPARO,LEAP,76.0
2026-07-15,3040263315,060-0017-00,FLIGHT DIR HOR,BACG,OS concluída,,BABR,
2026-07-15,3040263316,060-0017-00,FLIGHT DIR HOR,BANT,REC,,BANT,76.0
2026-07-15,3040263317,060-0017-00,FLIGHT DIR HOR,PAMASP,REC,,BANT,76.0
2026-07-15,3040263319,066-1055-00,AUDIO CONTROL PANEL,BABE,REC,REPARADO,VEE ONE,76.0
2026-07-15,3040263320,066-1055-00,AUDIO CONTROL PANEL,PAMALS,REC,EM REPARO,AV AERONAUTICA,76.0
2026-07-15,3040263322,066-1055-00,AUDIO CONTROL PANEL,ALA 9,REC,EM REPARO,WILLIAM,76.0
2026-07-15,3040263324,069-01033-0101,"RECEIVER-TRANSMITTER,RADIO",PAMALS,REC,EM REPARO,LEAP,76.0
2026-07-15,3040263325,069-01033-0101,"RECEIVER-TRANSMITTER,RADIO",PAMALS,REC,,PROCURANDO,76.0
2026-07-15,3040263326,069-01033-0101,"RECEIVER-TRANSMITTER,RADIO",PAMALS,REC,,BANT,76.0
2026-07-15,3040263327,C661064-0237,AIRSPEED INDICATOR,BABR,REC,EM REPARO,WILLIAM,76.0
2026-07-15,3040263328,C661064-0237,AIRSPEED INDICATOR,BABR,REC,EM REPARO,WILLIAM,76.0
2026-07-15,3040263329,C661064-0237,AIRSPEED INDICATOR,PAMALS,REC,EM REPARO,WILLIAM,76.0
2026-07-15,3040263330,C661064-0237,AIRSPEED INDICATOR,PAMALS,REC,EM REPARO,WILLIAM,76.0
2026-07-15,3040263331,C661064-0237,AIRSPEED INDICATOR,PAMALS,REC,VAI SER DEVOLVIDO SEM REPARO,WILLIAM,76.0
2026-07-15,3040263332,011-00916-10,"DISPLAY UNIT,FLIGHT INFORMATION",BAMN,REC,EM REPARO,WILLIAM,76.0
2026-07-15,3040263333,011-00916-10,"DISPLAY UNIT,FLIGHT INFORMATION",BACO,REC,EM REPARO,WILLIAM,76.0
2026-07-15,3040263334,011-00916-10,"DISPLAY UNIT,FLIGHT INFORMATION",BACO,REC,VAI SER DEVOLVIDO SEM REPARO,WILLIAM,76.0
2026-07-15,3040263335,C611008-0101,ALTERNATOR CONTROL UNIT,PAMALS,REC,EM REPARO,AV AERONAUTICA,76.0
2026-07-15,3040263336,C611008-0101,ALTERNATOR CONTROL UNIT,PAMALS,REC,EM REPARO,AV AERONAUTICA,76.0
2026-07-15,3040263338,C611008-0101,ALTERNATOR CONTROL UNIT,PAMALS,REC,REPARADO,V1 PAMA-LS,76.0
2026-07-15,3040263415,069-01033-0101,"RECEIVER-TRANSMITTER,RADIO",BABR,REC,,BANT,70.0
2026-07-15,3040263416,069-01033-0101,"RECEIVER-TRANSMITTER,RADIO",BASM,REC,EM REPARO,WILLIAM,70.0
2026-07-15,3040263417,069-01033-0101,"RECEIVER-TRANSMITTER,RADIO",PAMALS,REC,EM REPARO,WILLIAM,70.0
2026-07-15,3040263433,066-03064-0005,"ALTIMETER,SERVO CONTROLLED,AUTOMATIC PRESSURE",BACG,REC,EM REPARO,WILLIAM,70.0
2026-07-15,3040263434,066-03064-0005,"ALTIMETER,SERVO CONTROLLED,AUTOMATIC PRESSURE",PAMASP,REC,VAI SER DEVOLVIDO SEM REPARO,WILLIAM,70.0
2026-07-15,3040263435,066-03064-0005,"ALTIMETER,SERVO CONTROLLED,AUTOMATIC PRESSURE",BANT,REC,EM REPARO,WILLIAM,70.0
2026-07-15,3040263443,3244897-4,FUEL CONTROL UNIT,PAMALS,REC,EM REPARO,LEAP,69.0
2026-07-15,3040263444,3244897-4,FUEL CONTROL UNIT,PAMALS,REC,EM REPARO,LEAP,69.0
2026-07-15,3040263447,066-3046-07,"CONTROL,INDICATOR",CLA,REC,,BABR,70.0
2026-07-15,3040263448,2618510-10,ALTERNATOR CONTROL UNIT ASSY,BABE,REC,EM REPARO,WILLIAM,64.0
2026-07-15,3040263449,2618510-10,ALTERNATOR CONTROL UNIT ASSY,PAMALS,REC,EM REPARO,WILLIAM,64.0
2026-07-15,3040263571,066-3084-32,IND RDR 2000 IN-182A,PAMALS,REC,EM REPARO,WILLIAM,64.0
2026-07-15,3040263572,066-3084-32,IND RDR 2000 IN-182A,PAMALS,REC,EM REPARO,WILLIAM,64.0
2026-07-15,3040263573,066-3084-32,IND RDR 2000 IN-182A,PAMALS,REC,,BABR,64.0
2026-07-15,3040263574,066-1072-04,"RECEIVER,RADIO",BABE,REC,EM REPARO,WILLIAM,64.0
2026-07-15,3040263575,066-1072-04,"RECEIVER,RADIO",BABE,REC,EM REPARO,WILLIAM,64.0
2026-07-15,3040263576,066-1072-04,"RECEIVER,RADIO",BAMN,OS concluída,DEVOLVIDO NO ESTADO,WILLIAM,
2026-07-15,3040263577,060-0015-00,"CONTROL,DIRECTIONAL,AUTOMATIC PILOT",ALA 5,REC,EM REPARO,WILLIAM,64.0
2026-07-15,3040263795,071-01519-0101,"RECEIVER-EXCITER,RADAR",PAMALS,REC,,PROCURANDO,47.0
2026-07-15,3040263796,071-01519-0101,"RECEIVER-EXCITER,RADAR",PAMALS,REC,,PROCURANDO,47.0
2026-07-15,3040263797,066-3046-07,"CONTROL,INDICATOR",BABE,REC,EM REPARO,WILLIAM,47.0
2026-07-15,3040263798,066-3046-07,"CONTROL,INDICATOR",PAMASP,REC,EM REPARO,WILLIAM,47.0
2026-07-15,3040263799,066-3046-07,"CONTROL,INDICATOR",PAMASP,REC,EM REPARO,WILLIAM,47.0
2026-07-15,3040263877,2641011-5,AXLE-MAIN GEAR,CLA,REC,EM REPARO,LEAP,54.0
2026-07-15,3040263878,2641011-5,AXLE-MAIN GEAR,CLA,REC,EM REPARO,LEAP,54.0
2026-07-15,3040264121,3244897-4,FUEL CONTROL UNIT,BABE,OS concluída,EM REPARO,LEAP,
2026-07-15,3040264122,3244809-8,"FUEL CONTROL,MAIN,TURBINE ENGINE",BABE,OS concluída,,BABR,
2026-07-15,3040264236,200SGL119Q-2,STARTER GENERATOR,BABE,REC,,BABE,47.0
2026-07-15,3040264237,200SGL119Q-2,STARTER GENERATOR,BAMN,REC,EM REPARO,AV AERONAUTICA,47.0
2026-07-15,3040264238,324843-2020,HEADSET-MICROPHONE,DACTA II,REC,EM REPARO,WILLIAM,47.0
2026-07-15,3040264240,324843-2020,HEADSET-MICROPHONE,DACTA II,REC,EM REPARO,WILLIAM,47.0
2026-07-15,3040264241,324843-2020,HEADSET-MICROPHONE,DACTA II,REC,EM REPARO,WILLIAM,47.0
2026-07-15,3040264242,324843-2020,HEADSET-MICROPHONE,BABE,REC,EM REPARO,WILLIAM,47.0
2026-07-15,3040264243,069-01033-0101,"RECEIVER-TRANSMITTER,RADIO",PAMALS,REC,EM REPARO,WILLIAM,47.0
2026-07-15,3040264244,069-01033-0101,"RECEIVER-TRANSMITTER,RADIO",PAMASP,REC,EM REPARO,WILLIAM,47.0
2026-07-15,3040264246,060-0017-00,FLIGHT DIR HOR,PAMALS,REC,EM REPARO,WILLIAM,47.0
2026-07-15,3040264262,9910338-8,"INDICATOR,FUEL FLOW",BABV,REC,EM REPARO,WILLIAM,47.0
2026-07-15,3040264263,9910338-8,"INDICATOR,FUEL FLOW",PAMALS,OS concluída,,BABR,
2026-07-15,3040264264,324843-2020,HEADSET-MICROPHONE,DACTA II,REC,EM REPARO,WILLIAM,47.0
2026-07-15,3040264572,060-0017-00,FLIGHT DIR HOR,PAMASP,REC,,,35.0
2026-07-15,3040264573,060-0017-00,FLIGHT DIR HOR,BANT,REC,,,35.0
2026-07-15,3040264574,060-0017-00,FLIGHT DIR HOR,BANT,REC,,,35.0
2026-07-15,3040264576,060-0017-00,FLIGHT DIR HOR,PAMALS,REC,,,35.0
2026-07-15,3040264577,060-0017-00,FLIGHT DIR HOR,PAMALS,REC,,,35.0
2026-07-15,3040264579,060-0017-00,FLIGHT DIR HOR,BABR,OS concluída,,,
2026-07-15,3040264643,1H75-21,PRESSURE REGULATOR,PAMASP,REC,,,30.0
2026-07-15,3040264645,1H75-21,PRESSURE REGULATOR,PAMASP,REC,,,30.0
2026-07-15,3040264646,1H75-21,PRESSURE REGULATOR,PAMASP,REC,,,30.0
2026-07-15,3040264647,1H75-21,PRESSURE REGULATOR,BAMN,REC,,,30.0
2026-07-15,3040264707,3244809-7,"FUEL CONTROL,MAIN,TURBINE ENGINE",BABE,REC,,,30.0
2026-07-15,3040264709,540-1407-4,"VALVE,BLEED,TURBINEENGINE",PAMASP,REC,,,30.0
2026-07-15,3040264710,200SGL153Q,"STARTER-GENERATOR,ENGINE,AIRCRAFT",CLA,REC,,,30.0
2026-07-15,3040264711,200SGL153Q,"STARTER-GENERATOR,ENGINE,AIRCRAFT",PAMASP,REC,,,30.0
2026-07-15,3040264712,200SGL153Q,"STARTER-GENERATOR,ENGINE,AIRCRAFT",BACG,REC,,,30.0
2026-07-15,3040264718,9910338-8,"INDICATOR,FUEL FLOW",PAMALS,REC,,,30.0
2026-07-15,3040264719,S3326-2,"INDICATOR,HORIZONTAL SITUATION",ALA 8,REC,,,30.0
2026-07-15,3040264720,S3326-2,"INDICATOR,HORIZONTAL SITUATION",PAMALS,REC,,,30.0
2026-07-15,3040264721,S3326-2,"INDICATOR,HORIZONTAL SITUATION",PAMASP,REC,,,30.0
2026-07-15,3040264724,2606013-1AM,INDICADOR PERCENTUAL RPM,BABV,REC,,,30.0
2026-07-15,3040264725,2606013-1AM,INDICADOR PERCENTUAL RPM,BABR,REC,,,30.0
2026-07-15,3040264726,2606015-4,INDICATOR-OIL TEMP/OIL PRESS,BANT,REC,,,30.0
2026-07-15,3040264727,C661051-0201,GYRO HORIZON,ALA 10,REC,,,30.0
2026-07-15,3040264728,504-0111-906,GYRO HORIZON,PAMALS,REC,,,30.0
2026-07-15,3040264729,504-0111-906,GYRO HORIZON,BACG,REC,,,30.0
2026-07-15,3040264730,8210-003,"GOVERNOR,FUEL CONTROL",PAMASP,REC,,,30.0
2026-07-15,3040264731,8210-002,"GOVERNOR,CONSTANT SPEED DRIVE",PAMASP,REC,,,30.0
2026-07-15,3040264732,8210-002,"GOVERNOR,CONSTANT SPEED DRIVE",BAMN,REC,,,30.0
2026-07-15,3040264733,030-18200,MAIN WHEEL BRAKE,BAMN,REC,,,30.0
2026-07-15,3040264734,030-18200,MAIN WHEEL BRAKE,BAMN,REC,,,30.0
2026-07-15,3040264735,161-11700,INNER WHEEL HALF ASSY,PAMALS,REC,,,30.0
2026-07-15,3040264736,161-12800,WHEEL HALF ASSY-INNER,BABR,REC,,,30.0
2026-07-15,3040264737,161-12800,WHEEL HALF ASSY-INNER,PAMALS,AUT,,,30.0
2026-07-15,3040264738,162-10700,OUTER WHEEL HALF ASSY,BACO,AUT,,,30.0
2026-07-15,3040264807,011-01105-01,INTEGRATED AVIONICS UNIT GIA63W,ALA 8,REC,,,22.0
2026-07-15,3040264808,011-01105-01,INTEGRATED AVIONICS UNIT GIA63W,BAMN,REC,,,22.0
2026-07-15,3040264907,011-00916-10,"DISPLAY UNIT,FLIGHT INFORMATION",BAMN,REC,,,15.0
2026-07-15,3040264908,011-00916-10,"DISPLAY UNIT,FLIGHT INFORMATION",BABV,REC,,,15.0
2026-07-15,3040264960,3034792,BOMBA DE COMBUSTÍVEL,CLA,REC,,,13.0
2026-07-15,3040264961,3244897-4,FUEL CONTROL UNIT,CLA,REC,,,13.0
2026-07-15,3040264974,3244809-8,"FUEL CONTROL,MAIN,TURBINE ENGINE",BAMN,REC,,,13.0
2026-07-15,3040265140,011-01020-10,AFCS MODE CONTROLLER GMC 710,BABE,REC,,,7.0
2026-07-15,3040265144,011-01020-10,AFCS MODE CONTROLLER GMC 710,BABE,REC,,,7.0
2026-07-16,3040249831,066-01141-5101,"RECEIVER-TRANSMITTER,RADIO (KT71)",PAMALS,REC,EM REPARO,LEAP,521.0
2026-07-16,3040250234,3034792,BOMBA DE COMBUSTÍVEL,PAMALS,REC,,BANT,505.0
2026-07-16,3040250248,452-0133,"BATTERY,NONRECHARGEABLE",BABR,REC,CONDENADO,VEE ONE,505.0
2026-07-16,3040250249,452-0133,"BATTERY,NONRECHARGEABLE",BAMN,REC,CONDENADO,VEE ONE,505.0
2026-07-16,3040250716,030-18200,MAIN WHEEL BRAKE,BABV,REC,EM REPARO,LEAP,483.0
2026-07-16,3040250717,030-18200,MAIN WHEEL BRAKE,BACO,OS concluída,REPARADO,,
2026-07-16,3040250718,030-18200,MAIN WHEEL BRAKE,BACO,OS concluída,REPARADO,,
2026-07-16,3040250719,060-0017-00,FLIGHT DIR HOR,PAMALS,REC,,BANT,483.0
2026-07-16,3040250720,060-0017-00,FLIGHT DIR HOR,BABV,OS concluída,REPARADO,,
2026-07-16,3040250721,060-0017-00,FLIGHT DIR HOR,BANT,OS concluída,REPARADO,,
2026-07-16,3040250722,066-01141-5101,"RECEIVER-TRANSMITTER,RADIO (KT71)",ALA 9,REC,EM REPARO,WILLIAM,483.0
2026-07-16,3040250723,066-01141-5101,"RECEIVER-TRANSMITTER,RADIO (KT71)",CLA,REC,,BABR,483.0
2026-07-16,3040250724,066-04035-1101,"DISPLAY UNIT,RADAR",PAMALS,REC,,BANT,483.0
2026-07-16,3040250725,066-3046-07,"CONTROL,INDICATOR",ALA 10,OS concluída,REPARADO,,
2026-07-16,3040250732,069-1025-25,"RECEIVER-TRANSMITTER,RADIO - KX165",PAMALS,REC,EM REPARO,WILLIAM,483.0
2026-07-16,3040250773,161-11700,INNER WHEEL HALF ASSY,EEAR,REC,,BACG,483.0
2026-07-16,3040250775,161-11700,INNER WHEEL HALF ASSY,BABE,OS concluída,CONDENADO,,
2026-07-16,3040250776,161-12800,WHEEL HALF ASSY-INNER,BABE,OS concluída,CONDENADO,,
2026-07-16,3040250778,161-12800,WHEEL HALF ASSY-INNER,BACG,OS concluída,REPARADO,,
2026-07-16,3040250780,162-11800,WHEEL HALF ASSY-OUTER,PAMALS,OS concluída,,,
2026-07-16,3040250781,162-11800,WHEEL HALF ASSY-OUTER,BACG,OS concluída,,,
2026-07-16,3040250782,2606012-1,INDICATOR-INTER-TURBINE TEMPERATURE,ALA 9,OS concluída,,,
2026-07-16,3040250789,2641012-14,TRUNNION ASSY-RH-MAIN GEAR,PAMASP,OS concluída,CONDENADO,,
2026-07-16,3040250790,2643031-7,"FORK ASSY,NOSE GEAR SPRING",BAMN,OS concluída,CONDENADO,,
2026-07-16,3040250791,2643090-1,SHIMMY DAMPENE,BANT,REC,EM REPARO,AV AERONAUTICA,483.0
2026-07-16,3040250792,2643090-1,SHIMMY DAMPENE,BAMN,REC,REPARADO,V1 PAMA-LS,483.0
2026-07-16,3040250793,2643099-4,"SUPPORT ASSY FOWARD, NLG SPRING",BAMN,OS concluída,CONDENADO,,
2026-07-16,3040250798,30994-001,BATTERY-MARATHON TSP410 NICAD,BANT,OS concluída,CONDENADO,AMA - VEE ONE,
2026-07-16,3040250816,453-5060,"BEACON,DISTRESS",BAMN,REC,,PAMA-LS,483.0
2026-07-16,3040250827,51539-012N,CONTROL UNIT ASSY-GENERATOR,BANT,REC,,BABR,483.0
2026-07-16,3040250828,51539-012N,CONTROL UNIT ASSY-GENERATOR,BACG,REC,,BABR,483.0
2026-07-16,3040250829,51539-012N,CONTROL UNIT ASSY-GENERATOR,BAMN,OS concluída,,,
2026-07-16,3040250830,799-1,TRANSDUCER,BACO,REC,,BANT,483.0
2026-07-16,3040250831,799-1,TRANSDUCER,BANT,REC,,BANT,483.0
2026-07-16,3040250832,9910338-4,FUEL TOTALIZER INDICATOR,EEAR,REC,,PAMA-LS,483.0
2026-07-16,3040250833,9910586-4,FLAP ACTUATOR AND MOTOR ASSEMBLY,ALA 3,REC,,BAMN,483.0
2026-07-16,3040250834,9910586-4,FLAP ACTUATOR AND MOTOR ASSEMBLY,ALA 3,OS concluída,CONDENADO,,
2026-07-16,3040250835,ASG12000-2,ALTERNATOR,ALA 5,REC,REPARADO,V1 PAMA-LS,483.0
2026-07-16,3040250841,C661030-0301,TURN BANK,PAMALS,REC,EM REPARO,LEAP,483.0
2026-07-16,3040250842,C662041-0102,INDICATOR FUEL,ALA 5,REC,,PAMA-LS,483.0
2026-07-16,3040250843,C662041-0102,INDICATOR FUEL,ALA 10,OS concluída,REPARADO,,
2026-07-16,3040250844,C662041-0102,INDICATOR FUEL,ALA 9,REC,,PAMA-LS,483.0
2026-07-16,3040252159,011-00916-00,DISPLAY UNIT GDU 1040A,BAMN,REC,,BAMN,450.0
2026-07-16,3040252160,011-01020-10,AFCS MODE CONTROLLER GMC 710,BAMN,OS concluída,,,
2026-07-16,3040252161,065-0042-03,COMPUTER PA,ALA 10,REC,EM REPARO,WILLIAM,450.0
2026-07-16,3040252162,065-0042-03,COMPUTER PA,EEAR,REC,,BABE,450.0
2026-07-16,3040252164,065-0042-03,COMPUTER PA,EEAR,REC,EM REPARO,WILLIAM,450.0
2026-07-16,3040252165,065-0042-03,COMPUTER PA,PAMALS,OS concluída,,,
2026-07-16,3040252166,065-0059-01,SERVO PITCH,EEAR,REC,EM REPARO,WILLIAM,450.0
2026-07-16,3040252168,066-03064-0005,"ALTIMETER,SERVO CONTROLLED,AUTOMATIC PRESSURE",ALA 9,OS concluída,REPARADO,,
2026-07-16,3040252170,066-03064-0005,"ALTIMETER,SERVO CONTROLLED,AUTOMATIC PRESSURE",ALA 7,REC,NO ESTADO,VEE ONE,450.0
2026-07-16,3040252172,066-03064-0005,"ALTIMETER,SERVO CONTROLLED,AUTOMATIC PRESSURE",PAMALS,REC,NO ESTADO,VEE ONE,450.0
2026-07-16,3040252173,066-03064-0005,"ALTIMETER,SERVO CONTROLLED,AUTOMATIC PRESSURE",BANT,REC,EM REPARO,LEAP,450.0
2026-07-16,3040252178,066-1072-00,RECEIVER ADF (KING KR87),PAMALS,OS concluída,,,
2026-07-16,3040252180,066-1072-04,"RECEIVER,RADIO",ALA 8,OS concluída,,,
2026-07-16,3040252181,066-1072-04,"RECEIVER,RADIO",PAMASP,REC,EM REPARO,WILLIAM,450.0
2026-07-16,3040252182,066-1072-04,"RECEIVER,RADIO",ALA 9,OS concluída,REPARADO,,
2026-07-16,3040252185,066-1072-04,"RECEIVER,RADIO",BAMN,OS concluída,REPARADO,,
2026-07-16,3040252189,9910338-6,"TRANSMITTER,RATE OF FLOW",ALA 8,OS concluída,REPARADO,,
2026-07-16,3040252190,9910338-6,"TRANSMITTER,RATE OF FLOW",BABR,OS concluída,,,
2026-07-16,3040252191,C611008-0101,ALTERNATOR CONTROL UNIT,PAMALS,REC,,BABR,450.0
2026-07-16,3040252935,030-18200,MAIN WHEEL BRAKE,BAMN,OS concluída,CONDENADO,,
2026-07-16,3040252936,030-18200,MAIN WHEEL BRAKE,BACO,REC,,PAMA-LS,420.0
2026-07-16,3040252939,C163030-1001,MAIN W BRAKE A,BABV,REC,,BAMN,420.0
2026-07-16,3040252940,30-182,MAIN WHEEL BRAKE,BABV,OS concluída,CONDENADO,,
2026-07-16,3040252942,30-182,MAIN WHEEL BRAKE,BAMN,OS concluída,REPARADO,,
2026-07-16,3040252943,30-182,MAIN WHEEL BRAKE,BAMN,OS concluída,REPARADO,,
2026-07-16,3040253168,161-12800,WHEEL HALF ASSY-INNER,BASM,REC,REPARADO,VEE ONE,416.0
2026-07-16,3040253170,161-12800,WHEEL HALF ASSY-INNER,BASM,OS concluída,CONDENADO,,
2026-07-16,3040253172,161-12800,WHEEL HALF ASSY-INNER,PAMALS,REC,,PROCURANDO,416.0
2026-07-16,3040253173,161-12800,WHEEL HALF ASSY-INNER,PAMALS,REC,EM REPARO,LEAP,416.0
2026-07-16,3040253174,161-12800,WHEEL HALF ASSY-INNER,PAMALS,OS concluída,CONDENADO,,
2026-07-16,3040253176,162-10700,OUTER WHEEL HALF ASSY,BABE,OS concluída,CONDENADO,,
2026-07-16,3040253177,162-10700,OUTER WHEEL HALF ASSY,BABV,REC,REPARADO,VEE ONE,416.0
2026-07-16,3040253178,162-10700,OUTER WHEEL HALF ASSY,PAMALS,REC,,PROCURANDO,416.0
2026-07-16,3040253179,162-11800,WHEEL HALF ASSY-OUTER,CLA,OS concluída,CONDENADO,,
2026-07-16,3040253180,162-11800,WHEEL HALF ASSY-OUTER,BASM,REC,,PROCURANDO,416.0
2026-07-16,3040253181,162-11800,WHEEL HALF ASSY-OUTER,PAMALS,OS concluída,REPARADO,,
2026-07-16,3040253182,162-11800,WHEEL HALF ASSY-OUTER,PAMALS,REC,REPARADO,VEE ONE,416.0
2026-07-16,3040253526,30994-001,BATTERY-MARATHON TSP410 NICAD,PAMALS,OS concluída,CONDENADO,AMA - VEE ONE,
2026-07-16,3040253527,30994-001,BATTERY-MARATHON TSP410 NICAD,BAPV,OS concluída,CONDENADO,AMA - VEE ONE,
2026-07-16,3040253528,066-03064-0005,"ALTIMETER,SERVO CONTROLLED,AUTOMATIC PRESSURE",BANT,OS concluída,REPARADO,,
2026-07-16,3040253529,066-03064-0005,"ALTIMETER,SERVO CONTROLLED,AUTOMATIC PRESSURE",DSM-MN,REC,DEVOLVIDO NO ESTADO,WILLIAM,406.0
2026-07-16,3040253530,799-1,TRANSDUCER,BAMN,REC,,BANT,406.0
2026-07-16,3040253531,799-1,TRANSDUCER,BAMN,REC,,VEE ONE,406.0
2026-07-16,3040253532,799-1,TRANSDUCER,PAMALS,REC,,BANT,406.0
2026-07-16,3040253535,2643099-4,"SUPPORT ASSY FOWARD, NLG SPRING",BABE,REC,CONDENADO,VEE ONE,406.0
2026-07-16,3040253536,2641012-14,TRUNNION ASSY-RH-MAIN GEAR,PAMALS,OS concluída,CONDENADO,,
2026-07-16,3040254195,540-1407-4,"VALVE,BLEED,TURBINEENGINE",PAMALS,REC,,BANT,388.0
2026-07-16,3040254201,2643090-3,SHIMMY DAMPER-NOSE GEAR,PAMALS,REC,REPARADO,V1 PAMA-LS,388.0
2026-07-16,3040254203,SE1070-6,SHIMMY DAMPENER ASSY,BACGINAT,OS concluída,,,
2026-07-16,3040254205,C660501-0103,"COMPASS,SPEC",PAMALS,REC,REPARADO,V1 PAMA-LS,388.0
2026-07-16,3040254206,C660501-0103,"COMPASS,SPEC",ALA 8,REC,EM REPARO EM GARANTIA,WILLIAM,388.0
2026-07-16,3040254208,C660501-0103,"COMPASS,SPEC",BABV,REC,REPARADO,V1 PAMA-LS,388.0
2026-07-16,3040254210,799-1,TRANSDUCER,BANT,REC,,BANT,388.0
2026-07-16,3040254770,069-1025-25,"RECEIVER-TRANSMITTER,RADIO - KX165",ALA 9,REC,EM REPARO,WILLIAM,379.0
2026-07-16,3040254784,452-0133,"BATTERY,NONRECHARGEABLE",DACTA II,REC,CONDENADO,VEE ONE,379.0
2026-07-16,3040254785,452-0133,"BATTERY,NONRECHARGEABLE",BAMN,REC,CONDENADO,VEE ONE,379.0
2026-07-16,3040254786,452-0133,"BATTERY PACK,AIRCRAFT",BAMN,REC,CONDENADO,VEE ONE,379.0
2026-07-16,3040254787,452-0133,"BATTERY PACK,AIRCRAFT",DACTA II,REC,CONDENADO,VEE ONE,379.0
2026-07-16,3040254788,452-0133,"BATTERY,NONRECHARGEABLE",BAMN,REC,CONDENADO,VEE ONE,379.0
2026-07-16,3040254789,452-0133,"BATTERY,NONRECHARGEABLE",BAMN,REC,CONDENADO,VEE ONE,379.0
2026-07-16,3040254792,2606013-1RX,INDICATOR-PERCENT RPM,BABR,REC,,BANT,379.0
2026-07-16,3040254793,D145-00-46-2,FLAP ACTUATOR ASSY,PAMALS,REC,,PAMA-LS,379.0
2026-07-16,3040254794,C145-350,"MOTOR,DIRECT CURRENT",PAMALS,OS concluída,,,
2026-07-16,3040254795,D145-00-46-2,FLAP ACTUATOR ASSY,BABE,REC,,PAMA-LS,379.0
2026-07-16,3040254796,30994-001,BATTERY-MARATHON TSP410 NICAD,BAMN,OS concluída,REPARADO,,
2026-07-16,3040254799,453-5000-710,EMERGENCY LOCATOR TRANSMITTER MODEL C406-2,PAMASP,OS concluída,,,
2026-07-16,3040254803,C352TS,"EXTINGUISHER,FIRE",2 ETA,REC,REPARADO,V1 PAMA-LS,379.0
2026-07-16,3040254805,C352TS,"EXTINGUISHER,FIRE",PAMALS,OS concluída,,,
2026-07-16,3040254806,C352TS,"EXTINGUISHER,FIRE",PAMALS,REC,REPARADO,V1 PAMA-LS,379.0
2026-07-16,3040254808,C352TS,"EXTINGUISHER,FIRE",BABR,REC,REPARADO,V1 PAMA-LS,379.0
2026-07-16,3040254809,C352TS,"EXTINGUISHER,FIRE",PAMAGL,OS concluída,,,
2026-07-16,3040254810,C352TS,"EXTINGUISHER,FIRE",PAMALS,OS concluída,,,
2026-07-16,3040254815,C482001-0402,VACUUM REGULAT,PAMALS,REC,CONDENADO,VEE ONE,379.0
2026-07-16,3040254816,C482001-0402,VACUUM REGULAT,PAMALS,REC,CONDENADO,VEE ONE,379.0
2026-07-16,3040254817,2641011-5,AXLE-MAIN GEAR,BABE,OS concluída,NO ESTADO,,
2026-07-16,3040254818,2641011-5,AXLE-MAIN GEAR,BABE,OS concluída,,,
2026-07-16,3040254819,2641011-5,AXLE-MAIN GEAR,BANT,OS concluída,REPARADO,,
2026-07-16,3040254820,2641011-5,AXLE-MAIN GEAR,BAMN,OS concluída,REPARADO,,
2026-07-16,3040255319,702801-5,FUEL PUMP,PAMASP,REC,EM REPARO,VEE ONE,370.0
2026-07-16,3040255321,8210-002,"GOVERNOR,CONSTANT SPEED DRIVE",PAMALS,OS concluída,,,
2026-07-16,3040255326,011-00916-00,DISPLAY UNIT GDU 1040A,BAMN,REC,,BAMN,370.0
2026-07-16,3040255461,DAAS-A-010-1,ADAS-D PROCESSOR,PAMALS,REC,EM REPARO,VEE ONE,366.0
2026-07-16,3040255589,071-01519-0101,"RECEIVER-EXCITER,RADAR",BANT,REC,,PROCURANDO,364.0
2026-07-16,3040255590,071-01519-0101,"RECEIVER-EXCITER,RADAR",PAMALS,OS concluída,REPARADO,,
2026-07-16,3040255706,C661064-0237,AIRSPEED INDICATOR,BAMN,OS concluída,,,
2026-07-16,3040256112,011-00883-20,RADAR GWX 68 WEATHER,BABE,REC,,BAMN,350.0
2026-07-16,3040256114,5934PAD-3,"ALTIMETER,PRESSURE",PAMALS,REC,EM REPARO,VEE ONE,350.0
2026-07-16,3040256115,5934PAD-3,"ALTIMETER,PRESSURE",PAMALS,OS concluída,REPARADO,,
2026-07-16,3040256118,011-00878-10,GSA-81 TORQUE SERVO,BAPV,REC,,BACO,350.0
2026-07-16,3040256119,011-00878-10,GSA-81 TORQUE SERVO,BAPV,REC,EM REPARO,LEAP,350.0
2026-07-16,3040256120,011-00916-10,"DISPLAY UNIT,FLIGHT INFORMATION",BAMN,OS concluída,,,
2026-07-16,3040256311,3121248-03,"VALVE ASSEMBLY,COMPRESSOR BLEED",PAMALS,OS concluída,,,
2026-07-16,3040256314,066-4010-12,RECEIVER VOR/LOC (KNS81),EEAR,REC,EM REPARO,LEAP,337.0
2026-07-16,3040256662,030-18200,MAIN WHEEL BRAKE,BASM,OS concluída,,,
2026-07-16,3040256665,161-11700,INNER WHEEL HALF ASSY,BABV,OS concluída,,,
2026-07-16,3040256666,161-11700,INNER WHEEL HALF ASSY,PAMALS,OS concluída,,,
2026-07-16,3040256667,161-11700,INNER WHEEL HALF ASSY,PAMALS,OS concluída,,,
2026-07-16,3040256668,161-11700,INNER WHEEL HALF ASSY,PAMALS,OS concluída,CONDENADO,,
2026-07-16,3040256669,161-11700,INNER WHEEL HALF ASSY,PAMALS,OS concluída,,,
2026-07-16,3040256670,161-11700,INNER WHEEL HALF ASSY,PAMALS,OS concluída,CONDENADO,,
2026-07-16,3040256671,161-11700,INNER WHEEL HALF ASSY,PAMALS,REC,REPARADO,VEE ONE,328.0
2026-07-16,3040256672,161-12800,WHEEL HALF ASSY-INNER,PAMALS,REC,REPARADO,VEE ONE,328.0
2026-07-16,3040256673,161-12800,WHEEL HALF ASSY-INNER,PAMALS,REC,CONDENADO,VEE ONE,325.0
2026-07-16,3040256675,161-12800,WHEEL HALF ASSY-INNER,BANT,OS concluída,REPARADO,,
2026-07-16,3040256694,162-11800,WHEEL HALF ASSY-OUTER,BANT,OS concluída,REPARADO,,
2026-07-16,3040256696,162-11800,WHEEL HALF ASSY-OUTER,PAMALS,REC,,PAMA-LS,328.0
2026-07-16,3040256698,030-18200,MAIN WHEEL BRAKE,PAMASP,REC,,PROCURANDO,328.0
2026-07-16,3040256702,C661064-0237,AIRSPEED INDICATOR,BABR,OS concluída,,,
2026-07-16,3040256703,C661064-0237,AIRSPEED INDICATOR,PAMALS,OS concluída,REPARADO,,
2026-07-16,3040256704,C661064-0237,AIRSPEED INDICATOR,PAMALS,OS concluída,,,
2026-07-16,3040256707,D210507,"GOVERNOR,OVERSPEED",PAMALS,OS concluída,,,
2026-07-16,3040256708,D210507,"GOVERNOR,OVERSPEED",PAMALS,REC,REPARADO,VEE ONE,328.0
2026-07-16,3040256709,3121248-03,"VALVE ASSEMBLY,COMPRESSOR BLEED",PAMASP,REC,,BANT,325.0
2026-07-16,3040256713,030-18200,MAIN WHEEL BRAKE,ALA 3,REC,,BAMN,328.0
2026-07-16,3040256787,011-00877-00,"GSA-80 SERVO ROL,YAW,SPEC",PAMALS,REC,EM REPARO,VEE ONE,328.0
2026-07-16,3040256792,011-00877-00,"GSA-80 SERVO ROL,YAW,SPEC",BAMN,REC,,PROCURANDO,328.0
2026-07-16,3040256828,011-00883-20,RADAR GWX 68 WEATHER,PAMALS,REC,CONDENADO,V1 PAMA-LS,328.0
2026-07-16,3040257093,065-00183-0501,AUTOPILOT COMPUTER KFC225,BABE,REC,,BANT,321.0
2026-07-16,3040257094,065-00183-0501,AUTOPILOT COMPUTER KFC225,BABE,REC,,BANT,321.0
2026-07-16,3040257095,011-01105-01,INTEGRATED AVIONICS UNIT GIA63W,BABE,REC,EM REPARO,VEE ONE,321.0
2026-07-16,3040257096,011-01105-01,INTEGRATED AVIONICS UNIT GIA63W,BABE,REC,,BAMN,321.0
2026-07-16,3040257436,30994-001,BATTERY-MARATHON TSP410 NICAD,PAMALS,OS concluída,CONDENADO,AMA - VEE ONE,
2026-07-16,3040257438,030-18200,MAIN WHEEL BRAKE,BAMN,REC,REPARADO,VEE ONE,302.0
2026-07-16,3040257439,030-18200,MAIN WHEEL BRAKE,BAMN,REC,,BAMN,302.0
2026-07-16,3040257440,030-18200,MAIN WHEEL BRAKE,BANT,REC,CONDENADO,VEE ONE,302.0
2026-07-16,3040257441,030-18200,MAIN WHEEL BRAKE,BAPV,REC,,BAMN,302.0
2026-07-16,3040257442,C163030-1001,MAIN W BRAKE A,BAMN,REC,REPARADO,VEE ONE,302.0
2026-07-16,3040257443,161-12800,WHEEL HALF ASSY-INNER,ALA 3,AUT,,NÃO TEVE MOVIMENTAÇÃO,309.0
2026-07-16,3040257444,162-10700,OUTER WHEEL HALF ASSY,PAMALS,OS concluída,CONDENADO,,
2026-07-16,3040257447,162-10700,OUTER WHEEL HALF ASSY,PAMALS,OS concluída,CONDENADO,,
2026-07-16,3040257450,3244809-4,"FUEL CONTROL,MAIN,TURBINE ENGINE",PAMASP,OS concluída,EM REPARO,LEAP,
2026-07-16,3040257451,3244809-7,"FUEL CONTROL,MAIN,TURBINE ENGINE",PAMASP,REC,,BANT,302.0
2026-07-16,3040257452,3244809-8,"FUEL CONTROL,MAIN,TURBINE ENGINE",BAPV,OS concluída,REPARADO,,
2026-07-16,3040257453,EA-5172-45-CES,"INDICATOR,AIRSPEED",ALA 7,REC,DEVOLVIDO NO ESTADO,WILLIAM,302.0
2026-07-16,3040257454,EA-5172-45-CES,"INDICATOR,AIRSPEED",BACG,OS concluída,,,
2026-07-16,3040258303,011-00877-00,"GSA-80 SERVO ROL,YAW,SPEC",DACTA II,REC,EM REPARO,VEE ONE,282.0
2026-07-16,3040258306,D210507,"GOVERNOR,OVERSPEED",PAMALS,REC,EM REPARO,LEAP,282.0
2026-07-16,3040258307,D210507,"GOVERNOR,OVERSPEED",ALA 5,OS concluída,,,
2026-07-16,3040258308,D210507,"GOVERNOR,OVERSPEED",BAMN,OS concluída,REPARADO,,
2026-07-16,3040258309,D210507,"GOVERNOR,OVERSPEED",BAMN,REC,EM REPARO,LEAP,282.0
2026-07-16,3040258310,D210507,"GOVERNOR,OVERSPEED",BACO,OS concluída,,,
2026-07-16,3040258419,011-00877-00,"GSA-80 SERVO ROL,YAW,SPEC",DACTA II,REC,EM REPARO,VEE ONE,280.0
2026-07-16,3040258420,011-00877-00,"GSA-80 SERVO ROL,YAW,SPEC",BACO,REC,EM REPARO,VEE ONE,280.0
2026-07-16,3040258421,011-00877-00,"GSA-80 SERVO ROL,YAW,SPEC",BABE,REC,,BACO,280.0
2026-07-16,3040258422,2601188-8,COMPRESSOR DRIVE ASSY R134A,PAMASP,REC,,PROCURANDO,280.0
2026-07-16,3040258764,069-01034-0102,"NAVIGATION SET,SATELLITE SIGNALS KLN-94",PAMALS,REC,,BANT,273.0
2026-07-16,3040259146,1U149-015-15,HORIZ. GYRO-STADBY,PAMALS,REC,EM REPARO,VEE ONE,251.0
2026-07-16,3040259147,162-10700,OUTER WHEEL HALF ASSY,BANT,REC,EM REPARO,AMA - VEE ONE,251.0
2026-07-16,3040259148,3049038-03,"VALVE,COMPRESSOR BLEED",BANT,OS concluída,,,
2026-07-16,3040259151,066-01141-5101,"TRANSPONDER,RADAR",BANT,REC,REPARADO,V1 PAMA-LS,254.0
2026-07-16,3040259152,066-01141-5101,"TRANSPONDER,RADAR",BABE,REC,,BANT,254.0
2026-07-16,3040259251,064-1019-05,VHF TRANSCEIVE KY196,EEAR,REC,,EEAR,252.0
2026-07-16,3040259316,2606015-4,INDICATOR-OIL TEMP/OIL PRESS,BACG,REC,REPARADO,V1 PAMA-LS,248.0
2026-07-16,3040259564,C414007-0102,BLOWER ASSY,PAMALS,OS concluída,,,
2026-07-16,3040259568,C414007-0102,BLOWER ASSY,ALA 10,OS concluída,,,
2026-07-16,3040259570,C414007-0102,BLOWER ASSY,ALA 10,OS concluída,,,
2026-07-16,3040259694,025323-150,FUEL PUMP,PAMASP,REC,,BACO,240.0
2026-07-16,3040259918,C414007-0102,BLOWER ASSY,ALA 10,REC,EM REPARO,VEE ONE,233.0
2026-07-16,3040259922,C414007-0102,BLOWER ASSY,BANT,REC,REPARADO,V1 PAMA-LS,233.0
2026-07-16,3040259924,C414007-0102,BLOWER ASSY,BACG,REC,EM REPARO,VEE ONE,233.0
2026-07-16,3040259928,C414007-0102,BLOWER ASSY,PAMALS,REC,EM REPARO,VEE ONE,233.0
2026-07-16,3040259944,066-3046-07,"CONTROL,INDICATOR",EEAR,REC,,PAMA-LS,233.0
2026-07-16,3040259946,066-3046-07,"CONTROL,INDICATOR",BANT,REC,,BANT,233.0
2026-07-16,3040259947,066-3046-07,"CONTROL,INDICATOR",EEAR,OS concluída,REPARADO,,
2026-07-16,3040259949,065-0060-01,"CONTROL,SERVO,AUTOMATIC PILOT",PAMALS,REC,EM REPARO,LEAP,233.0
2026-07-16,3040259950,065-0060-01,"CONTROL,SERVO,AUTOMATIC PILOT",PAMALS,REC,EM REPARO,LEAP,233.0
2026-07-16,3040260204,324843-W020,HEADSET-MICROPHONE,PAMALS,OS concluída,REPARADO,,
2026-07-16,3040260205,324843-W020,HEADSET-MICROPHONE,PAMALS,OS concluída,REPARADO,,
2026-07-16,3040260208,324843-W020,HEADSET-MICROPHONE,PAMALS,REC,VAI SER DEVOLVIDO SEM REPARO,WILLIAM,219.0
2026-07-16,3040260209,011-00916-00,DISPLAY UNIT GDU 1040A,PAMALS,REC,,BAMN,219.0
2026-07-16,3040260382,065-00183-0501,AUTOPILOT COMPUTER KFC225,BANT,REC,,BANT,212.0
2026-07-16,3040260388,SD5H14C4527,AIR COMPRESSOR,PAMALS,REC,EM REPARO,VEE ONE,212.0
2026-07-16,3040260389,SD5H14C4527,AIR COMPRESSOR,PAMALS,REC,EM REPARO,VEE ONE,212.0
2026-07-16,3040260516,ASG12000-2,ALTERNATOR,PAMALS,REC,REPARADO,V1 PAMA-LS,209.0
2026-07-16,3040260517,ASG12000-2,ALTERNATOR,PAMALS,OS concluída,,,
2026-07-16,3040260522,9910592-2,ALTERNADOR,BAMN,REC,REPARADO,V1 PAMA-LS,209.0
2026-07-16,3040260523,9910592-2,ALTERNADOR,BAMN,REC,REPARADO,V1 PAMA-LS,209.0
2026-07-16,3040260524,51539-012M,CONTROL UNIT ASSY-GENERATOR,BANT,REC,,BACG,209.0
2026-07-16,3040260538,324843-W020,HEADSET-MICROPHONE,PAMALS,REC,,BABE,191.0
2026-07-16,3040260539,324843-W020,HEADSET-MICROPHONE,PAMALS,REC,,BABE,191.0
2026-07-16,3040260540,324843-W020,HEADSET-MICROPHONE,PAMALS,OS concluída,REPARADO,,
2026-07-16,3040260541,324843-W020,HEADSET-MICROPHONE,PAMALS,OS concluída,REPARADO,,
2026-07-16,3040260542,324843-W020,HEADSET-MICROPHONE,PAMALS,REC,,BABE,191.0
2026-07-16,3040260543,324843-W020,HEADSET-MICROPHONE,PAMALS,REC,VAI SER DEVOLVIDO SEM REPARO,WILLIAM,191.0
2026-07-16,3040260544,161-11700,INNER WHEEL HALF ASSY,BANT,REC,REPARADO,VEE ONE,191.0
2026-07-16,3040260545,161-11700,INNER WHEEL HALF ASSY,BACG,REC,REPARADO,VEE ONE,191.0
2026-07-16,3040260546,161-12800,WHEEL HALF ASSY-INNER,PAMALS,REC,REPARADO,VEE ONE,191.0
2026-07-16,3040260547,161-12800,WHEEL HALF ASSY-INNER,EPCAR,OS concluída,REPARADO,VEE ONE,
2026-07-16,3040260548,161-11700,INNER WHEEL HALF ASSY,CLA,REC,REPARADO,VEE ONE,191.0
2026-07-16,3040260549,162-10700,OUTER WHEEL HALF ASSY,BACG,REC,REPARADO,VEE ONE,191.0
2026-07-16,3040260550,162-10700,OUTER WHEEL HALF ASSY,CLA,REC,REPARADO,VEE ONE,191.0
2026-07-16,3040260551,162-11800,WHEEL HALF ASSY-OUTER,BANT,REC,REPARADO,VEE ONE,191.0
2026-07-16,3040260552,30994-001,BATTERY-MARATHON TSP410 NICAD,BABE,OS concluída,CONDENADO,AMA - VEE ONE,
2026-07-16,3040260583,3244897-4,FUEL CONTROL UNIT,PAMALS,OS concluída,,,
2026-07-16,3040260595,9910586-4,FLAP ACTUATOR AND MOTOR ASSEMBLY,7 ETA,REC,,BAMN,191.0
2026-07-16,3040260597,9910586-4,FLAP ACTUATOR AND MOTOR ASSEMBLY,BAPV,REC,REPARADO,VEE ONE,191.0
2026-07-16,3040260750,3122678-04,FUEL CONTROL UNIT,PAMASP,REC,,BANT,183.0
2026-07-16,3040260752,3244897-4,FUEL CONTROL UNIT,PAMASP,OS concluída,REPARADO,,
2026-07-16,3040260753,3244809-7,"FUEL CONTROL,MAIN,TURBINE ENGINE",PAMASP,OS concluída,REPARADO,,
2026-07-16,3040260754,3244809-1,"FUEL CONTROL,MAIN,TURBINE ENGINE",PAMASP,REC,EM QUARENTENA,LEAP,183.0
2026-07-16,3040260811,3034792,BOMBA DE COMBUSTÍVEL,BAPV,REC,,BABR,169.0
2026-07-16,3040260812,3034792,BOMBA DE COMBUSTÍVEL,BACG,OS concluída,,,
2026-07-16,3040260913,064-1054-30,RECEIVER-TRANSMITTER SUBASSEMBLY,EPCAR,REC,REPARADO,V1 PAMA-LS,171.0
2026-07-16,3040260915,064-1054-30,RECEIVER-TRANSMITTER SUBASSEMBLY,PAMALS,REC,REPARADO,V1 PAMA-LS,171.0
2026-07-16,3040260922,162-11800,WHEEL HALF ASSY-OUTER,PAMALS,OS concluída,,,
2026-07-16,3040260923,030-18200,MAIN WHEEL BRAKE,BACO,REC,REPARADO,VEE ONE,169.0
2026-07-16,3040261322,011-00831-00,"ENGINE INTERFA,SPEC",BAPV,REC,REPARADO,VEE ONE,156.0
2026-07-16,3040261324,011-00882-10,"COMPUTER,AIR DATA",BAMN,OS concluída,,,
2026-07-16,3040261326,011-00882-10,"COMPUTER,AIR DATA",BAMN,OS concluída,,,
2026-07-16,3040261327,064-1054-30,RECEIVER-TRANSMITTER SUBASSEMBLY,PAMASP,REC,REPARADO,V1 PAMA-LS,156.0
2026-07-16,3040261329,065-0061-36,ACTUATOR TRIM (KS272A),ALA 10,OS concluída,REPARADO,,
2026-07-16,3040261331,065-0061-36,ACTUATOR TRIM (KS272A),PAMASP,REC,,BABR,156.0
2026-07-16,3040261334,065-0065-01,SELECTOR ALT,BANT,REC,EM REPARO,WILLIAM,156.0
2026-07-16,3040261335,065-0065-01,SELECTOR ALT,BANT,REC,EM REPARO,WILLIAM,156.0
2026-07-16,3040261336,066-01141-0101,"RECEIVER,RADIO",BANT,REC,REPARADO,V1 PAMA-LS,156.0
2026-07-16,3040261340,066-1053-00,"RECEIVER,RADIO",BASM,REC,REPARADO,V1 PAMA-LS,156.0
2026-07-16,3040261342,066-3084-02,COLOR RADAR INDICATOR,BABV,REC,EM REPARO,WILLIAM,156.0
2026-07-16,3040261344,066-4010-12,RECEIVER VOR/LOC (KNS81),ALA 10,REC,EM REPARO,WILLIAM,156.0
2026-07-16,3040261347,071-1234-00,ANTENNA ACCESSORY,ALA 1,REC,EM REPARO,WILLIAM,156.0
2026-07-16,3040261352,1134380-4,EVAPORATOR MODULE ASSY-RH,BAMN,REC,CONDENADO,VEE ONE,156.0
2026-07-16,3040261353,1H75-21,PRESSURE REGULATOR,BAMN,REC,,BAMN,156.0
2026-07-16,3040261354,2643100-201,NOSE GEAR STRUT ASSY - TALL FORK,BANT,REC,EM REPARO,AV AERONAUTICA,156.0
2026-07-16,3040261355,2643100-201,NOSE GEAR STRUT ASSY - TALL FORK,BABR,OS concluída,REPARADO,,
2026-07-16,3040261356,2670104-2,ANNUNCIATOR PANEL,PAMALS,REC,REPARADO,VEE ONE,156.0
2026-07-16,3040261357,2682001-1,BRAKE CYL MAST,BABE,OS concluída,REPARADO,,
2026-07-16,3040261364,8210-002-01,GOVERNOR PROPELLER,PAMASP,REC,REPARADO,VEE ONE,156.0
2026-07-16,3040261371,TFF2905-13,FUEL FLOW TRANSDUCER,ALA 8,REC,EM REPARO,WILLIAM,156.0
2026-07-16,3040261373,C661065-0240,AIRSPEED INDICATOR,BABE,REC,REPARADO,V1 PAMA-LS,156.0
2026-07-16,3040261375,C661065-0240RX,"INDICATOR, AIRSPEED",BACG,REC,EM REPARO,WILLIAM,156.0
2026-07-16,3040261376,066-1061-03,RT RADAR ALTIM (KRA10A),PAMALS,REC,PARA REPARO,VEE ONE,156.0
2026-07-16,3040261377,066-3054-01,INDICATOR RADAR ALTIMETER - TYPE KI250,PAMALS,REC,EM REPARO,WILLIAM,156.0
2026-07-16,3040261387,3034792,BOMBA DE COMBUSTÍVEL,BABR,OS concluída,REPARADO,,
2026-07-16,3040261388,3034792,BOMBA DE COMBUSTÍVEL,BABR,OS concluída,REPARADO,,
2026-07-16,3040261389,3034792,BOMBA DE COMBUSTÍVEL,PAMASP,REC,REPARADO,V1 PAMA-LS,156.0
2026-07-16,3040261627,S3828-1,ALTIMETER,BAMN,REC,EM REPARO,WILLIAM,142.0
2026-07-16,3040261628,S3828-1,ALTIMETER,BABE,REC,REPARADO,V1 PAMA-LS,142.0
2026-07-16,3040261843,3034792,BOMBA DE COMBUSTÍVEL,PAMALS,REC,EM REPARO,VEE ONE,129.0
2026-07-16,3040261851,51539-012MRX,CONTROL UNIT ASSY-GENERATOR,BABE,REC,EM REPARO,VEE ONE,134.0
2026-07-16,3040261852,51539-012MRX,CONTROL UNIT ASSY-GENERATOR,BABE,REC,EM REPARO,VEE ONE,134.0
2026-07-16,3040262245,200SGL119Q-2,STARTER GENERATOR,BAMN,OS concluída,REPARADO,,
2026-07-16,3040262246,200SGL119Q-2,STARTER GENERATOR,BAMN,OS concluída,REPARADO,,
2026-07-16,3040262273,324843-W020,HEADSET-MICROPHONE,BABE,OS concluída,REPARADO,,
2026-07-16,3040262275,324843-W020,HEADSET-MICROPHONE,BANT,OS concluída,REPARADO,,
2026-07-16,3040262363,066-1055-00,AUDIO CONTROL PANEL,ALA 5,OS concluída,,,
2026-07-16,3040262367,066-1055-00,AUDIO CONTROL PANEL,ALA 9,REC,EM REPARO,WILLIAM,112.0
2026-07-16,3040262368,066-1055-00,AUDIO CONTROL PANEL,CLA,OS concluída,,,
2026-07-16,3040262371,51539-012N,CONTROL UNIT ASSY-GENERATOR,BANT,REC,REPARADO,V1 PAMA-LS,112.0
2026-07-16,3040262372,51539-012M,CONTROL UNIT ASSY-GENERATOR,BANT,REC,,V1 PAMA-LS,112.0
2026-07-16,3040262419,065-0061-36,ACTUATOR TRIM (KS272A),ALA 9,REC,EM REPARO,WILLIAM,107.0
2026-07-16,3040262630,161-11700,INNER WHEEL HALF ASSY,BANT,REC,REPARADO,VEE ONE,94.0
2026-07-16,3040262632,161-12800,WHEEL HALF ASSY-INNER,BANT,OS concluída,REPARADO,VEE ONE,
2026-07-16,3040262633,161-12800,WHEEL HALF ASSY-INNER,BANT,REC,REPARADO,VEE ONE,94.0
2026-07-16,3040262634,162-10700,OUTER WHEEL HALF ASSY,BANT,REC,REPARADO,VEE ONE,94.0
2026-07-16,3040262635,162-11800,WHEEL HALF ASSY-OUTER,EPCAR,REC,REPARADO,VEE ONE,94.0
2026-07-16,3040262636,162-11800,WHEEL HALF ASSY-OUTER,BANT,REC,REPARADO,VEE ONE,94.0
2026-07-16,3040262637,162-11800,WHEEL HALF ASSY-OUTER,BANT,REC,REPARADO,VEE ONE,94.0
2026-07-16,3040262638,200SGL119Q,STARTER GENERATOR,PAMALS,REC,EM REPARO,AV AERONAUTICA,94.0
2026-07-16,3040262639,200SGL119Q,STARTER GENERATOR,PAMASP,OS concluída,,PAMA-LS,
2026-07-16,3040262646,200SGL119Q,STARTER GENERATOR,PAMASP,OS concluída,,,
2026-07-16,3040262706,2641011-5,AXLE-MAIN GEAR,BAMN,REC,,BANT,94.0
2026-07-16,3040262707,2641011-5,AXLE-MAIN GEAR,BABV,REC,REPARADO,VEE ONE,94.0
2026-07-16,3040262708,2641011-5,AXLE-MAIN GEAR,PAMALS,REC,,BANT,94.0
2026-07-16,3040262709,2641011-5,AXLE-MAIN GEAR,PAMALS,REC,,BANT,94.0
2026-07-16,3040262711,2641011-5,AXLE-MAIN GEAR,BABR,REC,,BANT,94.0
2026-07-16,3040262712,2641011-5,AXLE-MAIN GEAR,BABR,REC,,BANT,94.0
2026-07-16,3040262713,2641011-5,AXLE-MAIN GEAR,BAPV,REC,REPARADO,VEE ONE,94.0
2026-07-16,3040262714,2641011-5,AXLE-MAIN GEAR,BAPV,REC,,BANT,94.0
2026-07-16,3040262717,2641011-5,AXLE-MAIN GEAR,BANT,REC,REPARADO,VEE ONE,94.0
2026-07-16,3040262734,C352,PORTABLE HALON FIRE EXTINGUISHERS,ALA 5,REC,EM REPARO,AV AERONAUTICA,94.0
2026-07-16,3040262738,C352TS,"EXTINGUISHER,FIRE",BANT,REC,,PROCURANDO,94.0
2026-07-16,3040262739,C352TS,"EXTINGUISHER,FIRE",BANT,REC,,PROCURANDO,94.0
2026-07-16,3040262740,C352TS,"EXTINGUISHER,FIRE",PAMALS,REC,,PROCURANDO,94.0
2026-07-16,3040262744,3244809-1A,F.C.U,PAMALS,REC,EM REPARO,LEAP,94.0
2026-07-16,3040262745,064-1019-05,VHF TRANSCEIVE KY196,EEAR,REC,EM REPARO,VEE ONE,94.0
2026-07-16,3040262746,066-1070-01,TRANSCEIVER DME (KN63),BABE,REC,EM REPARO,WILLIAM,94.0
2026-07-16,3040262747,066-1072-00,RECEIVER ADF (KING KR87),ALA 7,REC,EM REPARO,WILLIAM,94.0
2026-07-16,3040262748,066-3046-07,"CONTROL,INDICATOR",BABR,REC,,BANT,94.0
2026-07-16,3040262757,2606015-2,IND OIL TEMP/P,PAMALS,REC,EM REPARO,VEE ONE,94.0
2026-07-16,3040262758,9910338-4,FUEL TOTALIZER INDICATOR,PAMALS,REC,EM REPARO,VEE ONE,94.0
2026-07-16,3040262759,9910338-6,"TRANSMITTER,RATE OF FLOW",BAMN,REC,EM REPARO,WILLIAM,94.0
2026-07-16,3040262760,9910338-6,"TRANSMITTER,RATE OF FLOW",BANT,REC,EM REPARO,VEE ONE,94.0
2026-07-16,3040262765,011-00883-20,RADAR GWX 68 WEATHER,BAMN,REC,EM REPARO,VEE ONE,94.0
2026-07-16,3040262766,011-00883-20,RADAR GWX 68 WEATHER,BAMN,OS concluída,EM REPARO,VEE ONE,
2026-07-16,3040262767,066-3046-07,"CONTROL,INDICATOR",EEAR,REC,EM REPARO,LEAP,94.0
2026-07-16,3040262768,066-3046-07,"CONTROL,INDICATOR",EEAR,REC,EM REPARO,LEAP,94.0
2026-07-16,3040262769,066-3046-07,"CONTROL,INDICATOR",BABR,REC,,BANT,94.0
2026-07-16,3040262770,011-01020-10,AFCS MODE CONTROLLER GMC 710,BAMN,REC,EM REPARO,WILLIAM,94.0
2026-07-16,3040262772,011-01020-10,AFCS MODE CONTROLLER GMC 710,BAMN,REC,EM REPARO,WILLIAM,94.0
2026-07-16,3040262773,011-01020-10,AFCS MODE CONTROLLER GMC 710,BAMN,REC,EM REPARO,WILLIAM,94.0
2026-07-16,3040262791,066-3060-00,IND RMI KNI582,BANT,REC,EM REPARO,LEAP,94.0
2026-07-16,3040262792,066-3060-00,IND RMI KNI582,BANT,REC,EM REPARO,LEAP,94.0
2026-07-16,3040262966,2682001-1,BRAKE CYL MAST,BACO,OS concluída,,PAMA-LS,
2026-07-16,3040262967,2682001-1,BRAKE CYL MAST,PAMALS,REC,REPARADO,V1 PAMA-LS,92.0
2026-07-16,3040262968,2682001-1,BRAKE CYL MAST,BANT,OS concluída,,PAMA-LS,
2026-07-16,3040262969,2682001-1,BRAKE CYL MAST,BABE,REC,REPARADO,V1 PAMA-LS,92.0
2026-07-16,3040263069,453-5060,ELT C406-N,BABE,OS concluída,,,
2026-07-16,3040263283,D145-00-46-2,FLAP ACTUATOR ASSY,PAMALS,REC,EM REPARO,LEAP,77.0
2026-07-16,3040263284,D145-00-46-2,FLAP ACTUATOR ASSY,BAFL,REC,EM REPARO,LEAP,77.0
2026-07-16,3040263286,C661065-0237,AIRSPEED INDICATOR,BANT,REC,DEVOLVIDO NO ESTADO,WILLIAM,77.0
2026-07-16,3040263287,C661065-0237,AIRSPEED INDICATOR,BABR,REC,REPARADO,VEE ONE,77.0
2026-07-16,3040263288,C661065-0237,AIRSPEED INDICATOR,PAMASP,REC,REPARADO,VEE ONE,77.0
2026-07-16,3040263314,060-0017-00,FLIGHT DIR HOR,EEAR,REC,EM REPARO,LEAP,77.0
2026-07-16,3040263315,060-0017-00,FLIGHT DIR HOR,BACG,OS concluída,,BABR,
2026-07-16,3040263316,060-0017-00,FLIGHT DIR HOR,BANT,REC,,BANT,77.0
2026-07-16,3040263317,060-0017-00,FLIGHT DIR HOR,PAMASP,REC,,BANT,77.0
2026-07-16,3040263319,066-1055-00,AUDIO CONTROL PANEL,BABE,REC,REPARADO,VEE ONE,77.0
2026-07-16,3040263320,066-1055-00,AUDIO CONTROL PANEL,PAMALS,REC,EM REPARO,AV AERONAUTICA,77.0
2026-07-16,3040263322,066-1055-00,AUDIO CONTROL PANEL,ALA 9,REC,EM REPARO,WILLIAM,77.0
2026-07-16,3040263324,069-01033-0101,"RECEIVER-TRANSMITTER,RADIO",PAMALS,REC,EM REPARO,LEAP,77.0
2026-07-16,3040263325,069-01033-0101,"RECEIVER-TRANSMITTER,RADIO",PAMALS,REC,,PROCURANDO,77.0
2026-07-16,3040263326,069-01033-0101,"RECEIVER-TRANSMITTER,RADIO",PAMALS,REC,,BANT,77.0
2026-07-16,3040263327,C661064-0237,AIRSPEED INDICATOR,BABR,REC,EM REPARO,WILLIAM,77.0
2026-07-16,3040263328,C661064-0237,AIRSPEED INDICATOR,BABR,REC,EM REPARO,WILLIAM,77.0
2026-07-16,3040263329,C661064-0237,AIRSPEED INDICATOR,PAMALS,REC,EM REPARO,WILLIAM,77.0
2026-07-16,3040263330,C661064-0237,AIRSPEED INDICATOR,PAMALS,REC,EM REPARO,WILLIAM,77.0
2026-07-16,3040263331,C661064-0237,AIRSPEED INDICATOR,PAMALS,REC,VAI SER DEVOLVIDO SEM REPARO,WILLIAM,77.0
2026-07-16,3040263332,011-00916-10,"DISPLAY UNIT,FLIGHT INFORMATION",BAMN,REC,EM REPARO,WILLIAM,77.0
2026-07-16,3040263333,011-00916-10,"DISPLAY UNIT,FLIGHT INFORMATION",BACO,REC,EM REPARO,WILLIAM,77.0
2026-07-16,3040263334,011-00916-10,"DISPLAY UNIT,FLIGHT INFORMATION",BACO,REC,VAI SER DEVOLVIDO SEM REPARO,WILLIAM,77.0
2026-07-16,3040263335,C611008-0101,ALTERNATOR CONTROL UNIT,PAMALS,REC,EM REPARO,AV AERONAUTICA,77.0
2026-07-16,3040263336,C611008-0101,ALTERNATOR CONTROL UNIT,PAMALS,REC,EM REPARO,AV AERONAUTICA,77.0
2026-07-16,3040263338,C611008-0101,ALTERNATOR CONTROL UNIT,PAMALS,REC,REPARADO,V1 PAMA-LS,77.0
2026-07-16,3040263415,069-01033-0101,"RECEIVER-TRANSMITTER,RADIO",BABR,REC,,BANT,71.0
2026-07-16,3040263416,069-01033-0101,"RECEIVER-TRANSMITTER,RADIO",BASM,REC,EM REPARO,WILLIAM,71.0
2026-07-16,3040263417,069-01033-0101,"RECEIVER-TRANSMITTER,RADIO",PAMALS,REC,EM REPARO,WILLIAM,71.0
2026-07-16,3040263433,066-03064-0005,"ALTIMETER,SERVO CONTROLLED,AUTOMATIC PRESSURE",BACG,REC,EM REPARO,WILLIAM,71.0
2026-07-16,3040263434,066-03064-0005,"ALTIMETER,SERVO CONTROLLED,AUTOMATIC PRESSURE",PAMASP,REC,VAI SER DEVOLVIDO SEM REPARO,WILLIAM,71.0
2026-07-16,3040263435,066-03064-0005,"ALTIMETER,SERVO CONTROLLED,AUTOMATIC PRESSURE",BANT,REC,EM REPARO,WILLIAM,71.0
2026-07-16,3040263443,3244897-4,FUEL CONTROL UNIT,PAMALS,REC,EM REPARO,LEAP,70.0
2026-07-16,3040263444,3244897-4,FUEL CONTROL UNIT,PAMALS,REC,EM REPARO,LEAP,70.0
2026-07-16,3040263447,066-3046-07,"CONTROL,INDICATOR",CLA,REC,,BABR,71.0
2026-07-16,3040263448,2618510-10,ALTERNATOR CONTROL UNIT ASSY,BABE,REC,EM REPARO,WILLIAM,65.0
2026-07-16,3040263449,2618510-10,ALTERNATOR CONTROL UNIT ASSY,PAMALS,REC,EM REPARO,WILLIAM,65.0
2026-07-16,3040263571,066-3084-32,IND RDR 2000 IN-182A,PAMALS,REC,EM REPARO,WILLIAM,65.0
2026-07-16,3040263572,066-3084-32,IND RDR 2000 IN-182A,PAMALS,REC,EM REPARO,WILLIAM,65.0
2026-07-16,3040263573,066-3084-32,IND RDR 2000 IN-182A,PAMALS,REC,,BABR,65.0
2026-07-16,3040263574,066-1072-04,"RECEIVER,RADIO",BABE,REC,EM REPARO,WILLIAM,65.0
2026-07-16,3040263575,066-1072-04,"RECEIVER,RADIO",BABE,REC,EM REPARO,WILLIAM,65.0
2026-07-16,3040263576,066-1072-04,"RECEIVER,RADIO",BAMN,OS concluída,DEVOLVIDO NO ESTADO,WILLIAM,
2026-07-16,3040263577,060-0015-00,"CONTROL,DIRECTIONAL,AUTOMATIC PILOT",ALA 5,REC,EM REPARO,WILLIAM,65.0
2026-07-16,3040263795,071-01519-0101,"RECEIVER-EXCITER,RADAR",PAMALS,REC,,PROCURANDO,48.0
2026-07-16,3040263796,071-01519-0101,"RECEIVER-EXCITER,RADAR",PAMALS,REC,,PROCURANDO,48.0
2026-07-16,3040263797,066-3046-07,"CONTROL,INDICATOR",BABE,REC,EM REPARO,WILLIAM,48.0
2026-07-16,3040263798,066-3046-07,"CONTROL,INDICATOR",PAMASP,REC,EM REPARO,WILLIAM,48.0
2026-07-16,3040263799,066-3046-07,"CONTROL,INDICATOR",PAMASP,REC,EM REPARO,WILLIAM,48.0
2026-07-16,3040263877,2641011-5,AXLE-MAIN GEAR,CLA,REC,EM REPARO,LEAP,55.0
2026-07-16,3040263878,2641011-5,AXLE-MAIN GEAR,CLA,REC,EM REPARO,LEAP,55.0
2026-07-16,3040264121,3244897-4,FUEL CONTROL UNIT,BABE,OS concluída,EM REPARO,LEAP,
2026-07-16,3040264122,3244809-8,"FUEL CONTROL,MAIN,TURBINE ENGINE",BABE,OS concluída,,BABR,
2026-07-16,3040264236,200SGL119Q-2,STARTER GENERATOR,BABE,REC,,BABE,48.0
2026-07-16,3040264237,200SGL119Q-2,STARTER GENERATOR,BAMN,REC,EM REPARO,AV AERONAUTICA,48.0
2026-07-16,3040264238,324843-2020,HEADSET-MICROPHONE,DACTA II,REC,EM REPARO,WILLIAM,48.0
2026-07-16,3040264240,324843-2020,HEADSET-MICROPHONE,DACTA II,REC,EM REPARO,WILLIAM,48.0
2026-07-16,3040264241,324843-2020,HEADSET-MICROPHONE,DACTA II,REC,EM REPARO,WILLIAM,48.0
2026-07-16,3040264242,324843-2020,HEADSET-MICROPHONE,BABE,REC,EM REPARO,WILLIAM,48.0
2026-07-16,3040264243,069-01033-0101,"RECEIVER-TRANSMITTER,RADIO",PAMALS,REC,EM REPARO,WILLIAM,48.0
2026-07-16,3040264244,069-01033-0101,"RECEIVER-TRANSMITTER,RADIO",PAMASP,REC,EM REPARO,WILLIAM,48.0
2026-07-16,3040264246,060-0017-00,FLIGHT DIR HOR,PAMALS,REC,EM REPARO,WILLIAM,48.0
2026-07-16,3040264262,9910338-8,"INDICATOR,FUEL FLOW",BABV,REC,EM REPARO,WILLIAM,48.0
2026-07-16,3040264263,9910338-8,"INDICATOR,FUEL FLOW",PAMALS,OS concluída,,BABR,
2026-07-16,3040264264,324843-2020,HEADSET-MICROPHONE,DACTA II,REC,EM REPARO,WILLIAM,48.0
2026-07-16,3040264572,060-0017-00,FLIGHT DIR HOR,PAMASP,REC,,,36.0
2026-07-16,3040264573,060-0017-00,FLIGHT DIR HOR,BANT,REC,,,36.0
2026-07-16,3040264574,060-0017-00,FLIGHT DIR HOR,BANT,REC,,,36.0
2026-07-16,3040264576,060-0017-00,FLIGHT DIR HOR,PAMALS,REC,,,36.0
2026-07-16,3040264577,060-0017-00,FLIGHT DIR HOR,PAMALS,REC,,,36.0
2026-07-16,3040264579,060-0017-00,FLIGHT DIR HOR,BABR,OS concluída,,,
2026-07-16,3040264643,1H75-21,PRESSURE REGULATOR,PAMASP,REC,,,31.0
2026-07-16,3040264645,1H75-21,PRESSURE REGULATOR,PAMASP,REC,,,31.0
2026-07-16,3040264646,1H75-21,PRESSURE REGULATOR,PAMASP,REC,,,31.0
2026-07-16,3040264647,1H75-21,PRESSURE REGULATOR,BAMN,REC,,,31.0
2026-07-16,3040264707,3244809-7,"FUEL CONTROL,MAIN,TURBINE ENGINE",BABE,REC,,,31.0
2026-07-16,3040264709,540-1407-4,"VALVE,BLEED,TURBINEENGINE",PAMASP,REC,,,31.0
2026-07-16,3040264710,200SGL153Q,"STARTER-GENERATOR,ENGINE,AIRCRAFT",CLA,REC,,,31.0
2026-07-16,3040264711,200SGL153Q,"STARTER-GENERATOR,ENGINE,AIRCRAFT",PAMASP,REC,,,31.0
2026-07-16,3040264712,200SGL153Q,"STARTER-GENERATOR,ENGINE,AIRCRAFT",BACG,REC,,,31.0
2026-07-16,3040264718,9910338-8,"INDICATOR,FUEL FLOW",PAMALS,REC,,,31.0
2026-07-16,3040264719,S3326-2,"INDICATOR,HORIZONTAL SITUATION",ALA 8,REC,,,31.0
2026-07-16,3040264720,S3326-2,"INDICATOR,HORIZONTAL SITUATION",PAMALS,REC,,,31.0
2026-07-16,3040264721,S3326-2,"INDICATOR,HORIZONTAL SITUATION",PAMASP,REC,,,31.0
2026-07-16,3040264724,2606013-1AM,INDICADOR PERCENTUAL RPM,BABV,REC,,,31.0
2026-07-16,3040264725,2606013-1AM,INDICADOR PERCENTUAL RPM,BABR,REC,,,31.0
2026-07-16,3040264726,2606015-4,INDICATOR-OIL TEMP/OIL PRESS,BANT,REC,,,31.0
2026-07-16,3040264727,C661051-0201,GYRO HORIZON,ALA 10,REC,,,31.0
2026-07-16,3040264728,504-0111-906,GYRO HORIZON,PAMALS,REC,,,31.0
2026-07-16,3040264729,504-0111-906,GYRO HORIZON,BACG,REC,,,31.0
2026-07-16,3040264730,8210-003,"GOVERNOR,FUEL CONTROL",PAMASP,REC,,,31.0
2026-07-16,3040264731,8210-002,"GOVERNOR,CONSTANT SPEED DRIVE",PAMASP,REC,,,31.0
2026-07-16,3040264732,8210-002,"GOVERNOR,CONSTANT SPEED DRIVE",BAMN,REC,,,31.0
2026-07-16,3040264733,030-18200,MAIN WHEEL BRAKE,BAMN,REC,,,31.0
2026-07-16,3040264734,030-18200,MAIN WHEEL BRAKE,BAMN,REC,,,31.0
2026-07-16,3040264735,161-11700,INNER WHEEL HALF ASSY,PAMALS,REC,,,31.0
2026-07-16,3040264736,161-12800,WHEEL HALF ASSY-INNER,BABR,REC,,,31.0
2026-07-16,3040264737,161-12800,WHEEL HALF ASSY-INNER,PAMALS,AUT,,,31.0
2026-07-16,3040264738,162-10700,OUTER WHEEL HALF ASSY,BACO,AUT,,,31.0
2026-07-16,3040264807,011-01105-01,INTEGRATED AVIONICS UNIT GIA63W,ALA 8,REC,,,23.0
2026-07-16,3040264808,011-01105-01,INTEGRATED AVIONICS UNIT GIA63W,BAMN,REC,,,23.0
2026-07-16,3040264907,011-00916-10,"DISPLAY UNIT,FLIGHT INFORMATION",BAMN,REC,,,16.0
2026-07-16,3040264908,011-00916-10,"DISPLAY UNIT,FLIGHT INFORMATION",BABV,REC,,,16.0
2026-07-16,3040264960,3034792,BOMBA DE COMBUSTÍVEL,CLA,REC,,,14.0
2026-07-16,3040264961,3244897-4,FUEL CONTROL UNIT,CLA,REC,,,14.0
2026-07-16,3040264974,3244809-8,"FUEL CONTROL,MAIN,TURBINE ENGINE",BAMN,REC,,,14.0
2026-07-16,3040265140,011-01020-10,AFCS MODE CONTROLLER GMC 710,BABE,REC,,,8.0
2026-07-16,3040265144,011-01020-10,AFCS MODE CONTROLLER GMC 710,BABE,REC,,,8.0
2026-07-17,3040249831,066-01141-5101,"RECEIVER-TRANSMITTER,RADIO (KT71)",PAMALS,REC,EM REPARO,LEAP,522.0
2026-07-17,3040250234,3034792,BOMBA DE COMBUSTÍVEL,PAMALS,REC,,BANT,506.0
2026-07-17,3040250248,452-0133,"BATTERY,NONRECHARGEABLE",BABR,REC,CONDENADO,VEE ONE,506.0
2026-07-17,3040250249,452-0133,"BATTERY,NONRECHARGEABLE",BAMN,REC,CONDENADO,VEE ONE,506.0
2026-07-17,3040250716,030-18200,MAIN WHEEL BRAKE,BABV,REC,EM REPARO,LEAP,484.0
2026-07-17,3040250717,030-18200,MAIN WHEEL BRAKE,BACO,OS concluída,REPARADO,,
2026-07-17,3040250718,030-18200,MAIN WHEEL BRAKE,BACO,OS concluída,REPARADO,,
2026-07-17,3040250719,060-0017-00,FLIGHT DIR HOR,PAMALS,REC,,BANT,484.0
2026-07-17,3040250720,060-0017-00,FLIGHT DIR HOR,BABV,OS concluída,REPARADO,,
2026-07-17,3040250721,060-0017-00,FLIGHT DIR HOR,BANT,OS concluída,REPARADO,,
2026-07-17,3040250722,066-01141-5101,"RECEIVER-TRANSMITTER,RADIO (KT71)",ALA 9,REC,EM REPARO,WILLIAM,484.0
2026-07-17,3040250723,066-01141-5101,"RECEIVER-TRANSMITTER,RADIO (KT71)",CLA,REC,,BABR,484.0
2026-07-17,3040250724,066-04035-1101,"DISPLAY UNIT,RADAR",PAMALS,REC,,BANT,484.0
2026-07-17,3040250725,066-3046-07,"CONTROL,INDICATOR",ALA 10,OS concluída,REPARADO,,
2026-07-17,3040250732,069-1025-25,"RECEIVER-TRANSMITTER,RADIO - KX165",PAMALS,REC,EM REPARO,WILLIAM,484.0
2026-07-17,3040250773,161-11700,INNER WHEEL HALF ASSY,EEAR,REC,,BACG,484.0
2026-07-17,3040250775,161-11700,INNER WHEEL HALF ASSY,BABE,OS concluída,CONDENADO,,
2026-07-17,3040250776,161-12800,WHEEL HALF ASSY-INNER,BABE,OS concluída,CONDENADO,,
2026-07-17,3040250778,161-12800,WHEEL HALF ASSY-INNER,BACG,OS concluída,REPARADO,,
2026-07-17,3040250780,162-11800,WHEEL HALF ASSY-OUTER,PAMALS,OS concluída,,,
2026-07-17,3040250781,162-11800,WHEEL HALF ASSY-OUTER,BACG,OS concluída,,,
2026-07-17,3040250782,2606012-1,INDICATOR-INTER-TURBINE TEMPERATURE,ALA 9,OS concluída,,,
2026-07-17,3040250789,2641012-14,TRUNNION ASSY-RH-MAIN GEAR,PAMASP,OS concluída,CONDENADO,,
2026-07-17,3040250790,2643031-7,"FORK ASSY,NOSE GEAR SPRING",BAMN,OS concluída,CONDENADO,,
2026-07-17,3040250791,2643090-1,SHIMMY DAMPENE,BANT,REC,EM REPARO,AV AERONAUTICA,484.0
2026-07-17,3040250792,2643090-1,SHIMMY DAMPENE,BAMN,REC,REPARADO,V1 PAMA-LS,484.0
2026-07-17,3040250793,2643099-4,"SUPPORT ASSY FOWARD, NLG SPRING",BAMN,OS concluída,CONDENADO,,
2026-07-17,3040250798,30994-001,BATTERY-MARATHON TSP410 NICAD,BANT,OS concluída,CONDENADO,AMA - VEE ONE,
2026-07-17,3040250816,453-5060,"BEACON,DISTRESS",BAMN,REC,,PAMA-LS,484.0
2026-07-17,3040250827,51539-012N,CONTROL UNIT ASSY-GENERATOR,BANT,REC,,BABR,484.0
2026-07-17,3040250828,51539-012N,CONTROL UNIT ASSY-GENERATOR,BACG,REC,,BABR,484.0
2026-07-17,3040250829,51539-012N,CONTROL UNIT ASSY-GENERATOR,BAMN,OS concluída,,,
2026-07-17,3040250830,799-1,TRANSDUCER,BACO,REC,,BANT,484.0
2026-07-17,3040250831,799-1,TRANSDUCER,BANT,REC,,BANT,484.0
2026-07-17,3040250832,9910338-4,FUEL TOTALIZER INDICATOR,EEAR,REC,,PAMA-LS,484.0
2026-07-17,3040250833,9910586-4,FLAP ACTUATOR AND MOTOR ASSEMBLY,ALA 3,REC,,BAMN,484.0
2026-07-17,3040250834,9910586-4,FLAP ACTUATOR AND MOTOR ASSEMBLY,ALA 3,OS concluída,CONDENADO,,
2026-07-17,3040250835,ASG12000-2,ALTERNATOR,ALA 5,REC,REPARADO,V1 PAMA-LS,484.0
2026-07-17,3040250841,C661030-0301,TURN BANK,PAMALS,REC,EM REPARO,LEAP,484.0
2026-07-17,3040250842,C662041-0102,INDICATOR FUEL,ALA 5,REC,,PAMA-LS,484.0
2026-07-17,3040250843,C662041-0102,INDICATOR FUEL,ALA 10,OS concluída,REPARADO,,
2026-07-17,3040250844,C662041-0102,INDICATOR FUEL,ALA 9,REC,,PAMA-LS,484.0
2026-07-17,3040252159,011-00916-00,DISPLAY UNIT GDU 1040A,BAMN,REC,,BAMN,451.0
2026-07-17,3040252160,011-01020-10,AFCS MODE CONTROLLER GMC 710,BAMN,OS concluída,,,
2026-07-17,3040252161,065-0042-03,COMPUTER PA,ALA 10,REC,EM REPARO,WILLIAM,451.0
2026-07-17,3040252162,065-0042-03,COMPUTER PA,EEAR,REC,,BABE,451.0
2026-07-17,3040252164,065-0042-03,COMPUTER PA,EEAR,REC,EM REPARO,WILLIAM,451.0
2026-07-17,3040252165,065-0042-03,COMPUTER PA,PAMALS,OS concluída,,,
2026-07-17,3040252166,065-0059-01,SERVO PITCH,EEAR,REC,EM REPARO,WILLIAM,451.0
2026-07-17,3040252168,066-03064-0005,"ALTIMETER,SERVO CONTROLLED,AUTOMATIC PRESSURE",ALA 9,OS concluída,REPARADO,,
2026-07-17,3040252170,066-03064-0005,"ALTIMETER,SERVO CONTROLLED,AUTOMATIC PRESSURE",ALA 7,REC,NO ESTADO,VEE ONE,451.0
2026-07-17,3040252172,066-03064-0005,"ALTIMETER,SERVO CONTROLLED,AUTOMATIC PRESSURE",PAMALS,REC,NO ESTADO,VEE ONE,451.0
2026-07-17,3040252173,066-03064-0005,"ALTIMETER,SERVO CONTROLLED,AUTOMATIC PRESSURE",BANT,REC,EM REPARO,LEAP,451.0
2026-07-17,3040252178,066-1072-00,RECEIVER ADF (KING KR87),PAMALS,OS concluída,,,
2026-07-17,3040252180,066-1072-04,"RECEIVER,RADIO",ALA 8,OS concluída,,,
2026-07-17,3040252181,066-1072-04,"RECEIVER,RADIO",PAMASP,REC,EM REPARO,WILLIAM,451.0
2026-07-17,3040252182,066-1072-04,"RECEIVER,RADIO",ALA 9,OS concluída,REPARADO,,
2026-07-17,3040252185,066-1072-04,"RECEIVER,RADIO",BAMN,OS concluída,REPARADO,,
2026-07-17,3040252189,9910338-6,"TRANSMITTER,RATE OF FLOW",ALA 8,OS concluída,REPARADO,,
2026-07-17,3040252190,9910338-6,"TRANSMITTER,RATE OF FLOW",BABR,OS concluída,,,
2026-07-17,3040252191,C611008-0101,ALTERNATOR CONTROL UNIT,PAMALS,REC,,BABR,451.0
2026-07-17,3040252935,030-18200,MAIN WHEEL BRAKE,BAMN,OS concluída,CONDENADO,,
2026-07-17,3040252936,030-18200,MAIN WHEEL BRAKE,BACO,REC,,PAMA-LS,421.0
2026-07-17,3040252939,C163030-1001,MAIN W BRAKE A,BABV,REC,,BAMN,421.0
2026-07-17,3040252940,30-182,MAIN WHEEL BRAKE,BABV,OS concluída,CONDENADO,,
2026-07-17,3040252942,30-182,MAIN WHEEL BRAKE,BAMN,OS concluída,REPARADO,,
2026-07-17,3040252943,30-182,MAIN WHEEL BRAKE,BAMN,OS concluída,REPARADO,,
2026-07-17,3040253168,161-12800,WHEEL HALF ASSY-INNER,BASM,REC,REPARADO,VEE ONE,417.0
2026-07-17,3040253170,161-12800,WHEEL HALF ASSY-INNER,BASM,OS concluída,CONDENADO,,
2026-07-17,3040253172,161-12800,WHEEL HALF ASSY-INNER,PAMALS,REC,,PROCURANDO,417.0
2026-07-17,3040253173,161-12800,WHEEL HALF ASSY-INNER,PAMALS,REC,EM REPARO,LEAP,417.0
2026-07-17,3040253174,161-12800,WHEEL HALF ASSY-INNER,PAMALS,OS concluída,CONDENADO,,
2026-07-17,3040253176,162-10700,OUTER WHEEL HALF ASSY,BABE,OS concluída,CONDENADO,,
2026-07-17,3040253177,162-10700,OUTER WHEEL HALF ASSY,BABV,REC,REPARADO,VEE ONE,417.0
2026-07-17,3040253178,162-10700,OUTER WHEEL HALF ASSY,PAMALS,REC,,PROCURANDO,417.0
2026-07-17,3040253179,162-11800,WHEEL HALF ASSY-OUTER,CLA,OS concluída,CONDENADO,,
2026-07-17,3040253180,162-11800,WHEEL HALF ASSY-OUTER,BASM,REC,,PROCURANDO,417.0
2026-07-17,3040253181,162-11800,WHEEL HALF ASSY-OUTER,PAMALS,OS concluída,REPARADO,,
2026-07-17,3040253182,162-11800,WHEEL HALF ASSY-OUTER,PAMALS,REC,REPARADO,VEE ONE,417.0
2026-07-17,3040253526,30994-001,BATTERY-MARATHON TSP410 NICAD,PAMALS,OS concluída,CONDENADO,AMA - VEE ONE,
2026-07-17,3040253527,30994-001,BATTERY-MARATHON TSP410 NICAD,BAPV,OS concluída,CONDENADO,AMA - VEE ONE,
2026-07-17,3040253528,066-03064-0005,"ALTIMETER,SERVO CONTROLLED,AUTOMATIC PRESSURE",BANT,OS concluída,REPARADO,,
2026-07-17,3040253529,066-03064-0005,"ALTIMETER,SERVO CONTROLLED,AUTOMATIC PRESSURE",DSM-MN,REC,DEVOLVIDO NO ESTADO,WILLIAM,407.0
2026-07-17,3040253530,799-1,TRANSDUCER,BAMN,REC,,BANT,407.0
2026-07-17,3040253531,799-1,TRANSDUCER,BAMN,REC,,VEE ONE,407.0
2026-07-17,3040253532,799-1,TRANSDUCER,PAMALS,REC,,BANT,407.0
2026-07-17,3040253535,2643099-4,"SUPPORT ASSY FOWARD, NLG SPRING",BABE,REC,CONDENADO,VEE ONE,407.0
2026-07-17,3040253536,2641012-14,TRUNNION ASSY-RH-MAIN GEAR,PAMALS,OS concluída,CONDENADO,,
2026-07-17,3040254195,540-1407-4,"VALVE,BLEED,TURBINEENGINE",PAMALS,REC,,BANT,389.0
2026-07-17,3040254201,2643090-3,SHIMMY DAMPER-NOSE GEAR,PAMALS,REC,REPARADO,V1 PAMA-LS,389.0
2026-07-17,3040254203,SE1070-6,SHIMMY DAMPENER ASSY,BACGINAT,OS concluída,,,
2026-07-17,3040254205,C660501-0103,"COMPASS,SPEC",PAMALS,REC,REPARADO,V1 PAMA-LS,389.0
2026-07-17,3040254206,C660501-0103,"COMPASS,SPEC",ALA 8,REC,EM REPARO EM GARANTIA,WILLIAM,389.0
2026-07-17,3040254208,C660501-0103,"COMPASS,SPEC",BABV,REC,REPARADO,V1 PAMA-LS,389.0
2026-07-17,3040254210,799-1,TRANSDUCER,BANT,REC,,BANT,389.0
2026-07-17,3040254770,069-1025-25,"RECEIVER-TRANSMITTER,RADIO - KX165",ALA 9,REC,EM REPARO,WILLIAM,380.0
2026-07-17,3040254784,452-0133,"BATTERY,NONRECHARGEABLE",DACTA II,REC,CONDENADO,VEE ONE,380.0
2026-07-17,3040254785,452-0133,"BATTERY,NONRECHARGEABLE",BAMN,REC,CONDENADO,VEE ONE,380.0
2026-07-17,3040254786,452-0133,"BATTERY PACK,AIRCRAFT",BAMN,REC,CONDENADO,VEE ONE,380.0
2026-07-17,3040254787,452-0133,"BATTERY PACK,AIRCRAFT",DACTA II,REC,CONDENADO,VEE ONE,380.0
2026-07-17,3040254788,452-0133,"BATTERY,NONRECHARGEABLE",BAMN,REC,CONDENADO,VEE ONE,380.0
2026-07-17,3040254789,452-0133,"BATTERY,NONRECHARGEABLE",BAMN,REC,CONDENADO,VEE ONE,380.0
2026-07-17,3040254792,2606013-1RX,INDICATOR-PERCENT RPM,BABR,REC,,BANT,380.0
2026-07-17,3040254793,D145-00-46-2,FLAP ACTUATOR ASSY,PAMALS,REC,,PAMA-LS,380.0
2026-07-17,3040254794,C145-350,"MOTOR,DIRECT CURRENT",PAMALS,OS concluída,,,
2026-07-17,3040254795,D145-00-46-2,FLAP ACTUATOR ASSY,BABE,REC,,PAMA-LS,380.0
2026-07-17,3040254796,30994-001,BATTERY-MARATHON TSP410 NICAD,BAMN,OS concluída,REPARADO,,
2026-07-17,3040254799,453-5000-710,EMERGENCY LOCATOR TRANSMITTER MODEL C406-2,PAMASP,OS concluída,,,
2026-07-17,3040254803,C352TS,"EXTINGUISHER,FIRE",2 ETA,REC,REPARADO,V1 PAMA-LS,380.0
2026-07-17,3040254805,C352TS,"EXTINGUISHER,FIRE",PAMALS,OS concluída,,,
2026-07-17,3040254806,C352TS,"EXTINGUISHER,FIRE",PAMALS,REC,REPARADO,V1 PAMA-LS,380.0
2026-07-17,3040254808,C352TS,"EXTINGUISHER,FIRE",BABR,REC,REPARADO,V1 PAMA-LS,380.0
2026-07-17,3040254809,C352TS,"EXTINGUISHER,FIRE",PAMAGL,OS concluída,,,
2026-07-17,3040254810,C352TS,"EXTINGUISHER,FIRE",PAMALS,OS concluída,,,
2026-07-17,3040254815,C482001-0402,VACUUM REGULAT,PAMALS,REC,CONDENADO,VEE ONE,380.0
2026-07-17,3040254816,C482001-0402,VACUUM REGULAT,PAMALS,REC,CONDENADO,VEE ONE,380.0
2026-07-17,3040254817,2641011-5,AXLE-MAIN GEAR,BABE,OS concluída,NO ESTADO,,
2026-07-17,3040254818,2641011-5,AXLE-MAIN GEAR,BABE,OS concluída,,,
2026-07-17,3040254819,2641011-5,AXLE-MAIN GEAR,BANT,OS concluída,REPARADO,,
2026-07-17,3040254820,2641011-5,AXLE-MAIN GEAR,BAMN,OS concluída,REPARADO,,
2026-07-17,3040255319,702801-5,FUEL PUMP,PAMASP,REC,EM REPARO,VEE ONE,371.0
2026-07-17,3040255321,8210-002,"GOVERNOR,CONSTANT SPEED DRIVE",PAMALS,OS concluída,,,
2026-07-17,3040255326,011-00916-00,DISPLAY UNIT GDU 1040A,BAMN,REC,,BAMN,371.0
2026-07-17,3040255461,DAAS-A-010-1,ADAS-D PROCESSOR,PAMALS,REC,EM REPARO,VEE ONE,367.0
2026-07-17,3040255589,071-01519-0101,"RECEIVER-EXCITER,RADAR",BANT,REC,,PROCURANDO,365.0
2026-07-17,3040255590,071-01519-0101,"RECEIVER-EXCITER,RADAR",PAMALS,OS concluída,REPARADO,,
2026-07-17,3040255706,C661064-0237,AIRSPEED INDICATOR,BAMN,OS concluída,,,
2026-07-17,3040256112,011-00883-20,RADAR GWX 68 WEATHER,BABE,REC,,BAMN,351.0
2026-07-17,3040256114,5934PAD-3,"ALTIMETER,PRESSURE",PAMALS,REC,EM REPARO,VEE ONE,351.0
2026-07-17,3040256115,5934PAD-3,"ALTIMETER,PRESSURE",PAMALS,OS concluída,REPARADO,,
2026-07-17,3040256118,011-00878-10,GSA-81 TORQUE SERVO,BAPV,REC,,BACO,351.0
2026-07-17,3040256119,011-00878-10,GSA-81 TORQUE SERVO,BAPV,REC,EM REPARO,LEAP,351.0
2026-07-17,3040256120,011-00916-10,"DISPLAY UNIT,FLIGHT INFORMATION",BAMN,OS concluída,,,
2026-07-17,3040256311,3121248-03,"VALVE ASSEMBLY,COMPRESSOR BLEED",PAMALS,OS concluída,,,
2026-07-17,3040256314,066-4010-12,RECEIVER VOR/LOC (KNS81),EEAR,REC,EM REPARO,LEAP,338.0
2026-07-17,3040256662,030-18200,MAIN WHEEL BRAKE,BASM,OS concluída,,,
2026-07-17,3040256665,161-11700,INNER WHEEL HALF ASSY,BABV,OS concluída,,,
2026-07-17,3040256666,161-11700,INNER WHEEL HALF ASSY,PAMALS,OS concluída,,,
2026-07-17,3040256667,161-11700,INNER WHEEL HALF ASSY,PAMALS,OS concluída,,,
2026-07-17,3040256668,161-11700,INNER WHEEL HALF ASSY,PAMALS,OS concluída,CONDENADO,,
2026-07-17,3040256669,161-11700,INNER WHEEL HALF ASSY,PAMALS,OS concluída,,,
2026-07-17,3040256670,161-11700,INNER WHEEL HALF ASSY,PAMALS,OS concluída,CONDENADO,,
2026-07-17,3040256671,161-11700,INNER WHEEL HALF ASSY,PAMALS,REC,REPARADO,VEE ONE,329.0
2026-07-17,3040256672,161-12800,WHEEL HALF ASSY-INNER,PAMALS,REC,REPARADO,VEE ONE,329.0
2026-07-17,3040256673,161-12800,WHEEL HALF ASSY-INNER,PAMALS,REC,CONDENADO,VEE ONE,326.0
2026-07-17,3040256675,161-12800,WHEEL HALF ASSY-INNER,BANT,OS concluída,REPARADO,,
2026-07-17,3040256694,162-11800,WHEEL HALF ASSY-OUTER,BANT,OS concluída,REPARADO,,
2026-07-17,3040256696,162-11800,WHEEL HALF ASSY-OUTER,PAMALS,REC,,PAMA-LS,329.0
2026-07-17,3040256698,030-18200,MAIN WHEEL BRAKE,PAMASP,REC,,PROCURANDO,329.0
2026-07-17,3040256702,C661064-0237,AIRSPEED INDICATOR,BABR,OS concluída,,,
2026-07-17,3040256703,C661064-0237,AIRSPEED INDICATOR,PAMALS,OS concluída,REPARADO,,
2026-07-17,3040256704,C661064-0237,AIRSPEED INDICATOR,PAMALS,OS concluída,,,
2026-07-17,3040256707,D210507,"GOVERNOR,OVERSPEED",PAMALS,OS concluída,,,
2026-07-17,3040256708,D210507,"GOVERNOR,OVERSPEED",PAMALS,REC,REPARADO,VEE ONE,329.0
2026-07-17,3040256709,3121248-03,"VALVE ASSEMBLY,COMPRESSOR BLEED",PAMASP,REC,,BANT,326.0
2026-07-17,3040256713,030-18200,MAIN WHEEL BRAKE,ALA 3,REC,,BAMN,329.0
2026-07-17,3040256787,011-00877-00,"GSA-80 SERVO ROL,YAW,SPEC",PAMALS,REC,EM REPARO,VEE ONE,329.0
2026-07-17,3040256792,011-00877-00,"GSA-80 SERVO ROL,YAW,SPEC",BAMN,REC,,PROCURANDO,329.0
2026-07-17,3040256828,011-00883-20,RADAR GWX 68 WEATHER,PAMALS,REC,CONDENADO,V1 PAMA-LS,329.0
2026-07-17,3040257093,065-00183-0501,AUTOPILOT COMPUTER KFC225,BABE,REC,,BANT,322.0
2026-07-17,3040257094,065-00183-0501,AUTOPILOT COMPUTER KFC225,BABE,REC,,BANT,322.0
2026-07-17,3040257095,011-01105-01,INTEGRATED AVIONICS UNIT GIA63W,BABE,REC,EM REPARO,VEE ONE,322.0
2026-07-17,3040257096,011-01105-01,INTEGRATED AVIONICS UNIT GIA63W,BABE,REC,,BAMN,322.0
2026-07-17,3040257436,30994-001,BATTERY-MARATHON TSP410 NICAD,PAMALS,OS concluída,CONDENADO,AMA - VEE ONE,
2026-07-17,3040257438,030-18200,MAIN WHEEL BRAKE,BAMN,REC,REPARADO,VEE ONE,303.0
2026-07-17,3040257439,030-18200,MAIN WHEEL BRAKE,BAMN,REC,,BAMN,303.0
2026-07-17,3040257440,030-18200,MAIN WHEEL BRAKE,BANT,REC,CONDENADO,VEE ONE,303.0
2026-07-17,3040257441,030-18200,MAIN WHEEL BRAKE,BAPV,REC,,BAMN,303.0
2026-07-17,3040257442,C163030-1001,MAIN W BRAKE A,BAMN,REC,REPARADO,VEE ONE,303.0
2026-07-17,3040257443,161-12800,WHEEL HALF ASSY-INNER,ALA 3,AUT,,NÃO TEVE MOVIMENTAÇÃO,310.0
2026-07-17,3040257444,162-10700,OUTER WHEEL HALF ASSY,PAMALS,OS concluída,CONDENADO,,
2026-07-17,3040257447,162-10700,OUTER WHEEL HALF ASSY,PAMALS,OS concluída,CONDENADO,,
2026-07-17,3040257450,3244809-4,"FUEL CONTROL,MAIN,TURBINE ENGINE",PAMASP,OS concluída,EM REPARO,LEAP,
2026-07-17,3040257451,3244809-7,"FUEL CONTROL,MAIN,TURBINE ENGINE",PAMASP,REC,,BANT,303.0
2026-07-17,3040257452,3244809-8,"FUEL CONTROL,MAIN,TURBINE ENGINE",BAPV,OS concluída,REPARADO,,
2026-07-17,3040257453,EA-5172-45-CES,"INDICATOR,AIRSPEED",ALA 7,REC,DEVOLVIDO NO ESTADO,WILLIAM,303.0
2026-07-17,3040257454,EA-5172-45-CES,"INDICATOR,AIRSPEED",BACG,OS concluída,,,
2026-07-17,3040258303,011-00877-00,"GSA-80 SERVO ROL,YAW,SPEC",DACTA II,REC,EM REPARO,VEE ONE,283.0
2026-07-17,3040258306,D210507,"GOVERNOR,OVERSPEED",PAMALS,REC,EM REPARO,LEAP,283.0
2026-07-17,3040258307,D210507,"GOVERNOR,OVERSPEED",ALA 5,OS concluída,,,
2026-07-17,3040258308,D210507,"GOVERNOR,OVERSPEED",BAMN,OS concluída,REPARADO,,
2026-07-17,3040258309,D210507,"GOVERNOR,OVERSPEED",BAMN,REC,EM REPARO,LEAP,283.0
2026-07-17,3040258310,D210507,"GOVERNOR,OVERSPEED",BACO,OS concluída,,,
2026-07-17,3040258419,011-00877-00,"GSA-80 SERVO ROL,YAW,SPEC",DACTA II,REC,EM REPARO,VEE ONE,281.0
2026-07-17,3040258420,011-00877-00,"GSA-80 SERVO ROL,YAW,SPEC",BACO,REC,EM REPARO,VEE ONE,281.0
2026-07-17,3040258421,011-00877-00,"GSA-80 SERVO ROL,YAW,SPEC",BABE,REC,,BACO,281.0
2026-07-17,3040258422,2601188-8,COMPRESSOR DRIVE ASSY R134A,PAMASP,REC,,PROCURANDO,281.0
2026-07-17,3040258764,069-01034-0102,"NAVIGATION SET,SATELLITE SIGNALS KLN-94",PAMALS,REC,,BANT,274.0
2026-07-17,3040259146,1U149-015-15,HORIZ. GYRO-STADBY,PAMALS,REC,EM REPARO,VEE ONE,252.0
2026-07-17,3040259147,162-10700,OUTER WHEEL HALF ASSY,BANT,REC,EM REPARO,AMA - VEE ONE,252.0
2026-07-17,3040259148,3049038-03,"VALVE,COMPRESSOR BLEED",BANT,OS concluída,,,
2026-07-17,3040259151,066-01141-5101,"TRANSPONDER,RADAR",BANT,REC,REPARADO,V1 PAMA-LS,255.0
2026-07-17,3040259152,066-01141-5101,"TRANSPONDER,RADAR",BABE,REC,,BANT,255.0
2026-07-17,3040259251,064-1019-05,VHF TRANSCEIVE KY196,EEAR,REC,,EEAR,253.0
2026-07-17,3040259316,2606015-4,INDICATOR-OIL TEMP/OIL PRESS,BACG,REC,REPARADO,V1 PAMA-LS,249.0
2026-07-17,3040259564,C414007-0102,BLOWER ASSY,PAMALS,OS concluída,,,
2026-07-17,3040259568,C414007-0102,BLOWER ASSY,ALA 10,OS concluída,,,
2026-07-17,3040259570,C414007-0102,BLOWER ASSY,ALA 10,OS concluída,,,
2026-07-17,3040259694,025323-150,FUEL PUMP,PAMASP,REC,,BACO,241.0
2026-07-17,3040259918,C414007-0102,BLOWER ASSY,ALA 10,REC,EM REPARO,VEE ONE,234.0
2026-07-17,3040259922,C414007-0102,BLOWER ASSY,BANT,REC,REPARADO,V1 PAMA-LS,234.0
2026-07-17,3040259924,C414007-0102,BLOWER ASSY,BACG,REC,EM REPARO,VEE ONE,234.0
2026-07-17,3040259928,C414007-0102,BLOWER ASSY,PAMALS,REC,EM REPARO,VEE ONE,234.0
2026-07-17,3040259944,066-3046-07,"CONTROL,INDICATOR",EEAR,REC,,PAMA-LS,234.0
2026-07-17,3040259946,066-3046-07,"CONTROL,INDICATOR",BANT,REC,,BANT,234.0
2026-07-17,3040259947,066-3046-07,"CONTROL,INDICATOR",EEAR,OS concluída,REPARADO,,
2026-07-17,3040259949,065-0060-01,"CONTROL,SERVO,AUTOMATIC PILOT",PAMALS,REC,EM REPARO,LEAP,234.0
2026-07-17,3040259950,065-0060-01,"CONTROL,SERVO,AUTOMATIC PILOT",PAMALS,REC,EM REPARO,LEAP,234.0
2026-07-17,3040260204,324843-W020,HEADSET-MICROPHONE,PAMALS,OS concluída,REPARADO,,
2026-07-17,3040260205,324843-W020,HEADSET-MICROPHONE,PAMALS,OS concluída,REPARADO,,
2026-07-17,3040260208,324843-W020,HEADSET-MICROPHONE,PAMALS,REC,VAI SER DEVOLVIDO SEM REPARO,WILLIAM,220.0
2026-07-17,3040260209,011-00916-00,DISPLAY UNIT GDU 1040A,PAMALS,REC,,BAMN,220.0
2026-07-17,3040260382,065-00183-0501,AUTOPILOT COMPUTER KFC225,BANT,REC,,BANT,213.0
2026-07-17,3040260388,SD5H14C4527,AIR COMPRESSOR,PAMALS,REC,EM REPARO,VEE ONE,213.0
2026-07-17,3040260389,SD5H14C4527,AIR COMPRESSOR,PAMALS,REC,EM REPARO,VEE ONE,213.0
2026-07-17,3040260516,ASG12000-2,ALTERNATOR,PAMALS,REC,REPARADO,V1 PAMA-LS,210.0
2026-07-17,3040260517,ASG12000-2,ALTERNATOR,PAMALS,OS concluída,,,
2026-07-17,3040260522,9910592-2,ALTERNADOR,BAMN,REC,REPARADO,V1 PAMA-LS,210.0
2026-07-17,3040260523,9910592-2,ALTERNADOR,BAMN,REC,REPARADO,V1 PAMA-LS,210.0
2026-07-17,3040260524,51539-012M,CONTROL UNIT ASSY-GENERATOR,BANT,REC,,BACG,210.0
2026-07-17,3040260538,324843-W020,HEADSET-MICROPHONE,PAMALS,REC,,BABE,192.0
2026-07-17,3040260539,324843-W020,HEADSET-MICROPHONE,PAMALS,REC,,BABE,192.0
2026-07-17,3040260540,324843-W020,HEADSET-MICROPHONE,PAMALS,OS concluída,REPARADO,,
2026-07-17,3040260541,324843-W020,HEADSET-MICROPHONE,PAMALS,OS concluída,REPARADO,,
2026-07-17,3040260542,324843-W020,HEADSET-MICROPHONE,PAMALS,REC,,BABE,192.0
2026-07-17,3040260543,324843-W020,HEADSET-MICROPHONE,PAMALS,REC,VAI SER DEVOLVIDO SEM REPARO,WILLIAM,192.0
2026-07-17,3040260544,161-11700,INNER WHEEL HALF ASSY,BANT,REC,REPARADO,VEE ONE,192.0
2026-07-17,3040260545,161-11700,INNER WHEEL HALF ASSY,BACG,REC,REPARADO,VEE ONE,192.0
2026-07-17,3040260546,161-12800,WHEEL HALF ASSY-INNER,PAMALS,REC,REPARADO,VEE ONE,192.0
2026-07-17,3040260547,161-12800,WHEEL HALF ASSY-INNER,EPCAR,OS concluída,REPARADO,VEE ONE,
2026-07-17,3040260548,161-11700,INNER WHEEL HALF ASSY,CLA,REC,REPARADO,VEE ONE,192.0
2026-07-17,3040260549,162-10700,OUTER WHEEL HALF ASSY,BACG,REC,REPARADO,VEE ONE,192.0
2026-07-17,3040260550,162-10700,OUTER WHEEL HALF ASSY,CLA,REC,REPARADO,VEE ONE,192.0
2026-07-17,3040260551,162-11800,WHEEL HALF ASSY-OUTER,BANT,REC,REPARADO,VEE ONE,192.0
2026-07-17,3040260552,30994-001,BATTERY-MARATHON TSP410 NICAD,BABE,OS concluída,CONDENADO,AMA - VEE ONE,
2026-07-17,3040260583,3244897-4,FUEL CONTROL UNIT,PAMALS,OS concluída,,,
2026-07-17,3040260595,9910586-4,FLAP ACTUATOR AND MOTOR ASSEMBLY,7 ETA,REC,,BAMN,192.0
2026-07-17,3040260597,9910586-4,FLAP ACTUATOR AND MOTOR ASSEMBLY,BAPV,REC,REPARADO,VEE ONE,192.0
2026-07-17,3040260750,3122678-04,FUEL CONTROL UNIT,PAMASP,REC,,BANT,184.0
2026-07-17,3040260752,3244897-4,FUEL CONTROL UNIT,PAMASP,OS concluída,REPARADO,,
2026-07-17,3040260753,3244809-7,"FUEL CONTROL,MAIN,TURBINE ENGINE",PAMASP,OS concluída,REPARADO,,
2026-07-17,3040260754,3244809-1,"FUEL CONTROL,MAIN,TURBINE ENGINE",PAMASP,REC,EM QUARENTENA,LEAP,184.0
2026-07-17,3040260811,3034792,BOMBA DE COMBUSTÍVEL,BAPV,REC,,BABR,170.0
2026-07-17,3040260812,3034792,BOMBA DE COMBUSTÍVEL,BACG,OS concluída,,,
2026-07-17,3040260913,064-1054-30,RECEIVER-TRANSMITTER SUBASSEMBLY,EPCAR,REC,REPARADO,V1 PAMA-LS,172.0
2026-07-17,3040260915,064-1054-30,RECEIVER-TRANSMITTER SUBASSEMBLY,PAMALS,REC,REPARADO,V1 PAMA-LS,172.0
2026-07-17,3040260922,162-11800,WHEEL HALF ASSY-OUTER,PAMALS,OS concluída,,,
2026-07-17,3040260923,030-18200,MAIN WHEEL BRAKE,BACO,REC,REPARADO,VEE ONE,170.0
2026-07-17,3040261322,011-00831-00,"ENGINE INTERFA,SPEC",BAPV,REC,REPARADO,VEE ONE,157.0
2026-07-17,3040261324,011-00882-10,"COMPUTER,AIR DATA",BAMN,OS concluída,,,
2026-07-17,3040261326,011-00882-10,"COMPUTER,AIR DATA",BAMN,OS concluída,,,
2026-07-17,3040261327,064-1054-30,RECEIVER-TRANSMITTER SUBASSEMBLY,PAMASP,REC,REPARADO,V1 PAMA-LS,157.0
2026-07-17,3040261329,065-0061-36,ACTUATOR TRIM (KS272A),ALA 10,OS concluída,REPARADO,,
2026-07-17,3040261331,065-0061-36,ACTUATOR TRIM (KS272A),PAMASP,REC,,BABR,157.0
2026-07-17,3040261334,065-0065-01,SELECTOR ALT,BANT,REC,EM REPARO,WILLIAM,157.0
2026-07-17,3040261335,065-0065-01,SELECTOR ALT,BANT,REC,EM REPARO,WILLIAM,157.0
2026-07-17,3040261336,066-01141-0101,"RECEIVER,RADIO",BANT,REC,REPARADO,V1 PAMA-LS,157.0
2026-07-17,3040261340,066-1053-00,"RECEIVER,RADIO",BASM,REC,REPARADO,V1 PAMA-LS,157.0
2026-07-17,3040261342,066-3084-02,COLOR RADAR INDICATOR,BABV,REC,EM REPARO,WILLIAM,157.0
2026-07-17,3040261344,066-4010-12,RECEIVER VOR/LOC (KNS81),ALA 10,REC,EM REPARO,WILLIAM,157.0
2026-07-17,3040261347,071-1234-00,ANTENNA ACCESSORY,ALA 1,REC,EM REPARO,WILLIAM,157.0
2026-07-17,3040261352,1134380-4,EVAPORATOR MODULE ASSY-RH,BAMN,REC,CONDENADO,VEE ONE,157.0
2026-07-17,3040261353,1H75-21,PRESSURE REGULATOR,BAMN,REC,,BAMN,157.0
2026-07-17,3040261354,2643100-201,NOSE GEAR STRUT ASSY - TALL FORK,BANT,REC,EM REPARO,AV AERONAUTICA,157.0
2026-07-17,3040261355,2643100-201,NOSE GEAR STRUT ASSY - TALL FORK,BABR,OS concluída,REPARADO,,
2026-07-17,3040261356,2670104-2,ANNUNCIATOR PANEL,PAMALS,REC,REPARADO,VEE ONE,157.0
2026-07-17,3040261357,2682001-1,BRAKE CYL MAST,BABE,OS concluída,REPARADO,,
2026-07-17,3040261364,8210-002-01,GOVERNOR PROPELLER,PAMASP,REC,REPARADO,VEE ONE,157.0
2026-07-17,3040261371,TFF2905-13,FUEL FLOW TRANSDUCER,ALA 8,REC,EM REPARO,WILLIAM,157.0
2026-07-17,3040261373,C661065-0240,AIRSPEED INDICATOR,BABE,REC,REPARADO,V1 PAMA-LS,157.0
2026-07-17,3040261375,C661065-0240RX,"INDICATOR, AIRSPEED",BACG,REC,EM REPARO,WILLIAM,157.0
2026-07-17,3040261376,066-1061-03,RT RADAR ALTIM (KRA10A),PAMALS,REC,PARA REPARO,VEE ONE,157.0
2026-07-17,3040261377,066-3054-01,INDICATOR RADAR ALTIMETER - TYPE KI250,PAMALS,REC,EM REPARO,WILLIAM,157.0
2026-07-17,3040261387,3034792,BOMBA DE COMBUSTÍVEL,BABR,OS concluída,REPARADO,,
2026-07-17,3040261388,3034792,BOMBA DE COMBUSTÍVEL,BABR,OS concluída,REPARADO,,
2026-07-17,3040261389,3034792,BOMBA DE COMBUSTÍVEL,PAMASP,REC,REPARADO,V1 PAMA-LS,157.0
2026-07-17,3040261627,S3828-1,ALTIMETER,BAMN,REC,EM REPARO,WILLIAM,143.0
2026-07-17,3040261628,S3828-1,ALTIMETER,BABE,REC,REPARADO,V1 PAMA-LS,143.0
2026-07-17,3040261843,3034792,BOMBA DE COMBUSTÍVEL,PAMALS,REC,EM REPARO,VEE ONE,130.0
2026-07-17,3040261851,51539-012MRX,CONTROL UNIT ASSY-GENERATOR,BABE,REC,EM REPARO,VEE ONE,135.0
2026-07-17,3040261852,51539-012MRX,CONTROL UNIT ASSY-GENERATOR,BABE,REC,EM REPARO,VEE ONE,135.0
2026-07-17,3040262245,200SGL119Q-2,STARTER GENERATOR,BAMN,OS concluída,REPARADO,,
2026-07-17,3040262246,200SGL119Q-2,STARTER GENERATOR,BAMN,OS concluída,REPARADO,,
2026-07-17,3040262273,324843-W020,HEADSET-MICROPHONE,BABE,OS concluída,REPARADO,,
2026-07-17,3040262275,324843-W020,HEADSET-MICROPHONE,BANT,OS concluída,REPARADO,,
2026-07-17,3040262363,066-1055-00,AUDIO CONTROL PANEL,ALA 5,OS concluída,,,
2026-07-17,3040262367,066-1055-00,AUDIO CONTROL PANEL,ALA 9,REC,EM REPARO,WILLIAM,113.0
2026-07-17,3040262368,066-1055-00,AUDIO CONTROL PANEL,CLA,OS concluída,,,
2026-07-17,3040262371,51539-012N,CONTROL UNIT ASSY-GENERATOR,BANT,REC,REPARADO,V1 PAMA-LS,113.0
2026-07-17,3040262372,51539-012M,CONTROL UNIT ASSY-GENERATOR,BANT,REC,,V1 PAMA-LS,113.0
2026-07-17,3040262419,065-0061-36,ACTUATOR TRIM (KS272A),ALA 9,REC,EM REPARO,WILLIAM,108.0
2026-07-17,3040262630,161-11700,INNER WHEEL HALF ASSY,BANT,REC,REPARADO,VEE ONE,95.0
2026-07-17,3040262632,161-12800,WHEEL HALF ASSY-INNER,BANT,OS concluída,REPARADO,VEE ONE,
2026-07-17,3040262633,161-12800,WHEEL HALF ASSY-INNER,BANT,REC,REPARADO,VEE ONE,95.0
2026-07-17,3040262634,162-10700,OUTER WHEEL HALF ASSY,BANT,REC,REPARADO,VEE ONE,95.0
2026-07-17,3040262635,162-11800,WHEEL HALF ASSY-OUTER,EPCAR,REC,REPARADO,VEE ONE,95.0
2026-07-17,3040262636,162-11800,WHEEL HALF ASSY-OUTER,BANT,REC,REPARADO,VEE ONE,95.0
2026-07-17,3040262637,162-11800,WHEEL HALF ASSY-OUTER,BANT,REC,REPARADO,VEE ONE,95.0
2026-07-17,3040262638,200SGL119Q,STARTER GENERATOR,PAMALS,REC,EM REPARO,AV AERONAUTICA,95.0
2026-07-17,3040262639,200SGL119Q,STARTER GENERATOR,PAMASP,OS concluída,,PAMA-LS,
2026-07-17,3040262646,200SGL119Q,STARTER GENERATOR,PAMASP,OS concluída,,,
2026-07-17,3040262706,2641011-5,AXLE-MAIN GEAR,BAMN,REC,,BANT,95.0
2026-07-17,3040262707,2641011-5,AXLE-MAIN GEAR,BABV,REC,REPARADO,VEE ONE,95.0
2026-07-17,3040262708,2641011-5,AXLE-MAIN GEAR,PAMALS,REC,,BANT,95.0
2026-07-17,3040262709,2641011-5,AXLE-MAIN GEAR,PAMALS,REC,,BANT,95.0
2026-07-17,3040262711,2641011-5,AXLE-MAIN GEAR,BABR,REC,,BANT,95.0
2026-07-17,3040262712,2641011-5,AXLE-MAIN GEAR,BABR,REC,,BANT,95.0
2026-07-17,3040262713,2641011-5,AXLE-MAIN GEAR,BAPV,REC,REPARADO,VEE ONE,95.0
2026-07-17,3040262714,2641011-5,AXLE-MAIN GEAR,BAPV,REC,,BANT,95.0
2026-07-17,3040262717,2641011-5,AXLE-MAIN GEAR,BANT,REC,REPARADO,VEE ONE,95.0
2026-07-17,3040262734,C352,PORTABLE HALON FIRE EXTINGUISHERS,ALA 5,REC,EM REPARO,AV AERONAUTICA,95.0
2026-07-17,3040262738,C352TS,"EXTINGUISHER,FIRE",BANT,REC,,PROCURANDO,95.0
2026-07-17,3040262739,C352TS,"EXTINGUISHER,FIRE",BANT,REC,,PROCURANDO,95.0
2026-07-17,3040262740,C352TS,"EXTINGUISHER,FIRE",PAMALS,REC,,PROCURANDO,95.0
2026-07-17,3040262744,3244809-1A,F.C.U,PAMALS,REC,EM REPARO,LEAP,95.0
2026-07-17,3040262745,064-1019-05,VHF TRANSCEIVE KY196,EEAR,REC,EM REPARO,VEE ONE,95.0
2026-07-17,3040262746,066-1070-01,TRANSCEIVER DME (KN63),BABE,REC,EM REPARO,WILLIAM,95.0
2026-07-17,3040262747,066-1072-00,RECEIVER ADF (KING KR87),ALA 7,REC,EM REPARO,WILLIAM,95.0
2026-07-17,3040262748,066-3046-07,"CONTROL,INDICATOR",BABR,REC,,BANT,95.0
2026-07-17,3040262757,2606015-2,IND OIL TEMP/P,PAMALS,REC,EM REPARO,VEE ONE,95.0
2026-07-17,3040262758,9910338-4,FUEL TOTALIZER INDICATOR,PAMALS,REC,EM REPARO,VEE ONE,95.0
2026-07-17,3040262759,9910338-6,"TRANSMITTER,RATE OF FLOW",BAMN,REC,EM REPARO,WILLIAM,95.0
2026-07-17,3040262760,9910338-6,"TRANSMITTER,RATE OF FLOW",BANT,REC,EM REPARO,VEE ONE,95.0
2026-07-17,3040262765,011-00883-20,RADAR GWX 68 WEATHER,BAMN,REC,EM REPARO,VEE ONE,95.0
2026-07-17,3040262766,011-00883-20,RADAR GWX 68 WEATHER,BAMN,OS concluída,EM REPARO,VEE ONE,
2026-07-17,3040262767,066-3046-07,"CONTROL,INDICATOR",EEAR,REC,EM REPARO,LEAP,95.0
2026-07-17,3040262768,066-3046-07,"CONTROL,INDICATOR",EEAR,REC,EM REPARO,LEAP,95.0
2026-07-17,3040262769,066-3046-07,"CONTROL,INDICATOR",BABR,REC,,BANT,95.0
2026-07-17,3040262770,011-01020-10,AFCS MODE CONTROLLER GMC 710,BAMN,REC,EM REPARO,WILLIAM,95.0
2026-07-17,3040262772,011-01020-10,AFCS MODE CONTROLLER GMC 710,BAMN,REC,EM REPARO,WILLIAM,95.0
2026-07-17,3040262773,011-01020-10,AFCS MODE CONTROLLER GMC 710,BAMN,REC,EM REPARO,WILLIAM,95.0
2026-07-17,3040262791,066-3060-00,IND RMI KNI582,BANT,REC,EM REPARO,LEAP,95.0
2026-07-17,3040262792,066-3060-00,IND RMI KNI582,BANT,REC,EM REPARO,LEAP,95.0
2026-07-17,3040262966,2682001-1,BRAKE CYL MAST,BACO,OS concluída,,PAMA-LS,
2026-07-17,3040262967,2682001-1,BRAKE CYL MAST,PAMALS,REC,REPARADO,V1 PAMA-LS,93.0
2026-07-17,3040262968,2682001-1,BRAKE CYL MAST,BANT,OS concluída,,PAMA-LS,
2026-07-17,3040262969,2682001-1,BRAKE CYL MAST,BABE,REC,REPARADO,V1 PAMA-LS,93.0
2026-07-17,3040263069,453-5060,ELT C406-N,BABE,OS concluída,,,
2026-07-17,3040263283,D145-00-46-2,FLAP ACTUATOR ASSY,PAMALS,REC,EM REPARO,LEAP,78.0
2026-07-17,3040263284,D145-00-46-2,FLAP ACTUATOR ASSY,BAFL,REC,EM REPARO,LEAP,78.0
2026-07-17,3040263286,C661065-0237,AIRSPEED INDICATOR,BANT,REC,DEVOLVIDO NO ESTADO,WILLIAM,78.0
2026-07-17,3040263287,C661065-0237,AIRSPEED INDICATOR,BABR,REC,REPARADO,VEE ONE,78.0
2026-07-17,3040263288,C661065-0237,AIRSPEED INDICATOR,PAMASP,REC,REPARADO,VEE ONE,78.0
2026-07-17,3040263314,060-0017-00,FLIGHT DIR HOR,EEAR,REC,EM REPARO,LEAP,78.0
2026-07-17,3040263315,060-0017-00,FLIGHT DIR HOR,BACG,OS concluída,,BABR,
2026-07-17,3040263316,060-0017-00,FLIGHT DIR HOR,BANT,REC,,BANT,78.0
2026-07-17,3040263317,060-0017-00,FLIGHT DIR HOR,PAMASP,REC,,BANT,78.0
2026-07-17,3040263319,066-1055-00,AUDIO CONTROL PANEL,BABE,REC,REPARADO,VEE ONE,78.0
2026-07-17,3040263320,066-1055-00,AUDIO CONTROL PANEL,PAMALS,REC,EM REPARO,AV AERONAUTICA,78.0
2026-07-17,3040263322,066-1055-00,AUDIO CONTROL PANEL,ALA 9,REC,EM REPARO,WILLIAM,78.0
2026-07-17,3040263324,069-01033-0101,"RECEIVER-TRANSMITTER,RADIO",PAMALS,REC,EM REPARO,LEAP,78.0
2026-07-17,3040263325,069-01033-0101,"RECEIVER-TRANSMITTER,RADIO",PAMALS,REC,,PROCURANDO,78.0
2026-07-17,3040263326,069-01033-0101,"RECEIVER-TRANSMITTER,RADIO",PAMALS,REC,,BANT,78.0
2026-07-17,3040263327,C661064-0237,AIRSPEED INDICATOR,BABR,REC,EM REPARO,WILLIAM,78.0
2026-07-17,3040263328,C661064-0237,AIRSPEED INDICATOR,BABR,REC,EM REPARO,WILLIAM,78.0
2026-07-17,3040263329,C661064-0237,AIRSPEED INDICATOR,PAMALS,REC,EM REPARO,WILLIAM,78.0
2026-07-17,3040263330,C661064-0237,AIRSPEED INDICATOR,PAMALS,REC,EM REPARO,WILLIAM,78.0
2026-07-17,3040263331,C661064-0237,AIRSPEED INDICATOR,PAMALS,REC,VAI SER DEVOLVIDO SEM REPARO,WILLIAM,78.0
2026-07-17,3040263332,011-00916-10,"DISPLAY UNIT,FLIGHT INFORMATION",BAMN,REC,EM REPARO,WILLIAM,78.0
2026-07-17,3040263333,011-00916-10,"DISPLAY UNIT,FLIGHT INFORMATION",BACO,REC,EM REPARO,WILLIAM,78.0
2026-07-17,3040263334,011-00916-10,"DISPLAY UNIT,FLIGHT INFORMATION",BACO,REC,VAI SER DEVOLVIDO SEM REPARO,WILLIAM,78.0
2026-07-17,3040263335,C611008-0101,ALTERNATOR CONTROL UNIT,PAMALS,REC,EM REPARO,AV AERONAUTICA,78.0
2026-07-17,3040263336,C611008-0101,ALTERNATOR CONTROL UNIT,PAMALS,REC,EM REPARO,AV AERONAUTICA,78.0
2026-07-17,3040263338,C611008-0101,ALTERNATOR CONTROL UNIT,PAMALS,REC,REPARADO,V1 PAMA-LS,78.0
2026-07-17,3040263415,069-01033-0101,"RECEIVER-TRANSMITTER,RADIO",BABR,REC,,BANT,72.0
2026-07-17,3040263416,069-01033-0101,"RECEIVER-TRANSMITTER,RADIO",BASM,REC,EM REPARO,WILLIAM,72.0
2026-07-17,3040263417,069-01033-0101,"RECEIVER-TRANSMITTER,RADIO",PAMALS,REC,EM REPARO,WILLIAM,72.0
2026-07-17,3040263433,066-03064-0005,"ALTIMETER,SERVO CONTROLLED,AUTOMATIC PRESSURE",BACG,REC,EM REPARO,WILLIAM,72.0
2026-07-17,3040263434,066-03064-0005,"ALTIMETER,SERVO CONTROLLED,AUTOMATIC PRESSURE",PAMASP,REC,VAI SER DEVOLVIDO SEM REPARO,WILLIAM,72.0
2026-07-17,3040263435,066-03064-0005,"ALTIMETER,SERVO CONTROLLED,AUTOMATIC PRESSURE",BANT,REC,EM REPARO,WILLIAM,72.0
2026-07-17,3040263443,3244897-4,FUEL CONTROL UNIT,PAMALS,REC,EM REPARO,LEAP,71.0
2026-07-17,3040263444,3244897-4,FUEL CONTROL UNIT,PAMALS,REC,EM REPARO,LEAP,71.0
2026-07-17,3040263447,066-3046-07,"CONTROL,INDICATOR",CLA,REC,,BABR,72.0
2026-07-17,3040263448,2618510-10,ALTERNATOR CONTROL UNIT ASSY,BABE,REC,EM REPARO,WILLIAM,66.0
2026-07-17,3040263449,2618510-10,ALTERNATOR CONTROL UNIT ASSY,PAMALS,REC,EM REPARO,WILLIAM,66.0
2026-07-17,3040263571,066-3084-32,IND RDR 2000 IN-182A,PAMALS,REC,EM REPARO,WILLIAM,66.0
2026-07-17,3040263572,066-3084-32,IND RDR 2000 IN-182A,PAMALS,REC,EM REPARO,WILLIAM,66.0
2026-07-17,3040263573,066-3084-32,IND RDR 2000 IN-182A,PAMALS,REC,,BABR,66.0
2026-07-17,3040263574,066-1072-04,"RECEIVER,RADIO",BABE,REC,EM REPARO,WILLIAM,66.0
2026-07-17,3040263575,066-1072-04,"RECEIVER,RADIO",BABE,REC,EM REPARO,WILLIAM,66.0
2026-07-17,3040263576,066-1072-04,"RECEIVER,RADIO",BAMN,OS concluída,DEVOLVIDO NO ESTADO,WILLIAM,
2026-07-17,3040263577,060-0015-00,"CONTROL,DIRECTIONAL,AUTOMATIC PILOT",ALA 5,REC,EM REPARO,WILLIAM,66.0
2026-07-17,3040263795,071-01519-0101,"RECEIVER-EXCITER,RADAR",PAMALS,REC,,PROCURANDO,49.0
2026-07-17,3040263796,071-01519-0101,"RECEIVER-EXCITER,RADAR",PAMALS,REC,,PROCURANDO,49.0
2026-07-17,3040263797,066-3046-07,"CONTROL,INDICATOR",BABE,REC,EM REPARO,WILLIAM,49.0
2026-07-17,3040263798,066-3046-07,"CONTROL,INDICATOR",PAMASP,REC,EM REPARO,WILLIAM,49.0
2026-07-17,3040263799,066-3046-07,"CONTROL,INDICATOR",PAMASP,REC,EM REPARO,WILLIAM,49.0
2026-07-17,3040263877,2641011-5,AXLE-MAIN GEAR,CLA,REC,EM REPARO,LEAP,56.0
2026-07-17,3040263878,2641011-5,AXLE-MAIN GEAR,CLA,REC,EM REPARO,LEAP,56.0
2026-07-17,3040264121,3244897-4,FUEL CONTROL UNIT,BABE,OS concluída,EM REPARO,LEAP,
2026-07-17,3040264122,3244809-8,"FUEL CONTROL,MAIN,TURBINE ENGINE",BABE,OS concluída,,BABR,
2026-07-17,3040264236,200SGL119Q-2,STARTER GENERATOR,BABE,REC,,BABE,49.0
2026-07-17,3040264237,200SGL119Q-2,STARTER GENERATOR,BAMN,REC,EM REPARO,AV AERONAUTICA,49.0
2026-07-17,3040264238,324843-2020,HEADSET-MICROPHONE,DACTA II,REC,EM REPARO,WILLIAM,49.0
2026-07-17,3040264240,324843-2020,HEADSET-MICROPHONE,DACTA II,REC,EM REPARO,WILLIAM,49.0
2026-07-17,3040264241,324843-2020,HEADSET-MICROPHONE,DACTA II,REC,EM REPARO,WILLIAM,49.0
2026-07-17,3040264242,324843-2020,HEADSET-MICROPHONE,BABE,REC,EM REPARO,WILLIAM,49.0
2026-07-17,3040264243,069-01033-0101,"RECEIVER-TRANSMITTER,RADIO",PAMALS,REC,EM REPARO,WILLIAM,49.0
2026-07-17,3040264244,069-01033-0101,"RECEIVER-TRANSMITTER,RADIO",PAMASP,REC,EM REPARO,WILLIAM,49.0
2026-07-17,3040264246,060-0017-00,FLIGHT DIR HOR,PAMALS,REC,EM REPARO,WILLIAM,49.0
2026-07-17,3040264262,9910338-8,"INDICATOR,FUEL FLOW",BABV,REC,EM REPARO,WILLIAM,49.0
2026-07-17,3040264263,9910338-8,"INDICATOR,FUEL FLOW",PAMALS,OS concluída,,BABR,
2026-07-17,3040264264,324843-2020,HEADSET-MICROPHONE,DACTA II,REC,EM REPARO,WILLIAM,49.0
2026-07-17,3040264572,060-0017-00,FLIGHT DIR HOR,PAMASP,REC,,,37.0
2026-07-17,3040264573,060-0017-00,FLIGHT DIR HOR,BANT,REC,,,37.0
2026-07-17,3040264574,060-0017-00,FLIGHT DIR HOR,BANT,REC,,,37.0
2026-07-17,3040264576,060-0017-00,FLIGHT DIR HOR,PAMALS,REC,,,37.0
2026-07-17,3040264577,060-0017-00,FLIGHT DIR HOR,PAMALS,REC,,,37.0
2026-07-17,3040264579,060-0017-00,FLIGHT DIR HOR,BABR,OS concluída,,,
2026-07-17,3040264643,1H75-21,PRESSURE REGULATOR,PAMASP,REC,,,32.0
2026-07-17,3040264645,1H75-21,PRESSURE REGULATOR,PAMASP,REC,,,32.0
2026-07-17,3040264646,1H75-21,PRESSURE REGULATOR,PAMASP,REC,,,32.0
2026-07-17,3040264647,1H75-21,PRESSURE REGULATOR,BAMN,REC,,,32.0
2026-07-17,3040264707,3244809-7,"FUEL CONTROL,MAIN,TURBINE ENGINE",BABE,REC,,,32.0
2026-07-17,3040264709,540-1407-4,"VALVE,BLEED,TURBINEENGINE",PAMASP,REC,,,32.0
2026-07-17,3040264710,200SGL153Q,"STARTER-GENERATOR,ENGINE,AIRCRAFT",CLA,REC,,,32.0
2026-07-17,3040264711,200SGL153Q,"STARTER-GENERATOR,ENGINE,AIRCRAFT",PAMASP,REC,,,32.0
2026-07-17,3040264712,200SGL153Q,"STARTER-GENERATOR,ENGINE,AIRCRAFT",BACG,REC,,,32.0
2026-07-17,3040264718,9910338-8,"INDICATOR,FUEL FLOW",PAMALS,REC,,,32.0
2026-07-17,3040264719,S3326-2,"INDICATOR,HORIZONTAL SITUATION",ALA 8,REC,,,32.0
2026-07-17,3040264720,S3326-2,"INDICATOR,HORIZONTAL SITUATION",PAMALS,REC,,,32.0
2026-07-17,3040264721,S3326-2,"INDICATOR,HORIZONTAL SITUATION",PAMASP,REC,,,32.0
2026-07-17,3040264724,2606013-1AM,INDICADOR PERCENTUAL RPM,BABV,REC,,,32.0
2026-07-17,3040264725,2606013-1AM,INDICADOR PERCENTUAL RPM,BABR,REC,,,32.0
2026-07-17,3040264726,2606015-4,INDICATOR-OIL TEMP/OIL PRESS,BANT,REC,,,32.0
2026-07-17,3040264727,C661051-0201,GYRO HORIZON,ALA 10,REC,,,32.0
2026-07-17,3040264728,504-0111-906,GYRO HORIZON,PAMALS,REC,,,32.0
2026-07-17,3040264729,504-0111-906,GYRO HORIZON,BACG,REC,,,32.0
2026-07-17,3040264730,8210-003,"GOVERNOR,FUEL CONTROL",PAMASP,REC,,,32.0
2026-07-17,3040264731,8210-002,"GOVERNOR,CONSTANT SPEED DRIVE",PAMASP,REC,,,32.0
2026-07-17,3040264732,8210-002,"GOVERNOR,CONSTANT SPEED DRIVE",BAMN,REC,,,32.0
2026-07-17,3040264733,030-18200,MAIN WHEEL BRAKE,BAMN,REC,,,32.0
2026-07-17,3040264734,030-18200,MAIN WHEEL BRAKE,BAMN,REC,,,32.0
2026-07-17,3040264735,161-11700,INNER WHEEL HALF ASSY,PAMALS,REC,,,32.0
2026-07-17,3040264736,161-12800,WHEEL HALF ASSY-INNER,BABR,REC,,,32.0
2026-07-17,3040264737,161-12800,WHEEL HALF ASSY-INNER,PAMALS,AUT,,,32.0
2026-07-17,3040264738,162-10700,OUTER WHEEL HALF ASSY,BACO,AUT,,,32.0
2026-07-17,3040264807,011-01105-01,INTEGRATED AVIONICS UNIT GIA63W,ALA 8,REC,,,24.0
2026-07-17,3040264808,011-01105-01,INTEGRATED AVIONICS UNIT GIA63W,BAMN,REC,,,24.0
2026-07-17,3040264907,011-00916-10,"DISPLAY UNIT,FLIGHT INFORMATION",BAMN,REC,,,17.0
2026-07-17,3040264908,011-00916-10,"DISPLAY UNIT,FLIGHT INFORMATION",BABV,REC,,,17.0
2026-07-17,3040264960,3034792,BOMBA DE COMBUSTÍVEL,CLA,REC,,,15.0
2026-07-17,3040264961,3244897-4,FUEL CONTROL UNIT,CLA,REC,,,15.0
2026-07-17,3040264974,3244809-8,"FUEL CONTROL,MAIN,TURBINE ENGINE",BAMN,REC,,,15.0
2026-07-17,3040265140,011-01020-10,AFCS MODE CONTROLLER GMC 710,BABE,REC,,,9.0
2026-07-17,3040265144,011-01020-10,AFCS MODE CONTROLLER GMC 710,BABE,REC,,,9.0
2026-07-18,3040249831,066-01141-5101,"RECEIVER-TRANSMITTER,RADIO (KT71)",PAMALS,REC,EM REPARO,LEAP,522.0
2026-07-18,3040250234,3034792,BOMBA DE COMBUSTÍVEL,PAMALS,REC,,BANT,506.0
2026-07-18,3040250248,452-0133,"BATTERY,NONRECHARGEABLE",BABR,REC,CONDENADO,VEE ONE,506.0
2026-07-18,3040250249,452-0133,"BATTERY,NONRECHARGEABLE",BAMN,REC,CONDENADO,VEE ONE,506.0
2026-07-18,3040250716,030-18200,MAIN WHEEL BRAKE,BABV,REC,EM REPARO,LEAP,484.0
2026-07-18,3040250717,030-18200,MAIN WHEEL BRAKE,BACO,OS concluída,REPARADO,,
2026-07-18,3040250718,030-18200,MAIN WHEEL BRAKE,BACO,OS concluída,REPARADO,,
2026-07-18,3040250719,060-0017-00,FLIGHT DIR HOR,PAMALS,REC,,BANT,484.0
2026-07-18,3040250720,060-0017-00,FLIGHT DIR HOR,BABV,OS concluída,REPARADO,,
2026-07-18,3040250721,060-0017-00,FLIGHT DIR HOR,BANT,OS concluída,REPARADO,,
2026-07-18,3040250722,066-01141-5101,"RECEIVER-TRANSMITTER,RADIO (KT71)",ALA 9,REC,EM REPARO,WILLIAM,484.0
2026-07-18,3040250723,066-01141-5101,"RECEIVER-TRANSMITTER,RADIO (KT71)",CLA,REC,,BABR,484.0
2026-07-18,3040250724,066-04035-1101,"DISPLAY UNIT,RADAR",PAMALS,REC,,BANT,484.0
2026-07-18,3040250725,066-3046-07,"CONTROL,INDICATOR",ALA 10,OS concluída,REPARADO,,
2026-07-18,3040250732,069-1025-25,"RECEIVER-TRANSMITTER,RADIO - KX165",PAMALS,REC,EM REPARO,WILLIAM,484.0
2026-07-18,3040250773,161-11700,INNER WHEEL HALF ASSY,EEAR,REC,,BACG,484.0
2026-07-18,3040250775,161-11700,INNER WHEEL HALF ASSY,BABE,OS concluída,CONDENADO,,
2026-07-18,3040250776,161-12800,WHEEL HALF ASSY-INNER,BABE,OS concluída,CONDENADO,,
2026-07-18,3040250778,161-12800,WHEEL HALF ASSY-INNER,BACG,OS concluída,REPARADO,,
2026-07-18,3040250780,162-11800,WHEEL HALF ASSY-OUTER,PAMALS,OS concluída,,,
2026-07-18,3040250781,162-11800,WHEEL HALF ASSY-OUTER,BACG,OS concluída,,,
2026-07-18,3040250782,2606012-1,INDICATOR-INTER-TURBINE TEMPERATURE,ALA 9,OS concluída,,,
2026-07-18,3040250789,2641012-14,TRUNNION ASSY-RH-MAIN GEAR,PAMASP,OS concluída,CONDENADO,,
2026-07-18,3040250790,2643031-7,"FORK ASSY,NOSE GEAR SPRING",BAMN,OS concluída,CONDENADO,,
2026-07-18,3040250791,2643090-1,SHIMMY DAMPENE,BANT,REC,EM REPARO,AV AERONAUTICA,484.0
2026-07-18,3040250792,2643090-1,SHIMMY DAMPENE,BAMN,REC,REPARADO,V1 PAMA-LS,484.0
2026-07-18,3040250793,2643099-4,"SUPPORT ASSY FOWARD, NLG SPRING",BAMN,OS concluída,CONDENADO,,
2026-07-18,3040250798,30994-001,BATTERY-MARATHON TSP410 NICAD,BANT,OS concluída,CONDENADO,AMA - VEE ONE,
2026-07-18,3040250816,453-5060,"BEACON,DISTRESS",BAMN,REC,,PAMA-LS,484.0
2026-07-18,3040250827,51539-012N,CONTROL UNIT ASSY-GENERATOR,BANT,REC,,BABR,484.0
2026-07-18,3040250828,51539-012N,CONTROL UNIT ASSY-GENERATOR,BACG,REC,,BABR,484.0
2026-07-18,3040250829,51539-012N,CONTROL UNIT ASSY-GENERATOR,BAMN,OS concluída,,,
2026-07-18,3040250830,799-1,TRANSDUCER,BACO,REC,,BANT,484.0
2026-07-18,3040250831,799-1,TRANSDUCER,BANT,REC,,BANT,484.0
2026-07-18,3040250832,9910338-4,FUEL TOTALIZER INDICATOR,EEAR,REC,,PAMA-LS,484.0
2026-07-18,3040250833,9910586-4,FLAP ACTUATOR AND MOTOR ASSEMBLY,ALA 3,REC,,BAMN,484.0
2026-07-18,3040250834,9910586-4,FLAP ACTUATOR AND MOTOR ASSEMBLY,ALA 3,OS concluída,CONDENADO,,
2026-07-18,3040250835,ASG12000-2,ALTERNATOR,ALA 5,REC,REPARADO,V1 PAMA-LS,484.0
2026-07-18,3040250841,C661030-0301,TURN BANK,PAMALS,REC,EM REPARO,LEAP,484.0
2026-07-18,3040250842,C662041-0102,INDICATOR FUEL,ALA 5,REC,,PAMA-LS,484.0
2026-07-18,3040250843,C662041-0102,INDICATOR FUEL,ALA 10,OS concluída,REPARADO,,
2026-07-18,3040250844,C662041-0102,INDICATOR FUEL,ALA 9,REC,,PAMA-LS,484.0
2026-07-18,3040252159,011-00916-00,DISPLAY UNIT GDU 1040A,BAMN,REC,,BAMN,451.0
2026-07-18,3040252160,011-01020-10,AFCS MODE CONTROLLER GMC 710,BAMN,OS concluída,,,
2026-07-18,3040252161,065-0042-03,COMPUTER PA,ALA 10,REC,EM REPARO,WILLIAM,451.0
2026-07-18,3040252162,065-0042-03,COMPUTER PA,EEAR,REC,,BABE,451.0
2026-07-18,3040252164,065-0042-03,COMPUTER PA,EEAR,REC,EM REPARO,WILLIAM,451.0
2026-07-18,3040252165,065-0042-03,COMPUTER PA,PAMALS,OS concluída,,,
2026-07-18,3040252166,065-0059-01,SERVO PITCH,EEAR,REC,EM REPARO,WILLIAM,451.0
2026-07-18,3040252168,066-03064-0005,"ALTIMETER,SERVO CONTROLLED,AUTOMATIC PRESSURE",ALA 9,OS concluída,REPARADO,,
2026-07-18,3040252170,066-03064-0005,"ALTIMETER,SERVO CONTROLLED,AUTOMATIC PRESSURE",ALA 7,REC,NO ESTADO,VEE ONE,451.0
2026-07-18,3040252172,066-03064-0005,"ALTIMETER,SERVO CONTROLLED,AUTOMATIC PRESSURE",PAMALS,REC,NO ESTADO,VEE ONE,451.0
2026-07-18,3040252173,066-03064-0005,"ALTIMETER,SERVO CONTROLLED,AUTOMATIC PRESSURE",BANT,REC,EM REPARO,LEAP,451.0
2026-07-18,3040252178,066-1072-00,RECEIVER ADF (KING KR87),PAMALS,OS concluída,,,
2026-07-18,3040252180,066-1072-04,"RECEIVER,RADIO",ALA 8,OS concluída,,,
2026-07-18,3040252181,066-1072-04,"RECEIVER,RADIO",PAMASP,REC,EM REPARO,WILLIAM,451.0
2026-07-18,3040252182,066-1072-04,"RECEIVER,RADIO",ALA 9,OS concluída,REPARADO,,
2026-07-18,3040252185,066-1072-04,"RECEIVER,RADIO",BAMN,OS concluída,REPARADO,,
2026-07-18,3040252189,9910338-6,"TRANSMITTER,RATE OF FLOW",ALA 8,OS concluída,REPARADO,,
2026-07-18,3040252190,9910338-6,"TRANSMITTER,RATE OF FLOW",BABR,OS concluída,,,
2026-07-18,3040252191,C611008-0101,ALTERNATOR CONTROL UNIT,PAMALS,REC,,BABR,451.0
2026-07-18,3040252935,030-18200,MAIN WHEEL BRAKE,BAMN,OS concluída,CONDENADO,,
2026-07-18,3040252936,030-18200,MAIN WHEEL BRAKE,BACO,REC,,PAMA-LS,421.0
2026-07-18,3040252939,C163030-1001,MAIN W BRAKE A,BABV,REC,,BAMN,421.0
2026-07-18,3040252940,30-182,MAIN WHEEL BRAKE,BABV,OS concluída,CONDENADO,,
2026-07-18,3040252942,30-182,MAIN WHEEL BRAKE,BAMN,OS concluída,REPARADO,,
2026-07-18,3040252943,30-182,MAIN WHEEL BRAKE,BAMN,OS concluída,REPARADO,,
2026-07-18,3040253168,161-12800,WHEEL HALF ASSY-INNER,BASM,REC,REPARADO,VEE ONE,417.0
2026-07-18,3040253170,161-12800,WHEEL HALF ASSY-INNER,BASM,OS concluída,CONDENADO,,
2026-07-18,3040253172,161-12800,WHEEL HALF ASSY-INNER,PAMALS,REC,,PROCURANDO,417.0
2026-07-18,3040253173,161-12800,WHEEL HALF ASSY-INNER,PAMALS,REC,EM REPARO,LEAP,417.0
2026-07-18,3040253174,161-12800,WHEEL HALF ASSY-INNER,PAMALS,OS concluída,CONDENADO,,
2026-07-18,3040253176,162-10700,OUTER WHEEL HALF ASSY,BABE,OS concluída,CONDENADO,,
2026-07-18,3040253177,162-10700,OUTER WHEEL HALF ASSY,BABV,REC,REPARADO,VEE ONE,417.0
2026-07-18,3040253178,162-10700,OUTER WHEEL HALF ASSY,PAMALS,REC,,PROCURANDO,417.0
2026-07-18,3040253179,162-11800,WHEEL HALF ASSY-OUTER,CLA,OS concluída,CONDENADO,,
2026-07-18,3040253180,162-11800,WHEEL HALF ASSY-OUTER,BASM,REC,,PROCURANDO,417.0
2026-07-18,3040253181,162-11800,WHEEL HALF ASSY-OUTER,PAMALS,OS concluída,REPARADO,,
2026-07-18,3040253182,162-11800,WHEEL HALF ASSY-OUTER,PAMALS,REC,REPARADO,VEE ONE,417.0
2026-07-18,3040253526,30994-001,BATTERY-MARATHON TSP410 NICAD,PAMALS,OS concluída,CONDENADO,AMA - VEE ONE,
2026-07-18,3040253527,30994-001,BATTERY-MARATHON TSP410 NICAD,BAPV,OS concluída,CONDENADO,AMA - VEE ONE,
2026-07-18,3040253528,066-03064-0005,"ALTIMETER,SERVO CONTROLLED,AUTOMATIC PRESSURE",BANT,OS concluída,REPARADO,,
2026-07-18,3040253529,066-03064-0005,"ALTIMETER,SERVO CONTROLLED,AUTOMATIC PRESSURE",DSM-MN,REC,DEVOLVIDO NO ESTADO,WILLIAM,407.0
2026-07-18,3040253530,799-1,TRANSDUCER,BAMN,REC,,BANT,407.0
2026-07-18,3040253531,799-1,TRANSDUCER,BAMN,REC,,VEE ONE,407.0
2026-07-18,3040253532,799-1,TRANSDUCER,PAMALS,REC,,BANT,407.0
2026-07-18,3040253535,2643099-4,"SUPPORT ASSY FOWARD, NLG SPRING",BABE,REC,CONDENADO,VEE ONE,407.0
2026-07-18,3040253536,2641012-14,TRUNNION ASSY-RH-MAIN GEAR,PAMALS,OS concluída,CONDENADO,,
2026-07-18,3040254195,540-1407-4,"VALVE,BLEED,TURBINEENGINE",PAMALS,REC,,BANT,389.0
2026-07-18,3040254201,2643090-3,SHIMMY DAMPER-NOSE GEAR,PAMALS,REC,REPARADO,V1 PAMA-LS,389.0
2026-07-18,3040254203,SE1070-6,SHIMMY DAMPENER ASSY,BACGINAT,OS concluída,,,
2026-07-18,3040254205,C660501-0103,"COMPASS,SPEC",PAMALS,REC,REPARADO,V1 PAMA-LS,389.0
2026-07-18,3040254206,C660501-0103,"COMPASS,SPEC",ALA 8,REC,EM REPARO EM GARANTIA,WILLIAM,389.0
2026-07-18,3040254208,C660501-0103,"COMPASS,SPEC",BABV,REC,REPARADO,V1 PAMA-LS,389.0
2026-07-18,3040254210,799-1,TRANSDUCER,BANT,REC,,BANT,389.0
2026-07-18,3040254770,069-1025-25,"RECEIVER-TRANSMITTER,RADIO - KX165",ALA 9,REC,EM REPARO,WILLIAM,380.0
2026-07-18,3040254784,452-0133,"BATTERY,NONRECHARGEABLE",DACTA II,REC,CONDENADO,VEE ONE,380.0
2026-07-18,3040254785,452-0133,"BATTERY,NONRECHARGEABLE",BAMN,REC,CONDENADO,VEE ONE,380.0
2026-07-18,3040254786,452-0133,"BATTERY PACK,AIRCRAFT",BAMN,REC,CONDENADO,VEE ONE,380.0
2026-07-18,3040254787,452-0133,"BATTERY PACK,AIRCRAFT",DACTA II,REC,CONDENADO,VEE ONE,380.0
2026-07-18,3040254788,452-0133,"BATTERY,NONRECHARGEABLE",BAMN,REC,CONDENADO,VEE ONE,380.0
2026-07-18,3040254789,452-0133,"BATTERY,NONRECHARGEABLE",BAMN,REC,CONDENADO,VEE ONE,380.0
2026-07-18,3040254792,2606013-1RX,INDICATOR-PERCENT RPM,BABR,REC,,BANT,380.0
2026-07-18,3040254793,D145-00-46-2,FLAP ACTUATOR ASSY,PAMALS,REC,,PAMA-LS,380.0
2026-07-18,3040254794,C145-350,"MOTOR,DIRECT CURRENT",PAMALS,OS concluída,,,
2026-07-18,3040254795,D145-00-46-2,FLAP ACTUATOR ASSY,BABE,REC,,PAMA-LS,380.0
2026-07-18,3040254796,30994-001,BATTERY-MARATHON TSP410 NICAD,BAMN,OS concluída,REPARADO,,
2026-07-18,3040254799,453-5000-710,EMERGENCY LOCATOR TRANSMITTER MODEL C406-2,PAMASP,OS concluída,,,
2026-07-18,3040254803,C352TS,"EXTINGUISHER,FIRE",2 ETA,REC,REPARADO,V1 PAMA-LS,380.0
2026-07-18,3040254805,C352TS,"EXTINGUISHER,FIRE",PAMALS,OS concluída,,,
2026-07-18,3040254806,C352TS,"EXTINGUISHER,FIRE",PAMALS,REC,REPARADO,V1 PAMA-LS,380.0
2026-07-18,3040254808,C352TS,"EXTINGUISHER,FIRE",BABR,REC,REPARADO,V1 PAMA-LS,380.0
2026-07-18,3040254809,C352TS,"EXTINGUISHER,FIRE",PAMAGL,OS concluída,,,
2026-07-18,3040254810,C352TS,"EXTINGUISHER,FIRE",PAMALS,OS concluída,,,
2026-07-18,3040254815,C482001-0402,VACUUM REGULAT,PAMALS,REC,CONDENADO,VEE ONE,380.0
2026-07-18,3040254816,C482001-0402,VACUUM REGULAT,PAMALS,REC,CONDENADO,VEE ONE,380.0
2026-07-18,3040254817,2641011-5,AXLE-MAIN GEAR,BABE,OS concluída,NO ESTADO,,
2026-07-18,3040254818,2641011-5,AXLE-MAIN GEAR,BABE,OS concluída,,,
2026-07-18,3040254819,2641011-5,AXLE-MAIN GEAR,BANT,OS concluída,REPARADO,,
2026-07-18,3040254820,2641011-5,AXLE-MAIN GEAR,BAMN,OS concluída,REPARADO,,
2026-07-18,3040255319,702801-5,FUEL PUMP,PAMASP,REC,EM REPARO,VEE ONE,371.0
2026-07-18,3040255321,8210-002,"GOVERNOR,CONSTANT SPEED DRIVE",PAMALS,OS concluída,,,
2026-07-18,3040255326,011-00916-00,DISPLAY UNIT GDU 1040A,BAMN,REC,,BAMN,371.0
2026-07-18,3040255461,DAAS-A-010-1,ADAS-D PROCESSOR,PAMALS,REC,EM REPARO,VEE ONE,367.0
2026-07-18,3040255589,071-01519-0101,"RECEIVER-EXCITER,RADAR",BANT,REC,,PROCURANDO,365.0
2026-07-18,3040255590,071-01519-0101,"RECEIVER-EXCITER,RADAR",PAMALS,OS concluída,REPARADO,,
2026-07-18,3040255706,C661064-0237,AIRSPEED INDICATOR,BAMN,OS concluída,,,
2026-07-18,3040256112,011-00883-20,RADAR GWX 68 WEATHER,BABE,REC,,BAMN,351.0
2026-07-18,3040256114,5934PAD-3,"ALTIMETER,PRESSURE",PAMALS,REC,EM REPARO,VEE ONE,351.0
2026-07-18,3040256115,5934PAD-3,"ALTIMETER,PRESSURE",PAMALS,OS concluída,REPARADO,,
2026-07-18,3040256118,011-00878-10,GSA-81 TORQUE SERVO,BAPV,REC,,BACO,351.0
2026-07-18,3040256119,011-00878-10,GSA-81 TORQUE SERVO,BAPV,REC,EM REPARO,LEAP,351.0
2026-07-18,3040256120,011-00916-10,"DISPLAY UNIT,FLIGHT INFORMATION",BAMN,OS concluída,,,
2026-07-18,3040256311,3121248-03,"VALVE ASSEMBLY,COMPRESSOR BLEED",PAMALS,OS concluída,,,
2026-07-18,3040256314,066-4010-12,RECEIVER VOR/LOC (KNS81),EEAR,REC,EM REPARO,LEAP,338.0
2026-07-18,3040256662,030-18200,MAIN WHEEL BRAKE,BASM,OS concluída,,,
2026-07-18,3040256665,161-11700,INNER WHEEL HALF ASSY,BABV,OS concluída,,,
2026-07-18,3040256666,161-11700,INNER WHEEL HALF ASSY,PAMALS,OS concluída,,,
2026-07-18,3040256667,161-11700,INNER WHEEL HALF ASSY,PAMALS,OS concluída,,,
2026-07-18,3040256668,161-11700,INNER WHEEL HALF ASSY,PAMALS,OS concluída,CONDENADO,,
2026-07-18,3040256669,161-11700,INNER WHEEL HALF ASSY,PAMALS,OS concluída,,,
2026-07-18,3040256670,161-11700,INNER WHEEL HALF ASSY,PAMALS,OS concluída,CONDENADO,,
2026-07-18,3040256671,161-11700,INNER WHEEL HALF ASSY,PAMALS,REC,REPARADO,VEE ONE,329.0
2026-07-18,3040256672,161-12800,WHEEL HALF ASSY-INNER,PAMALS,REC,REPARADO,VEE ONE,329.0
2026-07-18,3040256673,161-12800,WHEEL HALF ASSY-INNER,PAMALS,REC,CONDENADO,VEE ONE,326.0
2026-07-18,3040256675,161-12800,WHEEL HALF ASSY-INNER,BANT,OS concluída,REPARADO,,
2026-07-18,3040256694,162-11800,WHEEL HALF ASSY-OUTER,BANT,OS concluída,REPARADO,,
2026-07-18,3040256696,162-11800,WHEEL HALF ASSY-OUTER,PAMALS,REC,,PAMA-LS,329.0
2026-07-18,3040256698,030-18200,MAIN WHEEL BRAKE,PAMASP,REC,,PROCURANDO,329.0
2026-07-18,3040256702,C661064-0237,AIRSPEED INDICATOR,BABR,OS concluída,,,
2026-07-18,3040256703,C661064-0237,AIRSPEED INDICATOR,PAMALS,OS concluída,REPARADO,,
2026-07-18,3040256704,C661064-0237,AIRSPEED INDICATOR,PAMALS,OS concluída,,,
2026-07-18,3040256707,D210507,"GOVERNOR,OVERSPEED",PAMALS,OS concluída,,,
2026-07-18,3040256708,D210507,"GOVERNOR,OVERSPEED",PAMALS,REC,REPARADO,VEE ONE,329.0
2026-07-18,3040256709,3121248-03,"VALVE ASSEMBLY,COMPRESSOR BLEED",PAMASP,REC,,BANT,326.0
2026-07-18,3040256713,030-18200,MAIN WHEEL BRAKE,ALA 3,REC,,BAMN,329.0
2026-07-18,3040256787,011-00877-00,"GSA-80 SERVO ROL,YAW,SPEC",PAMALS,REC,EM REPARO,VEE ONE,329.0
2026-07-18,3040256792,011-00877-00,"GSA-80 SERVO ROL,YAW,SPEC",BAMN,REC,,PROCURANDO,329.0
2026-07-18,3040256828,011-00883-20,RADAR GWX 68 WEATHER,PAMALS,REC,CONDENADO,V1 PAMA-LS,329.0
2026-07-18,3040257093,065-00183-0501,AUTOPILOT COMPUTER KFC225,BABE,REC,,BANT,322.0
2026-07-18,3040257094,065-00183-0501,AUTOPILOT COMPUTER KFC225,BABE,REC,,BANT,322.0
2026-07-18,3040257095,011-01105-01,INTEGRATED AVIONICS UNIT GIA63W,BABE,REC,EM REPARO,VEE ONE,322.0
2026-07-18,3040257096,011-01105-01,INTEGRATED AVIONICS UNIT GIA63W,BABE,REC,,BAMN,322.0
2026-07-18,3040257436,30994-001,BATTERY-MARATHON TSP410 NICAD,PAMALS,OS concluída,CONDENADO,AMA - VEE ONE,
2026-07-18,3040257438,030-18200,MAIN WHEEL BRAKE,BAMN,REC,REPARADO,VEE ONE,303.0
2026-07-18,3040257439,030-18200,MAIN WHEEL BRAKE,BAMN,REC,,BAMN,303.0
2026-07-18,3040257440,030-18200,MAIN WHEEL BRAKE,BANT,REC,CONDENADO,VEE ONE,303.0
2026-07-18,3040257441,030-18200,MAIN WHEEL BRAKE,BAPV,REC,,BAMN,303.0
2026-07-18,3040257442,C163030-1001,MAIN W BRAKE A,BAMN,REC,REPARADO,VEE ONE,303.0
2026-07-18,3040257443,161-12800,WHEEL HALF ASSY-INNER,ALA 3,AUT,,NÃO TEVE MOVIMENTAÇÃO,310.0
2026-07-18,3040257444,162-10700,OUTER WHEEL HALF ASSY,PAMALS,OS concluída,CONDENADO,,
2026-07-18,3040257447,162-10700,OUTER WHEEL HALF ASSY,PAMALS,OS concluída,CONDENADO,,
2026-07-18,3040257450,3244809-4,"FUEL CONTROL,MAIN,TURBINE ENGINE",PAMASP,OS concluída,EM REPARO,LEAP,
2026-07-18,3040257451,3244809-7,"FUEL CONTROL,MAIN,TURBINE ENGINE",PAMASP,REC,,BANT,303.0
2026-07-18,3040257452,3244809-8,"FUEL CONTROL,MAIN,TURBINE ENGINE",BAPV,OS concluída,REPARADO,,
2026-07-18,3040257453,EA-5172-45-CES,"INDICATOR,AIRSPEED",ALA 7,REC,DEVOLVIDO NO ESTADO,WILLIAM,303.0
2026-07-18,3040257454,EA-5172-45-CES,"INDICATOR,AIRSPEED",BACG,OS concluída,,,
2026-07-18,3040258303,011-00877-00,"GSA-80 SERVO ROL,YAW,SPEC",DACTA II,REC,EM REPARO,VEE ONE,283.0
2026-07-18,3040258306,D210507,"GOVERNOR,OVERSPEED",PAMALS,REC,EM REPARO,LEAP,283.0
2026-07-18,3040258307,D210507,"GOVERNOR,OVERSPEED",ALA 5,OS concluída,,,
2026-07-18,3040258308,D210507,"GOVERNOR,OVERSPEED",BAMN,OS concluída,REPARADO,,
2026-07-18,3040258309,D210507,"GOVERNOR,OVERSPEED",BAMN,REC,EM REPARO,LEAP,283.0
2026-07-18,3040258310,D210507,"GOVERNOR,OVERSPEED",BACO,OS concluída,,,
2026-07-18,3040258419,011-00877-00,"GSA-80 SERVO ROL,YAW,SPEC",DACTA II,REC,EM REPARO,VEE ONE,281.0
2026-07-18,3040258420,011-00877-00,"GSA-80 SERVO ROL,YAW,SPEC",BACO,REC,EM REPARO,VEE ONE,281.0
2026-07-18,3040258421,011-00877-00,"GSA-80 SERVO ROL,YAW,SPEC",BABE,REC,,BACO,281.0
2026-07-18,3040258422,2601188-8,COMPRESSOR DRIVE ASSY R134A,PAMASP,REC,,PROCURANDO,281.0
2026-07-18,3040258764,069-01034-0102,"NAVIGATION SET,SATELLITE SIGNALS KLN-94",PAMALS,REC,,BANT,274.0
2026-07-18,3040259146,1U149-015-15,HORIZ. GYRO-STADBY,PAMALS,REC,EM REPARO,VEE ONE,252.0
2026-07-18,3040259147,162-10700,OUTER WHEEL HALF ASSY,BANT,REC,EM REPARO,AMA - VEE ONE,252.0
2026-07-18,3040259148,3049038-03,"VALVE,COMPRESSOR BLEED",BANT,OS concluída,,,
2026-07-18,3040259151,066-01141-5101,"TRANSPONDER,RADAR",BANT,REC,REPARADO,V1 PAMA-LS,255.0
2026-07-18,3040259152,066-01141-5101,"TRANSPONDER,RADAR",BABE,REC,,BANT,255.0
2026-07-18,3040259251,064-1019-05,VHF TRANSCEIVE KY196,EEAR,REC,,EEAR,253.0
2026-07-18,3040259316,2606015-4,INDICATOR-OIL TEMP/OIL PRESS,BACG,REC,REPARADO,V1 PAMA-LS,249.0
2026-07-18,3040259564,C414007-0102,BLOWER ASSY,PAMALS,OS concluída,,,
2026-07-18,3040259568,C414007-0102,BLOWER ASSY,ALA 10,OS concluída,,,
2026-07-18,3040259570,C414007-0102,BLOWER ASSY,ALA 10,OS concluída,,,
2026-07-18,3040259694,025323-150,FUEL PUMP,PAMASP,REC,,BACO,241.0
2026-07-18,3040259918,C414007-0102,BLOWER ASSY,ALA 10,REC,EM REPARO,VEE ONE,234.0
2026-07-18,3040259922,C414007-0102,BLOWER ASSY,BANT,REC,REPARADO,V1 PAMA-LS,234.0
2026-07-18,3040259924,C414007-0102,BLOWER ASSY,BACG,REC,EM REPARO,VEE ONE,234.0
2026-07-18,3040259928,C414007-0102,BLOWER ASSY,PAMALS,REC,EM REPARO,VEE ONE,234.0
2026-07-18,3040259944,066-3046-07,"CONTROL,INDICATOR",EEAR,REC,,PAMA-LS,234.0
2026-07-18,3040259946,066-3046-07,"CONTROL,INDICATOR",BANT,REC,,BANT,234.0
2026-07-18,3040259947,066-3046-07,"CONTROL,INDICATOR",EEAR,OS concluída,REPARADO,,
2026-07-18,3040259949,065-0060-01,"CONTROL,SERVO,AUTOMATIC PILOT",PAMALS,REC,EM REPARO,LEAP,234.0
2026-07-18,3040259950,065-0060-01,"CONTROL,SERVO,AUTOMATIC PILOT",PAMALS,REC,EM REPARO,LEAP,234.0
2026-07-18,3040260204,324843-W020,HEADSET-MICROPHONE,PAMALS,OS concluída,REPARADO,,
2026-07-18,3040260205,324843-W020,HEADSET-MICROPHONE,PAMALS,OS concluída,REPARADO,,
2026-07-18,3040260208,324843-W020,HEADSET-MICROPHONE,PAMALS,REC,VAI SER DEVOLVIDO SEM REPARO,WILLIAM,220.0
2026-07-18,3040260209,011-00916-00,DISPLAY UNIT GDU 1040A,PAMALS,REC,,BAMN,220.0
2026-07-18,3040260382,065-00183-0501,AUTOPILOT COMPUTER KFC225,BANT,REC,,BANT,213.0
2026-07-18,3040260388,SD5H14C4527,AIR COMPRESSOR,PAMALS,REC,EM REPARO,VEE ONE,213.0
2026-07-18,3040260389,SD5H14C4527,AIR COMPRESSOR,PAMALS,REC,EM REPARO,VEE ONE,213.0
2026-07-18,3040260516,ASG12000-2,ALTERNATOR,PAMALS,REC,REPARADO,V1 PAMA-LS,210.0
2026-07-18,3040260517,ASG12000-2,ALTERNATOR,PAMALS,OS concluída,,,
2026-07-18,3040260522,9910592-2,ALTERNADOR,BAMN,REC,REPARADO,V1 PAMA-LS,210.0
2026-07-18,3040260523,9910592-2,ALTERNADOR,BAMN,REC,REPARADO,V1 PAMA-LS,210.0
2026-07-18,3040260524,51539-012M,CONTROL UNIT ASSY-GENERATOR,BANT,REC,,BACG,210.0
2026-07-18,3040260538,324843-W020,HEADSET-MICROPHONE,PAMALS,REC,,BABE,192.0
2026-07-18,3040260539,324843-W020,HEADSET-MICROPHONE,PAMALS,REC,,BABE,192.0
2026-07-18,3040260540,324843-W020,HEADSET-MICROPHONE,PAMALS,OS concluída,REPARADO,,
2026-07-18,3040260541,324843-W020,HEADSET-MICROPHONE,PAMALS,OS concluída,REPARADO,,
2026-07-18,3040260542,324843-W020,HEADSET-MICROPHONE,PAMALS,REC,,BABE,192.0
2026-07-18,3040260543,324843-W020,HEADSET-MICROPHONE,PAMALS,REC,VAI SER DEVOLVIDO SEM REPARO,WILLIAM,192.0
2026-07-18,3040260544,161-11700,INNER WHEEL HALF ASSY,BANT,REC,REPARADO,VEE ONE,192.0
2026-07-18,3040260545,161-11700,INNER WHEEL HALF ASSY,BACG,REC,REPARADO,VEE ONE,192.0
2026-07-18,3040260546,161-12800,WHEEL HALF ASSY-INNER,PAMALS,REC,REPARADO,VEE ONE,192.0
2026-07-18,3040260547,161-12800,WHEEL HALF ASSY-INNER,EPCAR,OS concluída,REPARADO,VEE ONE,
2026-07-18,3040260548,161-11700,INNER WHEEL HALF ASSY,CLA,REC,REPARADO,VEE ONE,192.0
2026-07-18,3040260549,162-10700,OUTER WHEEL HALF ASSY,BACG,REC,REPARADO,VEE ONE,192.0
2026-07-18,3040260550,162-10700,OUTER WHEEL HALF ASSY,CLA,REC,REPARADO,VEE ONE,192.0
2026-07-18,3040260551,162-11800,WHEEL HALF ASSY-OUTER,BANT,REC,REPARADO,VEE ONE,192.0
2026-07-18,3040260552,30994-001,BATTERY-MARATHON TSP410 NICAD,BABE,OS concluída,CONDENADO,AMA - VEE ONE,
2026-07-18,3040260583,3244897-4,FUEL CONTROL UNIT,PAMALS,OS concluída,,,
2026-07-18,3040260595,9910586-4,FLAP ACTUATOR AND MOTOR ASSEMBLY,7 ETA,REC,,BAMN,192.0
2026-07-18,3040260597,9910586-4,FLAP ACTUATOR AND MOTOR ASSEMBLY,BAPV,REC,REPARADO,VEE ONE,192.0
2026-07-18,3040260750,3122678-04,FUEL CONTROL UNIT,PAMASP,REC,,BANT,184.0
2026-07-18,3040260752,3244897-4,FUEL CONTROL UNIT,PAMASP,OS concluída,REPARADO,,
2026-07-18,3040260753,3244809-7,"FUEL CONTROL,MAIN,TURBINE ENGINE",PAMASP,OS concluída,REPARADO,,
2026-07-18,3040260754,3244809-1,"FUEL CONTROL,MAIN,TURBINE ENGINE",PAMASP,REC,EM QUARENTENA,LEAP,184.0
2026-07-18,3040260811,3034792,BOMBA DE COMBUSTÍVEL,BAPV,REC,,BABR,170.0
2026-07-18,3040260812,3034792,BOMBA DE COMBUSTÍVEL,BACG,OS concluída,,,
2026-07-18,3040260913,064-1054-30,RECEIVER-TRANSMITTER SUBASSEMBLY,EPCAR,REC,REPARADO,V1 PAMA-LS,172.0
2026-07-18,3040260915,064-1054-30,RECEIVER-TRANSMITTER SUBASSEMBLY,PAMALS,REC,REPARADO,V1 PAMA-LS,172.0
2026-07-18,3040260922,162-11800,WHEEL HALF ASSY-OUTER,PAMALS,OS concluída,,,
2026-07-18,3040260923,030-18200,MAIN WHEEL BRAKE,BACO,REC,REPARADO,VEE ONE,170.0
2026-07-18,3040261322,011-00831-00,"ENGINE INTERFA,SPEC",BAPV,REC,REPARADO,VEE ONE,157.0
2026-07-18,3040261324,011-00882-10,"COMPUTER,AIR DATA",BAMN,OS concluída,,,
2026-07-18,3040261326,011-00882-10,"COMPUTER,AIR DATA",BAMN,OS concluída,,,
2026-07-18,3040261327,064-1054-30,RECEIVER-TRANSMITTER SUBASSEMBLY,PAMASP,REC,REPARADO,V1 PAMA-LS,157.0
2026-07-18,3040261329,065-0061-36,ACTUATOR TRIM (KS272A),ALA 10,OS concluída,REPARADO,,
2026-07-18,3040261331,065-0061-36,ACTUATOR TRIM (KS272A),PAMASP,REC,,BABR,157.0
2026-07-18,3040261334,065-0065-01,SELECTOR ALT,BANT,REC,EM REPARO,WILLIAM,157.0
2026-07-18,3040261335,065-0065-01,SELECTOR ALT,BANT,REC,EM REPARO,WILLIAM,157.0
2026-07-18,3040261336,066-01141-0101,"RECEIVER,RADIO",BANT,REC,REPARADO,V1 PAMA-LS,157.0
2026-07-18,3040261340,066-1053-00,"RECEIVER,RADIO",BASM,REC,REPARADO,V1 PAMA-LS,157.0
2026-07-18,3040261342,066-3084-02,COLOR RADAR INDICATOR,BABV,REC,EM REPARO,WILLIAM,157.0
2026-07-18,3040261344,066-4010-12,RECEIVER VOR/LOC (KNS81),ALA 10,REC,EM REPARO,WILLIAM,157.0
2026-07-18,3040261347,071-1234-00,ANTENNA ACCESSORY,ALA 1,REC,EM REPARO,WILLIAM,157.0
2026-07-18,3040261352,1134380-4,EVAPORATOR MODULE ASSY-RH,BAMN,REC,CONDENADO,VEE ONE,157.0
2026-07-18,3040261353,1H75-21,PRESSURE REGULATOR,BAMN,REC,,BAMN,157.0
2026-07-18,3040261354,2643100-201,NOSE GEAR STRUT ASSY - TALL FORK,BANT,REC,EM REPARO,AV AERONAUTICA,157.0
2026-07-18,3040261355,2643100-201,NOSE GEAR STRUT ASSY - TALL FORK,BABR,OS concluída,REPARADO,,
2026-07-18,3040261356,2670104-2,ANNUNCIATOR PANEL,PAMALS,REC,REPARADO,VEE ONE,157.0
2026-07-18,3040261357,2682001-1,BRAKE CYL MAST,BABE,OS concluída,REPARADO,,
2026-07-18,3040261364,8210-002-01,GOVERNOR PROPELLER,PAMASP,REC,REPARADO,VEE ONE,157.0
2026-07-18,3040261371,TFF2905-13,FUEL FLOW TRANSDUCER,ALA 8,REC,EM REPARO,WILLIAM,157.0
2026-07-18,3040261373,C661065-0240,AIRSPEED INDICATOR,BABE,REC,REPARADO,V1 PAMA-LS,157.0
2026-07-18,3040261375,C661065-0240RX,"INDICATOR, AIRSPEED",BACG,REC,EM REPARO,WILLIAM,157.0
2026-07-18,3040261376,066-1061-03,RT RADAR ALTIM (KRA10A),PAMALS,REC,PARA REPARO,VEE ONE,157.0
2026-07-18,3040261377,066-3054-01,INDICATOR RADAR ALTIMETER - TYPE KI250,PAMALS,REC,EM REPARO,WILLIAM,157.0
2026-07-18,3040261387,3034792,BOMBA DE COMBUSTÍVEL,BABR,OS concluída,REPARADO,,
2026-07-18,3040261388,3034792,BOMBA DE COMBUSTÍVEL,BABR,OS concluída,REPARADO,,
2026-07-18,3040261389,3034792,BOMBA DE COMBUSTÍVEL,PAMASP,REC,REPARADO,V1 PAMA-LS,157.0
2026-07-18,3040261627,S3828-1,ALTIMETER,BAMN,REC,EM REPARO,WILLIAM,143.0
2026-07-18,3040261628,S3828-1,ALTIMETER,BABE,REC,REPARADO,V1 PAMA-LS,143.0
2026-07-18,3040261843,3034792,BOMBA DE COMBUSTÍVEL,PAMALS,REC,EM REPARO,VEE ONE,130.0
2026-07-18,3040261851,51539-012MRX,CONTROL UNIT ASSY-GENERATOR,BABE,REC,EM REPARO,VEE ONE,135.0
2026-07-18,3040261852,51539-012MRX,CONTROL UNIT ASSY-GENERATOR,BABE,REC,EM REPARO,VEE ONE,135.0
2026-07-18,3040262245,200SGL119Q-2,STARTER GENERATOR,BAMN,OS concluída,REPARADO,,
2026-07-18,3040262246,200SGL119Q-2,STARTER GENERATOR,BAMN,OS concluída,REPARADO,,
2026-07-18,3040262273,324843-W020,HEADSET-MICROPHONE,BABE,OS concluída,REPARADO,,
2026-07-18,3040262275,324843-W020,HEADSET-MICROPHONE,BANT,OS concluída,REPARADO,,
2026-07-18,3040262363,066-1055-00,AUDIO CONTROL PANEL,ALA 5,OS concluída,,,
2026-07-18,3040262367,066-1055-00,AUDIO CONTROL PANEL,ALA 9,REC,EM REPARO,WILLIAM,113.0
2026-07-18,3040262368,066-1055-00,AUDIO CONTROL PANEL,CLA,OS concluída,,,
2026-07-18,3040262371,51539-012N,CONTROL UNIT ASSY-GENERATOR,BANT,REC,REPARADO,V1 PAMA-LS,113.0
2026-07-18,3040262372,51539-012M,CONTROL UNIT ASSY-GENERATOR,BANT,REC,,V1 PAMA-LS,113.0
2026-07-18,3040262419,065-0061-36,ACTUATOR TRIM (KS272A),ALA 9,REC,EM REPARO,WILLIAM,108.0
2026-07-18,3040262630,161-11700,INNER WHEEL HALF ASSY,BANT,REC,REPARADO,VEE ONE,95.0
2026-07-18,3040262632,161-12800,WHEEL HALF ASSY-INNER,BANT,OS concluída,REPARADO,VEE ONE,
2026-07-18,3040262633,161-12800,WHEEL HALF ASSY-INNER,BANT,REC,REPARADO,VEE ONE,95.0
2026-07-18,3040262634,162-10700,OUTER WHEEL HALF ASSY,BANT,REC,REPARADO,VEE ONE,95.0
2026-07-18,3040262635,162-11800,WHEEL HALF ASSY-OUTER,EPCAR,REC,REPARADO,VEE ONE,95.0
2026-07-18,3040262636,162-11800,WHEEL HALF ASSY-OUTER,BANT,REC,REPARADO,VEE ONE,95.0
2026-07-18,3040262637,162-11800,WHEEL HALF ASSY-OUTER,BANT,REC,REPARADO,VEE ONE,95.0
2026-07-18,3040262638,200SGL119Q,STARTER GENERATOR,PAMALS,REC,EM REPARO,AV AERONAUTICA,95.0
2026-07-18,3040262639,200SGL119Q,STARTER GENERATOR,PAMASP,OS concluída,,PAMA-LS,
2026-07-18,3040262646,200SGL119Q,STARTER GENERATOR,PAMASP,OS concluída,,,
2026-07-18,3040262706,2641011-5,AXLE-MAIN GEAR,BAMN,REC,,BANT,95.0
2026-07-18,3040262707,2641011-5,AXLE-MAIN GEAR,BABV,REC,REPARADO,VEE ONE,95.0
2026-07-18,3040262708,2641011-5,AXLE-MAIN GEAR,PAMALS,REC,,BANT,95.0
2026-07-18,3040262709,2641011-5,AXLE-MAIN GEAR,PAMALS,REC,,BANT,95.0
2026-07-18,3040262711,2641011-5,AXLE-MAIN GEAR,BABR,REC,,BANT,95.0
2026-07-18,3040262712,2641011-5,AXLE-MAIN GEAR,BABR,REC,,BANT,95.0
2026-07-18,3040262713,2641011-5,AXLE-MAIN GEAR,BAPV,REC,REPARADO,VEE ONE,95.0
2026-07-18,3040262714,2641011-5,AXLE-MAIN GEAR,BAPV,REC,,BANT,95.0
2026-07-18,3040262717,2641011-5,AXLE-MAIN GEAR,BANT,REC,REPARADO,VEE ONE,95.0
2026-07-18,3040262734,C352,PORTABLE HALON FIRE EXTINGUISHERS,ALA 5,REC,EM REPARO,AV AERONAUTICA,95.0
2026-07-18,3040262738,C352TS,"EXTINGUISHER,FIRE",BANT,REC,,PROCURANDO,95.0
2026-07-18,3040262739,C352TS,"EXTINGUISHER,FIRE",BANT,REC,,PROCURANDO,95.0
2026-07-18,3040262740,C352TS,"EXTINGUISHER,FIRE",PAMALS,REC,,PROCURANDO,95.0
2026-07-18,3040262744,3244809-1A,F.C.U,PAMALS,REC,EM REPARO,LEAP,95.0
2026-07-18,3040262745,064-1019-05,VHF TRANSCEIVE KY196,EEAR,REC,EM REPARO,VEE ONE,95.0
2026-07-18,3040262746,066-1070-01,TRANSCEIVER DME (KN63),BABE,REC,EM REPARO,WILLIAM,95.0
2026-07-18,3040262747,066-1072-00,RECEIVER ADF (KING KR87),ALA 7,REC,EM REPARO,WILLIAM,95.0
2026-07-18,3040262748,066-3046-07,"CONTROL,INDICATOR",BABR,REC,,BANT,95.0
2026-07-18,3040262757,2606015-2,IND OIL TEMP/P,PAMALS,REC,EM REPARO,VEE ONE,95.0
2026-07-18,3040262758,9910338-4,FUEL TOTALIZER INDICATOR,PAMALS,REC,EM REPARO,VEE ONE,95.0
2026-07-18,3040262759,9910338-6,"TRANSMITTER,RATE OF FLOW",BAMN,REC,EM REPARO,WILLIAM,95.0
2026-07-18,3040262760,9910338-6,"TRANSMITTER,RATE OF FLOW",BANT,REC,EM REPARO,VEE ONE,95.0
2026-07-18,3040262765,011-00883-20,RADAR GWX 68 WEATHER,BAMN,REC,EM REPARO,VEE ONE,95.0
2026-07-18,3040262766,011-00883-20,RADAR GWX 68 WEATHER,BAMN,OS concluída,EM REPARO,VEE ONE,
2026-07-18,3040262767,066-3046-07,"CONTROL,INDICATOR",EEAR,REC,EM REPARO,LEAP,95.0
2026-07-18,3040262768,066-3046-07,"CONTROL,INDICATOR",EEAR,REC,EM REPARO,LEAP,95.0
2026-07-18,3040262769,066-3046-07,"CONTROL,INDICATOR",BABR,REC,,BANT,95.0
2026-07-18,3040262770,011-01020-10,AFCS MODE CONTROLLER GMC 710,BAMN,REC,EM REPARO,WILLIAM,95.0
2026-07-18,3040262772,011-01020-10,AFCS MODE CONTROLLER GMC 710,BAMN,REC,EM REPARO,WILLIAM,95.0
2026-07-18,3040262773,011-01020-10,AFCS MODE CONTROLLER GMC 710,BAMN,REC,EM REPARO,WILLIAM,95.0
2026-07-18,3040262791,066-3060-00,IND RMI KNI582,BANT,REC,EM REPARO,LEAP,95.0
2026-07-18,3040262792,066-3060-00,IND RMI KNI582,BANT,REC,EM REPARO,LEAP,95.0
2026-07-18,3040262966,2682001-1,BRAKE CYL MAST,BACO,OS concluída,,PAMA-LS,
2026-07-18,3040262967,2682001-1,BRAKE CYL MAST,PAMALS,REC,REPARADO,V1 PAMA-LS,93.0
2026-07-18,3040262968,2682001-1,BRAKE CYL MAST,BANT,OS concluída,,PAMA-LS,
2026-07-18,3040262969,2682001-1,BRAKE CYL MAST,BABE,REC,REPARADO,V1 PAMA-LS,93.0
2026-07-18,3040263069,453-5060,ELT C406-N,BABE,OS concluída,,,
2026-07-18,3040263283,D145-00-46-2,FLAP ACTUATOR ASSY,PAMALS,REC,EM REPARO,LEAP,78.0
2026-07-18,3040263284,D145-00-46-2,FLAP ACTUATOR ASSY,BAFL,REC,EM REPARO,LEAP,78.0
2026-07-18,3040263286,C661065-0237,AIRSPEED INDICATOR,BANT,REC,DEVOLVIDO NO ESTADO,WILLIAM,78.0
2026-07-18,3040263287,C661065-0237,AIRSPEED INDICATOR,BABR,REC,REPARADO,VEE ONE,78.0
2026-07-18,3040263288,C661065-0237,AIRSPEED INDICATOR,PAMASP,REC,REPARADO,VEE ONE,78.0
2026-07-18,3040263314,060-0017-00,FLIGHT DIR HOR,EEAR,REC,EM REPARO,LEAP,78.0
2026-07-18,3040263315,060-0017-00,FLIGHT DIR HOR,BACG,OS concluída,,BABR,
2026-07-18,3040263316,060-0017-00,FLIGHT DIR HOR,BANT,REC,,BANT,78.0
2026-07-18,3040263317,060-0017-00,FLIGHT DIR HOR,PAMASP,REC,,BANT,78.0
2026-07-18,3040263319,066-1055-00,AUDIO CONTROL PANEL,BABE,REC,REPARADO,VEE ONE,78.0
2026-07-18,3040263320,066-1055-00,AUDIO CONTROL PANEL,PAMALS,REC,EM REPARO,AV AERONAUTICA,78.0
2026-07-18,3040263322,066-1055-00,AUDIO CONTROL PANEL,ALA 9,REC,EM REPARO,WILLIAM,78.0
2026-07-18,3040263324,069-01033-0101,"RECEIVER-TRANSMITTER,RADIO",PAMALS,REC,EM REPARO,LEAP,78.0
2026-07-18,3040263325,069-01033-0101,"RECEIVER-TRANSMITTER,RADIO",PAMALS,REC,,PROCURANDO,78.0
2026-07-18,3040263326,069-01033-0101,"RECEIVER-TRANSMITTER,RADIO",PAMALS,REC,,BANT,78.0
2026-07-18,3040263327,C661064-0237,AIRSPEED INDICATOR,BABR,REC,EM REPARO,WILLIAM,78.0
2026-07-18,3040263328,C661064-0237,AIRSPEED INDICATOR,BABR,REC,EM REPARO,WILLIAM,78.0
2026-07-18,3040263329,C661064-0237,AIRSPEED INDICATOR,PAMALS,REC,EM REPARO,WILLIAM,78.0
2026-07-18,3040263330,C661064-0237,AIRSPEED INDICATOR,PAMALS,REC,EM REPARO,WILLIAM,78.0
2026-07-18,3040263331,C661064-0237,AIRSPEED INDICATOR,PAMALS,REC,VAI SER DEVOLVIDO SEM REPARO,WILLIAM,78.0
2026-07-18,3040263332,011-00916-10,"DISPLAY UNIT,FLIGHT INFORMATION",BAMN,REC,EM REPARO,WILLIAM,78.0
2026-07-18,3040263333,011-00916-10,"DISPLAY UNIT,FLIGHT INFORMATION",BACO,REC,EM REPARO,WILLIAM,78.0
2026-07-18,3040263334,011-00916-10,"DISPLAY UNIT,FLIGHT INFORMATION",BACO,REC,VAI SER DEVOLVIDO SEM REPARO,WILLIAM,78.0
2026-07-18,3040263335,C611008-0101,ALTERNATOR CONTROL UNIT,PAMALS,REC,EM REPARO,AV AERONAUTICA,78.0
2026-07-18,3040263336,C611008-0101,ALTERNATOR CONTROL UNIT,PAMALS,REC,EM REPARO,AV AERONAUTICA,78.0
2026-07-18,3040263338,C611008-0101,ALTERNATOR CONTROL UNIT,PAMALS,REC,REPARADO,V1 PAMA-LS,78.0
2026-07-18,3040263415,069-01033-0101,"RECEIVER-TRANSMITTER,RADIO",BABR,REC,,BANT,72.0
2026-07-18,3040263416,069-01033-0101,"RECEIVER-TRANSMITTER,RADIO",BASM,REC,EM REPARO,WILLIAM,72.0
2026-07-18,3040263417,069-01033-0101,"RECEIVER-TRANSMITTER,RADIO",PAMALS,REC,EM REPARO,WILLIAM,72.0
2026-07-18,3040263433,066-03064-0005,"ALTIMETER,SERVO CONTROLLED,AUTOMATIC PRESSURE",BACG,REC,EM REPARO,WILLIAM,72.0
2026-07-18,3040263434,066-03064-0005,"ALTIMETER,SERVO CONTROLLED,AUTOMATIC PRESSURE",PAMASP,REC,VAI SER DEVOLVIDO SEM REPARO,WILLIAM,72.0
2026-07-18,3040263435,066-03064-0005,"ALTIMETER,SERVO CONTROLLED,AUTOMATIC PRESSURE",BANT,REC,EM REPARO,WILLIAM,72.0
2026-07-18,3040263443,3244897-4,FUEL CONTROL UNIT,PAMALS,REC,EM REPARO,LEAP,71.0
2026-07-18,3040263444,3244897-4,FUEL CONTROL UNIT,PAMALS,REC,EM REPARO,LEAP,71.0
2026-07-18,3040263447,066-3046-07,"CONTROL,INDICATOR",CLA,REC,,BABR,72.0
2026-07-18,3040263448,2618510-10,ALTERNATOR CONTROL UNIT ASSY,BABE,REC,EM REPARO,WILLIAM,66.0
2026-07-18,3040263449,2618510-10,ALTERNATOR CONTROL UNIT ASSY,PAMALS,REC,EM REPARO,WILLIAM,66.0
2026-07-18,3040263571,066-3084-32,IND RDR 2000 IN-182A,PAMALS,REC,EM REPARO,WILLIAM,66.0
2026-07-18,3040263572,066-3084-32,IND RDR 2000 IN-182A,PAMALS,REC,EM REPARO,WILLIAM,66.0
2026-07-18,3040263573,066-3084-32,IND RDR 2000 IN-182A,PAMALS,REC,,BABR,66.0
2026-07-18,3040263574,066-1072-04,"RECEIVER,RADIO",BABE,REC,EM REPARO,WILLIAM,66.0
2026-07-18,3040263575,066-1072-04,"RECEIVER,RADIO",BABE,REC,EM REPARO,WILLIAM,66.0
2026-07-18,3040263576,066-1072-04,"RECEIVER,RADIO",BAMN,OS concluída,DEVOLVIDO NO ESTADO,WILLIAM,
2026-07-18,3040263577,060-0015-00,"CONTROL,DIRECTIONAL,AUTOMATIC PILOT",ALA 5,REC,EM REPARO,WILLIAM,66.0
2026-07-18,3040263795,071-01519-0101,"RECEIVER-EXCITER,RADAR",PAMALS,REC,,PROCURANDO,49.0
2026-07-18,3040263796,071-01519-0101,"RECEIVER-EXCITER,RADAR",PAMALS,REC,,PROCURANDO,49.0
2026-07-18,3040263797,066-3046-07,"CONTROL,INDICATOR",BABE,REC,EM REPARO,WILLIAM,49.0
2026-07-18,3040263798,066-3046-07,"CONTROL,INDICATOR",PAMASP,REC,EM REPARO,WILLIAM,49.0
2026-07-18,3040263799,066-3046-07,"CONTROL,INDICATOR",PAMASP,REC,EM REPARO,WILLIAM,49.0
2026-07-18,3040263877,2641011-5,AXLE-MAIN GEAR,CLA,REC,EM REPARO,LEAP,56.0
2026-07-18,3040263878,2641011-5,AXLE-MAIN GEAR,CLA,REC,EM REPARO,LEAP,56.0
2026-07-18,3040264121,3244897-4,FUEL CONTROL UNIT,BABE,OS concluída,EM REPARO,LEAP,
2026-07-18,3040264122,3244809-8,"FUEL CONTROL,MAIN,TURBINE ENGINE",BABE,OS concluída,,BABR,
2026-07-18,3040264236,200SGL119Q-2,STARTER GENERATOR,BABE,REC,,BABE,49.0
2026-07-18,3040264237,200SGL119Q-2,STARTER GENERATOR,BAMN,REC,EM REPARO,AV AERONAUTICA,49.0
2026-07-18,3040264238,324843-2020,HEADSET-MICROPHONE,DACTA II,REC,EM REPARO,WILLIAM,49.0
2026-07-18,3040264240,324843-2020,HEADSET-MICROPHONE,DACTA II,REC,EM REPARO,WILLIAM,49.0
2026-07-18,3040264241,324843-2020,HEADSET-MICROPHONE,DACTA II,REC,EM REPARO,WILLIAM,49.0
2026-07-18,3040264242,324843-2020,HEADSET-MICROPHONE,BABE,REC,EM REPARO,WILLIAM,49.0
2026-07-18,3040264243,069-01033-0101,"RECEIVER-TRANSMITTER,RADIO",PAMALS,REC,EM REPARO,WILLIAM,49.0
2026-07-18,3040264244,069-01033-0101,"RECEIVER-TRANSMITTER,RADIO",PAMASP,REC,EM REPARO,WILLIAM,49.0
2026-07-18,3040264246,060-0017-00,FLIGHT DIR HOR,PAMALS,REC,EM REPARO,WILLIAM,49.0
2026-07-18,3040264262,9910338-8,"INDICATOR,FUEL FLOW",BABV,REC,EM REPARO,WILLIAM,49.0
2026-07-18,3040264263,9910338-8,"INDICATOR,FUEL FLOW",PAMALS,OS concluída,,BABR,
2026-07-18,3040264264,324843-2020,HEADSET-MICROPHONE,DACTA II,REC,EM REPARO,WILLIAM,49.0
2026-07-18,3040264572,060-0017-00,FLIGHT DIR HOR,PAMASP,REC,,,37.0
2026-07-18,3040264573,060-0017-00,FLIGHT DIR HOR,BANT,REC,,,37.0
2026-07-18,3040264574,060-0017-00,FLIGHT DIR HOR,BANT,REC,,,37.0
2026-07-18,3040264576,060-0017-00,FLIGHT DIR HOR,PAMALS,REC,,,37.0
2026-07-18,3040264577,060-0017-00,FLIGHT DIR HOR,PAMALS,REC,,,37.0
2026-07-18,3040264579,060-0017-00,FLIGHT DIR HOR,BABR,OS concluída,,,
2026-07-18,3040264643,1H75-21,PRESSURE REGULATOR,PAMASP,REC,,,32.0
2026-07-18,3040264645,1H75-21,PRESSURE REGULATOR,PAMASP,REC,,,32.0
2026-07-18,3040264646,1H75-21,PRESSURE REGULATOR,PAMASP,REC,,,32.0
2026-07-18,3040264647,1H75-21,PRESSURE REGULATOR,BAMN,REC,,,32.0
2026-07-18,3040264707,3244809-7,"FUEL CONTROL,MAIN,TURBINE ENGINE",BABE,REC,,,32.0
2026-07-18,3040264709,540-1407-4,"VALVE,BLEED,TURBINEENGINE",PAMASP,REC,,,32.0
2026-07-18,3040264710,200SGL153Q,"STARTER-GENERATOR,ENGINE,AIRCRAFT",CLA,REC,,,32.0
2026-07-18,3040264711,200SGL153Q,"STARTER-GENERATOR,ENGINE,AIRCRAFT",PAMASP,REC,,,32.0
2026-07-18,3040264712,200SGL153Q,"STARTER-GENERATOR,ENGINE,AIRCRAFT",BACG,REC,,,32.0
2026-07-18,3040264718,9910338-8,"INDICATOR,FUEL FLOW",PAMALS,REC,,,32.0
2026-07-18,3040264719,S3326-2,"INDICATOR,HORIZONTAL SITUATION",ALA 8,REC,,,32.0
2026-07-18,3040264720,S3326-2,"INDICATOR,HORIZONTAL SITUATION",PAMALS,REC,,,32.0
2026-07-18,3040264721,S3326-2,"INDICATOR,HORIZONTAL SITUATION",PAMASP,REC,,,32.0
2026-07-18,3040264724,2606013-1AM,INDICADOR PERCENTUAL RPM,BABV,REC,,,32.0
2026-07-18,3040264725,2606013-1AM,INDICADOR PERCENTUAL RPM,BABR,REC,,,32.0
2026-07-18,3040264726,2606015-4,INDICATOR-OIL TEMP/OIL PRESS,BANT,REC,,,32.0
2026-07-18,3040264727,C661051-0201,GYRO HORIZON,ALA 10,REC,,,32.0
2026-07-18,3040264728,504-0111-906,GYRO HORIZON,PAMALS,REC,,,32.0
2026-07-18,3040264729,504-0111-906,GYRO HORIZON,BACG,REC,,,32.0
2026-07-18,3040264730,8210-003,"GOVERNOR,FUEL CONTROL",PAMASP,REC,,,32.0
2026-07-18,3040264731,8210-002,"GOVERNOR,CONSTANT SPEED DRIVE",PAMASP,REC,,,32.0
2026-07-18,3040264732,8210-002,"GOVERNOR,CONSTANT SPEED DRIVE",BAMN,REC,,,32.0
2026-07-18,3040264733,030-18200,MAIN WHEEL BRAKE,BAMN,REC,,,32.0
2026-07-18,3040264734,030-18200,MAIN WHEEL BRAKE,BAMN,REC,,,32.0
2026-07-18,3040264735,161-11700,INNER WHEEL HALF ASSY,PAMALS,REC,,,32.0
2026-07-18,3040264736,161-12800,WHEEL HALF ASSY-INNER,BABR,REC,,,32.0
2026-07-18,3040264737,161-12800,WHEEL HALF ASSY-INNER,PAMALS,AUT,,,32.0
2026-07-18,3040264738,162-10700,OUTER WHEEL HALF ASSY,BACO,AUT,,,32.0
2026-07-18,3040264807,011-01105-01,INTEGRATED AVIONICS UNIT GIA63W,ALA 8,REC,,,24.0
2026-07-18,3040264808,011-01105-01,INTEGRATED AVIONICS UNIT GIA63W,BAMN,REC,,,24.0
2026-07-18,3040264907,011-00916-10,"DISPLAY UNIT,FLIGHT INFORMATION",BAMN,REC,,,17.0
2026-07-18,3040264908,011-00916-10,"DISPLAY UNIT,FLIGHT INFORMATION",BABV,REC,,,17.0
2026-07-18,3040264960,3034792,BOMBA DE COMBUSTÍVEL,CLA,REC,,,15.0
2026-07-18,3040264961,3244897-4,FUEL CONTROL UNIT,CLA,REC,,,15.0
2026-07-18,3040264974,3244809-8,"FUEL CONTROL,MAIN,TURBINE ENGINE",BAMN,REC,,,15.0
2026-07-18,3040265140,011-01020-10,AFCS MODE CONTROLLER GMC 710,BABE,REC,,,9.0
2026-07-18,3040265144,011-01020-10,AFCS MODE CONTROLLER GMC 710,BABE,REC,,,9.0
2026-07-20,3040249831,066-01141-5101,"RECEIVER-TRANSMITTER,RADIO (KT71)",PAMALS,REC,EM REPARO,LEAP,525.0
2026-07-20,3040250234,3034792,BOMBA DE COMBUSTÍVEL,PAMALS,REC,,BANT,509.0
2026-07-20,3040250248,452-0133,"BATTERY,NONRECHARGEABLE",BABR,REC,CONDENADO,VEE ONE,509.0
2026-07-20,3040250249,452-0133,"BATTERY,NONRECHARGEABLE",BAMN,REC,CONDENADO,VEE ONE,509.0
2026-07-20,3040250716,030-18200,MAIN WHEEL BRAKE,BABV,REC,EM REPARO,LEAP,487.0
2026-07-20,3040250717,030-18200,MAIN WHEEL BRAKE,BACO,OS concluída,REPARADO,,
2026-07-20,3040250718,030-18200,MAIN WHEEL BRAKE,BACO,OS concluída,REPARADO,,
2026-07-20,3040250719,060-0017-00,FLIGHT DIR HOR,PAMALS,REC,,BANT,487.0
2026-07-20,3040250720,060-0017-00,FLIGHT DIR HOR,BABV,OS concluída,REPARADO,,
2026-07-20,3040250721,060-0017-00,FLIGHT DIR HOR,BANT,OS concluída,REPARADO,,
2026-07-20,3040250722,066-01141-5101,"RECEIVER-TRANSMITTER,RADIO (KT71)",ALA 9,REC,EM REPARO,WILLIAM,487.0
2026-07-20,3040250723,066-01141-5101,"RECEIVER-TRANSMITTER,RADIO (KT71)",CLA,REC,,BABR,487.0
2026-07-20,3040250724,066-04035-1101,"DISPLAY UNIT,RADAR",PAMALS,REC,,BANT,487.0
2026-07-20,3040250725,066-3046-07,"CONTROL,INDICATOR",ALA 10,OS concluída,REPARADO,,
2026-07-20,3040250732,069-1025-25,"RECEIVER-TRANSMITTER,RADIO - KX165",PAMALS,REC,EM REPARO,WILLIAM,487.0
2026-07-20,3040250773,161-11700,INNER WHEEL HALF ASSY,EEAR,REC,,BACG,487.0
2026-07-20,3040250775,161-11700,INNER WHEEL HALF ASSY,BABE,OS concluída,CONDENADO,,
2026-07-20,3040250776,161-12800,WHEEL HALF ASSY-INNER,BABE,OS concluída,CONDENADO,,
2026-07-20,3040250778,161-12800,WHEEL HALF ASSY-INNER,BACG,OS concluída,REPARADO,,
2026-07-20,3040250780,162-11800,WHEEL HALF ASSY-OUTER,PAMALS,OS concluída,,,
2026-07-20,3040250781,162-11800,WHEEL HALF ASSY-OUTER,BACG,OS concluída,,,
2026-07-20,3040250782,2606012-1,INDICATOR-INTER-TURBINE TEMPERATURE,ALA 9,OS concluída,,,
2026-07-20,3040250789,2641012-14,TRUNNION ASSY-RH-MAIN GEAR,PAMASP,OS concluída,CONDENADO,,
2026-07-20,3040250790,2643031-7,"FORK ASSY,NOSE GEAR SPRING",BAMN,OS concluída,CONDENADO,,
2026-07-20,3040250791,2643090-1,SHIMMY DAMPENE,BANT,REC,EM REPARO,AV AERONAUTICA,487.0
2026-07-20,3040250792,2643090-1,SHIMMY DAMPENE,BAMN,REC,REPARADO,V1 PAMA-LS,487.0
2026-07-20,3040250793,2643099-4,"SUPPORT ASSY FOWARD, NLG SPRING",BAMN,OS concluída,CONDENADO,,
2026-07-20,3040250798,30994-001,BATTERY-MARATHON TSP410 NICAD,BANT,OS concluída,CONDENADO,AMA - VEE ONE,
2026-07-20,3040250816,453-5060,"BEACON,DISTRESS",BAMN,REC,,PAMA-LS,487.0
2026-07-20,3040250827,51539-012N,CONTROL UNIT ASSY-GENERATOR,BANT,REC,,BABR,487.0
2026-07-20,3040250828,51539-012N,CONTROL UNIT ASSY-GENERATOR,BACG,REC,,BABR,487.0
2026-07-20,3040250829,51539-012N,CONTROL UNIT ASSY-GENERATOR,BAMN,OS concluída,,,
2026-07-20,3040250830,799-1,TRANSDUCER,BACO,REC,,BANT,487.0
2026-07-20,3040250831,799-1,TRANSDUCER,BANT,REC,,BANT,487.0
2026-07-20,3040250832,9910338-4,FUEL TOTALIZER INDICATOR,EEAR,REC,,PAMA-LS,487.0
2026-07-20,3040250833,9910586-4,FLAP ACTUATOR AND MOTOR ASSEMBLY,ALA 3,REC,,BAMN,487.0
2026-07-20,3040250834,9910586-4,FLAP ACTUATOR AND MOTOR ASSEMBLY,ALA 3,OS concluída,CONDENADO,,
2026-07-20,3040250835,ASG12000-2,ALTERNATOR,ALA 5,REC,REPARADO,V1 PAMA-LS,487.0
2026-07-20,3040250841,C661030-0301,TURN BANK,PAMALS,REC,EM REPARO,LEAP,487.0
2026-07-20,3040250842,C662041-0102,INDICATOR FUEL,ALA 5,REC,,PAMA-LS,487.0
2026-07-20,3040250843,C662041-0102,INDICATOR FUEL,ALA 10,OS concluída,REPARADO,,
2026-07-20,3040250844,C662041-0102,INDICATOR FUEL,ALA 9,REC,,PAMA-LS,487.0
2026-07-20,3040252159,011-00916-00,DISPLAY UNIT GDU 1040A,BAMN,REC,,BAMN,454.0
2026-07-20,3040252160,011-01020-10,AFCS MODE CONTROLLER GMC 710,BAMN,OS concluída,,,
2026-07-20,3040252161,065-0042-03,COMPUTER PA,ALA 10,REC,EM REPARO,WILLIAM,454.0
2026-07-20,3040252162,065-0042-03,COMPUTER PA,EEAR,REC,,BABE,454.0
2026-07-20,3040252164,065-0042-03,COMPUTER PA,EEAR,REC,EM REPARO,WILLIAM,454.0
2026-07-20,3040252165,065-0042-03,COMPUTER PA,PAMALS,OS concluída,,,
2026-07-20,3040252166,065-0059-01,SERVO PITCH,EEAR,REC,EM REPARO,WILLIAM,454.0
2026-07-20,3040252168,066-03064-0005,"ALTIMETER,SERVO CONTROLLED,AUTOMATIC PRESSURE",ALA 9,OS concluída,REPARADO,,
2026-07-20,3040252170,066-03064-0005,"ALTIMETER,SERVO CONTROLLED,AUTOMATIC PRESSURE",ALA 7,REC,NO ESTADO,VEE ONE,454.0
2026-07-20,3040252172,066-03064-0005,"ALTIMETER,SERVO CONTROLLED,AUTOMATIC PRESSURE",PAMALS,REC,NO ESTADO,VEE ONE,454.0
2026-07-20,3040252173,066-03064-0005,"ALTIMETER,SERVO CONTROLLED,AUTOMATIC PRESSURE",BANT,REC,EM REPARO,LEAP,454.0
2026-07-20,3040252178,066-1072-00,RECEIVER ADF (KING KR87),PAMALS,OS concluída,,,
2026-07-20,3040252180,066-1072-04,"RECEIVER,RADIO",ALA 8,OS concluída,,,
2026-07-20,3040252181,066-1072-04,"RECEIVER,RADIO",PAMASP,REC,EM REPARO,WILLIAM,454.0
2026-07-20,3040252182,066-1072-04,"RECEIVER,RADIO",ALA 9,OS concluída,REPARADO,,
2026-07-20,3040252185,066-1072-04,"RECEIVER,RADIO",BAMN,OS concluída,REPARADO,,
2026-07-20,3040252189,9910338-6,"TRANSMITTER,RATE OF FLOW",ALA 8,OS concluída,REPARADO,,
2026-07-20,3040252190,9910338-6,"TRANSMITTER,RATE OF FLOW",BABR,OS concluída,,,
2026-07-20,3040252191,C611008-0101,ALTERNATOR CONTROL UNIT,PAMALS,REC,,BABR,454.0
2026-07-20,3040252935,030-18200,MAIN WHEEL BRAKE,BAMN,OS concluída,CONDENADO,,
2026-07-20,3040252936,030-18200,MAIN WHEEL BRAKE,BACO,REC,,PAMA-LS,424.0
2026-07-20,3040252939,C163030-1001,MAIN W BRAKE A,BABV,REC,,BAMN,424.0
2026-07-20,3040252940,30-182,MAIN WHEEL BRAKE,BABV,OS concluída,CONDENADO,,
2026-07-20,3040252942,30-182,MAIN WHEEL BRAKE,BAMN,OS concluída,REPARADO,,
2026-07-20,3040252943,30-182,MAIN WHEEL BRAKE,BAMN,OS concluída,REPARADO,,
2026-07-20,3040253168,161-12800,WHEEL HALF ASSY-INNER,BASM,REC,REPARADO,VEE ONE,420.0
2026-07-20,3040253170,161-12800,WHEEL HALF ASSY-INNER,BASM,OS concluída,CONDENADO,,
2026-07-20,3040253172,161-12800,WHEEL HALF ASSY-INNER,PAMALS,REC,,PROCURANDO,420.0
2026-07-20,3040253173,161-12800,WHEEL HALF ASSY-INNER,PAMALS,REC,EM REPARO,LEAP,420.0
2026-07-20,3040253174,161-12800,WHEEL HALF ASSY-INNER,PAMALS,OS concluída,CONDENADO,,
2026-07-20,3040253176,162-10700,OUTER WHEEL HALF ASSY,BABE,OS concluída,CONDENADO,,
2026-07-20,3040253177,162-10700,OUTER WHEEL HALF ASSY,BABV,REC,REPARADO,VEE ONE,420.0
2026-07-20,3040253178,162-10700,OUTER WHEEL HALF ASSY,PAMALS,REC,,PROCURANDO,420.0
2026-07-20,3040253179,162-11800,WHEEL HALF ASSY-OUTER,CLA,OS concluída,CONDENADO,,
2026-07-20,3040253180,162-11800,WHEEL HALF ASSY-OUTER,BASM,REC,,PROCURANDO,420.0
2026-07-20,3040253181,162-11800,WHEEL HALF ASSY-OUTER,PAMALS,OS concluída,REPARADO,,
2026-07-20,3040253182,162-11800,WHEEL HALF ASSY-OUTER,PAMALS,REC,REPARADO,VEE ONE,420.0
2026-07-20,3040253526,30994-001,BATTERY-MARATHON TSP410 NICAD,PAMALS,OS concluída,CONDENADO,AMA - VEE ONE,
2026-07-20,3040253527,30994-001,BATTERY-MARATHON TSP410 NICAD,BAPV,OS concluída,CONDENADO,AMA - VEE ONE,
2026-07-20,3040253528,066-03064-0005,"ALTIMETER,SERVO CONTROLLED,AUTOMATIC PRESSURE",BANT,OS concluída,REPARADO,,
2026-07-20,3040253529,066-03064-0005,"ALTIMETER,SERVO CONTROLLED,AUTOMATIC PRESSURE",DSM-MN,REC,DEVOLVIDO NO ESTADO,WILLIAM,410.0
2026-07-20,3040253530,799-1,TRANSDUCER,BAMN,REC,,BANT,410.0
2026-07-20,3040253531,799-1,TRANSDUCER,BAMN,REC,,VEE ONE,410.0
2026-07-20,3040253532,799-1,TRANSDUCER,PAMALS,REC,,BANT,410.0
2026-07-20,3040253535,2643099-4,"SUPPORT ASSY FOWARD, NLG SPRING",BABE,REC,CONDENADO,VEE ONE,410.0
2026-07-20,3040253536,2641012-14,TRUNNION ASSY-RH-MAIN GEAR,PAMALS,OS concluída,CONDENADO,,
2026-07-20,3040254195,540-1407-4,"VALVE,BLEED,TURBINEENGINE",PAMALS,REC,,BANT,392.0
2026-07-20,3040254201,2643090-3,SHIMMY DAMPER-NOSE GEAR,PAMALS,REC,REPARADO,V1 PAMA-LS,392.0
2026-07-20,3040254203,SE1070-6,SHIMMY DAMPENER ASSY,BACGINAT,OS concluída,,,
2026-07-20,3040254205,C660501-0103,"COMPASS,SPEC",PAMALS,REC,REPARADO,V1 PAMA-LS,392.0
2026-07-20,3040254206,C660501-0103,"COMPASS,SPEC",ALA 8,REC,EM REPARO EM GARANTIA,WILLIAM,392.0
2026-07-20,3040254208,C660501-0103,"COMPASS,SPEC",BABV,REC,REPARADO,V1 PAMA-LS,392.0
2026-07-20,3040254210,799-1,TRANSDUCER,BANT,REC,,BANT,392.0
2026-07-20,3040254770,069-1025-25,"RECEIVER-TRANSMITTER,RADIO - KX165",ALA 9,REC,EM REPARO,WILLIAM,383.0
2026-07-20,3040254784,452-0133,"BATTERY,NONRECHARGEABLE",DACTA II,REC,CONDENADO,VEE ONE,383.0
2026-07-20,3040254785,452-0133,"BATTERY,NONRECHARGEABLE",BAMN,REC,CONDENADO,VEE ONE,383.0
2026-07-20,3040254786,452-0133,"BATTERY PACK,AIRCRAFT",BAMN,REC,CONDENADO,VEE ONE,383.0
2026-07-20,3040254787,452-0133,"BATTERY PACK,AIRCRAFT",DACTA II,REC,CONDENADO,VEE ONE,383.0
2026-07-20,3040254788,452-0133,"BATTERY,NONRECHARGEABLE",BAMN,REC,CONDENADO,VEE ONE,383.0
2026-07-20,3040254789,452-0133,"BATTERY,NONRECHARGEABLE",BAMN,REC,CONDENADO,VEE ONE,383.0
2026-07-20,3040254792,2606013-1RX,INDICATOR-PERCENT RPM,BABR,REC,,BANT,383.0
2026-07-20,3040254793,D145-00-46-2,FLAP ACTUATOR ASSY,PAMALS,REC,,PAMA-LS,383.0
2026-07-20,3040254794,C145-350,"MOTOR,DIRECT CURRENT",PAMALS,OS concluída,,,
2026-07-20,3040254795,D145-00-46-2,FLAP ACTUATOR ASSY,BABE,REC,,PAMA-LS,383.0
2026-07-20,3040254796,30994-001,BATTERY-MARATHON TSP410 NICAD,BAMN,OS concluída,REPARADO,,
2026-07-20,3040254799,453-5000-710,EMERGENCY LOCATOR TRANSMITTER MODEL C406-2,PAMASP,OS concluída,,,
2026-07-20,3040254803,C352TS,"EXTINGUISHER,FIRE",2 ETA,REC,REPARADO,V1 PAMA-LS,383.0
2026-07-20,3040254805,C352TS,"EXTINGUISHER,FIRE",PAMALS,OS concluída,,,
2026-07-20,3040254806,C352TS,"EXTINGUISHER,FIRE",PAMALS,REC,REPARADO,V1 PAMA-LS,383.0
2026-07-20,3040254808,C352TS,"EXTINGUISHER,FIRE",BABR,REC,REPARADO,V1 PAMA-LS,383.0
2026-07-20,3040254809,C352TS,"EXTINGUISHER,FIRE",PAMAGL,OS concluída,,,
2026-07-20,3040254810,C352TS,"EXTINGUISHER,FIRE",PAMALS,OS concluída,,,
2026-07-20,3040254815,C482001-0402,VACUUM REGULAT,PAMALS,REC,CONDENADO,VEE ONE,383.0
2026-07-20,3040254816,C482001-0402,VACUUM REGULAT,PAMALS,REC,CONDENADO,VEE ONE,383.0
2026-07-20,3040254817,2641011-5,AXLE-MAIN GEAR,BABE,OS concluída,NO ESTADO,,
2026-07-20,3040254818,2641011-5,AXLE-MAIN GEAR,BABE,OS concluída,,,
2026-07-20,3040254819,2641011-5,AXLE-MAIN GEAR,BANT,OS concluída,REPARADO,,
2026-07-20,3040254820,2641011-5,AXLE-MAIN GEAR,BAMN,OS concluída,REPARADO,,
2026-07-20,3040255319,702801-5,FUEL PUMP,PAMASP,REC,EM REPARO,VEE ONE,374.0
2026-07-20,3040255321,8210-002,"GOVERNOR,CONSTANT SPEED DRIVE",PAMALS,OS concluída,,,
2026-07-20,3040255326,011-00916-00,DISPLAY UNIT GDU 1040A,BAMN,REC,,BAMN,374.0
2026-07-20,3040255461,DAAS-A-010-1,ADAS-D PROCESSOR,PAMALS,REC,EM REPARO,VEE ONE,370.0
2026-07-20,3040255589,071-01519-0101,"RECEIVER-EXCITER,RADAR",BANT,REC,,PROCURANDO,368.0
2026-07-20,3040255590,071-01519-0101,"RECEIVER-EXCITER,RADAR",PAMALS,OS concluída,REPARADO,,
2026-07-20,3040255706,C661064-0237,AIRSPEED INDICATOR,BAMN,OS concluída,,,
2026-07-20,3040256112,011-00883-20,RADAR GWX 68 WEATHER,BABE,REC,,BAMN,354.0
2026-07-20,3040256114,5934PAD-3,"ALTIMETER,PRESSURE",PAMALS,REC,EM REPARO,VEE ONE,354.0
2026-07-20,3040256115,5934PAD-3,"ALTIMETER,PRESSURE",PAMALS,OS concluída,REPARADO,,
2026-07-20,3040256118,011-00878-10,GSA-81 TORQUE SERVO,BAPV,REC,,BACO,354.0
2026-07-20,3040256119,011-00878-10,GSA-81 TORQUE SERVO,BAPV,REC,EM REPARO,LEAP,354.0
2026-07-20,3040256120,011-00916-10,"DISPLAY UNIT,FLIGHT INFORMATION",BAMN,OS concluída,,,
2026-07-20,3040256311,3121248-03,"VALVE ASSEMBLY,COMPRESSOR BLEED",PAMALS,OS concluída,,,
2026-07-20,3040256314,066-4010-12,RECEIVER VOR/LOC (KNS81),EEAR,REC,EM REPARO,LEAP,341.0
2026-07-20,3040256662,030-18200,MAIN WHEEL BRAKE,BASM,OS concluída,,,
2026-07-20,3040256665,161-11700,INNER WHEEL HALF ASSY,BABV,OS concluída,,,
2026-07-20,3040256666,161-11700,INNER WHEEL HALF ASSY,PAMALS,OS concluída,,,
2026-07-20,3040256667,161-11700,INNER WHEEL HALF ASSY,PAMALS,OS concluída,,,
2026-07-20,3040256668,161-11700,INNER WHEEL HALF ASSY,PAMALS,OS concluída,CONDENADO,,
2026-07-20,3040256669,161-11700,INNER WHEEL HALF ASSY,PAMALS,OS concluída,,,
2026-07-20,3040256670,161-11700,INNER WHEEL HALF ASSY,PAMALS,OS concluída,CONDENADO,,
2026-07-20,3040256671,161-11700,INNER WHEEL HALF ASSY,PAMALS,REC,REPARADO,VEE ONE,332.0
2026-07-20,3040256672,161-12800,WHEEL HALF ASSY-INNER,PAMALS,REC,REPARADO,VEE ONE,332.0
2026-07-20,3040256673,161-12800,WHEEL HALF ASSY-INNER,PAMALS,REC,CONDENADO,VEE ONE,329.0
2026-07-20,3040256675,161-12800,WHEEL HALF ASSY-INNER,BANT,OS concluída,REPARADO,,
2026-07-20,3040256694,162-11800,WHEEL HALF ASSY-OUTER,BANT,OS concluída,REPARADO,,
2026-07-20,3040256696,162-11800,WHEEL HALF ASSY-OUTER,PAMALS,REC,,PAMA-LS,332.0
2026-07-20,3040256698,030-18200,MAIN WHEEL BRAKE,PAMASP,REC,,PROCURANDO,332.0
2026-07-20,3040256702,C661064-0237,AIRSPEED INDICATOR,BABR,OS concluída,,,
2026-07-20,3040256703,C661064-0237,AIRSPEED INDICATOR,PAMALS,OS concluída,REPARADO,,
2026-07-20,3040256704,C661064-0237,AIRSPEED INDICATOR,PAMALS,OS concluída,,,
2026-07-20,3040256707,D210507,"GOVERNOR,OVERSPEED",PAMALS,OS concluída,,,
2026-07-20,3040256708,D210507,"GOVERNOR,OVERSPEED",PAMALS,REC,REPARADO,VEE ONE,332.0
2026-07-20,3040256709,3121248-03,"VALVE ASSEMBLY,COMPRESSOR BLEED",PAMASP,REC,,BANT,329.0
2026-07-20,3040256713,030-18200,MAIN WHEEL BRAKE,ALA 3,REC,,BAMN,332.0
2026-07-20,3040256787,011-00877-00,"GSA-80 SERVO ROL,YAW,SPEC",PAMALS,REC,EM REPARO,VEE ONE,332.0
2026-07-20,3040256792,011-00877-00,"GSA-80 SERVO ROL,YAW,SPEC",BAMN,REC,,PROCURANDO,332.0
2026-07-20,3040256828,011-00883-20,RADAR GWX 68 WEATHER,PAMALS,REC,CONDENADO,V1 PAMA-LS,332.0
2026-07-20,3040257093,065-00183-0501,AUTOPILOT COMPUTER KFC225,BABE,REC,,BANT,325.0
2026-07-20,3040257094,065-00183-0501,AUTOPILOT COMPUTER KFC225,BABE,REC,,BANT,325.0
2026-07-20,3040257095,011-01105-01,INTEGRATED AVIONICS UNIT GIA63W,BABE,REC,EM REPARO,VEE ONE,325.0
2026-07-20,3040257096,011-01105-01,INTEGRATED AVIONICS UNIT GIA63W,BABE,REC,,BAMN,325.0
2026-07-20,3040257436,30994-001,BATTERY-MARATHON TSP410 NICAD,PAMALS,OS concluída,CONDENADO,AMA - VEE ONE,
2026-07-20,3040257438,030-18200,MAIN WHEEL BRAKE,BAMN,REC,REPARADO,VEE ONE,306.0
2026-07-20,3040257439,030-18200,MAIN WHEEL BRAKE,BAMN,REC,,BAMN,306.0
2026-07-20,3040257440,030-18200,MAIN WHEEL BRAKE,BANT,REC,CONDENADO,VEE ONE,306.0
2026-07-20,3040257441,030-18200,MAIN WHEEL BRAKE,BAPV,REC,,BAMN,306.0
2026-07-20,3040257442,C163030-1001,MAIN W BRAKE A,BAMN,REC,REPARADO,VEE ONE,306.0
2026-07-20,3040257443,161-12800,WHEEL HALF ASSY-INNER,ALA 3,AUT,,NÃO TEVE MOVIMENTAÇÃO,313.0
2026-07-20,3040257444,162-10700,OUTER WHEEL HALF ASSY,PAMALS,OS concluída,CONDENADO,,
2026-07-20,3040257447,162-10700,OUTER WHEEL HALF ASSY,PAMALS,OS concluída,CONDENADO,,
2026-07-20,3040257450,3244809-4,"FUEL CONTROL,MAIN,TURBINE ENGINE",PAMASP,OS concluída,EM REPARO,LEAP,
2026-07-20,3040257451,3244809-7,"FUEL CONTROL,MAIN,TURBINE ENGINE",PAMASP,REC,,BANT,306.0
2026-07-20,3040257452,3244809-8,"FUEL CONTROL,MAIN,TURBINE ENGINE",BAPV,OS concluída,REPARADO,,
2026-07-20,3040257453,EA-5172-45-CES,"INDICATOR,AIRSPEED",ALA 7,REC,DEVOLVIDO NO ESTADO,WILLIAM,306.0
2026-07-20,3040257454,EA-5172-45-CES,"INDICATOR,AIRSPEED",BACG,OS concluída,,,
2026-07-20,3040258303,011-00877-00,"GSA-80 SERVO ROL,YAW,SPEC",DACTA II,REC,EM REPARO,VEE ONE,286.0
2026-07-20,3040258306,D210507,"GOVERNOR,OVERSPEED",PAMALS,REC,EM REPARO,LEAP,286.0
2026-07-20,3040258307,D210507,"GOVERNOR,OVERSPEED",ALA 5,OS concluída,,,
2026-07-20,3040258308,D210507,"GOVERNOR,OVERSPEED",BAMN,OS concluída,REPARADO,,
2026-07-20,3040258309,D210507,"GOVERNOR,OVERSPEED",BAMN,REC,EM REPARO,LEAP,286.0
2026-07-20,3040258310,D210507,"GOVERNOR,OVERSPEED",BACO,OS concluída,,,
2026-07-20,3040258419,011-00877-00,"GSA-80 SERVO ROL,YAW,SPEC",DACTA II,REC,EM REPARO,VEE ONE,284.0
2026-07-20,3040258420,011-00877-00,"GSA-80 SERVO ROL,YAW,SPEC",BACO,REC,EM REPARO,VEE ONE,284.0
2026-07-20,3040258421,011-00877-00,"GSA-80 SERVO ROL,YAW,SPEC",BABE,REC,,BACO,284.0
2026-07-20,3040258422,2601188-8,COMPRESSOR DRIVE ASSY R134A,PAMASP,REC,,PROCURANDO,284.0
2026-07-20,3040258764,069-01034-0102,"NAVIGATION SET,SATELLITE SIGNALS KLN-94",PAMALS,REC,,BANT,277.0
2026-07-20,3040259146,1U149-015-15,HORIZ. GYRO-STADBY,PAMALS,REC,EM REPARO,VEE ONE,255.0
2026-07-20,3040259147,162-10700,OUTER WHEEL HALF ASSY,BANT,REC,EM REPARO,AMA - VEE ONE,255.0
2026-07-20,3040259148,3049038-03,"VALVE,COMPRESSOR BLEED",BANT,OS concluída,,,
2026-07-20,3040259151,066-01141-5101,"TRANSPONDER,RADAR",BANT,REC,REPARADO,V1 PAMA-LS,258.0
2026-07-20,3040259152,066-01141-5101,"TRANSPONDER,RADAR",BABE,REC,,BANT,258.0
2026-07-20,3040259251,064-1019-05,VHF TRANSCEIVE KY196,EEAR,REC,,EEAR,256.0
2026-07-20,3040259316,2606015-4,INDICATOR-OIL TEMP/OIL PRESS,BACG,REC,REPARADO,V1 PAMA-LS,252.0
2026-07-20,3040259564,C414007-0102,BLOWER ASSY,PAMALS,OS concluída,,,
2026-07-20,3040259568,C414007-0102,BLOWER ASSY,ALA 10,OS concluída,,,
2026-07-20,3040259570,C414007-0102,BLOWER ASSY,ALA 10,OS concluída,,,
2026-07-20,3040259694,025323-150,FUEL PUMP,PAMASP,REC,,BACO,244.0
2026-07-20,3040259918,C414007-0102,BLOWER ASSY,ALA 10,REC,EM REPARO,VEE ONE,237.0
2026-07-20,3040259922,C414007-0102,BLOWER ASSY,BANT,REC,REPARADO,V1 PAMA-LS,237.0
2026-07-20,3040259924,C414007-0102,BLOWER ASSY,BACG,REC,EM REPARO,VEE ONE,237.0
2026-07-20,3040259928,C414007-0102,BLOWER ASSY,PAMALS,REC,EM REPARO,VEE ONE,237.0
2026-07-20,3040259944,066-3046-07,"CONTROL,INDICATOR",EEAR,REC,,PAMA-LS,237.0
2026-07-20,3040259946,066-3046-07,"CONTROL,INDICATOR",BANT,REC,,BANT,237.0
2026-07-20,3040259947,066-3046-07,"CONTROL,INDICATOR",EEAR,OS concluída,REPARADO,,
2026-07-20,3040259949,065-0060-01,"CONTROL,SERVO,AUTOMATIC PILOT",PAMALS,REC,EM REPARO,LEAP,237.0
2026-07-20,3040259950,065-0060-01,"CONTROL,SERVO,AUTOMATIC PILOT",PAMALS,REC,EM REPARO,LEAP,237.0
2026-07-20,3040260204,324843-W020,HEADSET-MICROPHONE,PAMALS,OS concluída,REPARADO,,
2026-07-20,3040260205,324843-W020,HEADSET-MICROPHONE,PAMALS,OS concluída,REPARADO,,
2026-07-20,3040260208,324843-W020,HEADSET-MICROPHONE,PAMALS,REC,VAI SER DEVOLVIDO SEM REPARO,WILLIAM,223.0
2026-07-20,3040260209,011-00916-00,DISPLAY UNIT GDU 1040A,PAMALS,REC,,BAMN,223.0
2026-07-20,3040260382,065-00183-0501,AUTOPILOT COMPUTER KFC225,BANT,REC,,BANT,216.0
2026-07-20,3040260388,SD5H14C4527,AIR COMPRESSOR,PAMALS,REC,EM REPARO,VEE ONE,216.0
2026-07-20,3040260389,SD5H14C4527,AIR COMPRESSOR,PAMALS,REC,EM REPARO,VEE ONE,216.0
2026-07-20,3040260516,ASG12000-2,ALTERNATOR,PAMALS,REC,REPARADO,V1 PAMA-LS,213.0
2026-07-20,3040260517,ASG12000-2,ALTERNATOR,PAMALS,OS concluída,,,
2026-07-20,3040260522,9910592-2,ALTERNADOR,BAMN,REC,REPARADO,V1 PAMA-LS,213.0
2026-07-20,3040260523,9910592-2,ALTERNADOR,BAMN,REC,REPARADO,V1 PAMA-LS,213.0
2026-07-20,3040260524,51539-012M,CONTROL UNIT ASSY-GENERATOR,BANT,REC,,BACG,213.0
2026-07-20,3040260538,324843-W020,HEADSET-MICROPHONE,PAMALS,REC,,BABE,195.0
2026-07-20,3040260539,324843-W020,HEADSET-MICROPHONE,PAMALS,REC,,BABE,195.0
2026-07-20,3040260540,324843-W020,HEADSET-MICROPHONE,PAMALS,OS concluída,REPARADO,,
2026-07-20,3040260541,324843-W020,HEADSET-MICROPHONE,PAMALS,OS concluída,REPARADO,,
2026-07-20,3040260542,324843-W020,HEADSET-MICROPHONE,PAMALS,REC,,BABE,195.0
2026-07-20,3040260543,324843-W020,HEADSET-MICROPHONE,PAMALS,REC,VAI SER DEVOLVIDO SEM REPARO,WILLIAM,195.0
2026-07-20,3040260544,161-11700,INNER WHEEL HALF ASSY,BANT,REC,REPARADO,VEE ONE,195.0
2026-07-20,3040260545,161-11700,INNER WHEEL HALF ASSY,BACG,REC,REPARADO,VEE ONE,195.0
2026-07-20,3040260546,161-12800,WHEEL HALF ASSY-INNER,PAMALS,REC,REPARADO,VEE ONE,195.0
2026-07-20,3040260547,161-12800,WHEEL HALF ASSY-INNER,EPCAR,OS concluída,REPARADO,VEE ONE,
2026-07-20,3040260548,161-11700,INNER WHEEL HALF ASSY,CLA,REC,REPARADO,VEE ONE,195.0
2026-07-20,3040260549,162-10700,OUTER WHEEL HALF ASSY,BACG,REC,REPARADO,VEE ONE,195.0
2026-07-20,3040260550,162-10700,OUTER WHEEL HALF ASSY,CLA,REC,REPARADO,VEE ONE,195.0
2026-07-20,3040260551,162-11800,WHEEL HALF ASSY-OUTER,BANT,REC,REPARADO,VEE ONE,195.0
2026-07-20,3040260552,30994-001,BATTERY-MARATHON TSP410 NICAD,BABE,OS concluída,CONDENADO,AMA - VEE ONE,
2026-07-20,3040260583,3244897-4,FUEL CONTROL UNIT,PAMALS,OS concluída,,,
2026-07-20,3040260595,9910586-4,FLAP ACTUATOR AND MOTOR ASSEMBLY,7 ETA,REC,,BAMN,195.0
2026-07-20,3040260597,9910586-4,FLAP ACTUATOR AND MOTOR ASSEMBLY,BAPV,REC,REPARADO,VEE ONE,195.0
2026-07-20,3040260750,3122678-04,FUEL CONTROL UNIT,PAMASP,REC,,BANT,187.0
2026-07-20,3040260752,3244897-4,FUEL CONTROL UNIT,PAMASP,OS concluída,REPARADO,,
2026-07-20,3040260753,3244809-7,"FUEL CONTROL,MAIN,TURBINE ENGINE",PAMASP,OS concluída,REPARADO,,
2026-07-20,3040260754,3244809-1,"FUEL CONTROL,MAIN,TURBINE ENGINE",PAMASP,REC,EM QUARENTENA,LEAP,187.0
2026-07-20,3040260811,3034792,BOMBA DE COMBUSTÍVEL,BAPV,REC,,BABR,173.0
2026-07-20,3040260812,3034792,BOMBA DE COMBUSTÍVEL,BACG,OS concluída,,,
2026-07-20,3040260913,064-1054-30,RECEIVER-TRANSMITTER SUBASSEMBLY,EPCAR,REC,REPARADO,V1 PAMA-LS,175.0
2026-07-20,3040260915,064-1054-30,RECEIVER-TRANSMITTER SUBASSEMBLY,PAMALS,REC,REPARADO,V1 PAMA-LS,175.0
2026-07-20,3040260922,162-11800,WHEEL HALF ASSY-OUTER,PAMALS,OS concluída,,,
2026-07-20,3040260923,030-18200,MAIN WHEEL BRAKE,BACO,REC,REPARADO,VEE ONE,173.0
2026-07-20,3040261322,011-00831-00,"ENGINE INTERFA,SPEC",BAPV,REC,REPARADO,VEE ONE,160.0
2026-07-20,3040261324,011-00882-10,"COMPUTER,AIR DATA",BAMN,OS concluída,,,
2026-07-20,3040261326,011-00882-10,"COMPUTER,AIR DATA",BAMN,OS concluída,,,
2026-07-20,3040261327,064-1054-30,RECEIVER-TRANSMITTER SUBASSEMBLY,PAMASP,REC,REPARADO,V1 PAMA-LS,160.0
2026-07-20,3040261329,065-0061-36,ACTUATOR TRIM (KS272A),ALA 10,OS concluída,REPARADO,,
2026-07-20,3040261331,065-0061-36,ACTUATOR TRIM (KS272A),PAMASP,REC,,BABR,160.0
2026-07-20,3040261334,065-0065-01,SELECTOR ALT,BANT,REC,EM REPARO,WILLIAM,160.0
2026-07-20,3040261335,065-0065-01,SELECTOR ALT,BANT,REC,EM REPARO,WILLIAM,160.0
2026-07-20,3040261336,066-01141-0101,"RECEIVER,RADIO",BANT,REC,REPARADO,V1 PAMA-LS,160.0
2026-07-20,3040261340,066-1053-00,"RECEIVER,RADIO",BASM,REC,REPARADO,V1 PAMA-LS,160.0
2026-07-20,3040261342,066-3084-02,COLOR RADAR INDICATOR,BABV,REC,EM REPARO,WILLIAM,160.0
2026-07-20,3040261344,066-4010-12,RECEIVER VOR/LOC (KNS81),ALA 10,REC,EM REPARO,WILLIAM,160.0
2026-07-20,3040261347,071-1234-00,ANTENNA ACCESSORY,ALA 1,REC,EM REPARO,WILLIAM,160.0
2026-07-20,3040261352,1134380-4,EVAPORATOR MODULE ASSY-RH,BAMN,REC,CONDENADO,VEE ONE,160.0
2026-07-20,3040261353,1H75-21,PRESSURE REGULATOR,BAMN,REC,,BAMN,160.0
2026-07-20,3040261354,2643100-201,NOSE GEAR STRUT ASSY - TALL FORK,BANT,REC,EM REPARO,AV AERONAUTICA,160.0
2026-07-20,3040261355,2643100-201,NOSE GEAR STRUT ASSY - TALL FORK,BABR,OS concluída,REPARADO,,
2026-07-20,3040261356,2670104-2,ANNUNCIATOR PANEL,PAMALS,REC,REPARADO,VEE ONE,160.0
2026-07-20,3040261357,2682001-1,BRAKE CYL MAST,BABE,OS concluída,REPARADO,,
2026-07-20,3040261364,8210-002-01,GOVERNOR PROPELLER,PAMASP,REC,REPARADO,VEE ONE,160.0
2026-07-20,3040261371,TFF2905-13,FUEL FLOW TRANSDUCER,ALA 8,REC,EM REPARO,WILLIAM,160.0
2026-07-20,3040261373,C661065-0240,AIRSPEED INDICATOR,BABE,REC,REPARADO,V1 PAMA-LS,160.0
2026-07-20,3040261375,C661065-0240RX,"INDICATOR, AIRSPEED",BACG,REC,EM REPARO,WILLIAM,160.0
2026-07-20,3040261376,066-1061-03,RT RADAR ALTIM (KRA10A),PAMALS,REC,PARA REPARO,VEE ONE,160.0
2026-07-20,3040261377,066-3054-01,INDICATOR RADAR ALTIMETER - TYPE KI250,PAMALS,REC,EM REPARO,WILLIAM,160.0
2026-07-20,3040261387,3034792,BOMBA DE COMBUSTÍVEL,BABR,OS concluída,REPARADO,,
2026-07-20,3040261388,3034792,BOMBA DE COMBUSTÍVEL,BABR,OS concluída,REPARADO,,
2026-07-20,3040261389,3034792,BOMBA DE COMBUSTÍVEL,PAMASP,REC,REPARADO,V1 PAMA-LS,160.0
2026-07-20,3040261627,S3828-1,ALTIMETER,BAMN,REC,EM REPARO,WILLIAM,146.0
2026-07-20,3040261628,S3828-1,ALTIMETER,BABE,REC,REPARADO,V1 PAMA-LS,146.0
2026-07-20,3040261843,3034792,BOMBA DE COMBUSTÍVEL,PAMALS,REC,EM REPARO,VEE ONE,133.0
2026-07-20,3040261851,51539-012MRX,CONTROL UNIT ASSY-GENERATOR,BABE,REC,EM REPARO,VEE ONE,138.0
2026-07-20,3040261852,51539-012MRX,CONTROL UNIT ASSY-GENERATOR,BABE,REC,EM REPARO,VEE ONE,138.0
2026-07-20,3040262245,200SGL119Q-2,STARTER GENERATOR,BAMN,OS concluída,REPARADO,,
2026-07-20,3040262246,200SGL119Q-2,STARTER GENERATOR,BAMN,OS concluída,REPARADO,,
2026-07-20,3040262273,324843-W020,HEADSET-MICROPHONE,BABE,OS concluída,REPARADO,,
2026-07-20,3040262275,324843-W020,HEADSET-MICROPHONE,BANT,OS concluída,REPARADO,,
2026-07-20,3040262363,066-1055-00,AUDIO CONTROL PANEL,ALA 5,OS concluída,,,
2026-07-20,3040262367,066-1055-00,AUDIO CONTROL PANEL,ALA 9,REC,EM REPARO,WILLIAM,116.0
2026-07-20,3040262368,066-1055-00,AUDIO CONTROL PANEL,CLA,OS concluída,,,
2026-07-20,3040262371,51539-012N,CONTROL UNIT ASSY-GENERATOR,BANT,REC,REPARADO,V1 PAMA-LS,116.0
2026-07-20,3040262372,51539-012M,CONTROL UNIT ASSY-GENERATOR,BANT,REC,,V1 PAMA-LS,116.0
2026-07-20,3040262419,065-0061-36,ACTUATOR TRIM (KS272A),ALA 9,REC,EM REPARO,WILLIAM,111.0
2026-07-20,3040262630,161-11700,INNER WHEEL HALF ASSY,BANT,REC,REPARADO,VEE ONE,98.0
2026-07-20,3040262632,161-12800,WHEEL HALF ASSY-INNER,BANT,OS concluída,REPARADO,VEE ONE,
2026-07-20,3040262633,161-12800,WHEEL HALF ASSY-INNER,BANT,REC,REPARADO,VEE ONE,98.0
2026-07-20,3040262634,162-10700,OUTER WHEEL HALF ASSY,BANT,REC,REPARADO,VEE ONE,98.0
2026-07-20,3040262635,162-11800,WHEEL HALF ASSY-OUTER,EPCAR,REC,REPARADO,VEE ONE,98.0
2026-07-20,3040262636,162-11800,WHEEL HALF ASSY-OUTER,BANT,REC,REPARADO,VEE ONE,98.0
2026-07-20,3040262637,162-11800,WHEEL HALF ASSY-OUTER,BANT,REC,REPARADO,VEE ONE,98.0
2026-07-20,3040262638,200SGL119Q,STARTER GENERATOR,PAMALS,REC,EM REPARO,AV AERONAUTICA,98.0
2026-07-20,3040262639,200SGL119Q,STARTER GENERATOR,PAMASP,OS concluída,,PAMA-LS,
2026-07-20,3040262646,200SGL119Q,STARTER GENERATOR,PAMASP,OS concluída,,,
2026-07-20,3040262706,2641011-5,AXLE-MAIN GEAR,BAMN,REC,,BANT,98.0
2026-07-20,3040262707,2641011-5,AXLE-MAIN GEAR,BABV,REC,REPARADO,VEE ONE,98.0
2026-07-20,3040262708,2641011-5,AXLE-MAIN GEAR,PAMALS,REC,,BANT,98.0
2026-07-20,3040262709,2641011-5,AXLE-MAIN GEAR,PAMALS,REC,,BANT,98.0
2026-07-20,3040262711,2641011-5,AXLE-MAIN GEAR,BABR,REC,,BANT,98.0
2026-07-20,3040262712,2641011-5,AXLE-MAIN GEAR,BABR,REC,,BANT,98.0
2026-07-20,3040262713,2641011-5,AXLE-MAIN GEAR,BAPV,REC,REPARADO,VEE ONE,98.0
2026-07-20,3040262714,2641011-5,AXLE-MAIN GEAR,BAPV,REC,,BANT,98.0
2026-07-20,3040262717,2641011-5,AXLE-MAIN GEAR,BANT,REC,REPARADO,VEE ONE,98.0
2026-07-20,3040262734,C352,PORTABLE HALON FIRE EXTINGUISHERS,ALA 5,REC,EM REPARO,AV AERONAUTICA,98.0
2026-07-20,3040262738,C352TS,"EXTINGUISHER,FIRE",BANT,REC,,PROCURANDO,98.0
2026-07-20,3040262739,C352TS,"EXTINGUISHER,FIRE",BANT,REC,,PROCURANDO,98.0
2026-07-20,3040262740,C352TS,"EXTINGUISHER,FIRE",PAMALS,REC,,PROCURANDO,98.0
2026-07-20,3040262744,3244809-1A,F.C.U,PAMALS,REC,EM REPARO,LEAP,98.0
2026-07-20,3040262745,064-1019-05,VHF TRANSCEIVE KY196,EEAR,REC,EM REPARO,VEE ONE,98.0
2026-07-20,3040262746,066-1070-01,TRANSCEIVER DME (KN63),BABE,REC,EM REPARO,WILLIAM,98.0
2026-07-20,3040262747,066-1072-00,RECEIVER ADF (KING KR87),ALA 7,REC,EM REPARO,WILLIAM,98.0
2026-07-20,3040262748,066-3046-07,"CONTROL,INDICATOR",BABR,REC,,BANT,98.0
2026-07-20,3040262757,2606015-2,IND OIL TEMP/P,PAMALS,REC,EM REPARO,VEE ONE,98.0
2026-07-20,3040262758,9910338-4,FUEL TOTALIZER INDICATOR,PAMALS,REC,EM REPARO,VEE ONE,98.0
2026-07-20,3040262759,9910338-6,"TRANSMITTER,RATE OF FLOW",BAMN,REC,EM REPARO,WILLIAM,98.0
2026-07-20,3040262760,9910338-6,"TRANSMITTER,RATE OF FLOW",BANT,REC,EM REPARO,VEE ONE,98.0
2026-07-20,3040262765,011-00883-20,RADAR GWX 68 WEATHER,BAMN,REC,EM REPARO,VEE ONE,98.0
2026-07-20,3040262766,011-00883-20,RADAR GWX 68 WEATHER,BAMN,OS concluída,EM REPARO,VEE ONE,
2026-07-20,3040262767,066-3046-07,"CONTROL,INDICATOR",EEAR,REC,EM REPARO,LEAP,98.0
2026-07-20,3040262768,066-3046-07,"CONTROL,INDICATOR",EEAR,REC,EM REPARO,LEAP,98.0
2026-07-20,3040262769,066-3046-07,"CONTROL,INDICATOR",BABR,REC,,BANT,98.0
2026-07-20,3040262770,011-01020-10,AFCS MODE CONTROLLER GMC 710,BAMN,REC,EM REPARO,WILLIAM,98.0
2026-07-20,3040262772,011-01020-10,AFCS MODE CONTROLLER GMC 710,BAMN,REC,EM REPARO,WILLIAM,98.0
2026-07-20,3040262773,011-01020-10,AFCS MODE CONTROLLER GMC 710,BAMN,REC,EM REPARO,WILLIAM,98.0
2026-07-20,3040262791,066-3060-00,IND RMI KNI582,BANT,REC,EM REPARO,LEAP,98.0
2026-07-20,3040262792,066-3060-00,IND RMI KNI582,BANT,REC,EM REPARO,LEAP,98.0
2026-07-20,3040262966,2682001-1,BRAKE CYL MAST,BACO,OS concluída,,PAMA-LS,
2026-07-20,3040262967,2682001-1,BRAKE CYL MAST,PAMALS,REC,REPARADO,V1 PAMA-LS,96.0
2026-07-20,3040262968,2682001-1,BRAKE CYL MAST,BANT,OS concluída,,PAMA-LS,
2026-07-20,3040262969,2682001-1,BRAKE CYL MAST,BABE,REC,REPARADO,V1 PAMA-LS,96.0
2026-07-20,3040263069,453-5060,ELT C406-N,BABE,OS concluída,,,
2026-07-20,3040263283,D145-00-46-2,FLAP ACTUATOR ASSY,PAMALS,REC,EM REPARO,LEAP,81.0
2026-07-20,3040263284,D145-00-46-2,FLAP ACTUATOR ASSY,BAFL,REC,EM REPARO,LEAP,81.0
2026-07-20,3040263286,C661065-0237,AIRSPEED INDICATOR,BANT,REC,DEVOLVIDO NO ESTADO,WILLIAM,81.0
2026-07-20,3040263287,C661065-0237,AIRSPEED INDICATOR,BABR,REC,REPARADO,VEE ONE,81.0
2026-07-20,3040263288,C661065-0237,AIRSPEED INDICATOR,PAMASP,REC,REPARADO,VEE ONE,81.0
2026-07-20,3040263314,060-0017-00,FLIGHT DIR HOR,EEAR,REC,EM REPARO,LEAP,81.0
2026-07-20,3040263315,060-0017-00,FLIGHT DIR HOR,BACG,OS concluída,,BABR,
2026-07-20,3040263316,060-0017-00,FLIGHT DIR HOR,BANT,REC,,BANT,81.0
2026-07-20,3040263317,060-0017-00,FLIGHT DIR HOR,PAMASP,REC,,BANT,81.0
2026-07-20,3040263319,066-1055-00,AUDIO CONTROL PANEL,BABE,REC,REPARADO,VEE ONE,81.0
2026-07-20,3040263320,066-1055-00,AUDIO CONTROL PANEL,PAMALS,REC,EM REPARO,AV AERONAUTICA,81.0
2026-07-20,3040263322,066-1055-00,AUDIO CONTROL PANEL,ALA 9,REC,EM REPARO,WILLIAM,81.0
2026-07-20,3040263324,069-01033-0101,"RECEIVER-TRANSMITTER,RADIO",PAMALS,REC,EM REPARO,LEAP,81.0
2026-07-20,3040263325,069-01033-0101,"RECEIVER-TRANSMITTER,RADIO",PAMALS,REC,,PROCURANDO,81.0
2026-07-20,3040263326,069-01033-0101,"RECEIVER-TRANSMITTER,RADIO",PAMALS,REC,,BANT,81.0
2026-07-20,3040263327,C661064-0237,AIRSPEED INDICATOR,BABR,REC,EM REPARO,WILLIAM,81.0
2026-07-20,3040263328,C661064-0237,AIRSPEED INDICATOR,BABR,REC,EM REPARO,WILLIAM,81.0
2026-07-20,3040263329,C661064-0237,AIRSPEED INDICATOR,PAMALS,REC,EM REPARO,WILLIAM,81.0
2026-07-20,3040263330,C661064-0237,AIRSPEED INDICATOR,PAMALS,REC,EM REPARO,WILLIAM,81.0
2026-07-20,3040263331,C661064-0237,AIRSPEED INDICATOR,PAMALS,REC,VAI SER DEVOLVIDO SEM REPARO,WILLIAM,81.0
2026-07-20,3040263332,011-00916-10,"DISPLAY UNIT,FLIGHT INFORMATION",BAMN,REC,EM REPARO,WILLIAM,81.0
2026-07-20,3040263333,011-00916-10,"DISPLAY UNIT,FLIGHT INFORMATION",BACO,REC,EM REPARO,WILLIAM,81.0
2026-07-20,3040263334,011-00916-10,"DISPLAY UNIT,FLIGHT INFORMATION",BACO,REC,VAI SER DEVOLVIDO SEM REPARO,WILLIAM,81.0
2026-07-20,3040263335,C611008-0101,ALTERNATOR CONTROL UNIT,PAMALS,REC,EM REPARO,AV AERONAUTICA,81.0
2026-07-20,3040263336,C611008-0101,ALTERNATOR CONTROL UNIT,PAMALS,REC,EM REPARO,AV AERONAUTICA,81.0
2026-07-20,3040263338,C611008-0101,ALTERNATOR CONTROL UNIT,PAMALS,REC,REPARADO,V1 PAMA-LS,81.0
2026-07-20,3040263415,069-01033-0101,"RECEIVER-TRANSMITTER,RADIO",BABR,REC,,BANT,75.0
2026-07-20,3040263416,069-01033-0101,"RECEIVER-TRANSMITTER,RADIO",BASM,REC,EM REPARO,WILLIAM,75.0
2026-07-20,3040263417,069-01033-0101,"RECEIVER-TRANSMITTER,RADIO",PAMALS,REC,EM REPARO,WILLIAM,75.0
2026-07-20,3040263433,066-03064-0005,"ALTIMETER,SERVO CONTROLLED,AUTOMATIC PRESSURE",BACG,REC,EM REPARO,WILLIAM,75.0
2026-07-20,3040263434,066-03064-0005,"ALTIMETER,SERVO CONTROLLED,AUTOMATIC PRESSURE",PAMASP,REC,VAI SER DEVOLVIDO SEM REPARO,WILLIAM,75.0
2026-07-20,3040263435,066-03064-0005,"ALTIMETER,SERVO CONTROLLED,AUTOMATIC PRESSURE",BANT,REC,EM REPARO,WILLIAM,75.0
2026-07-20,3040263443,3244897-4,FUEL CONTROL UNIT,PAMALS,REC,EM REPARO,LEAP,74.0
2026-07-20,3040263444,3244897-4,FUEL CONTROL UNIT,PAMALS,REC,EM REPARO,LEAP,74.0
2026-07-20,3040263447,066-3046-07,"CONTROL,INDICATOR",CLA,REC,,BABR,75.0
2026-07-20,3040263448,2618510-10,ALTERNATOR CONTROL UNIT ASSY,BABE,REC,EM REPARO,WILLIAM,69.0
2026-07-20,3040263449,2618510-10,ALTERNATOR CONTROL UNIT ASSY,PAMALS,REC,EM REPARO,WILLIAM,69.0
2026-07-20,3040263571,066-3084-32,IND RDR 2000 IN-182A,PAMALS,REC,EM REPARO,WILLIAM,69.0
2026-07-20,3040263572,066-3084-32,IND RDR 2000 IN-182A,PAMALS,REC,EM REPARO,WILLIAM,69.0
2026-07-20,3040263573,066-3084-32,IND RDR 2000 IN-182A,PAMALS,REC,,BABR,69.0
2026-07-20,3040263574,066-1072-04,"RECEIVER,RADIO",BABE,REC,EM REPARO,WILLIAM,69.0
2026-07-20,3040263575,066-1072-04,"RECEIVER,RADIO",BABE,REC,EM REPARO,WILLIAM,69.0
2026-07-20,3040263576,066-1072-04,"RECEIVER,RADIO",BAMN,OS concluída,DEVOLVIDO NO ESTADO,WILLIAM,
2026-07-20,3040263577,060-0015-00,"CONTROL,DIRECTIONAL,AUTOMATIC PILOT",ALA 5,REC,EM REPARO,WILLIAM,69.0
2026-07-20,3040263795,071-01519-0101,"RECEIVER-EXCITER,RADAR",PAMALS,REC,,PROCURANDO,52.0
2026-07-20,3040263796,071-01519-0101,"RECEIVER-EXCITER,RADAR",PAMALS,REC,,PROCURANDO,52.0
2026-07-20,3040263797,066-3046-07,"CONTROL,INDICATOR",BABE,REC,EM REPARO,WILLIAM,52.0
2026-07-20,3040263798,066-3046-07,"CONTROL,INDICATOR",PAMASP,REC,EM REPARO,WILLIAM,52.0
2026-07-20,3040263799,066-3046-07,"CONTROL,INDICATOR",PAMASP,REC,EM REPARO,WILLIAM,52.0
2026-07-20,3040263877,2641011-5,AXLE-MAIN GEAR,CLA,REC,EM REPARO,LEAP,59.0
2026-07-20,3040263878,2641011-5,AXLE-MAIN GEAR,CLA,REC,EM REPARO,LEAP,59.0
2026-07-20,3040264121,3244897-4,FUEL CONTROL UNIT,BABE,OS concluída,EM REPARO,LEAP,
2026-07-20,3040264122,3244809-8,"FUEL CONTROL,MAIN,TURBINE ENGINE",BABE,OS concluída,,BABR,
2026-07-20,3040264236,200SGL119Q-2,STARTER GENERATOR,BABE,REC,,BABE,52.0
2026-07-20,3040264237,200SGL119Q-2,STARTER GENERATOR,BAMN,REC,EM REPARO,AV AERONAUTICA,52.0
2026-07-20,3040264238,324843-2020,HEADSET-MICROPHONE,DACTA II,REC,EM REPARO,WILLIAM,52.0
2026-07-20,3040264240,324843-2020,HEADSET-MICROPHONE,DACTA II,REC,EM REPARO,WILLIAM,52.0
2026-07-20,3040264241,324843-2020,HEADSET-MICROPHONE,DACTA II,REC,EM REPARO,WILLIAM,52.0
2026-07-20,3040264242,324843-2020,HEADSET-MICROPHONE,BABE,REC,EM REPARO,WILLIAM,52.0
2026-07-20,3040264243,069-01033-0101,"RECEIVER-TRANSMITTER,RADIO",PAMALS,REC,EM REPARO,WILLIAM,52.0
2026-07-20,3040264244,069-01033-0101,"RECEIVER-TRANSMITTER,RADIO",PAMASP,REC,EM REPARO,WILLIAM,52.0
2026-07-20,3040264246,060-0017-00,FLIGHT DIR HOR,PAMALS,REC,EM REPARO,WILLIAM,52.0
2026-07-20,3040264262,9910338-8,"INDICATOR,FUEL FLOW",BABV,REC,EM REPARO,WILLIAM,52.0
2026-07-20,3040264263,9910338-8,"INDICATOR,FUEL FLOW",PAMALS,OS concluída,,BABR,
2026-07-20,3040264264,324843-2020,HEADSET-MICROPHONE,DACTA II,REC,EM REPARO,WILLIAM,52.0
2026-07-20,3040264572,060-0017-00,FLIGHT DIR HOR,PAMASP,REC,,,40.0
2026-07-20,3040264573,060-0017-00,FLIGHT DIR HOR,BANT,REC,,,40.0
2026-07-20,3040264574,060-0017-00,FLIGHT DIR HOR,BANT,REC,,,40.0
2026-07-20,3040264576,060-0017-00,FLIGHT DIR HOR,PAMALS,REC,,,40.0
2026-07-20,3040264577,060-0017-00,FLIGHT DIR HOR,PAMALS,REC,,,40.0
2026-07-20,3040264579,060-0017-00,FLIGHT DIR HOR,BABR,OS concluída,,,
2026-07-20,3040264643,1H75-21,PRESSURE REGULATOR,PAMASP,REC,,,35.0
2026-07-20,3040264645,1H75-21,PRESSURE REGULATOR,PAMASP,REC,,,35.0
2026-07-20,3040264646,1H75-21,PRESSURE REGULATOR,PAMASP,REC,,,35.0
2026-07-20,3040264647,1H75-21,PRESSURE REGULATOR,BAMN,REC,,,35.0
2026-07-20,3040264707,3244809-7,"FUEL CONTROL,MAIN,TURBINE ENGINE",BABE,REC,,,35.0
2026-07-20,3040264709,540-1407-4,"VALVE,BLEED,TURBINEENGINE",PAMASP,REC,,,35.0
2026-07-20,3040264710,200SGL153Q,"STARTER-GENERATOR,ENGINE,AIRCRAFT",CLA,REC,,,35.0
2026-07-20,3040264711,200SGL153Q,"STARTER-GENERATOR,ENGINE,AIRCRAFT",PAMASP,REC,,,35.0
2026-07-20,3040264712,200SGL153Q,"STARTER-GENERATOR,ENGINE,AIRCRAFT",BACG,REC,,,35.0
2026-07-20,3040264718,9910338-8,"INDICATOR,FUEL FLOW",PAMALS,REC,,,35.0
2026-07-20,3040264719,S3326-2,"INDICATOR,HORIZONTAL SITUATION",ALA 8,REC,,,35.0
2026-07-20,3040264720,S3326-2,"INDICATOR,HORIZONTAL SITUATION",PAMALS,REC,,,35.0
2026-07-20,3040264721,S3326-2,"INDICATOR,HORIZONTAL SITUATION",PAMASP,REC,,,35.0
2026-07-20,3040264724,2606013-1AM,INDICADOR PERCENTUAL RPM,BABV,REC,,,35.0
2026-07-20,3040264725,2606013-1AM,INDICADOR PERCENTUAL RPM,BABR,REC,,,35.0
2026-07-20,3040264726,2606015-4,INDICATOR-OIL TEMP/OIL PRESS,BANT,REC,,,35.0
2026-07-20,3040264727,C661051-0201,GYRO HORIZON,ALA 10,REC,,,35.0
2026-07-20,3040264728,504-0111-906,GYRO HORIZON,PAMALS,REC,,,35.0
2026-07-20,3040264729,504-0111-906,GYRO HORIZON,BACG,REC,,,35.0
2026-07-20,3040264730,8210-003,"GOVERNOR,FUEL CONTROL",PAMASP,REC,,,35.0
2026-07-20,3040264731,8210-002,"GOVERNOR,CONSTANT SPEED DRIVE",PAMASP,REC,,,35.0
2026-07-20,3040264732,8210-002,"GOVERNOR,CONSTANT SPEED DRIVE",BAMN,REC,,,35.0
2026-07-20,3040264733,030-18200,MAIN WHEEL BRAKE,BAMN,REC,,,35.0
2026-07-20,3040264734,030-18200,MAIN WHEEL BRAKE,BAMN,REC,,,35.0
2026-07-20,3040264735,161-11700,INNER WHEEL HALF ASSY,PAMALS,REC,,,35.0
2026-07-20,3040264736,161-12800,WHEEL HALF ASSY-INNER,BABR,REC,,,35.0
2026-07-20,3040264737,161-12800,WHEEL HALF ASSY-INNER,PAMALS,AUT,,,35.0
2026-07-20,3040264738,162-10700,OUTER WHEEL HALF ASSY,BACO,AUT,,,35.0
2026-07-20,3040264807,011-01105-01,INTEGRATED AVIONICS UNIT GIA63W,ALA 8,REC,,,27.0
2026-07-20,3040264808,011-01105-01,INTEGRATED AVIONICS UNIT GIA63W,BAMN,REC,,,27.0
2026-07-20,3040264907,011-00916-10,"DISPLAY UNIT,FLIGHT INFORMATION",BAMN,REC,,,20.0
2026-07-20,3040264908,011-00916-10,"DISPLAY UNIT,FLIGHT INFORMATION",BABV,REC,,,20.0
2026-07-20,3040264960,3034792,BOMBA DE COMBUSTÍVEL,CLA,REC,,,18.0
2026-07-20,3040264961,3244897-4,FUEL CONTROL UNIT,CLA,REC,,,18.0
2026-07-20,3040264974,3244809-8,"FUEL CONTROL,MAIN,TURBINE ENGINE",BAMN,REC,,,18.0
2026-07-20,3040265140,011-01020-10,AFCS MODE CONTROLLER GMC 710,BABE,REC,,,12.0
2026-07-20,3040265144,011-01020-10,AFCS MODE CONTROLLER GMC 710,BABE,REC,,,12.0
2026-07-21,3040249831,066-01141-5101,"RECEIVER-TRANSMITTER,RADIO (KT71)",PAMALS,REC,EM REPARO,LEAP,526.0
2026-07-21,3040250234,3034792,BOMBA DE COMBUSTÍVEL,PAMALS,REC,,BANT,510.0
2026-07-21,3040250248,452-0133,"BATTERY,NONRECHARGEABLE",BABR,REC,CONDENADO,VEE ONE,510.0
2026-07-21,3040250249,452-0133,"BATTERY,NONRECHARGEABLE",BAMN,REC,CONDENADO,VEE ONE,510.0
2026-07-21,3040250716,030-18200,MAIN WHEEL BRAKE,BABV,REC,EM REPARO,LEAP,488.0
2026-07-21,3040250717,030-18200,MAIN WHEEL BRAKE,BACO,OS concluída,REPARADO,,
2026-07-21,3040250718,030-18200,MAIN WHEEL BRAKE,BACO,OS concluída,REPARADO,,
2026-07-21,3040250719,060-0017-00,FLIGHT DIR HOR,PAMALS,REC,,BANT,488.0
2026-07-21,3040250720,060-0017-00,FLIGHT DIR HOR,BABV,OS concluída,REPARADO,,
2026-07-21,3040250721,060-0017-00,FLIGHT DIR HOR,BANT,OS concluída,REPARADO,,
2026-07-21,3040250722,066-01141-5101,"RECEIVER-TRANSMITTER,RADIO (KT71)",ALA 9,REC,EM REPARO,WILLIAM,488.0
2026-07-21,3040250723,066-01141-5101,"RECEIVER-TRANSMITTER,RADIO (KT71)",CLA,REC,,BABR,488.0
2026-07-21,3040250724,066-04035-1101,"DISPLAY UNIT,RADAR",PAMALS,REC,,BANT,488.0
2026-07-21,3040250725,066-3046-07,"CONTROL,INDICATOR",ALA 10,OS concluída,REPARADO,,
2026-07-21,3040250732,069-1025-25,"RECEIVER-TRANSMITTER,RADIO - KX165",PAMALS,REC,EM REPARO,WILLIAM,488.0
2026-07-21,3040250773,161-11700,INNER WHEEL HALF ASSY,EEAR,REC,,BACG,488.0
2026-07-21,3040250775,161-11700,INNER WHEEL HALF ASSY,BABE,OS concluída,CONDENADO,,
2026-07-21,3040250776,161-12800,WHEEL HALF ASSY-INNER,BABE,OS concluída,CONDENADO,,
2026-07-21,3040250778,161-12800,WHEEL HALF ASSY-INNER,BACG,OS concluída,REPARADO,,
2026-07-21,3040250780,162-11800,WHEEL HALF ASSY-OUTER,PAMALS,OS concluída,,,
2026-07-21,3040250781,162-11800,WHEEL HALF ASSY-OUTER,BACG,OS concluída,,,
2026-07-21,3040250782,2606012-1,INDICATOR-INTER-TURBINE TEMPERATURE,ALA 9,OS concluída,,,
2026-07-21,3040250789,2641012-14,TRUNNION ASSY-RH-MAIN GEAR,PAMASP,OS concluída,CONDENADO,,
2026-07-21,3040250790,2643031-7,"FORK ASSY,NOSE GEAR SPRING",BAMN,OS concluída,CONDENADO,,
2026-07-21,3040250791,2643090-1,SHIMMY DAMPENE,BANT,REC,EM REPARO,AV AERONAUTICA,488.0
2026-07-21,3040250792,2643090-1,SHIMMY DAMPENE,BAMN,REC,REPARADO,V1 PAMA-LS,488.0
2026-07-21,3040250793,2643099-4,"SUPPORT ASSY FOWARD, NLG SPRING",BAMN,OS concluída,CONDENADO,,
2026-07-21,3040250798,30994-001,BATTERY-MARATHON TSP410 NICAD,BANT,OS concluída,CONDENADO,AMA - VEE ONE,
2026-07-21,3040250816,453-5060,"BEACON,DISTRESS",BAMN,REC,,PAMA-LS,488.0
2026-07-21,3040250827,51539-012N,CONTROL UNIT ASSY-GENERATOR,BANT,REC,,BABR,488.0
2026-07-21,3040250828,51539-012N,CONTROL UNIT ASSY-GENERATOR,BACG,REC,,BABR,488.0
2026-07-21,3040250829,51539-012N,CONTROL UNIT ASSY-GENERATOR,BAMN,OS concluída,,,
2026-07-21,3040250830,799-1,TRANSDUCER,BACO,REC,,BANT,488.0
2026-07-21,3040250831,799-1,TRANSDUCER,BANT,REC,,BANT,488.0
2026-07-21,3040250832,9910338-4,FUEL TOTALIZER INDICATOR,EEAR,REC,,PAMA-LS,488.0
2026-07-21,3040250833,9910586-4,FLAP ACTUATOR AND MOTOR ASSEMBLY,ALA 3,REC,,BAMN,488.0
2026-07-21,3040250834,9910586-4,FLAP ACTUATOR AND MOTOR ASSEMBLY,ALA 3,OS concluída,CONDENADO,,
2026-07-21,3040250835,ASG12000-2,ALTERNATOR,ALA 5,REC,REPARADO,V1 PAMA-LS,488.0
2026-07-21,3040250841,C661030-0301,TURN BANK,PAMALS,REC,EM REPARO,LEAP,488.0
2026-07-21,3040250842,C662041-0102,INDICATOR FUEL,ALA 5,REC,,PAMA-LS,488.0
2026-07-21,3040250843,C662041-0102,INDICATOR FUEL,ALA 10,OS concluída,REPARADO,,
2026-07-21,3040250844,C662041-0102,INDICATOR FUEL,ALA 9,REC,,PAMA-LS,488.0
2026-07-21,3040252159,011-00916-00,DISPLAY UNIT GDU 1040A,BAMN,REC,,BAMN,455.0
2026-07-21,3040252160,011-01020-10,AFCS MODE CONTROLLER GMC 710,BAMN,OS concluída,,,
2026-07-21,3040252161,065-0042-03,COMPUTER PA,ALA 10,REC,EM REPARO,WILLIAM,455.0
2026-07-21,3040252162,065-0042-03,COMPUTER PA,EEAR,REC,,BABE,455.0
2026-07-21,3040252164,065-0042-03,COMPUTER PA,EEAR,REC,EM REPARO,WILLIAM,455.0
2026-07-21,3040252165,065-0042-03,COMPUTER PA,PAMALS,OS concluída,,,
2026-07-21,3040252166,065-0059-01,SERVO PITCH,EEAR,REC,EM REPARO,WILLIAM,455.0
2026-07-21,3040252168,066-03064-0005,"ALTIMETER,SERVO CONTROLLED,AUTOMATIC PRESSURE",ALA 9,OS concluída,REPARADO,,
2026-07-21,3040252170,066-03064-0005,"ALTIMETER,SERVO CONTROLLED,AUTOMATIC PRESSURE",ALA 7,REC,NO ESTADO,VEE ONE,455.0
2026-07-21,3040252172,066-03064-0005,"ALTIMETER,SERVO CONTROLLED,AUTOMATIC PRESSURE",PAMALS,REC,NO ESTADO,VEE ONE,455.0
2026-07-21,3040252173,066-03064-0005,"ALTIMETER,SERVO CONTROLLED,AUTOMATIC PRESSURE",BANT,REC,EM REPARO,LEAP,455.0
2026-07-21,3040252178,066-1072-00,RECEIVER ADF (KING KR87),PAMALS,OS concluída,,,
2026-07-21,3040252180,066-1072-04,"RECEIVER,RADIO",ALA 8,OS concluída,,,
2026-07-21,3040252181,066-1072-04,"RECEIVER,RADIO",PAMASP,REC,EM REPARO,WILLIAM,455.0
2026-07-21,3040252182,066-1072-04,"RECEIVER,RADIO",ALA 9,OS concluída,REPARADO,,
2026-07-21,3040252185,066-1072-04,"RECEIVER,RADIO",BAMN,OS concluída,REPARADO,,
2026-07-21,3040252189,9910338-6,"TRANSMITTER,RATE OF FLOW",ALA 8,OS concluída,REPARADO,,
2026-07-21,3040252190,9910338-6,"TRANSMITTER,RATE OF FLOW",BABR,OS concluída,,,
2026-07-21,3040252191,C611008-0101,ALTERNATOR CONTROL UNIT,PAMALS,REC,,BABR,455.0
2026-07-21,3040252935,030-18200,MAIN WHEEL BRAKE,BAMN,OS concluída,CONDENADO,,
2026-07-21,3040252936,030-18200,MAIN WHEEL BRAKE,BACO,REC,,PAMA-LS,425.0
2026-07-21,3040252939,C163030-1001,MAIN W BRAKE A,BABV,REC,,BAMN,425.0
2026-07-21,3040252940,30-182,MAIN WHEEL BRAKE,BABV,OS concluída,CONDENADO,,
2026-07-21,3040252942,30-182,MAIN WHEEL BRAKE,BAMN,OS concluída,REPARADO,,
2026-07-21,3040252943,30-182,MAIN WHEEL BRAKE,BAMN,OS concluída,REPARADO,,
2026-07-21,3040253168,161-12800,WHEEL HALF ASSY-INNER,BASM,REC,REPARADO,VEE ONE,421.0
2026-07-21,3040253170,161-12800,WHEEL HALF ASSY-INNER,BASM,OS concluída,CONDENADO,,
2026-07-21,3040253172,161-12800,WHEEL HALF ASSY-INNER,PAMALS,REC,,PROCURANDO,421.0
2026-07-21,3040253173,161-12800,WHEEL HALF ASSY-INNER,PAMALS,REC,EM REPARO,LEAP,421.0
2026-07-21,3040253174,161-12800,WHEEL HALF ASSY-INNER,PAMALS,OS concluída,CONDENADO,,
2026-07-21,3040253176,162-10700,OUTER WHEEL HALF ASSY,BABE,OS concluída,CONDENADO,,
2026-07-21,3040253177,162-10700,OUTER WHEEL HALF ASSY,BABV,REC,REPARADO,VEE ONE,421.0
2026-07-21,3040253178,162-10700,OUTER WHEEL HALF ASSY,PAMALS,REC,,PROCURANDO,421.0
2026-07-21,3040253179,162-11800,WHEEL HALF ASSY-OUTER,CLA,OS concluída,CONDENADO,,
2026-07-21,3040253180,162-11800,WHEEL HALF ASSY-OUTER,BASM,REC,,PROCURANDO,421.0
2026-07-21,3040253181,162-11800,WHEEL HALF ASSY-OUTER,PAMALS,OS concluída,REPARADO,,
2026-07-21,3040253182,162-11800,WHEEL HALF ASSY-OUTER,PAMALS,REC,REPARADO,VEE ONE,421.0
2026-07-21,3040253526,30994-001,BATTERY-MARATHON TSP410 NICAD,PAMALS,OS concluída,CONDENADO,AMA - VEE ONE,
2026-07-21,3040253527,30994-001,BATTERY-MARATHON TSP410 NICAD,BAPV,OS concluída,CONDENADO,AMA - VEE ONE,
2026-07-21,3040253528,066-03064-0005,"ALTIMETER,SERVO CONTROLLED,AUTOMATIC PRESSURE",BANT,OS concluída,REPARADO,,
2026-07-21,3040253529,066-03064-0005,"ALTIMETER,SERVO CONTROLLED,AUTOMATIC PRESSURE",DSM-MN,REC,DEVOLVIDO NO ESTADO,WILLIAM,411.0
2026-07-21,3040253530,799-1,TRANSDUCER,BAMN,REC,,BANT,411.0
2026-07-21,3040253531,799-1,TRANSDUCER,BAMN,REC,,VEE ONE,411.0
2026-07-21,3040253532,799-1,TRANSDUCER,PAMALS,REC,,BANT,411.0
2026-07-21,3040253535,2643099-4,"SUPPORT ASSY FOWARD, NLG SPRING",BABE,REC,CONDENADO,VEE ONE,411.0
2026-07-21,3040253536,2641012-14,TRUNNION ASSY-RH-MAIN GEAR,PAMALS,OS concluída,CONDENADO,,
2026-07-21,3040254195,540-1407-4,"VALVE,BLEED,TURBINEENGINE",PAMALS,REC,,BANT,393.0
2026-07-21,3040254201,2643090-3,SHIMMY DAMPER-NOSE GEAR,PAMALS,REC,REPARADO,V1 PAMA-LS,393.0
2026-07-21,3040254203,SE1070-6,SHIMMY DAMPENER ASSY,BACGINAT,OS concluída,,,
2026-07-21,3040254205,C660501-0103,"COMPASS,SPEC",PAMALS,REC,REPARADO,V1 PAMA-LS,393.0
2026-07-21,3040254206,C660501-0103,"COMPASS,SPEC",ALA 8,REC,EM REPARO EM GARANTIA,WILLIAM,393.0
2026-07-21,3040254208,C660501-0103,"COMPASS,SPEC",BABV,REC,REPARADO,V1 PAMA-LS,393.0
2026-07-21,3040254210,799-1,TRANSDUCER,BANT,REC,,BANT,393.0
2026-07-21,3040254770,069-1025-25,"RECEIVER-TRANSMITTER,RADIO - KX165",ALA 9,REC,EM REPARO,WILLIAM,384.0
2026-07-21,3040254784,452-0133,"BATTERY,NONRECHARGEABLE",DACTA II,REC,CONDENADO,VEE ONE,384.0
2026-07-21,3040254785,452-0133,"BATTERY,NONRECHARGEABLE",BAMN,REC,CONDENADO,VEE ONE,384.0
2026-07-21,3040254786,452-0133,"BATTERY PACK,AIRCRAFT",BAMN,REC,CONDENADO,VEE ONE,384.0
2026-07-21,3040254787,452-0133,"BATTERY PACK,AIRCRAFT",DACTA II,REC,CONDENADO,VEE ONE,384.0
2026-07-21,3040254788,452-0133,"BATTERY,NONRECHARGEABLE",BAMN,REC,CONDENADO,VEE ONE,384.0
2026-07-21,3040254789,452-0133,"BATTERY,NONRECHARGEABLE",BAMN,REC,CONDENADO,VEE ONE,384.0
2026-07-21,3040254792,2606013-1RX,INDICATOR-PERCENT RPM,BABR,REC,,BANT,384.0
2026-07-21,3040254793,D145-00-46-2,FLAP ACTUATOR ASSY,PAMALS,REC,,PAMA-LS,384.0
2026-07-21,3040254794,C145-350,"MOTOR,DIRECT CURRENT",PAMALS,OS concluída,,,
2026-07-21,3040254795,D145-00-46-2,FLAP ACTUATOR ASSY,BABE,REC,,PAMA-LS,384.0
2026-07-21,3040254796,30994-001,BATTERY-MARATHON TSP410 NICAD,BAMN,OS concluída,REPARADO,,
2026-07-21,3040254799,453-5000-710,EMERGENCY LOCATOR TRANSMITTER MODEL C406-2,PAMASP,OS concluída,,,
2026-07-21,3040254803,C352TS,"EXTINGUISHER,FIRE",2 ETA,REC,REPARADO,V1 PAMA-LS,384.0
2026-07-21,3040254805,C352TS,"EXTINGUISHER,FIRE",PAMALS,OS concluída,,,
2026-07-21,3040254806,C352TS,"EXTINGUISHER,FIRE",PAMALS,REC,REPARADO,V1 PAMA-LS,384.0
2026-07-21,3040254808,C352TS,"EXTINGUISHER,FIRE",BABR,REC,REPARADO,V1 PAMA-LS,384.0
2026-07-21,3040254809,C352TS,"EXTINGUISHER,FIRE",PAMAGL,OS concluída,,,
2026-07-21,3040254810,C352TS,"EXTINGUISHER,FIRE",PAMALS,OS concluída,,,
2026-07-21,3040254815,C482001-0402,VACUUM REGULAT,PAMALS,REC,CONDENADO,VEE ONE,384.0
2026-07-21,3040254816,C482001-0402,VACUUM REGULAT,PAMALS,REC,CONDENADO,VEE ONE,384.0
2026-07-21,3040254817,2641011-5,AXLE-MAIN GEAR,BABE,OS concluída,NO ESTADO,,
2026-07-21,3040254818,2641011-5,AXLE-MAIN GEAR,BABE,OS concluída,,,
2026-07-21,3040254819,2641011-5,AXLE-MAIN GEAR,BANT,OS concluída,REPARADO,,
2026-07-21,3040254820,2641011-5,AXLE-MAIN GEAR,BAMN,OS concluída,REPARADO,,
2026-07-21,3040255319,702801-5,FUEL PUMP,PAMASP,REC,EM REPARO,VEE ONE,375.0
2026-07-21,3040255321,8210-002,"GOVERNOR,CONSTANT SPEED DRIVE",PAMALS,OS concluída,,,
2026-07-21,3040255326,011-00916-00,DISPLAY UNIT GDU 1040A,BAMN,REC,,BAMN,375.0
2026-07-21,3040255461,DAAS-A-010-1,ADAS-D PROCESSOR,PAMALS,REC,EM REPARO,VEE ONE,371.0
2026-07-21,3040255589,071-01519-0101,"RECEIVER-EXCITER,RADAR",BANT,REC,,PROCURANDO,369.0
2026-07-21,3040255590,071-01519-0101,"RECEIVER-EXCITER,RADAR",PAMALS,OS concluída,REPARADO,,
2026-07-21,3040255706,C661064-0237,AIRSPEED INDICATOR,BAMN,OS concluída,,,
2026-07-21,3040256112,011-00883-20,RADAR GWX 68 WEATHER,BABE,REC,,BAMN,355.0
2026-07-21,3040256114,5934PAD-3,"ALTIMETER,PRESSURE",PAMALS,REC,EM REPARO,VEE ONE,355.0
2026-07-21,3040256115,5934PAD-3,"ALTIMETER,PRESSURE",PAMALS,OS concluída,REPARADO,,
2026-07-21,3040256118,011-00878-10,GSA-81 TORQUE SERVO,BAPV,REC,,BACO,355.0
2026-07-21,3040256119,011-00878-10,GSA-81 TORQUE SERVO,BAPV,REC,EM REPARO,LEAP,355.0
2026-07-21,3040256120,011-00916-10,"DISPLAY UNIT,FLIGHT INFORMATION",BAMN,OS concluída,,,
2026-07-21,3040256311,3121248-03,"VALVE ASSEMBLY,COMPRESSOR BLEED",PAMALS,OS concluída,,,
2026-07-21,3040256314,066-4010-12,RECEIVER VOR/LOC (KNS81),EEAR,REC,EM REPARO,LEAP,342.0
2026-07-21,3040256662,030-18200,MAIN WHEEL BRAKE,BASM,OS concluída,,,
2026-07-21,3040256665,161-11700,INNER WHEEL HALF ASSY,BABV,OS concluída,,,
2026-07-21,3040256666,161-11700,INNER WHEEL HALF ASSY,PAMALS,OS concluída,,,
2026-07-21,3040256667,161-11700,INNER WHEEL HALF ASSY,PAMALS,OS concluída,,,
2026-07-21,3040256668,161-11700,INNER WHEEL HALF ASSY,PAMALS,OS concluída,CONDENADO,,
2026-07-21,3040256669,161-11700,INNER WHEEL HALF ASSY,PAMALS,OS concluída,,,
2026-07-21,3040256670,161-11700,INNER WHEEL HALF ASSY,PAMALS,OS concluída,CONDENADO,,
2026-07-21,3040256671,161-11700,INNER WHEEL HALF ASSY,PAMALS,REC,REPARADO,VEE ONE,333.0
2026-07-21,3040256672,161-12800,WHEEL HALF ASSY-INNER,PAMALS,REC,REPARADO,VEE ONE,333.0
2026-07-21,3040256673,161-12800,WHEEL HALF ASSY-INNER,PAMALS,REC,CONDENADO,VEE ONE,330.0
2026-07-21,3040256675,161-12800,WHEEL HALF ASSY-INNER,BANT,OS concluída,REPARADO,,
2026-07-21,3040256694,162-11800,WHEEL HALF ASSY-OUTER,BANT,OS concluída,REPARADO,,
2026-07-21,3040256696,162-11800,WHEEL HALF ASSY-OUTER,PAMALS,REC,,PAMA-LS,333.0
2026-07-21,3040256698,030-18200,MAIN WHEEL BRAKE,PAMASP,REC,,PROCURANDO,333.0
2026-07-21,3040256702,C661064-0237,AIRSPEED INDICATOR,BABR,OS concluída,,,
2026-07-21,3040256703,C661064-0237,AIRSPEED INDICATOR,PAMALS,OS concluída,REPARADO,,
2026-07-21,3040256704,C661064-0237,AIRSPEED INDICATOR,PAMALS,OS concluída,,,
2026-07-21,3040256707,D210507,"GOVERNOR,OVERSPEED",PAMALS,OS concluída,,,
2026-07-21,3040256708,D210507,"GOVERNOR,OVERSPEED",PAMALS,REC,REPARADO,VEE ONE,333.0
2026-07-21,3040256709,3121248-03,"VALVE ASSEMBLY,COMPRESSOR BLEED",PAMASP,REC,,BANT,330.0
2026-07-21,3040256713,030-18200,MAIN WHEEL BRAKE,ALA 3,REC,,BAMN,333.0
2026-07-21,3040256787,011-00877-00,"GSA-80 SERVO ROL,YAW,SPEC",PAMALS,REC,EM REPARO,VEE ONE,333.0
2026-07-21,3040256792,011-00877-00,"GSA-80 SERVO ROL,YAW,SPEC",BAMN,REC,,PROCURANDO,333.0
2026-07-21,3040256828,011-00883-20,RADAR GWX 68 WEATHER,PAMALS,REC,CONDENADO,V1 PAMA-LS,333.0
2026-07-21,3040257093,065-00183-0501,AUTOPILOT COMPUTER KFC225,BABE,REC,,BANT,326.0
2026-07-21,3040257094,065-00183-0501,AUTOPILOT COMPUTER KFC225,BABE,REC,,BANT,326.0
2026-07-21,3040257095,011-01105-01,INTEGRATED AVIONICS UNIT GIA63W,BABE,REC,EM REPARO,VEE ONE,326.0
2026-07-21,3040257096,011-01105-01,INTEGRATED AVIONICS UNIT GIA63W,BABE,REC,,BAMN,326.0
2026-07-21,3040257436,30994-001,BATTERY-MARATHON TSP410 NICAD,PAMALS,OS concluída,CONDENADO,AMA - VEE ONE,
2026-07-21,3040257438,030-18200,MAIN WHEEL BRAKE,BAMN,REC,REPARADO,VEE ONE,307.0
2026-07-21,3040257439,030-18200,MAIN WHEEL BRAKE,BAMN,REC,,BAMN,307.0
2026-07-21,3040257440,030-18200,MAIN WHEEL BRAKE,BANT,REC,CONDENADO,VEE ONE,307.0
2026-07-21,3040257441,030-18200,MAIN WHEEL BRAKE,BAPV,REC,,BAMN,307.0
2026-07-21,3040257442,C163030-1001,MAIN W BRAKE A,BAMN,REC,REPARADO,VEE ONE,307.0
2026-07-21,3040257443,161-12800,WHEEL HALF ASSY-INNER,ALA 3,AUT,,NÃO TEVE MOVIMENTAÇÃO,314.0
2026-07-21,3040257444,162-10700,OUTER WHEEL HALF ASSY,PAMALS,OS concluída,CONDENADO,,
2026-07-21,3040257447,162-10700,OUTER WHEEL HALF ASSY,PAMALS,OS concluída,CONDENADO,,
2026-07-21,3040257450,3244809-4,"FUEL CONTROL,MAIN,TURBINE ENGINE",PAMASP,OS concluída,EM REPARO,LEAP,
2026-07-21,3040257451,3244809-7,"FUEL CONTROL,MAIN,TURBINE ENGINE",PAMASP,REC,,BANT,307.0
2026-07-21,3040257452,3244809-8,"FUEL CONTROL,MAIN,TURBINE ENGINE",BAPV,OS concluída,REPARADO,,
2026-07-21,3040257453,EA-5172-45-CES,"INDICATOR,AIRSPEED",ALA 7,REC,DEVOLVIDO NO ESTADO,WILLIAM,307.0
2026-07-21,3040257454,EA-5172-45-CES,"INDICATOR,AIRSPEED",BACG,OS concluída,,,
2026-07-21,3040258303,011-00877-00,"GSA-80 SERVO ROL,YAW,SPEC",DACTA II,REC,EM REPARO,VEE ONE,287.0
2026-07-21,3040258306,D210507,"GOVERNOR,OVERSPEED",PAMALS,REC,EM REPARO,LEAP,287.0
2026-07-21,3040258307,D210507,"GOVERNOR,OVERSPEED",ALA 5,OS concluída,,,
2026-07-21,3040258308,D210507,"GOVERNOR,OVERSPEED",BAMN,OS concluída,REPARADO,,
2026-07-21,3040258309,D210507,"GOVERNOR,OVERSPEED",BAMN,REC,EM REPARO,LEAP,287.0
2026-07-21,3040258310,D210507,"GOVERNOR,OVERSPEED",BACO,OS concluída,,,
2026-07-21,3040258419,011-00877-00,"GSA-80 SERVO ROL,YAW,SPEC",DACTA II,REC,EM REPARO,VEE ONE,285.0
2026-07-21,3040258420,011-00877-00,"GSA-80 SERVO ROL,YAW,SPEC",BACO,REC,EM REPARO,VEE ONE,285.0
2026-07-21,3040258421,011-00877-00,"GSA-80 SERVO ROL,YAW,SPEC",BABE,REC,,BACO,285.0
2026-07-21,3040258422,2601188-8,COMPRESSOR DRIVE ASSY R134A,PAMASP,REC,,PROCURANDO,285.0
2026-07-21,3040258764,069-01034-0102,"NAVIGATION SET,SATELLITE SIGNALS KLN-94",PAMALS,REC,,BANT,278.0
2026-07-21,3040259146,1U149-015-15,HORIZ. GYRO-STADBY,PAMALS,REC,EM REPARO,VEE ONE,256.0
2026-07-21,3040259147,162-10700,OUTER WHEEL HALF ASSY,BANT,REC,EM REPARO,AMA - VEE ONE,256.0
2026-07-21,3040259148,3049038-03,"VALVE,COMPRESSOR BLEED",BANT,OS concluída,,,
2026-07-21,3040259151,066-01141-5101,"TRANSPONDER,RADAR",BANT,REC,REPARADO,V1 PAMA-LS,259.0
2026-07-21,3040259152,066-01141-5101,"TRANSPONDER,RADAR",BABE,REC,,BANT,259.0
2026-07-21,3040259251,064-1019-05,VHF TRANSCEIVE KY196,EEAR,REC,,EEAR,257.0
2026-07-21,3040259316,2606015-4,INDICATOR-OIL TEMP/OIL PRESS,BACG,REC,REPARADO,V1 PAMA-LS,253.0
2026-07-21,3040259564,C414007-0102,BLOWER ASSY,PAMALS,OS concluída,,,
2026-07-21,3040259568,C414007-0102,BLOWER ASSY,ALA 10,OS concluída,,,
2026-07-21,3040259570,C414007-0102,BLOWER ASSY,ALA 10,OS concluída,,,
2026-07-21,3040259694,025323-150,FUEL PUMP,PAMASP,REC,,BACO,245.0
2026-07-21,3040259918,C414007-0102,BLOWER ASSY,ALA 10,REC,EM REPARO,VEE ONE,238.0
2026-07-21,3040259922,C414007-0102,BLOWER ASSY,BANT,REC,REPARADO,V1 PAMA-LS,238.0
2026-07-21,3040259924,C414007-0102,BLOWER ASSY,BACG,REC,EM REPARO,VEE ONE,238.0
2026-07-21,3040259928,C414007-0102,BLOWER ASSY,PAMALS,REC,EM REPARO,VEE ONE,238.0
2026-07-21,3040259944,066-3046-07,"CONTROL,INDICATOR",EEAR,REC,,PAMA-LS,238.0
2026-07-21,3040259946,066-3046-07,"CONTROL,INDICATOR",BANT,REC,,BANT,238.0
2026-07-21,3040259947,066-3046-07,"CONTROL,INDICATOR",EEAR,OS concluída,REPARADO,,
2026-07-21,3040259949,065-0060-01,"CONTROL,SERVO,AUTOMATIC PILOT",PAMALS,REC,EM REPARO,LEAP,238.0
2026-07-21,3040259950,065-0060-01,"CONTROL,SERVO,AUTOMATIC PILOT",PAMALS,REC,EM REPARO,LEAP,238.0
2026-07-21,3040260204,324843-W020,HEADSET-MICROPHONE,PAMALS,OS concluída,REPARADO,,
2026-07-21,3040260205,324843-W020,HEADSET-MICROPHONE,PAMALS,OS concluída,REPARADO,,
2026-07-21,3040260208,324843-W020,HEADSET-MICROPHONE,PAMALS,REC,VAI SER DEVOLVIDO SEM REPARO,WILLIAM,224.0
2026-07-21,3040260209,011-00916-00,DISPLAY UNIT GDU 1040A,PAMALS,REC,,BAMN,224.0
2026-07-21,3040260382,065-00183-0501,AUTOPILOT COMPUTER KFC225,BANT,REC,,BANT,217.0
2026-07-21,3040260388,SD5H14C4527,AIR COMPRESSOR,PAMALS,REC,EM REPARO,VEE ONE,217.0
2026-07-21,3040260389,SD5H14C4527,AIR COMPRESSOR,PAMALS,REC,EM REPARO,VEE ONE,217.0
2026-07-21,3040260516,ASG12000-2,ALTERNATOR,PAMALS,REC,REPARADO,V1 PAMA-LS,214.0
2026-07-21,3040260517,ASG12000-2,ALTERNATOR,PAMALS,OS concluída,,,
2026-07-21,3040260522,9910592-2,ALTERNADOR,BAMN,REC,REPARADO,V1 PAMA-LS,214.0
2026-07-21,3040260523,9910592-2,ALTERNADOR,BAMN,REC,REPARADO,V1 PAMA-LS,214.0
2026-07-21,3040260524,51539-012M,CONTROL UNIT ASSY-GENERATOR,BANT,REC,,BACG,214.0
2026-07-21,3040260538,324843-W020,HEADSET-MICROPHONE,PAMALS,REC,,BABE,196.0
2026-07-21,3040260539,324843-W020,HEADSET-MICROPHONE,PAMALS,REC,,BABE,196.0
2026-07-21,3040260540,324843-W020,HEADSET-MICROPHONE,PAMALS,OS concluída,REPARADO,,
2026-07-21,3040260541,324843-W020,HEADSET-MICROPHONE,PAMALS,OS concluída,REPARADO,,
2026-07-21,3040260542,324843-W020,HEADSET-MICROPHONE,PAMALS,REC,,BABE,196.0
2026-07-21,3040260543,324843-W020,HEADSET-MICROPHONE,PAMALS,REC,VAI SER DEVOLVIDO SEM REPARO,WILLIAM,196.0
2026-07-21,3040260544,161-11700,INNER WHEEL HALF ASSY,BANT,REC,REPARADO,VEE ONE,196.0
2026-07-21,3040260545,161-11700,INNER WHEEL HALF ASSY,BACG,REC,REPARADO,VEE ONE,196.0
2026-07-21,3040260546,161-12800,WHEEL HALF ASSY-INNER,PAMALS,REC,REPARADO,VEE ONE,196.0
2026-07-21,3040260547,161-12800,WHEEL HALF ASSY-INNER,EPCAR,OS concluída,REPARADO,VEE ONE,
2026-07-21,3040260548,161-11700,INNER WHEEL HALF ASSY,CLA,REC,REPARADO,VEE ONE,196.0
2026-07-21,3040260549,162-10700,OUTER WHEEL HALF ASSY,BACG,REC,REPARADO,VEE ONE,196.0
2026-07-21,3040260550,162-10700,OUTER WHEEL HALF ASSY,CLA,REC,REPARADO,VEE ONE,196.0
2026-07-21,3040260551,162-11800,WHEEL HALF ASSY-OUTER,BANT,REC,REPARADO,VEE ONE,196.0
2026-07-21,3040260552,30994-001,BATTERY-MARATHON TSP410 NICAD,BABE,OS concluída,CONDENADO,AMA - VEE ONE,
2026-07-21,3040260583,3244897-4,FUEL CONTROL UNIT,PAMALS,OS concluída,,,
2026-07-21,3040260595,9910586-4,FLAP ACTUATOR AND MOTOR ASSEMBLY,7 ETA,REC,,BAMN,196.0
2026-07-21,3040260597,9910586-4,FLAP ACTUATOR AND MOTOR ASSEMBLY,BAPV,REC,REPARADO,VEE ONE,196.0
2026-07-21,3040260750,3122678-04,FUEL CONTROL UNIT,PAMASP,REC,,BANT,188.0
2026-07-21,3040260752,3244897-4,FUEL CONTROL UNIT,PAMASP,OS concluída,REPARADO,,
2026-07-21,3040260753,3244809-7,"FUEL CONTROL,MAIN,TURBINE ENGINE",PAMASP,OS concluída,REPARADO,,
2026-07-21,3040260754,3244809-1,"FUEL CONTROL,MAIN,TURBINE ENGINE",PAMASP,REC,EM QUARENTENA,LEAP,188.0
2026-07-21,3040260811,3034792,BOMBA DE COMBUSTÍVEL,BAPV,REC,,BABR,174.0
2026-07-21,3040260812,3034792,BOMBA DE COMBUSTÍVEL,BACG,OS concluída,,,
2026-07-21,3040260913,064-1054-30,RECEIVER-TRANSMITTER SUBASSEMBLY,EPCAR,REC,REPARADO,V1 PAMA-LS,176.0
2026-07-21,3040260915,064-1054-30,RECEIVER-TRANSMITTER SUBASSEMBLY,PAMALS,REC,REPARADO,V1 PAMA-LS,176.0
2026-07-21,3040260922,162-11800,WHEEL HALF ASSY-OUTER,PAMALS,OS concluída,,,
2026-07-21,3040260923,030-18200,MAIN WHEEL BRAKE,BACO,REC,REPARADO,VEE ONE,174.0
2026-07-21,3040261322,011-00831-00,"ENGINE INTERFA,SPEC",BAPV,REC,REPARADO,VEE ONE,161.0
2026-07-21,3040261324,011-00882-10,"COMPUTER,AIR DATA",BAMN,OS concluída,,,
2026-07-21,3040261326,011-00882-10,"COMPUTER,AIR DATA",BAMN,OS concluída,,,
2026-07-21,3040261327,064-1054-30,RECEIVER-TRANSMITTER SUBASSEMBLY,PAMASP,REC,REPARADO,V1 PAMA-LS,161.0
2026-07-21,3040261329,065-0061-36,ACTUATOR TRIM (KS272A),ALA 10,OS concluída,REPARADO,,
2026-07-21,3040261331,065-0061-36,ACTUATOR TRIM (KS272A),PAMASP,REC,,BABR,161.0
2026-07-21,3040261334,065-0065-01,SELECTOR ALT,BANT,REC,EM REPARO,WILLIAM,161.0
2026-07-21,3040261335,065-0065-01,SELECTOR ALT,BANT,REC,EM REPARO,WILLIAM,161.0
2026-07-21,3040261336,066-01141-0101,"RECEIVER,RADIO",BANT,REC,REPARADO,V1 PAMA-LS,161.0
2026-07-21,3040261340,066-1053-00,"RECEIVER,RADIO",BASM,REC,REPARADO,V1 PAMA-LS,161.0
2026-07-21,3040261342,066-3084-02,COLOR RADAR INDICATOR,BABV,REC,EM REPARO,WILLIAM,161.0
2026-07-21,3040261344,066-4010-12,RECEIVER VOR/LOC (KNS81),ALA 10,REC,EM REPARO,WILLIAM,161.0
2026-07-21,3040261347,071-1234-00,ANTENNA ACCESSORY,ALA 1,REC,EM REPARO,WILLIAM,161.0
2026-07-21,3040261352,1134380-4,EVAPORATOR MODULE ASSY-RH,BAMN,REC,CONDENADO,VEE ONE,161.0
2026-07-21,3040261353,1H75-21,PRESSURE REGULATOR,BAMN,REC,,BAMN,161.0
2026-07-21,3040261354,2643100-201,NOSE GEAR STRUT ASSY - TALL FORK,BANT,REC,EM REPARO,AV AERONAUTICA,161.0
2026-07-21,3040261355,2643100-201,NOSE GEAR STRUT ASSY - TALL FORK,BABR,OS concluída,REPARADO,,
2026-07-21,3040261356,2670104-2,ANNUNCIATOR PANEL,PAMALS,REC,REPARADO,VEE ONE,161.0
2026-07-21,3040261357,2682001-1,BRAKE CYL MAST,BABE,OS concluída,REPARADO,,
2026-07-21,3040261364,8210-002-01,GOVERNOR PROPELLER,PAMASP,REC,REPARADO,VEE ONE,161.0
2026-07-21,3040261371,TFF2905-13,FUEL FLOW TRANSDUCER,ALA 8,REC,EM REPARO,WILLIAM,161.0
2026-07-21,3040261373,C661065-0240,AIRSPEED INDICATOR,BABE,REC,REPARADO,V1 PAMA-LS,161.0
2026-07-21,3040261375,C661065-0240RX,"INDICATOR, AIRSPEED",BACG,REC,EM REPARO,WILLIAM,161.0
2026-07-21,3040261376,066-1061-03,RT RADAR ALTIM (KRA10A),PAMALS,REC,PARA REPARO,VEE ONE,161.0
2026-07-21,3040261377,066-3054-01,INDICATOR RADAR ALTIMETER - TYPE KI250,PAMALS,REC,EM REPARO,WILLIAM,161.0
2026-07-21,3040261387,3034792,BOMBA DE COMBUSTÍVEL,BABR,OS concluída,REPARADO,,
2026-07-21,3040261388,3034792,BOMBA DE COMBUSTÍVEL,BABR,OS concluída,REPARADO,,
2026-07-21,3040261389,3034792,BOMBA DE COMBUSTÍVEL,PAMASP,REC,REPARADO,V1 PAMA-LS,161.0
2026-07-21,3040261627,S3828-1,ALTIMETER,BAMN,REC,EM REPARO,WILLIAM,147.0
2026-07-21,3040261628,S3828-1,ALTIMETER,BABE,REC,REPARADO,V1 PAMA-LS,147.0
2026-07-21,3040261843,3034792,BOMBA DE COMBUSTÍVEL,PAMALS,REC,EM REPARO,VEE ONE,134.0
2026-07-21,3040261851,51539-012MRX,CONTROL UNIT ASSY-GENERATOR,BABE,REC,EM REPARO,VEE ONE,139.0
2026-07-21,3040261852,51539-012MRX,CONTROL UNIT ASSY-GENERATOR,BABE,REC,EM REPARO,VEE ONE,139.0
2026-07-21,3040262245,200SGL119Q-2,STARTER GENERATOR,BAMN,OS concluída,REPARADO,,
2026-07-21,3040262246,200SGL119Q-2,STARTER GENERATOR,BAMN,OS concluída,REPARADO,,
2026-07-21,3040262273,324843-W020,HEADSET-MICROPHONE,BABE,OS concluída,REPARADO,,
2026-07-21,3040262275,324843-W020,HEADSET-MICROPHONE,BANT,OS concluída,REPARADO,,
2026-07-21,3040262363,066-1055-00,AUDIO CONTROL PANEL,ALA 5,OS concluída,,,
2026-07-21,3040262367,066-1055-00,AUDIO CONTROL PANEL,ALA 9,REC,EM REPARO,WILLIAM,117.0
2026-07-21,3040262368,066-1055-00,AUDIO CONTROL PANEL,CLA,OS concluída,,,
2026-07-21,3040262371,51539-012N,CONTROL UNIT ASSY-GENERATOR,BANT,REC,REPARADO,V1 PAMA-LS,117.0
2026-07-21,3040262372,51539-012M,CONTROL UNIT ASSY-GENERATOR,BANT,REC,,V1 PAMA-LS,117.0
2026-07-21,3040262419,065-0061-36,ACTUATOR TRIM (KS272A),ALA 9,REC,EM REPARO,WILLIAM,112.0
2026-07-21,3040262630,161-11700,INNER WHEEL HALF ASSY,BANT,REC,REPARADO,VEE ONE,99.0
2026-07-21,3040262632,161-12800,WHEEL HALF ASSY-INNER,BANT,OS concluída,REPARADO,VEE ONE,
2026-07-21,3040262633,161-12800,WHEEL HALF ASSY-INNER,BANT,REC,REPARADO,VEE ONE,99.0
2026-07-21,3040262634,162-10700,OUTER WHEEL HALF ASSY,BANT,REC,REPARADO,VEE ONE,99.0
2026-07-21,3040262635,162-11800,WHEEL HALF ASSY-OUTER,EPCAR,REC,REPARADO,VEE ONE,99.0
2026-07-21,3040262636,162-11800,WHEEL HALF ASSY-OUTER,BANT,REC,REPARADO,VEE ONE,99.0
2026-07-21,3040262637,162-11800,WHEEL HALF ASSY-OUTER,BANT,REC,REPARADO,VEE ONE,99.0
2026-07-21,3040262638,200SGL119Q,STARTER GENERATOR,PAMALS,REC,EM REPARO,AV AERONAUTICA,99.0
2026-07-21,3040262639,200SGL119Q,STARTER GENERATOR,PAMASP,OS concluída,,PAMA-LS,
2026-07-21,3040262646,200SGL119Q,STARTER GENERATOR,PAMASP,OS concluída,,,
2026-07-21,3040262706,2641011-5,AXLE-MAIN GEAR,BAMN,REC,,BANT,99.0
2026-07-21,3040262707,2641011-5,AXLE-MAIN GEAR,BABV,REC,REPARADO,VEE ONE,99.0
2026-07-21,3040262708,2641011-5,AXLE-MAIN GEAR,PAMALS,REC,,BANT,99.0
2026-07-21,3040262709,2641011-5,AXLE-MAIN GEAR,PAMALS,REC,,BANT,99.0
2026-07-21,3040262711,2641011-5,AXLE-MAIN GEAR,BABR,REC,,BANT,99.0
2026-07-21,3040262712,2641011-5,AXLE-MAIN GEAR,BABR,REC,,BANT,99.0
2026-07-21,3040262713,2641011-5,AXLE-MAIN GEAR,BAPV,REC,REPARADO,VEE ONE,99.0
2026-07-21,3040262714,2641011-5,AXLE-MAIN GEAR,BAPV,REC,,BANT,99.0
2026-07-21,3040262717,2641011-5,AXLE-MAIN GEAR,BANT,REC,REPARADO,VEE ONE,99.0
2026-07-21,3040262734,C352,PORTABLE HALON FIRE EXTINGUISHERS,ALA 5,REC,EM REPARO,AV AERONAUTICA,99.0
2026-07-21,3040262738,C352TS,"EXTINGUISHER,FIRE",BANT,REC,,PROCURANDO,99.0
2026-07-21,3040262739,C352TS,"EXTINGUISHER,FIRE",BANT,REC,,PROCURANDO,99.0
2026-07-21,3040262740,C352TS,"EXTINGUISHER,FIRE",PAMALS,REC,,PROCURANDO,99.0
2026-07-21,3040262744,3244809-1A,F.C.U,PAMALS,REC,EM REPARO,LEAP,99.0
2026-07-21,3040262745,064-1019-05,VHF TRANSCEIVE KY196,EEAR,REC,EM REPARO,VEE ONE,99.0
2026-07-21,3040262746,066-1070-01,TRANSCEIVER DME (KN63),BABE,REC,EM REPARO,WILLIAM,99.0
2026-07-21,3040262747,066-1072-00,RECEIVER ADF (KING KR87),ALA 7,REC,EM REPARO,WILLIAM,99.0
2026-07-21,3040262748,066-3046-07,"CONTROL,INDICATOR",BABR,REC,,BANT,99.0
2026-07-21,3040262757,2606015-2,IND OIL TEMP/P,PAMALS,REC,EM REPARO,VEE ONE,99.0
2026-07-21,3040262758,9910338-4,FUEL TOTALIZER INDICATOR,PAMALS,REC,EM REPARO,VEE ONE,99.0
2026-07-21,3040262759,9910338-6,"TRANSMITTER,RATE OF FLOW",BAMN,REC,EM REPARO,WILLIAM,99.0
2026-07-21,3040262760,9910338-6,"TRANSMITTER,RATE OF FLOW",BANT,REC,EM REPARO,VEE ONE,99.0
2026-07-21,3040262765,011-00883-20,RADAR GWX 68 WEATHER,BAMN,REC,EM REPARO,VEE ONE,99.0
2026-07-21,3040262766,011-00883-20,RADAR GWX 68 WEATHER,BAMN,OS concluída,EM REPARO,VEE ONE,
2026-07-21,3040262767,066-3046-07,"CONTROL,INDICATOR",EEAR,REC,EM REPARO,LEAP,99.0
2026-07-21,3040262768,066-3046-07,"CONTROL,INDICATOR",EEAR,REC,EM REPARO,LEAP,99.0
2026-07-21,3040262769,066-3046-07,"CONTROL,INDICATOR",BABR,REC,,BANT,99.0
2026-07-21,3040262770,011-01020-10,AFCS MODE CONTROLLER GMC 710,BAMN,REC,EM REPARO,WILLIAM,99.0
2026-07-21,3040262772,011-01020-10,AFCS MODE CONTROLLER GMC 710,BAMN,REC,EM REPARO,WILLIAM,99.0
2026-07-21,3040262773,011-01020-10,AFCS MODE CONTROLLER GMC 710,BAMN,REC,EM REPARO,WILLIAM,99.0
2026-07-21,3040262791,066-3060-00,IND RMI KNI582,BANT,REC,EM REPARO,LEAP,99.0
2026-07-21,3040262792,066-3060-00,IND RMI KNI582,BANT,REC,EM REPARO,LEAP,99.0
2026-07-21,3040262966,2682001-1,BRAKE CYL MAST,BACO,OS concluída,,PAMA-LS,
2026-07-21,3040262967,2682001-1,BRAKE CYL MAST,PAMALS,REC,REPARADO,V1 PAMA-LS,97.0
2026-07-21,3040262968,2682001-1,BRAKE CYL MAST,BANT,OS concluída,,PAMA-LS,
2026-07-21,3040262969,2682001-1,BRAKE CYL MAST,BABE,REC,REPARADO,V1 PAMA-LS,97.0
2026-07-21,3040263069,453-5060,ELT C406-N,BABE,OS concluída,,,
2026-07-21,3040263283,D145-00-46-2,FLAP ACTUATOR ASSY,PAMALS,REC,EM REPARO,LEAP,82.0
2026-07-21,3040263284,D145-00-46-2,FLAP ACTUATOR ASSY,BAFL,REC,EM REPARO,LEAP,82.0
2026-07-21,3040263286,C661065-0237,AIRSPEED INDICATOR,BANT,REC,DEVOLVIDO NO ESTADO,WILLIAM,82.0
2026-07-21,3040263287,C661065-0237,AIRSPEED INDICATOR,BABR,REC,REPARADO,VEE ONE,82.0
2026-07-21,3040263288,C661065-0237,AIRSPEED INDICATOR,PAMASP,REC,REPARADO,VEE ONE,82.0
2026-07-21,3040263314,060-0017-00,FLIGHT DIR HOR,EEAR,REC,EM REPARO,LEAP,82.0
2026-07-21,3040263315,060-0017-00,FLIGHT DIR HOR,BACG,OS concluída,,BABR,
2026-07-21,3040263316,060-0017-00,FLIGHT DIR HOR,BANT,REC,,BANT,82.0
2026-07-21,3040263317,060-0017-00,FLIGHT DIR HOR,PAMASP,REC,,BANT,82.0
2026-07-21,3040263319,066-1055-00,AUDIO CONTROL PANEL,BABE,REC,REPARADO,VEE ONE,82.0
2026-07-21,3040263320,066-1055-00,AUDIO CONTROL PANEL,PAMALS,REC,EM REPARO,AV AERONAUTICA,82.0
2026-07-21,3040263322,066-1055-00,AUDIO CONTROL PANEL,ALA 9,REC,EM REPARO,WILLIAM,82.0
2026-07-21,3040263324,069-01033-0101,"RECEIVER-TRANSMITTER,RADIO",PAMALS,REC,EM REPARO,LEAP,82.0
2026-07-21,3040263325,069-01033-0101,"RECEIVER-TRANSMITTER,RADIO",PAMALS,REC,,PROCURANDO,82.0
2026-07-21,3040263326,069-01033-0101,"RECEIVER-TRANSMITTER,RADIO",PAMALS,REC,,BANT,82.0
2026-07-21,3040263327,C661064-0237,AIRSPEED INDICATOR,BABR,REC,EM REPARO,WILLIAM,82.0
2026-07-21,3040263328,C661064-0237,AIRSPEED INDICATOR,BABR,REC,EM REPARO,WILLIAM,82.0
2026-07-21,3040263329,C661064-0237,AIRSPEED INDICATOR,PAMALS,REC,EM REPARO,WILLIAM,82.0
2026-07-21,3040263330,C661064-0237,AIRSPEED INDICATOR,PAMALS,REC,EM REPARO,WILLIAM,82.0
2026-07-21,3040263331,C661064-0237,AIRSPEED INDICATOR,PAMALS,REC,VAI SER DEVOLVIDO SEM REPARO,WILLIAM,82.0
2026-07-21,3040263332,011-00916-10,"DISPLAY UNIT,FLIGHT INFORMATION",BAMN,REC,EM REPARO,WILLIAM,82.0
2026-07-21,3040263333,011-00916-10,"DISPLAY UNIT,FLIGHT INFORMATION",BACO,REC,EM REPARO,WILLIAM,82.0
2026-07-21,3040263334,011-00916-10,"DISPLAY UNIT,FLIGHT INFORMATION",BACO,REC,VAI SER DEVOLVIDO SEM REPARO,WILLIAM,82.0
2026-07-21,3040263335,C611008-0101,ALTERNATOR CONTROL UNIT,PAMALS,REC,EM REPARO,AV AERONAUTICA,82.0
2026-07-21,3040263336,C611008-0101,ALTERNATOR CONTROL UNIT,PAMALS,REC,EM REPARO,AV AERONAUTICA,82.0
2026-07-21,3040263338,C611008-0101,ALTERNATOR CONTROL UNIT,PAMALS,REC,REPARADO,V1 PAMA-LS,82.0
2026-07-21,3040263415,069-01033-0101,"RECEIVER-TRANSMITTER,RADIO",BABR,REC,,BANT,76.0
2026-07-21,3040263416,069-01033-0101,"RECEIVER-TRANSMITTER,RADIO",BASM,REC,EM REPARO,WILLIAM,76.0
2026-07-21,3040263417,069-01033-0101,"RECEIVER-TRANSMITTER,RADIO",PAMALS,REC,EM REPARO,WILLIAM,76.0
2026-07-21,3040263433,066-03064-0005,"ALTIMETER,SERVO CONTROLLED,AUTOMATIC PRESSURE",BACG,REC,EM REPARO,WILLIAM,76.0
2026-07-21,3040263434,066-03064-0005,"ALTIMETER,SERVO CONTROLLED,AUTOMATIC PRESSURE",PAMASP,REC,VAI SER DEVOLVIDO SEM REPARO,WILLIAM,76.0
2026-07-21,3040263435,066-03064-0005,"ALTIMETER,SERVO CONTROLLED,AUTOMATIC PRESSURE",BANT,REC,EM REPARO,WILLIAM,76.0
2026-07-21,3040263443,3244897-4,FUEL CONTROL UNIT,PAMALS,REC,EM REPARO,LEAP,75.0
2026-07-21,3040263444,3244897-4,FUEL CONTROL UNIT,PAMALS,REC,EM REPARO,LEAP,75.0
2026-07-21,3040263447,066-3046-07,"CONTROL,INDICATOR",CLA,REC,,BABR,76.0
2026-07-21,3040263448,2618510-10,ALTERNATOR CONTROL UNIT ASSY,BABE,REC,EM REPARO,WILLIAM,70.0
2026-07-21,3040263449,2618510-10,ALTERNATOR CONTROL UNIT ASSY,PAMALS,REC,EM REPARO,WILLIAM,70.0
2026-07-21,3040263571,066-3084-32,IND RDR 2000 IN-182A,PAMALS,REC,EM REPARO,WILLIAM,70.0
2026-07-21,3040263572,066-3084-32,IND RDR 2000 IN-182A,PAMALS,REC,EM REPARO,WILLIAM,70.0
2026-07-21,3040263573,066-3084-32,IND RDR 2000 IN-182A,PAMALS,REC,,BABR,70.0
2026-07-21,3040263574,066-1072-04,"RECEIVER,RADIO",BABE,REC,EM REPARO,WILLIAM,70.0
2026-07-21,3040263575,066-1072-04,"RECEIVER,RADIO",BABE,REC,EM REPARO,WILLIAM,70.0
2026-07-21,3040263576,066-1072-04,"RECEIVER,RADIO",BAMN,OS concluída,DEVOLVIDO NO ESTADO,WILLIAM,
2026-07-21,3040263577,060-0015-00,"CONTROL,DIRECTIONAL,AUTOMATIC PILOT",ALA 5,REC,EM REPARO,WILLIAM,70.0
2026-07-21,3040263795,071-01519-0101,"RECEIVER-EXCITER,RADAR",PAMALS,REC,,PROCURANDO,53.0
2026-07-21,3040263796,071-01519-0101,"RECEIVER-EXCITER,RADAR",PAMALS,REC,,PROCURANDO,53.0
2026-07-21,3040263797,066-3046-07,"CONTROL,INDICATOR",BABE,REC,EM REPARO,WILLIAM,53.0
2026-07-21,3040263798,066-3046-07,"CONTROL,INDICATOR",PAMASP,REC,EM REPARO,WILLIAM,53.0
2026-07-21,3040263799,066-3046-07,"CONTROL,INDICATOR",PAMASP,REC,EM REPARO,WILLIAM,53.0
2026-07-21,3040263877,2641011-5,AXLE-MAIN GEAR,CLA,REC,EM REPARO,LEAP,60.0
2026-07-21,3040263878,2641011-5,AXLE-MAIN GEAR,CLA,REC,EM REPARO,LEAP,60.0
2026-07-21,3040264121,3244897-4,FUEL CONTROL UNIT,BABE,OS concluída,EM REPARO,LEAP,
2026-07-21,3040264122,3244809-8,"FUEL CONTROL,MAIN,TURBINE ENGINE",BABE,OS concluída,,BABR,
2026-07-21,3040264236,200SGL119Q-2,STARTER GENERATOR,BABE,REC,,BABE,53.0
2026-07-21,3040264237,200SGL119Q-2,STARTER GENERATOR,BAMN,REC,EM REPARO,AV AERONAUTICA,53.0
2026-07-21,3040264238,324843-2020,HEADSET-MICROPHONE,DACTA II,REC,EM REPARO,WILLIAM,53.0
2026-07-21,3040264240,324843-2020,HEADSET-MICROPHONE,DACTA II,REC,EM REPARO,WILLIAM,53.0
2026-07-21,3040264241,324843-2020,HEADSET-MICROPHONE,DACTA II,REC,EM REPARO,WILLIAM,53.0
2026-07-21,3040264242,324843-2020,HEADSET-MICROPHONE,BABE,REC,EM REPARO,WILLIAM,53.0
2026-07-21,3040264243,069-01033-0101,"RECEIVER-TRANSMITTER,RADIO",PAMALS,REC,EM REPARO,WILLIAM,53.0
2026-07-21,3040264244,069-01033-0101,"RECEIVER-TRANSMITTER,RADIO",PAMASP,REC,EM REPARO,WILLIAM,53.0
2026-07-21,3040264246,060-0017-00,FLIGHT DIR HOR,PAMALS,REC,EM REPARO,WILLIAM,53.0
2026-07-21,3040264262,9910338-8,"INDICATOR,FUEL FLOW",BABV,REC,EM REPARO,WILLIAM,53.0
2026-07-21,3040264263,9910338-8,"INDICATOR,FUEL FLOW",PAMALS,OS concluída,,BABR,
2026-07-21,3040264264,324843-2020,HEADSET-MICROPHONE,DACTA II,REC,EM REPARO,WILLIAM,53.0
2026-07-21,3040264572,060-0017-00,FLIGHT DIR HOR,PAMASP,REC,,,41.0
2026-07-21,3040264573,060-0017-00,FLIGHT DIR HOR,BANT,REC,,,41.0
2026-07-21,3040264574,060-0017-00,FLIGHT DIR HOR,BANT,REC,,,41.0
2026-07-21,3040264576,060-0017-00,FLIGHT DIR HOR,PAMALS,REC,,,41.0
2026-07-21,3040264577,060-0017-00,FLIGHT DIR HOR,PAMALS,REC,,,41.0
2026-07-21,3040264579,060-0017-00,FLIGHT DIR HOR,BABR,OS concluída,,,
2026-07-21,3040264643,1H75-21,PRESSURE REGULATOR,PAMASP,REC,,,36.0
2026-07-21,3040264645,1H75-21,PRESSURE REGULATOR,PAMASP,REC,,,36.0
2026-07-21,3040264646,1H75-21,PRESSURE REGULATOR,PAMASP,REC,,,36.0
2026-07-21,3040264647,1H75-21,PRESSURE REGULATOR,BAMN,REC,,,36.0
2026-07-21,3040264707,3244809-7,"FUEL CONTROL,MAIN,TURBINE ENGINE",BABE,REC,,,36.0
2026-07-21,3040264709,540-1407-4,"VALVE,BLEED,TURBINEENGINE",PAMASP,REC,,,36.0
2026-07-21,3040264710,200SGL153Q,"STARTER-GENERATOR,ENGINE,AIRCRAFT",CLA,REC,,,36.0
2026-07-21,3040264711,200SGL153Q,"STARTER-GENERATOR,ENGINE,AIRCRAFT",PAMASP,REC,,,36.0
2026-07-21,3040264712,200SGL153Q,"STARTER-GENERATOR,ENGINE,AIRCRAFT",BACG,REC,,,36.0
2026-07-21,3040264718,9910338-8,"INDICATOR,FUEL FLOW",PAMALS,REC,,,36.0
2026-07-21,3040264719,S3326-2,"INDICATOR,HORIZONTAL SITUATION",ALA 8,REC,,,36.0
2026-07-21,3040264720,S3326-2,"INDICATOR,HORIZONTAL SITUATION",PAMALS,REC,,,36.0
2026-07-21,3040264721,S3326-2,"INDICATOR,HORIZONTAL SITUATION",PAMASP,REC,,,36.0
2026-07-21,3040264724,2606013-1AM,INDICADOR PERCENTUAL RPM,BABV,REC,,,36.0
2026-07-21,3040264725,2606013-1AM,INDICADOR PERCENTUAL RPM,BABR,REC,,,36.0
2026-07-21,3040264726,2606015-4,INDICATOR-OIL TEMP/OIL PRESS,BANT,REC,,,36.0
2026-07-21,3040264727,C661051-0201,GYRO HORIZON,ALA 10,REC,,,36.0
2026-07-21,3040264728,504-0111-906,GYRO HORIZON,PAMALS,REC,,,36.0
2026-07-21,3040264729,504-0111-906,GYRO HORIZON,BACG,REC,,,36.0
2026-07-21,3040264730,8210-003,"GOVERNOR,FUEL CONTROL",PAMASP,REC,,,36.0
2026-07-21,3040264731,8210-002,"GOVERNOR,CONSTANT SPEED DRIVE",PAMASP,REC,,,36.0
2026-07-21,3040264732,8210-002,"GOVERNOR,CONSTANT SPEED DRIVE",BAMN,REC,,,36.0
2026-07-21,3040264733,030-18200,MAIN WHEEL BRAKE,BAMN,REC,,,36.0
2026-07-21,3040264734,030-18200,MAIN WHEEL BRAKE,BAMN,REC,,,36.0
2026-07-21,3040264735,161-11700,INNER WHEEL HALF ASSY,PAMALS,REC,,,36.0
2026-07-21,3040264736,161-12800,WHEEL HALF ASSY-INNER,BABR,REC,,,36.0
2026-07-21,3040264737,161-12800,WHEEL HALF ASSY-INNER,PAMALS,AUT,,,36.0
2026-07-21,3040264738,162-10700,OUTER WHEEL HALF ASSY,BACO,AUT,,,36.0
2026-07-21,3040264807,011-01105-01,INTEGRATED AVIONICS UNIT GIA63W,ALA 8,REC,,,28.0
2026-07-21,3040264808,011-01105-01,INTEGRATED AVIONICS UNIT GIA63W,BAMN,REC,,,28.0
2026-07-21,3040264907,011-00916-10,"DISPLAY UNIT,FLIGHT INFORMATION",BAMN,REC,,,21.0
2026-07-21,3040264908,011-00916-10,"DISPLAY UNIT,FLIGHT INFORMATION",BABV,REC,,,21.0
2026-07-21,3040264960,3034792,BOMBA DE COMBUSTÍVEL,CLA,REC,,,19.0
2026-07-21,3040264961,3244897-4,FUEL CONTROL UNIT,CLA,REC,,,19.0
2026-07-21,3040264974,3244809-8,"FUEL CONTROL,MAIN,TURBINE ENGINE",BAMN,REC,,,19.0
2026-07-21,3040265140,011-01020-10,AFCS MODE CONTROLLER GMC 710,BABE,REC,,,13.0
2026-07-21,3040265144,011-01020-10,AFCS MODE CONTROLLER GMC 710,BABE,REC,,,13.0
2026-07-22,3040249831,066-01141-5101,"RECEIVER-TRANSMITTER,RADIO (KT71)",PAMALS,REC,EM REPARO,LEAP,527.0
2026-07-22,3040250234,3034792,BOMBA DE COMBUSTÍVEL,PAMALS,REC,,BANT,511.0
2026-07-22,3040250248,452-0133,"BATTERY,NONRECHARGEABLE",BABR,REC,CONDENADO,VEE ONE,511.0
2026-07-22,3040250249,452-0133,"BATTERY,NONRECHARGEABLE",BAMN,REC,CONDENADO,VEE ONE,511.0
2026-07-22,3040250716,030-18200,MAIN WHEEL BRAKE,BABV,REC,EM REPARO,LEAP,489.0
2026-07-22,3040250717,030-18200,MAIN WHEEL BRAKE,BACO,OS concluída,REPARADO,,
2026-07-22,3040250718,030-18200,MAIN WHEEL BRAKE,BACO,OS concluída,REPARADO,,
2026-07-22,3040250719,060-0017-00,FLIGHT DIR HOR,PAMALS,REC,,BANT,489.0
2026-07-22,3040250720,060-0017-00,FLIGHT DIR HOR,BABV,OS concluída,REPARADO,,
2026-07-22,3040250721,060-0017-00,FLIGHT DIR HOR,BANT,OS concluída,REPARADO,,
2026-07-22,3040250722,066-01141-5101,"RECEIVER-TRANSMITTER,RADIO (KT71)",ALA 9,REC,EM REPARO,WILLIAM,489.0
2026-07-22,3040250723,066-01141-5101,"RECEIVER-TRANSMITTER,RADIO (KT71)",CLA,REC,,BABR,489.0
2026-07-22,3040250724,066-04035-1101,"DISPLAY UNIT,RADAR",PAMALS,REC,,BANT,489.0
2026-07-22,3040250725,066-3046-07,"CONTROL,INDICATOR",ALA 10,OS concluída,REPARADO,,
2026-07-22,3040250732,069-1025-25,"RECEIVER-TRANSMITTER,RADIO - KX165",PAMALS,REC,EM REPARO,WILLIAM,489.0
2026-07-22,3040250773,161-11700,INNER WHEEL HALF ASSY,EEAR,REC,,BACG,489.0
2026-07-22,3040250775,161-11700,INNER WHEEL HALF ASSY,BABE,OS concluída,CONDENADO,,
2026-07-22,3040250776,161-12800,WHEEL HALF ASSY-INNER,BABE,OS concluída,CONDENADO,,
2026-07-22,3040250778,161-12800,WHEEL HALF ASSY-INNER,BACG,OS concluída,REPARADO,,
2026-07-22,3040250780,162-11800,WHEEL HALF ASSY-OUTER,PAMALS,OS concluída,,,
2026-07-22,3040250781,162-11800,WHEEL HALF ASSY-OUTER,BACG,OS concluída,,,
2026-07-22,3040250782,2606012-1,INDICATOR-INTER-TURBINE TEMPERATURE,ALA 9,OS concluída,,,
2026-07-22,3040250789,2641012-14,TRUNNION ASSY-RH-MAIN GEAR,PAMASP,OS concluída,CONDENADO,,
2026-07-22,3040250790,2643031-7,"FORK ASSY,NOSE GEAR SPRING",BAMN,OS concluída,CONDENADO,,
2026-07-22,3040250791,2643090-1,SHIMMY DAMPENE,BANT,REC,EM REPARO,AV AERONAUTICA,489.0
2026-07-22,3040250792,2643090-1,SHIMMY DAMPENE,BAMN,REC,REPARADO,V1 PAMA-LS,489.0
2026-07-22,3040250793,2643099-4,"SUPPORT ASSY FOWARD, NLG SPRING",BAMN,OS concluída,CONDENADO,,
2026-07-22,3040250798,30994-001,BATTERY-MARATHON TSP410 NICAD,BANT,OS concluída,CONDENADO,AMA - VEE ONE,
2026-07-22,3040250816,453-5060,"BEACON,DISTRESS",BAMN,REC,,PAMA-LS,489.0
2026-07-22,3040250827,51539-012N,CONTROL UNIT ASSY-GENERATOR,BANT,REC,,BABR,489.0
2026-07-22,3040250828,51539-012N,CONTROL UNIT ASSY-GENERATOR,BACG,REC,,BABR,489.0
2026-07-22,3040250829,51539-012N,CONTROL UNIT ASSY-GENERATOR,BAMN,OS concluída,,,
2026-07-22,3040250830,799-1,TRANSDUCER,BACO,REC,,BANT,489.0
2026-07-22,3040250831,799-1,TRANSDUCER,BANT,REC,,BANT,489.0
2026-07-22,3040250832,9910338-4,FUEL TOTALIZER INDICATOR,EEAR,REC,,PAMA-LS,489.0
2026-07-22,3040250833,9910586-4,FLAP ACTUATOR AND MOTOR ASSEMBLY,ALA 3,REC,,BAMN,489.0
2026-07-22,3040250834,9910586-4,FLAP ACTUATOR AND MOTOR ASSEMBLY,ALA 3,OS concluída,CONDENADO,,
2026-07-22,3040250835,ASG12000-2,ALTERNATOR,ALA 5,REC,REPARADO,V1 PAMA-LS,489.0
2026-07-22,3040250841,C661030-0301,TURN BANK,PAMALS,REC,EM REPARO,LEAP,489.0
2026-07-22,3040250842,C662041-0102,INDICATOR FUEL,ALA 5,REC,,PAMA-LS,489.0
2026-07-22,3040250843,C662041-0102,INDICATOR FUEL,ALA 10,OS concluída,REPARADO,,
2026-07-22,3040250844,C662041-0102,INDICATOR FUEL,ALA 9,REC,,PAMA-LS,489.0
2026-07-22,3040252159,011-00916-00,DISPLAY UNIT GDU 1040A,BAMN,REC,,BAMN,456.0
2026-07-22,3040252160,011-01020-10,AFCS MODE CONTROLLER GMC 710,BAMN,OS concluída,,,
2026-07-22,3040252161,065-0042-03,COMPUTER PA,ALA 10,REC,EM REPARO,WILLIAM,456.0
2026-07-22,3040252162,065-0042-03,COMPUTER PA,EEAR,REC,,BABE,456.0
2026-07-22,3040252164,065-0042-03,COMPUTER PA,EEAR,REC,EM REPARO,WILLIAM,456.0
2026-07-22,3040252165,065-0042-03,COMPUTER PA,PAMALS,OS concluída,,,
2026-07-22,3040252166,065-0059-01,SERVO PITCH,EEAR,REC,EM REPARO,WILLIAM,456.0
2026-07-22,3040252168,066-03064-0005,"ALTIMETER,SERVO CONTROLLED,AUTOMATIC PRESSURE",ALA 9,OS concluída,REPARADO,,
2026-07-22,3040252170,066-03064-0005,"ALTIMETER,SERVO CONTROLLED,AUTOMATIC PRESSURE",ALA 7,REC,NO ESTADO,VEE ONE,456.0
2026-07-22,3040252172,066-03064-0005,"ALTIMETER,SERVO CONTROLLED,AUTOMATIC PRESSURE",PAMALS,REC,NO ESTADO,VEE ONE,456.0
2026-07-22,3040252173,066-03064-0005,"ALTIMETER,SERVO CONTROLLED,AUTOMATIC PRESSURE",BANT,REC,EM REPARO,LEAP,456.0
2026-07-22,3040252178,066-1072-00,RECEIVER ADF (KING KR87),PAMALS,OS concluída,,,
2026-07-22,3040252180,066-1072-04,"RECEIVER,RADIO",ALA 8,OS concluída,,,
2026-07-22,3040252181,066-1072-04,"RECEIVER,RADIO",PAMASP,REC,EM REPARO,WILLIAM,456.0
2026-07-22,3040252182,066-1072-04,"RECEIVER,RADIO",ALA 9,OS concluída,REPARADO,,
2026-07-22,3040252185,066-1072-04,"RECEIVER,RADIO",BAMN,OS concluída,REPARADO,,
2026-07-22,3040252189,9910338-6,"TRANSMITTER,RATE OF FLOW",ALA 8,OS concluída,REPARADO,,
2026-07-22,3040252190,9910338-6,"TRANSMITTER,RATE OF FLOW",BABR,OS concluída,,,
2026-07-22,3040252191,C611008-0101,ALTERNATOR CONTROL UNIT,PAMALS,REC,,BABR,456.0
2026-07-22,3040252935,030-18200,MAIN WHEEL BRAKE,BAMN,OS concluída,CONDENADO,,
2026-07-22,3040252936,030-18200,MAIN WHEEL BRAKE,BACO,REC,,PAMA-LS,426.0
2026-07-22,3040252939,C163030-1001,MAIN W BRAKE A,BABV,REC,,BAMN,426.0
2026-07-22,3040252940,30-182,MAIN WHEEL BRAKE,BABV,OS concluída,CONDENADO,,
2026-07-22,3040252942,30-182,MAIN WHEEL BRAKE,BAMN,OS concluída,REPARADO,,
2026-07-22,3040252943,30-182,MAIN WHEEL BRAKE,BAMN,OS concluída,REPARADO,,
2026-07-22,3040253168,161-12800,WHEEL HALF ASSY-INNER,BASM,REC,REPARADO,VEE ONE,422.0
2026-07-22,3040253170,161-12800,WHEEL HALF ASSY-INNER,BASM,OS concluída,CONDENADO,,
2026-07-22,3040253172,161-12800,WHEEL HALF ASSY-INNER,PAMALS,REC,,PROCURANDO,422.0
2026-07-22,3040253173,161-12800,WHEEL HALF ASSY-INNER,PAMALS,REC,EM REPARO,LEAP,422.0
2026-07-22,3040253174,161-12800,WHEEL HALF ASSY-INNER,PAMALS,OS concluída,CONDENADO,,
2026-07-22,3040253176,162-10700,OUTER WHEEL HALF ASSY,BABE,OS concluída,CONDENADO,,
2026-07-22,3040253177,162-10700,OUTER WHEEL HALF ASSY,BABV,REC,REPARADO,VEE ONE,422.0
2026-07-22,3040253178,162-10700,OUTER WHEEL HALF ASSY,PAMALS,REC,,PROCURANDO,422.0
2026-07-22,3040253179,162-11800,WHEEL HALF ASSY-OUTER,CLA,OS concluída,CONDENADO,,
2026-07-22,3040253180,162-11800,WHEEL HALF ASSY-OUTER,BASM,REC,,PROCURANDO,422.0
2026-07-22,3040253181,162-11800,WHEEL HALF ASSY-OUTER,PAMALS,OS concluída,REPARADO,,
2026-07-22,3040253182,162-11800,WHEEL HALF ASSY-OUTER,PAMALS,REC,REPARADO,VEE ONE,422.0
2026-07-22,3040253526,30994-001,BATTERY-MARATHON TSP410 NICAD,PAMALS,OS concluída,CONDENADO,AMA - VEE ONE,
2026-07-22,3040253527,30994-001,BATTERY-MARATHON TSP410 NICAD,BAPV,OS concluída,CONDENADO,AMA - VEE ONE,
2026-07-22,3040253528,066-03064-0005,"ALTIMETER,SERVO CONTROLLED,AUTOMATIC PRESSURE",BANT,OS concluída,REPARADO,,
2026-07-22,3040253529,066-03064-0005,"ALTIMETER,SERVO CONTROLLED,AUTOMATIC PRESSURE",DSM-MN,REC,DEVOLVIDO NO ESTADO,WILLIAM,412.0
2026-07-22,3040253530,799-1,TRANSDUCER,BAMN,REC,,BANT,412.0
2026-07-22,3040253531,799-1,TRANSDUCER,BAMN,REC,,VEE ONE,412.0
2026-07-22,3040253532,799-1,TRANSDUCER,PAMALS,REC,,BANT,412.0
2026-07-22,3040253535,2643099-4,"SUPPORT ASSY FOWARD, NLG SPRING",BABE,REC,CONDENADO,VEE ONE,412.0
2026-07-22,3040253536,2641012-14,TRUNNION ASSY-RH-MAIN GEAR,PAMALS,OS concluída,CONDENADO,,
2026-07-22,3040254195,540-1407-4,"VALVE,BLEED,TURBINEENGINE",PAMALS,REC,,BANT,394.0
2026-07-22,3040254201,2643090-3,SHIMMY DAMPER-NOSE GEAR,PAMALS,REC,REPARADO,V1 PAMA-LS,394.0
2026-07-22,3040254203,SE1070-6,SHIMMY DAMPENER ASSY,BACGINAT,OS concluída,,,
2026-07-22,3040254205,C660501-0103,"COMPASS,SPEC",PAMALS,REC,REPARADO,V1 PAMA-LS,394.0
2026-07-22,3040254206,C660501-0103,"COMPASS,SPEC",ALA 8,REC,EM REPARO EM GARANTIA,WILLIAM,394.0
2026-07-22,3040254208,C660501-0103,"COMPASS,SPEC",BABV,REC,REPARADO,V1 PAMA-LS,394.0
2026-07-22,3040254210,799-1,TRANSDUCER,BANT,REC,,BANT,394.0
2026-07-22,3040254770,069-1025-25,"RECEIVER-TRANSMITTER,RADIO - KX165",ALA 9,REC,EM REPARO,WILLIAM,385.0
2026-07-22,3040254784,452-0133,"BATTERY,NONRECHARGEABLE",DACTA II,REC,CONDENADO,VEE ONE,385.0
2026-07-22,3040254785,452-0133,"BATTERY,NONRECHARGEABLE",BAMN,REC,CONDENADO,VEE ONE,385.0
2026-07-22,3040254786,452-0133,"BATTERY PACK,AIRCRAFT",BAMN,REC,CONDENADO,VEE ONE,385.0
2026-07-22,3040254787,452-0133,"BATTERY PACK,AIRCRAFT",DACTA II,REC,CONDENADO,VEE ONE,385.0
2026-07-22,3040254788,452-0133,"BATTERY,NONRECHARGEABLE",BAMN,REC,CONDENADO,VEE ONE,385.0
2026-07-22,3040254789,452-0133,"BATTERY,NONRECHARGEABLE",BAMN,REC,CONDENADO,VEE ONE,385.0
2026-07-22,3040254792,2606013-1RX,INDICATOR-PERCENT RPM,BABR,REC,,BANT,385.0
2026-07-22,3040254793,D145-00-46-2,FLAP ACTUATOR ASSY,PAMALS,REC,,PAMA-LS,385.0
2026-07-22,3040254794,C145-350,"MOTOR,DIRECT CURRENT",PAMALS,OS concluída,,,
2026-07-22,3040254795,D145-00-46-2,FLAP ACTUATOR ASSY,BABE,REC,,PAMA-LS,385.0
2026-07-22,3040254796,30994-001,BATTERY-MARATHON TSP410 NICAD,BAMN,OS concluída,REPARADO,,
2026-07-22,3040254799,453-5000-710,EMERGENCY LOCATOR TRANSMITTER MODEL C406-2,PAMASP,OS concluída,,,
2026-07-22,3040254803,C352TS,"EXTINGUISHER,FIRE",2 ETA,REC,REPARADO,V1 PAMA-LS,385.0
2026-07-22,3040254805,C352TS,"EXTINGUISHER,FIRE",PAMALS,OS concluída,,,
2026-07-22,3040254806,C352TS,"EXTINGUISHER,FIRE",PAMALS,REC,REPARADO,V1 PAMA-LS,385.0
2026-07-22,3040254808,C352TS,"EXTINGUISHER,FIRE",BABR,REC,REPARADO,V1 PAMA-LS,385.0
2026-07-22,3040254809,C352TS,"EXTINGUISHER,FIRE",PAMAGL,OS concluída,,,
2026-07-22,3040254810,C352TS,"EXTINGUISHER,FIRE",PAMALS,OS concluída,,,
2026-07-22,3040254815,C482001-0402,VACUUM REGULAT,PAMALS,REC,CONDENADO,VEE ONE,385.0
2026-07-22,3040254816,C482001-0402,VACUUM REGULAT,PAMALS,REC,CONDENADO,VEE ONE,385.0
2026-07-22,3040254817,2641011-5,AXLE-MAIN GEAR,BABE,OS concluída,NO ESTADO,,
2026-07-22,3040254818,2641011-5,AXLE-MAIN GEAR,BABE,OS concluída,,,
2026-07-22,3040254819,2641011-5,AXLE-MAIN GEAR,BANT,OS concluída,REPARADO,,
2026-07-22,3040254820,2641011-5,AXLE-MAIN GEAR,BAMN,OS concluída,REPARADO,,
2026-07-22,3040255319,702801-5,FUEL PUMP,PAMASP,REC,EM REPARO,VEE ONE,376.0
2026-07-22,3040255321,8210-002,"GOVERNOR,CONSTANT SPEED DRIVE",PAMALS,OS concluída,,,
2026-07-22,3040255326,011-00916-00,DISPLAY UNIT GDU 1040A,BAMN,REC,,BAMN,376.0
2026-07-22,3040255461,DAAS-A-010-1,ADAS-D PROCESSOR,PAMALS,REC,EM REPARO,VEE ONE,372.0
2026-07-22,3040255589,071-01519-0101,"RECEIVER-EXCITER,RADAR",BANT,REC,,PROCURANDO,370.0
2026-07-22,3040255590,071-01519-0101,"RECEIVER-EXCITER,RADAR",PAMALS,OS concluída,REPARADO,,
2026-07-22,3040255706,C661064-0237,AIRSPEED INDICATOR,BAMN,OS concluída,,,
2026-07-22,3040256112,011-00883-20,RADAR GWX 68 WEATHER,BABE,REC,,BAMN,356.0
2026-07-22,3040256114,5934PAD-3,"ALTIMETER,PRESSURE",PAMALS,REC,EM REPARO,VEE ONE,356.0
2026-07-22,3040256115,5934PAD-3,"ALTIMETER,PRESSURE",PAMALS,OS concluída,REPARADO,,
2026-07-22,3040256118,011-00878-10,GSA-81 TORQUE SERVO,BAPV,REC,,BACO,356.0
2026-07-22,3040256119,011-00878-10,GSA-81 TORQUE SERVO,BAPV,REC,EM REPARO,LEAP,356.0
2026-07-22,3040256120,011-00916-10,"DISPLAY UNIT,FLIGHT INFORMATION",BAMN,OS concluída,,,
2026-07-22,3040256311,3121248-03,"VALVE ASSEMBLY,COMPRESSOR BLEED",PAMALS,OS concluída,,,
2026-07-22,3040256314,066-4010-12,RECEIVER VOR/LOC (KNS81),EEAR,REC,EM REPARO,LEAP,343.0
2026-07-22,3040256662,030-18200,MAIN WHEEL BRAKE,BASM,OS concluída,,,
2026-07-22,3040256665,161-11700,INNER WHEEL HALF ASSY,BABV,OS concluída,,,
2026-07-22,3040256666,161-11700,INNER WHEEL HALF ASSY,PAMALS,OS concluída,,,
2026-07-22,3040256667,161-11700,INNER WHEEL HALF ASSY,PAMALS,OS concluída,,,
2026-07-22,3040256668,161-11700,INNER WHEEL HALF ASSY,PAMALS,OS concluída,CONDENADO,,
2026-07-22,3040256669,161-11700,INNER WHEEL HALF ASSY,PAMALS,OS concluída,,,
2026-07-22,3040256670,161-11700,INNER WHEEL HALF ASSY,PAMALS,OS concluída,CONDENADO,,
2026-07-22,3040256671,161-11700,INNER WHEEL HALF ASSY,PAMALS,REC,REPARADO,VEE ONE,334.0
2026-07-22,3040256672,161-12800,WHEEL HALF ASSY-INNER,PAMALS,REC,REPARADO,VEE ONE,334.0
2026-07-22,3040256673,161-12800,WHEEL HALF ASSY-INNER,PAMALS,REC,CONDENADO,VEE ONE,331.0
2026-07-22,3040256675,161-12800,WHEEL HALF ASSY-INNER,BANT,OS concluída,REPARADO,,
2026-07-22,3040256694,162-11800,WHEEL HALF ASSY-OUTER,BANT,OS concluída,REPARADO,,
2026-07-22,3040256696,162-11800,WHEEL HALF ASSY-OUTER,PAMALS,REC,,PAMA-LS,334.0
2026-07-22,3040256698,030-18200,MAIN WHEEL BRAKE,PAMASP,REC,,PROCURANDO,334.0
2026-07-22,3040256702,C661064-0237,AIRSPEED INDICATOR,BABR,OS concluída,,,
2026-07-22,3040256703,C661064-0237,AIRSPEED INDICATOR,PAMALS,OS concluída,REPARADO,,
2026-07-22,3040256704,C661064-0237,AIRSPEED INDICATOR,PAMALS,OS concluída,,,
2026-07-22,3040256707,D210507,"GOVERNOR,OVERSPEED",PAMALS,OS concluída,,,
2026-07-22,3040256708,D210507,"GOVERNOR,OVERSPEED",PAMALS,REC,REPARADO,VEE ONE,334.0
2026-07-22,3040256709,3121248-03,"VALVE ASSEMBLY,COMPRESSOR BLEED",PAMASP,REC,,BANT,331.0
2026-07-22,3040256713,030-18200,MAIN WHEEL BRAKE,ALA 3,REC,,BAMN,334.0
2026-07-22,3040256787,011-00877-00,"GSA-80 SERVO ROL,YAW,SPEC",PAMALS,REC,EM REPARO,VEE ONE,334.0
2026-07-22,3040256792,011-00877-00,"GSA-80 SERVO ROL,YAW,SPEC",BAMN,REC,,PROCURANDO,334.0
2026-07-22,3040256828,011-00883-20,RADAR GWX 68 WEATHER,PAMALS,REC,CONDENADO,V1 PAMA-LS,334.0
2026-07-22,3040257093,065-00183-0501,AUTOPILOT COMPUTER KFC225,BABE,REC,,BANT,327.0
2026-07-22,3040257094,065-00183-0501,AUTOPILOT COMPUTER KFC225,BABE,REC,,BANT,327.0
2026-07-22,3040257095,011-01105-01,INTEGRATED AVIONICS UNIT GIA63W,BABE,REC,EM REPARO,VEE ONE,327.0
2026-07-22,3040257096,011-01105-01,INTEGRATED AVIONICS UNIT GIA63W,BABE,REC,,BAMN,327.0
2026-07-22,3040257436,30994-001,BATTERY-MARATHON TSP410 NICAD,PAMALS,OS concluída,CONDENADO,AMA - VEE ONE,
2026-07-22,3040257438,030-18200,MAIN WHEEL BRAKE,BAMN,REC,REPARADO,VEE ONE,308.0
2026-07-22,3040257439,030-18200,MAIN WHEEL BRAKE,BAMN,REC,,BAMN,308.0
2026-07-22,3040257440,030-18200,MAIN WHEEL BRAKE,BANT,REC,CONDENADO,VEE ONE,308.0
2026-07-22,3040257441,030-18200,MAIN WHEEL BRAKE,BAPV,REC,,BAMN,308.0
2026-07-22,3040257442,C163030-1001,MAIN W BRAKE A,BAMN,REC,REPARADO,VEE ONE,308.0
2026-07-22,3040257443,161-12800,WHEEL HALF ASSY-INNER,ALA 3,AUT,,NÃO TEVE MOVIMENTAÇÃO,315.0
2026-07-22,3040257444,162-10700,OUTER WHEEL HALF ASSY,PAMALS,OS concluída,CONDENADO,,
2026-07-22,3040257447,162-10700,OUTER WHEEL HALF ASSY,PAMALS,OS concluída,CONDENADO,,
2026-07-22,3040257450,3244809-4,"FUEL CONTROL,MAIN,TURBINE ENGINE",PAMASP,OS concluída,EM REPARO,LEAP,
2026-07-22,3040257451,3244809-7,"FUEL CONTROL,MAIN,TURBINE ENGINE",PAMASP,REC,,BANT,308.0
2026-07-22,3040257452,3244809-8,"FUEL CONTROL,MAIN,TURBINE ENGINE",BAPV,OS concluída,REPARADO,,
2026-07-22,3040257453,EA-5172-45-CES,"INDICATOR,AIRSPEED",ALA 7,REC,DEVOLVIDO NO ESTADO,WILLIAM,308.0
2026-07-22,3040257454,EA-5172-45-CES,"INDICATOR,AIRSPEED",BACG,OS concluída,,,
2026-07-22,3040258303,011-00877-00,"GSA-80 SERVO ROL,YAW,SPEC",DACTA II,REC,EM REPARO,VEE ONE,288.0
2026-07-22,3040258306,D210507,"GOVERNOR,OVERSPEED",PAMALS,REC,EM REPARO,LEAP,288.0
2026-07-22,3040258307,D210507,"GOVERNOR,OVERSPEED",ALA 5,OS concluída,,,
2026-07-22,3040258308,D210507,"GOVERNOR,OVERSPEED",BAMN,OS concluída,REPARADO,,
2026-07-22,3040258309,D210507,"GOVERNOR,OVERSPEED",BAMN,REC,EM REPARO,LEAP,288.0
2026-07-22,3040258310,D210507,"GOVERNOR,OVERSPEED",BACO,OS concluída,,,
2026-07-22,3040258419,011-00877-00,"GSA-80 SERVO ROL,YAW,SPEC",DACTA II,REC,EM REPARO,VEE ONE,286.0
2026-07-22,3040258420,011-00877-00,"GSA-80 SERVO ROL,YAW,SPEC",BACO,REC,EM REPARO,VEE ONE,286.0
2026-07-22,3040258421,011-00877-00,"GSA-80 SERVO ROL,YAW,SPEC",BABE,REC,,BACO,286.0
2026-07-22,3040258422,2601188-8,COMPRESSOR DRIVE ASSY R134A,PAMASP,REC,,PROCURANDO,286.0
2026-07-22,3040258764,069-01034-0102,"NAVIGATION SET,SATELLITE SIGNALS KLN-94",PAMALS,REC,,BANT,279.0
2026-07-22,3040259146,1U149-015-15,HORIZ. GYRO-STADBY,PAMALS,REC,EM REPARO,VEE ONE,257.0
2026-07-22,3040259147,162-10700,OUTER WHEEL HALF ASSY,BANT,REC,EM REPARO,AMA - VEE ONE,257.0
2026-07-22,3040259148,3049038-03,"VALVE,COMPRESSOR BLEED",BANT,OS concluída,,,
2026-07-22,3040259151,066-01141-5101,"TRANSPONDER,RADAR",BANT,REC,REPARADO,V1 PAMA-LS,260.0
2026-07-22,3040259152,066-01141-5101,"TRANSPONDER,RADAR",BABE,REC,,BANT,260.0
2026-07-22,3040259251,064-1019-05,VHF TRANSCEIVE KY196,EEAR,REC,,EEAR,258.0
2026-07-22,3040259316,2606015-4,INDICATOR-OIL TEMP/OIL PRESS,BACG,REC,REPARADO,V1 PAMA-LS,254.0
2026-07-22,3040259564,C414007-0102,BLOWER ASSY,PAMALS,OS concluída,,,
2026-07-22,3040259568,C414007-0102,BLOWER ASSY,ALA 10,OS concluída,,,
2026-07-22,3040259570,C414007-0102,BLOWER ASSY,ALA 10,OS concluída,,,
2026-07-22,3040259694,025323-150,FUEL PUMP,PAMASP,REC,,BACO,246.0
2026-07-22,3040259918,C414007-0102,BLOWER ASSY,ALA 10,REC,EM REPARO,VEE ONE,239.0
2026-07-22,3040259922,C414007-0102,BLOWER ASSY,BANT,REC,REPARADO,V1 PAMA-LS,239.0
2026-07-22,3040259924,C414007-0102,BLOWER ASSY,BACG,REC,EM REPARO,VEE ONE,239.0
2026-07-22,3040259928,C414007-0102,BLOWER ASSY,PAMALS,REC,EM REPARO,VEE ONE,239.0
2026-07-22,3040259944,066-3046-07,"CONTROL,INDICATOR",EEAR,REC,,PAMA-LS,239.0
2026-07-22,3040259946,066-3046-07,"CONTROL,INDICATOR",BANT,REC,,BANT,239.0
2026-07-22,3040259947,066-3046-07,"CONTROL,INDICATOR",EEAR,OS concluída,REPARADO,,
2026-07-22,3040259949,065-0060-01,"CONTROL,SERVO,AUTOMATIC PILOT",PAMALS,REC,EM REPARO,LEAP,239.0
2026-07-22,3040259950,065-0060-01,"CONTROL,SERVO,AUTOMATIC PILOT",PAMALS,REC,EM REPARO,LEAP,239.0
2026-07-22,3040260204,324843-W020,HEADSET-MICROPHONE,PAMALS,OS concluída,REPARADO,,
2026-07-22,3040260205,324843-W020,HEADSET-MICROPHONE,PAMALS,OS concluída,REPARADO,,
2026-07-22,3040260208,324843-W020,HEADSET-MICROPHONE,PAMALS,REC,VAI SER DEVOLVIDO SEM REPARO,WILLIAM,225.0
2026-07-22,3040260209,011-00916-00,DISPLAY UNIT GDU 1040A,PAMALS,REC,,BAMN,225.0
2026-07-22,3040260382,065-00183-0501,AUTOPILOT COMPUTER KFC225,BANT,REC,,BANT,218.0
2026-07-22,3040260388,SD5H14C4527,AIR COMPRESSOR,PAMALS,REC,EM REPARO,VEE ONE,218.0
2026-07-22,3040260389,SD5H14C4527,AIR COMPRESSOR,PAMALS,REC,EM REPARO,VEE ONE,218.0
2026-07-22,3040260516,ASG12000-2,ALTERNATOR,PAMALS,REC,REPARADO,V1 PAMA-LS,215.0
2026-07-22,3040260517,ASG12000-2,ALTERNATOR,PAMALS,OS concluída,,,
2026-07-22,3040260522,9910592-2,ALTERNADOR,BAMN,REC,REPARADO,V1 PAMA-LS,215.0
2026-07-22,3040260523,9910592-2,ALTERNADOR,BAMN,REC,REPARADO,V1 PAMA-LS,215.0
2026-07-22,3040260524,51539-012M,CONTROL UNIT ASSY-GENERATOR,BANT,REC,,BACG,215.0
2026-07-22,3040260538,324843-W020,HEADSET-MICROPHONE,PAMALS,REC,,BABE,197.0
2026-07-22,3040260539,324843-W020,HEADSET-MICROPHONE,PAMALS,REC,,BABE,197.0
2026-07-22,3040260540,324843-W020,HEADSET-MICROPHONE,PAMALS,OS concluída,REPARADO,,
2026-07-22,3040260541,324843-W020,HEADSET-MICROPHONE,PAMALS,OS concluída,REPARADO,,
2026-07-22,3040260542,324843-W020,HEADSET-MICROPHONE,PAMALS,REC,,BABE,197.0
2026-07-22,3040260543,324843-W020,HEADSET-MICROPHONE,PAMALS,REC,VAI SER DEVOLVIDO SEM REPARO,WILLIAM,197.0
2026-07-22,3040260544,161-11700,INNER WHEEL HALF ASSY,BANT,REC,REPARADO,VEE ONE,197.0
2026-07-22,3040260545,161-11700,INNER WHEEL HALF ASSY,BACG,REC,REPARADO,VEE ONE,197.0
2026-07-22,3040260546,161-12800,WHEEL HALF ASSY-INNER,PAMALS,REC,REPARADO,VEE ONE,197.0
2026-07-22,3040260547,161-12800,WHEEL HALF ASSY-INNER,EPCAR,OS concluída,REPARADO,VEE ONE,
2026-07-22,3040260548,161-11700,INNER WHEEL HALF ASSY,CLA,REC,REPARADO,VEE ONE,197.0
2026-07-22,3040260549,162-10700,OUTER WHEEL HALF ASSY,BACG,REC,REPARADO,VEE ONE,197.0
2026-07-22,3040260550,162-10700,OUTER WHEEL HALF ASSY,CLA,REC,REPARADO,VEE ONE,197.0
2026-07-22,3040260551,162-11800,WHEEL HALF ASSY-OUTER,BANT,REC,REPARADO,VEE ONE,197.0
2026-07-22,3040260552,30994-001,BATTERY-MARATHON TSP410 NICAD,BABE,OS concluída,CONDENADO,AMA - VEE ONE,
2026-07-22,3040260583,3244897-4,FUEL CONTROL UNIT,PAMALS,OS concluída,,,
2026-07-22,3040260595,9910586-4,FLAP ACTUATOR AND MOTOR ASSEMBLY,7 ETA,REC,,BAMN,197.0
2026-07-22,3040260597,9910586-4,FLAP ACTUATOR AND MOTOR ASSEMBLY,BAPV,REC,REPARADO,VEE ONE,197.0
2026-07-22,3040260750,3122678-04,FUEL CONTROL UNIT,PAMASP,REC,,BANT,189.0
2026-07-22,3040260752,3244897-4,FUEL CONTROL UNIT,PAMASP,OS concluída,REPARADO,,
2026-07-22,3040260753,3244809-7,"FUEL CONTROL,MAIN,TURBINE ENGINE",PAMASP,OS concluída,REPARADO,,
2026-07-22,3040260754,3244809-1,"FUEL CONTROL,MAIN,TURBINE ENGINE",PAMASP,REC,EM QUARENTENA,LEAP,189.0
2026-07-22,3040260811,3034792,BOMBA DE COMBUSTÍVEL,BAPV,REC,,BABR,175.0
2026-07-22,3040260812,3034792,BOMBA DE COMBUSTÍVEL,BACG,OS concluída,,,
2026-07-22,3040260913,064-1054-30,RECEIVER-TRANSMITTER SUBASSEMBLY,EPCAR,REC,REPARADO,V1 PAMA-LS,177.0
2026-07-22,3040260915,064-1054-30,RECEIVER-TRANSMITTER SUBASSEMBLY,PAMALS,REC,REPARADO,V1 PAMA-LS,177.0
2026-07-22,3040260922,162-11800,WHEEL HALF ASSY-OUTER,PAMALS,OS concluída,,,
2026-07-22,3040260923,030-18200,MAIN WHEEL BRAKE,BACO,REC,REPARADO,VEE ONE,175.0
2026-07-22,3040261322,011-00831-00,"ENGINE INTERFA,SPEC",BAPV,REC,REPARADO,VEE ONE,162.0
2026-07-22,3040261324,011-00882-10,"COMPUTER,AIR DATA",BAMN,OS concluída,,,
2026-07-22,3040261326,011-00882-10,"COMPUTER,AIR DATA",BAMN,OS concluída,,,
2026-07-22,3040261327,064-1054-30,RECEIVER-TRANSMITTER SUBASSEMBLY,PAMASP,REC,REPARADO,V1 PAMA-LS,162.0
2026-07-22,3040261329,065-0061-36,ACTUATOR TRIM (KS272A),ALA 10,OS concluída,REPARADO,,
2026-07-22,3040261331,065-0061-36,ACTUATOR TRIM (KS272A),PAMASP,REC,,BABR,162.0
2026-07-22,3040261334,065-0065-01,SELECTOR ALT,BANT,REC,EM REPARO,WILLIAM,162.0
2026-07-22,3040261335,065-0065-01,SELECTOR ALT,BANT,REC,EM REPARO,WILLIAM,162.0
2026-07-22,3040261336,066-01141-0101,"RECEIVER,RADIO",BANT,REC,REPARADO,V1 PAMA-LS,162.0
2026-07-22,3040261340,066-1053-00,"RECEIVER,RADIO",BASM,REC,REPARADO,V1 PAMA-LS,162.0
2026-07-22,3040261342,066-3084-02,COLOR RADAR INDICATOR,BABV,REC,EM REPARO,WILLIAM,162.0
2026-07-22,3040261344,066-4010-12,RECEIVER VOR/LOC (KNS81),ALA 10,REC,EM REPARO,WILLIAM,162.0
2026-07-22,3040261347,071-1234-00,ANTENNA ACCESSORY,ALA 1,REC,EM REPARO,WILLIAM,162.0
2026-07-22,3040261352,1134380-4,EVAPORATOR MODULE ASSY-RH,BAMN,REC,CONDENADO,VEE ONE,162.0
2026-07-22,3040261353,1H75-21,PRESSURE REGULATOR,BAMN,REC,,BAMN,162.0
2026-07-22,3040261354,2643100-201,NOSE GEAR STRUT ASSY - TALL FORK,BANT,REC,EM REPARO,AV AERONAUTICA,162.0
2026-07-22,3040261355,2643100-201,NOSE GEAR STRUT ASSY - TALL FORK,BABR,OS concluída,REPARADO,,
2026-07-22,3040261356,2670104-2,ANNUNCIATOR PANEL,PAMALS,REC,REPARADO,VEE ONE,162.0
2026-07-22,3040261357,2682001-1,BRAKE CYL MAST,BABE,OS concluída,REPARADO,,
2026-07-22,3040261364,8210-002-01,GOVERNOR PROPELLER,PAMASP,REC,REPARADO,VEE ONE,162.0
2026-07-22,3040261371,TFF2905-13,FUEL FLOW TRANSDUCER,ALA 8,REC,EM REPARO,WILLIAM,162.0
2026-07-22,3040261373,C661065-0240,AIRSPEED INDICATOR,BABE,REC,REPARADO,V1 PAMA-LS,162.0
2026-07-22,3040261375,C661065-0240RX,"INDICATOR, AIRSPEED",BACG,REC,EM REPARO,WILLIAM,162.0
2026-07-22,3040261376,066-1061-03,RT RADAR ALTIM (KRA10A),PAMALS,REC,PARA REPARO,VEE ONE,162.0
2026-07-22,3040261377,066-3054-01,INDICATOR RADAR ALTIMETER - TYPE KI250,PAMALS,REC,EM REPARO,WILLIAM,162.0
2026-07-22,3040261387,3034792,BOMBA DE COMBUSTÍVEL,BABR,OS concluída,REPARADO,,
2026-07-22,3040261388,3034792,BOMBA DE COMBUSTÍVEL,BABR,OS concluída,REPARADO,,
2026-07-22,3040261389,3034792,BOMBA DE COMBUSTÍVEL,PAMASP,REC,REPARADO,V1 PAMA-LS,162.0
2026-07-22,3040261627,S3828-1,ALTIMETER,BAMN,REC,EM REPARO,WILLIAM,148.0
2026-07-22,3040261628,S3828-1,ALTIMETER,BABE,REC,REPARADO,V1 PAMA-LS,148.0
2026-07-22,3040261843,3034792,BOMBA DE COMBUSTÍVEL,PAMALS,REC,EM REPARO,VEE ONE,135.0
2026-07-22,3040261851,51539-012MRX,CONTROL UNIT ASSY-GENERATOR,BABE,REC,EM REPARO,VEE ONE,140.0
2026-07-22,3040261852,51539-012MRX,CONTROL UNIT ASSY-GENERATOR,BABE,REC,EM REPARO,VEE ONE,140.0
2026-07-22,3040262245,200SGL119Q-2,STARTER GENERATOR,BAMN,OS concluída,REPARADO,,
2026-07-22,3040262246,200SGL119Q-2,STARTER GENERATOR,BAMN,OS concluída,REPARADO,,
2026-07-22,3040262273,324843-W020,HEADSET-MICROPHONE,BABE,OS concluída,REPARADO,,
2026-07-22,3040262275,324843-W020,HEADSET-MICROPHONE,BANT,OS concluída,REPARADO,,
2026-07-22,3040262363,066-1055-00,AUDIO CONTROL PANEL,ALA 5,OS concluída,,,
2026-07-22,3040262367,066-1055-00,AUDIO CONTROL PANEL,ALA 9,REC,EM REPARO,WILLIAM,118.0
2026-07-22,3040262368,066-1055-00,AUDIO CONTROL PANEL,CLA,OS concluída,,,
2026-07-22,3040262371,51539-012N,CONTROL UNIT ASSY-GENERATOR,BANT,REC,REPARADO,V1 PAMA-LS,118.0
2026-07-22,3040262372,51539-012M,CONTROL UNIT ASSY-GENERATOR,BANT,REC,,V1 PAMA-LS,118.0
2026-07-22,3040262419,065-0061-36,ACTUATOR TRIM (KS272A),ALA 9,REC,EM REPARO,WILLIAM,113.0
2026-07-22,3040262630,161-11700,INNER WHEEL HALF ASSY,BANT,REC,REPARADO,VEE ONE,100.0
2026-07-22,3040262632,161-12800,WHEEL HALF ASSY-INNER,BANT,OS concluída,REPARADO,VEE ONE,
2026-07-22,3040262633,161-12800,WHEEL HALF ASSY-INNER,BANT,REC,REPARADO,VEE ONE,100.0
2026-07-22,3040262634,162-10700,OUTER WHEEL HALF ASSY,BANT,REC,REPARADO,VEE ONE,100.0
2026-07-22,3040262635,162-11800,WHEEL HALF ASSY-OUTER,EPCAR,REC,REPARADO,VEE ONE,100.0
2026-07-22,3040262636,162-11800,WHEEL HALF ASSY-OUTER,BANT,REC,REPARADO,VEE ONE,100.0
2026-07-22,3040262637,162-11800,WHEEL HALF ASSY-OUTER,BANT,REC,REPARADO,VEE ONE,100.0
2026-07-22,3040262638,200SGL119Q,STARTER GENERATOR,PAMALS,REC,EM REPARO,AV AERONAUTICA,100.0
2026-07-22,3040262639,200SGL119Q,STARTER GENERATOR,PAMASP,OS concluída,,PAMA-LS,
2026-07-22,3040262646,200SGL119Q,STARTER GENERATOR,PAMASP,OS concluída,,,
2026-07-22,3040262706,2641011-5,AXLE-MAIN GEAR,BAMN,REC,,BANT,100.0
2026-07-22,3040262707,2641011-5,AXLE-MAIN GEAR,BABV,REC,REPARADO,VEE ONE,100.0
2026-07-22,3040262708,2641011-5,AXLE-MAIN GEAR,PAMALS,REC,,BANT,100.0
2026-07-22,3040262709,2641011-5,AXLE-MAIN GEAR,PAMALS,REC,,BANT,100.0
2026-07-22,3040262711,2641011-5,AXLE-MAIN GEAR,BABR,REC,,BANT,100.0
2026-07-22,3040262712,2641011-5,AXLE-MAIN GEAR,BABR,REC,,BANT,100.0
2026-07-22,3040262713,2641011-5,AXLE-MAIN GEAR,BAPV,REC,REPARADO,VEE ONE,100.0
2026-07-22,3040262714,2641011-5,AXLE-MAIN GEAR,BAPV,REC,,BANT,100.0
2026-07-22,3040262717,2641011-5,AXLE-MAIN GEAR,BANT,REC,REPARADO,VEE ONE,100.0
2026-07-22,3040262734,C352,PORTABLE HALON FIRE EXTINGUISHERS,ALA 5,REC,EM REPARO,AV AERONAUTICA,100.0
2026-07-22,3040262738,C352TS,"EXTINGUISHER,FIRE",BANT,REC,,PROCURANDO,100.0
2026-07-22,3040262739,C352TS,"EXTINGUISHER,FIRE",BANT,REC,,PROCURANDO,100.0
2026-07-22,3040262740,C352TS,"EXTINGUISHER,FIRE",PAMALS,REC,,PROCURANDO,100.0
2026-07-22,3040262744,3244809-1A,F.C.U,PAMALS,REC,EM REPARO,LEAP,100.0
2026-07-22,3040262745,064-1019-05,VHF TRANSCEIVE KY196,EEAR,REC,EM REPARO,VEE ONE,100.0
2026-07-22,3040262746,066-1070-01,TRANSCEIVER DME (KN63),BABE,REC,EM REPARO,WILLIAM,100.0
2026-07-22,3040262747,066-1072-00,RECEIVER ADF (KING KR87),ALA 7,REC,EM REPARO,WILLIAM,100.0
2026-07-22,3040262748,066-3046-07,"CONTROL,INDICATOR",BABR,REC,,BANT,100.0
2026-07-22,3040262757,2606015-2,IND OIL TEMP/P,PAMALS,REC,EM REPARO,VEE ONE,100.0
2026-07-22,3040262758,9910338-4,FUEL TOTALIZER INDICATOR,PAMALS,REC,EM REPARO,VEE ONE,100.0
2026-07-22,3040262759,9910338-6,"TRANSMITTER,RATE OF FLOW",BAMN,REC,EM REPARO,WILLIAM,100.0
2026-07-22,3040262760,9910338-6,"TRANSMITTER,RATE OF FLOW",BANT,REC,EM REPARO,VEE ONE,100.0
2026-07-22,3040262765,011-00883-20,RADAR GWX 68 WEATHER,BAMN,REC,EM REPARO,VEE ONE,100.0
2026-07-22,3040262766,011-00883-20,RADAR GWX 68 WEATHER,BAMN,OS concluída,EM REPARO,VEE ONE,
2026-07-22,3040262767,066-3046-07,"CONTROL,INDICATOR",EEAR,REC,EM REPARO,LEAP,100.0
2026-07-22,3040262768,066-3046-07,"CONTROL,INDICATOR",EEAR,REC,EM REPARO,LEAP,100.0
2026-07-22,3040262769,066-3046-07,"CONTROL,INDICATOR",BABR,REC,,BANT,100.0
2026-07-22,3040262770,011-01020-10,AFCS MODE CONTROLLER GMC 710,BAMN,REC,EM REPARO,WILLIAM,100.0
2026-07-22,3040262772,011-01020-10,AFCS MODE CONTROLLER GMC 710,BAMN,REC,EM REPARO,WILLIAM,100.0
2026-07-22,3040262773,011-01020-10,AFCS MODE CONTROLLER GMC 710,BAMN,REC,EM REPARO,WILLIAM,100.0
2026-07-22,3040262791,066-3060-00,IND RMI KNI582,BANT,REC,EM REPARO,LEAP,100.0
2026-07-22,3040262792,066-3060-00,IND RMI KNI582,BANT,REC,EM REPARO,LEAP,100.0
2026-07-22,3040262966,2682001-1,BRAKE CYL MAST,BACO,OS concluída,,PAMA-LS,
2026-07-22,3040262967,2682001-1,BRAKE CYL MAST,PAMALS,REC,REPARADO,V1 PAMA-LS,98.0
2026-07-22,3040262968,2682001-1,BRAKE CYL MAST,BANT,OS concluída,,PAMA-LS,
2026-07-22,3040262969,2682001-1,BRAKE CYL MAST,BABE,REC,REPARADO,V1 PAMA-LS,98.0
2026-07-22,3040263069,453-5060,ELT C406-N,BABE,OS concluída,,,
2026-07-22,3040263283,D145-00-46-2,FLAP ACTUATOR ASSY,PAMALS,REC,EM REPARO,LEAP,83.0
2026-07-22,3040263284,D145-00-46-2,FLAP ACTUATOR ASSY,BAFL,REC,EM REPARO,LEAP,83.0
2026-07-22,3040263286,C661065-0237,AIRSPEED INDICATOR,BANT,REC,DEVOLVIDO NO ESTADO,WILLIAM,83.0
2026-07-22,3040263287,C661065-0237,AIRSPEED INDICATOR,BABR,REC,REPARADO,VEE ONE,83.0
2026-07-22,3040263288,C661065-0237,AIRSPEED INDICATOR,PAMASP,REC,REPARADO,VEE ONE,83.0
2026-07-22,3040263314,060-0017-00,FLIGHT DIR HOR,EEAR,REC,EM REPARO,LEAP,83.0
2026-07-22,3040263315,060-0017-00,FLIGHT DIR HOR,BACG,OS concluída,,BABR,
2026-07-22,3040263316,060-0017-00,FLIGHT DIR HOR,BANT,REC,,BANT,83.0
2026-07-22,3040263317,060-0017-00,FLIGHT DIR HOR,PAMASP,REC,,BANT,83.0
2026-07-22,3040263319,066-1055-00,AUDIO CONTROL PANEL,BABE,REC,REPARADO,VEE ONE,83.0
2026-07-22,3040263320,066-1055-00,AUDIO CONTROL PANEL,PAMALS,REC,EM REPARO,AV AERONAUTICA,83.0
2026-07-22,3040263322,066-1055-00,AUDIO CONTROL PANEL,ALA 9,REC,EM REPARO,WILLIAM,83.0
2026-07-22,3040263324,069-01033-0101,"RECEIVER-TRANSMITTER,RADIO",PAMALS,REC,EM REPARO,LEAP,83.0
2026-07-22,3040263325,069-01033-0101,"RECEIVER-TRANSMITTER,RADIO",PAMALS,REC,,PROCURANDO,83.0
2026-07-22,3040263326,069-01033-0101,"RECEIVER-TRANSMITTER,RADIO",PAMALS,REC,,BANT,83.0
2026-07-22,3040263327,C661064-0237,AIRSPEED INDICATOR,BABR,REC,EM REPARO,WILLIAM,83.0
2026-07-22,3040263328,C661064-0237,AIRSPEED INDICATOR,BABR,REC,EM REPARO,WILLIAM,83.0
2026-07-22,3040263329,C661064-0237,AIRSPEED INDICATOR,PAMALS,REC,EM REPARO,WILLIAM,83.0
2026-07-22,3040263330,C661064-0237,AIRSPEED INDICATOR,PAMALS,REC,EM REPARO,WILLIAM,83.0
2026-07-22,3040263331,C661064-0237,AIRSPEED INDICATOR,PAMALS,REC,VAI SER DEVOLVIDO SEM REPARO,WILLIAM,83.0
2026-07-22,3040263332,011-00916-10,"DISPLAY UNIT,FLIGHT INFORMATION",BAMN,REC,EM REPARO,WILLIAM,83.0
2026-07-22,3040263333,011-00916-10,"DISPLAY UNIT,FLIGHT INFORMATION",BACO,REC,EM REPARO,WILLIAM,83.0
2026-07-22,3040263334,011-00916-10,"DISPLAY UNIT,FLIGHT INFORMATION",BACO,REC,VAI SER DEVOLVIDO SEM REPARO,WILLIAM,83.0
2026-07-22,3040263335,C611008-0101,ALTERNATOR CONTROL UNIT,PAMALS,REC,EM REPARO,AV AERONAUTICA,83.0
2026-07-22,3040263336,C611008-0101,ALTERNATOR CONTROL UNIT,PAMALS,REC,EM REPARO,AV AERONAUTICA,83.0
2026-07-22,3040263338,C611008-0101,ALTERNATOR CONTROL UNIT,PAMALS,REC,REPARADO,V1 PAMA-LS,83.0
2026-07-22,3040263415,069-01033-0101,"RECEIVER-TRANSMITTER,RADIO",BABR,REC,,BANT,77.0
2026-07-22,3040263416,069-01033-0101,"RECEIVER-TRANSMITTER,RADIO",BASM,REC,EM REPARO,WILLIAM,77.0
2026-07-22,3040263417,069-01033-0101,"RECEIVER-TRANSMITTER,RADIO",PAMALS,REC,EM REPARO,WILLIAM,77.0
2026-07-22,3040263433,066-03064-0005,"ALTIMETER,SERVO CONTROLLED,AUTOMATIC PRESSURE",BACG,REC,EM REPARO,WILLIAM,77.0
2026-07-22,3040263434,066-03064-0005,"ALTIMETER,SERVO CONTROLLED,AUTOMATIC PRESSURE",PAMASP,REC,VAI SER DEVOLVIDO SEM REPARO,WILLIAM,77.0
2026-07-22,3040263435,066-03064-0005,"ALTIMETER,SERVO CONTROLLED,AUTOMATIC PRESSURE",BANT,REC,EM REPARO,WILLIAM,77.0
2026-07-22,3040263443,3244897-4,FUEL CONTROL UNIT,PAMALS,REC,EM REPARO,LEAP,76.0
2026-07-22,3040263444,3244897-4,FUEL CONTROL UNIT,PAMALS,REC,EM REPARO,LEAP,76.0
2026-07-22,3040263447,066-3046-07,"CONTROL,INDICATOR",CLA,REC,,BABR,77.0
2026-07-22,3040263448,2618510-10,ALTERNATOR CONTROL UNIT ASSY,BABE,REC,EM REPARO,WILLIAM,71.0
2026-07-22,3040263449,2618510-10,ALTERNATOR CONTROL UNIT ASSY,PAMALS,REC,EM REPARO,WILLIAM,71.0
2026-07-22,3040263571,066-3084-32,IND RDR 2000 IN-182A,PAMALS,REC,EM REPARO,WILLIAM,71.0
2026-07-22,3040263572,066-3084-32,IND RDR 2000 IN-182A,PAMALS,REC,EM REPARO,WILLIAM,71.0
2026-07-22,3040263573,066-3084-32,IND RDR 2000 IN-182A,PAMALS,REC,,BABR,71.0
2026-07-22,3040263574,066-1072-04,"RECEIVER,RADIO",BABE,REC,EM REPARO,WILLIAM,71.0
2026-07-22,3040263575,066-1072-04,"RECEIVER,RADIO",BABE,REC,EM REPARO,WILLIAM,71.0
2026-07-22,3040263576,066-1072-04,"RECEIVER,RADIO",BAMN,OS concluída,DEVOLVIDO NO ESTADO,WILLIAM,
2026-07-22,3040263577,060-0015-00,"CONTROL,DIRECTIONAL,AUTOMATIC PILOT",ALA 5,REC,EM REPARO,WILLIAM,71.0
2026-07-22,3040263795,071-01519-0101,"RECEIVER-EXCITER,RADAR",PAMALS,REC,,PROCURANDO,54.0
2026-07-22,3040263796,071-01519-0101,"RECEIVER-EXCITER,RADAR",PAMALS,REC,,PROCURANDO,54.0
2026-07-22,3040263797,066-3046-07,"CONTROL,INDICATOR",BABE,REC,EM REPARO,WILLIAM,54.0
2026-07-22,3040263798,066-3046-07,"CONTROL,INDICATOR",PAMASP,REC,EM REPARO,WILLIAM,54.0
2026-07-22,3040263799,066-3046-07,"CONTROL,INDICATOR",PAMASP,REC,EM REPARO,WILLIAM,54.0
2026-07-22,3040263877,2641011-5,AXLE-MAIN GEAR,CLA,REC,EM REPARO,LEAP,61.0
2026-07-22,3040263878,2641011-5,AXLE-MAIN GEAR,CLA,REC,EM REPARO,LEAP,61.0
2026-07-22,3040264121,3244897-4,FUEL CONTROL UNIT,BABE,OS concluída,EM REPARO,LEAP,
2026-07-22,3040264122,3244809-8,"FUEL CONTROL,MAIN,TURBINE ENGINE",BABE,OS concluída,,BABR,
2026-07-22,3040264236,200SGL119Q-2,STARTER GENERATOR,BABE,REC,,BABE,54.0
2026-07-22,3040264237,200SGL119Q-2,STARTER GENERATOR,BAMN,REC,EM REPARO,AV AERONAUTICA,54.0
2026-07-22,3040264238,324843-2020,HEADSET-MICROPHONE,DACTA II,REC,EM REPARO,WILLIAM,54.0
2026-07-22,3040264240,324843-2020,HEADSET-MICROPHONE,DACTA II,REC,EM REPARO,WILLIAM,54.0
2026-07-22,3040264241,324843-2020,HEADSET-MICROPHONE,DACTA II,REC,EM REPARO,WILLIAM,54.0
2026-07-22,3040264242,324843-2020,HEADSET-MICROPHONE,BABE,REC,EM REPARO,WILLIAM,54.0
2026-07-22,3040264243,069-01033-0101,"RECEIVER-TRANSMITTER,RADIO",PAMALS,REC,EM REPARO,WILLIAM,54.0
2026-07-22,3040264244,069-01033-0101,"RECEIVER-TRANSMITTER,RADIO",PAMASP,REC,EM REPARO,WILLIAM,54.0
2026-07-22,3040264246,060-0017-00,FLIGHT DIR HOR,PAMALS,REC,EM REPARO,WILLIAM,54.0
2026-07-22,3040264262,9910338-8,"INDICATOR,FUEL FLOW",BABV,REC,EM REPARO,WILLIAM,54.0
2026-07-22,3040264263,9910338-8,"INDICATOR,FUEL FLOW",PAMALS,OS concluída,,BABR,
2026-07-22,3040264264,324843-2020,HEADSET-MICROPHONE,DACTA II,REC,EM REPARO,WILLIAM,54.0
2026-07-22,3040264572,060-0017-00,FLIGHT DIR HOR,PAMASP,REC,,,42.0
2026-07-22,3040264573,060-0017-00,FLIGHT DIR HOR,BANT,REC,,,42.0
2026-07-22,3040264574,060-0017-00,FLIGHT DIR HOR,BANT,REC,,,42.0
2026-07-22,3040264576,060-0017-00,FLIGHT DIR HOR,PAMALS,REC,,,42.0
2026-07-22,3040264577,060-0017-00,FLIGHT DIR HOR,PAMALS,REC,,,42.0
2026-07-22,3040264579,060-0017-00,FLIGHT DIR HOR,BABR,OS concluída,,,
2026-07-22,3040264643,1H75-21,PRESSURE REGULATOR,PAMASP,REC,,,37.0
2026-07-22,3040264645,1H75-21,PRESSURE REGULATOR,PAMASP,REC,,,37.0
2026-07-22,3040264646,1H75-21,PRESSURE REGULATOR,PAMASP,REC,,,37.0
2026-07-22,3040264647,1H75-21,PRESSURE REGULATOR,BAMN,REC,,,37.0
2026-07-22,3040264707,3244809-7,"FUEL CONTROL,MAIN,TURBINE ENGINE",BABE,REC,,,37.0
2026-07-22,3040264709,540-1407-4,"VALVE,BLEED,TURBINEENGINE",PAMASP,REC,,,37.0
2026-07-22,3040264710,200SGL153Q,"STARTER-GENERATOR,ENGINE,AIRCRAFT",CLA,REC,,,37.0
2026-07-22,3040264711,200SGL153Q,"STARTER-GENERATOR,ENGINE,AIRCRAFT",PAMASP,REC,,,37.0
2026-07-22,3040264712,200SGL153Q,"STARTER-GENERATOR,ENGINE,AIRCRAFT",BACG,REC,,,37.0
2026-07-22,3040264718,9910338-8,"INDICATOR,FUEL FLOW",PAMALS,REC,,,37.0
2026-07-22,3040264719,S3326-2,"INDICATOR,HORIZONTAL SITUATION",ALA 8,REC,,,37.0
2026-07-22,3040264720,S3326-2,"INDICATOR,HORIZONTAL SITUATION",PAMALS,REC,,,37.0
2026-07-22,3040264721,S3326-2,"INDICATOR,HORIZONTAL SITUATION",PAMASP,REC,,,37.0
2026-07-22,3040264724,2606013-1AM,INDICADOR PERCENTUAL RPM,BABV,REC,,,37.0
2026-07-22,3040264725,2606013-1AM,INDICADOR PERCENTUAL RPM,BABR,REC,,,37.0
2026-07-22,3040264726,2606015-4,INDICATOR-OIL TEMP/OIL PRESS,BANT,REC,,,37.0
2026-07-22,3040264727,C661051-0201,GYRO HORIZON,ALA 10,REC,,,37.0
2026-07-22,3040264728,504-0111-906,GYRO HORIZON,PAMALS,REC,,,37.0
2026-07-22,3040264729,504-0111-906,GYRO HORIZON,BACG,REC,,,37.0
2026-07-22,3040264730,8210-003,"GOVERNOR,FUEL CONTROL",PAMASP,REC,,,37.0
2026-07-22,3040264731,8210-002,"GOVERNOR,CONSTANT SPEED DRIVE",PAMASP,REC,,,37.0
2026-07-22,3040264732,8210-002,"GOVERNOR,CONSTANT SPEED DRIVE",BAMN,REC,,,37.0
2026-07-22,3040264733,030-18200,MAIN WHEEL BRAKE,BAMN,REC,,,37.0
2026-07-22,3040264734,030-18200,MAIN WHEEL BRAKE,BAMN,REC,,,37.0
2026-07-22,3040264735,161-11700,INNER WHEEL HALF ASSY,PAMALS,REC,,,37.0
2026-07-22,3040264736,161-12800,WHEEL HALF ASSY-INNER,BABR,REC,,,37.0
2026-07-22,3040264737,161-12800,WHEEL HALF ASSY-INNER,PAMALS,AUT,,,37.0
2026-07-22,3040264738,162-10700,OUTER WHEEL HALF ASSY,BACO,AUT,,,37.0
2026-07-22,3040264807,011-01105-01,INTEGRATED AVIONICS UNIT GIA63W,ALA 8,REC,,,29.0
2026-07-22,3040264808,011-01105-01,INTEGRATED AVIONICS UNIT GIA63W,BAMN,REC,,,29.0
2026-07-22,3040264907,011-00916-10,"DISPLAY UNIT,FLIGHT INFORMATION",BAMN,REC,,,22.0
2026-07-22,3040264908,011-00916-10,"DISPLAY UNIT,FLIGHT INFORMATION",BABV,REC,,,22.0
2026-07-22,3040264960,3034792,BOMBA DE COMBUSTÍVEL,CLA,REC,,,20.0
2026-07-22,3040264961,3244897-4,FUEL CONTROL UNIT,CLA,REC,,,20.0
2026-07-22,3040264974,3244809-8,"FUEL CONTROL,MAIN,TURBINE ENGINE",BAMN,REC,,,20.0
2026-07-22,3040265140,011-01020-10,AFCS MODE CONTROLLER GMC 710,BABE,REC,,,14.0
2026-07-22,3040265144,011-01020-10,AFCS MODE CONTROLLER GMC 710,BABE,REC,,,14.0
2026-07-23,3040249831,066-01141-5101,"RECEIVER-TRANSMITTER,RADIO (KT71)",PAMALS,REC,EM REPARO,LEAP,528.0
2026-07-23,3040250234,3034792,BOMBA DE COMBUSTÍVEL,PAMALS,REC,,BANT,512.0
2026-07-23,3040250248,452-0133,"BATTERY,NONRECHARGEABLE",BABR,REC,CONDENADO,VEE ONE,512.0
2026-07-23,3040250249,452-0133,"BATTERY,NONRECHARGEABLE",BAMN,REC,CONDENADO,VEE ONE,512.0
2026-07-23,3040250716,030-18200,MAIN WHEEL BRAKE,BABV,REC,EM REPARO,LEAP,490.0
2026-07-23,3040250717,030-18200,MAIN WHEEL BRAKE,BACO,OS concluída,REPARADO,,
2026-07-23,3040250718,030-18200,MAIN WHEEL BRAKE,BACO,OS concluída,REPARADO,,
2026-07-23,3040250719,060-0017-00,FLIGHT DIR HOR,PAMALS,REC,,BANT,490.0
2026-07-23,3040250720,060-0017-00,FLIGHT DIR HOR,BABV,OS concluída,REPARADO,,
2026-07-23,3040250721,060-0017-00,FLIGHT DIR HOR,BANT,OS concluída,REPARADO,,
2026-07-23,3040250722,066-01141-5101,"RECEIVER-TRANSMITTER,RADIO (KT71)",ALA 9,REC,EM REPARO,WILLIAM,490.0
2026-07-23,3040250723,066-01141-5101,"RECEIVER-TRANSMITTER,RADIO (KT71)",CLA,REC,,BABR,490.0
2026-07-23,3040250724,066-04035-1101,"DISPLAY UNIT,RADAR",PAMALS,REC,,BANT,490.0
2026-07-23,3040250725,066-3046-07,"CONTROL,INDICATOR",ALA 10,OS concluída,REPARADO,,
2026-07-23,3040250732,069-1025-25,"RECEIVER-TRANSMITTER,RADIO - KX165",PAMALS,REC,EM REPARO,WILLIAM,490.0
2026-07-23,3040250773,161-11700,INNER WHEEL HALF ASSY,EEAR,REC,,BACG,490.0
2026-07-23,3040250775,161-11700,INNER WHEEL HALF ASSY,BABE,OS concluída,CONDENADO,,
2026-07-23,3040250776,161-12800,WHEEL HALF ASSY-INNER,BABE,OS concluída,CONDENADO,,
2026-07-23,3040250778,161-12800,WHEEL HALF ASSY-INNER,BACG,OS concluída,REPARADO,,
2026-07-23,3040250780,162-11800,WHEEL HALF ASSY-OUTER,PAMALS,OS concluída,,,
2026-07-23,3040250781,162-11800,WHEEL HALF ASSY-OUTER,BACG,OS concluída,,,
2026-07-23,3040250782,2606012-1,INDICATOR-INTER-TURBINE TEMPERATURE,ALA 9,OS concluída,,,
2026-07-23,3040250789,2641012-14,TRUNNION ASSY-RH-MAIN GEAR,PAMASP,OS concluída,CONDENADO,,
2026-07-23,3040250790,2643031-7,"FORK ASSY,NOSE GEAR SPRING",BAMN,OS concluída,CONDENADO,,
2026-07-23,3040250791,2643090-1,SHIMMY DAMPENE,BANT,REC,EM REPARO,AV AERONAUTICA,490.0
2026-07-23,3040250792,2643090-1,SHIMMY DAMPENE,BAMN,REC,REPARADO,V1 PAMA-LS,490.0
2026-07-23,3040250793,2643099-4,"SUPPORT ASSY FOWARD, NLG SPRING",BAMN,OS concluída,CONDENADO,,
2026-07-23,3040250798,30994-001,BATTERY-MARATHON TSP410 NICAD,BANT,OS concluída,CONDENADO,AMA - VEE ONE,
2026-07-23,3040250816,453-5060,"BEACON,DISTRESS",BAMN,REC,,PAMA-LS,490.0
2026-07-23,3040250827,51539-012N,CONTROL UNIT ASSY-GENERATOR,BANT,REC,,BABR,490.0
2026-07-23,3040250828,51539-012N,CONTROL UNIT ASSY-GENERATOR,BACG,REC,,BABR,490.0
2026-07-23,3040250829,51539-012N,CONTROL UNIT ASSY-GENERATOR,BAMN,OS concluída,,,
2026-07-23,3040250830,799-1,TRANSDUCER,BACO,REC,,BANT,490.0
2026-07-23,3040250831,799-1,TRANSDUCER,BANT,REC,,BANT,490.0
2026-07-23,3040250832,9910338-4,FUEL TOTALIZER INDICATOR,EEAR,REC,,PAMA-LS,490.0
2026-07-23,3040250833,9910586-4,FLAP ACTUATOR AND MOTOR ASSEMBLY,ALA 3,REC,,BAMN,490.0
2026-07-23,3040250834,9910586-4,FLAP ACTUATOR AND MOTOR ASSEMBLY,ALA 3,OS concluída,CONDENADO,,
2026-07-23,3040250835,ASG12000-2,ALTERNATOR,ALA 5,REC,REPARADO,V1 PAMA-LS,490.0
2026-07-23,3040250841,C661030-0301,TURN BANK,PAMALS,REC,EM REPARO,LEAP,490.0
2026-07-23,3040250842,C662041-0102,INDICATOR FUEL,ALA 5,REC,,PAMA-LS,490.0
2026-07-23,3040250843,C662041-0102,INDICATOR FUEL,ALA 10,OS concluída,REPARADO,,
2026-07-23,3040250844,C662041-0102,INDICATOR FUEL,ALA 9,REC,,PAMA-LS,490.0
2026-07-23,3040252159,011-00916-00,DISPLAY UNIT GDU 1040A,BAMN,REC,,BAMN,457.0
2026-07-23,3040252160,011-01020-10,AFCS MODE CONTROLLER GMC 710,BAMN,OS concluída,,,
2026-07-23,3040252161,065-0042-03,COMPUTER PA,ALA 10,REC,EM REPARO,WILLIAM,457.0
2026-07-23,3040252162,065-0042-03,COMPUTER PA,EEAR,REC,,BABE,457.0
2026-07-23,3040252164,065-0042-03,COMPUTER PA,EEAR,REC,EM REPARO,WILLIAM,457.0
2026-07-23,3040252165,065-0042-03,COMPUTER PA,PAMALS,OS concluída,,,
2026-07-23,3040252166,065-0059-01,SERVO PITCH,EEAR,REC,EM REPARO,WILLIAM,457.0
2026-07-23,3040252168,066-03064-0005,"ALTIMETER,SERVO CONTROLLED,AUTOMATIC PRESSURE",ALA 9,OS concluída,REPARADO,,
2026-07-23,3040252170,066-03064-0005,"ALTIMETER,SERVO CONTROLLED,AUTOMATIC PRESSURE",ALA 7,REC,NO ESTADO,VEE ONE,457.0
2026-07-23,3040252172,066-03064-0005,"ALTIMETER,SERVO CONTROLLED,AUTOMATIC PRESSURE",PAMALS,REC,NO ESTADO,VEE ONE,457.0
2026-07-23,3040252173,066-03064-0005,"ALTIMETER,SERVO CONTROLLED,AUTOMATIC PRESSURE",BANT,REC,EM REPARO,LEAP,457.0
2026-07-23,3040252178,066-1072-00,RECEIVER ADF (KING KR87),PAMALS,OS concluída,,,
2026-07-23,3040252180,066-1072-04,"RECEIVER,RADIO",ALA 8,OS concluída,,,
2026-07-23,3040252181,066-1072-04,"RECEIVER,RADIO",PAMASP,REC,EM REPARO,WILLIAM,457.0
2026-07-23,3040252182,066-1072-04,"RECEIVER,RADIO",ALA 9,OS concluída,REPARADO,,
2026-07-23,3040252185,066-1072-04,"RECEIVER,RADIO",BAMN,OS concluída,REPARADO,,
2026-07-23,3040252189,9910338-6,"TRANSMITTER,RATE OF FLOW",ALA 8,OS concluída,REPARADO,,
2026-07-23,3040252190,9910338-6,"TRANSMITTER,RATE OF FLOW",BABR,OS concluída,,,
2026-07-23,3040252191,C611008-0101,ALTERNATOR CONTROL UNIT,PAMALS,REC,,BABR,457.0
2026-07-23,3040252935,030-18200,MAIN WHEEL BRAKE,BAMN,OS concluída,CONDENADO,,
2026-07-23,3040252936,030-18200,MAIN WHEEL BRAKE,BACO,REC,,PAMA-LS,427.0
2026-07-23,3040252939,C163030-1001,MAIN W BRAKE A,BABV,REC,,BAMN,427.0
2026-07-23,3040252940,30-182,MAIN WHEEL BRAKE,BABV,OS concluída,CONDENADO,,
2026-07-23,3040252942,30-182,MAIN WHEEL BRAKE,BAMN,OS concluída,REPARADO,,
2026-07-23,3040252943,30-182,MAIN WHEEL BRAKE,BAMN,OS concluída,REPARADO,,
2026-07-23,3040253168,161-12800,WHEEL HALF ASSY-INNER,BASM,REC,REPARADO,VEE ONE,423.0
2026-07-23,3040253170,161-12800,WHEEL HALF ASSY-INNER,BASM,OS concluída,CONDENADO,,
2026-07-23,3040253172,161-12800,WHEEL HALF ASSY-INNER,PAMALS,REC,,PROCURANDO,423.0
2026-07-23,3040253173,161-12800,WHEEL HALF ASSY-INNER,PAMALS,REC,EM REPARO,LEAP,423.0
2026-07-23,3040253174,161-12800,WHEEL HALF ASSY-INNER,PAMALS,OS concluída,CONDENADO,,
2026-07-23,3040253176,162-10700,OUTER WHEEL HALF ASSY,BABE,OS concluída,CONDENADO,,
2026-07-23,3040253177,162-10700,OUTER WHEEL HALF ASSY,BABV,REC,REPARADO,VEE ONE,423.0
2026-07-23,3040253178,162-10700,OUTER WHEEL HALF ASSY,PAMALS,REC,,PROCURANDO,423.0
2026-07-23,3040253179,162-11800,WHEEL HALF ASSY-OUTER,CLA,OS concluída,CONDENADO,,
2026-07-23,3040253180,162-11800,WHEEL HALF ASSY-OUTER,BASM,REC,,PROCURANDO,423.0
2026-07-23,3040253181,162-11800,WHEEL HALF ASSY-OUTER,PAMALS,OS concluída,REPARADO,,
2026-07-23,3040253182,162-11800,WHEEL HALF ASSY-OUTER,PAMALS,REC,REPARADO,VEE ONE,423.0
2026-07-23,3040253526,30994-001,BATTERY-MARATHON TSP410 NICAD,PAMALS,OS concluída,CONDENADO,AMA - VEE ONE,
2026-07-23,3040253527,30994-001,BATTERY-MARATHON TSP410 NICAD,BAPV,OS concluída,CONDENADO,AMA - VEE ONE,
2026-07-23,3040253528,066-03064-0005,"ALTIMETER,SERVO CONTROLLED,AUTOMATIC PRESSURE",BANT,OS concluída,REPARADO,,
2026-07-23,3040253529,066-03064-0005,"ALTIMETER,SERVO CONTROLLED,AUTOMATIC PRESSURE",DSM-MN,REC,DEVOLVIDO NO ESTADO,WILLIAM,413.0
2026-07-23,3040253530,799-1,TRANSDUCER,BAMN,REC,,BANT,413.0
2026-07-23,3040253531,799-1,TRANSDUCER,BAMN,REC,,VEE ONE,413.0
2026-07-23,3040253532,799-1,TRANSDUCER,PAMALS,REC,,BANT,413.0
2026-07-23,3040253535,2643099-4,"SUPPORT ASSY FOWARD, NLG SPRING",BABE,REC,CONDENADO,VEE ONE,413.0
2026-07-23,3040253536,2641012-14,TRUNNION ASSY-RH-MAIN GEAR,PAMALS,OS concluída,CONDENADO,,
2026-07-23,3040254195,540-1407-4,"VALVE,BLEED,TURBINEENGINE",PAMALS,REC,,BANT,395.0
2026-07-23,3040254201,2643090-3,SHIMMY DAMPER-NOSE GEAR,PAMALS,REC,REPARADO,V1 PAMA-LS,395.0
2026-07-23,3040254203,SE1070-6,SHIMMY DAMPENER ASSY,BACGINAT,OS concluída,,,
2026-07-23,3040254205,C660501-0103,"COMPASS,SPEC",PAMALS,REC,REPARADO,V1 PAMA-LS,395.0
2026-07-23,3040254206,C660501-0103,"COMPASS,SPEC",ALA 8,REC,EM REPARO EM GARANTIA,WILLIAM,395.0
2026-07-23,3040254208,C660501-0103,"COMPASS,SPEC",BABV,REC,REPARADO,V1 PAMA-LS,395.0
2026-07-23,3040254210,799-1,TRANSDUCER,BANT,REC,,BANT,395.0
2026-07-23,3040254770,069-1025-25,"RECEIVER-TRANSMITTER,RADIO - KX165",ALA 9,REC,EM REPARO,WILLIAM,386.0
2026-07-23,3040254784,452-0133,"BATTERY,NONRECHARGEABLE",DACTA II,REC,CONDENADO,VEE ONE,386.0
2026-07-23,3040254785,452-0133,"BATTERY,NONRECHARGEABLE",BAMN,REC,CONDENADO,VEE ONE,386.0
2026-07-23,3040254786,452-0133,"BATTERY PACK,AIRCRAFT",BAMN,REC,CONDENADO,VEE ONE,386.0
2026-07-23,3040254787,452-0133,"BATTERY PACK,AIRCRAFT",DACTA II,REC,CONDENADO,VEE ONE,386.0
2026-07-23,3040254788,452-0133,"BATTERY,NONRECHARGEABLE",BAMN,REC,CONDENADO,VEE ONE,386.0
2026-07-23,3040254789,452-0133,"BATTERY,NONRECHARGEABLE",BAMN,REC,CONDENADO,VEE ONE,386.0
2026-07-23,3040254792,2606013-1RX,INDICATOR-PERCENT RPM,BABR,REC,,BANT,386.0
2026-07-23,3040254793,D145-00-46-2,FLAP ACTUATOR ASSY,PAMALS,REC,,PAMA-LS,386.0
2026-07-23,3040254794,C145-350,"MOTOR,DIRECT CURRENT",PAMALS,OS concluída,,,
2026-07-23,3040254795,D145-00-46-2,FLAP ACTUATOR ASSY,BABE,REC,,PAMA-LS,386.0
2026-07-23,3040254796,30994-001,BATTERY-MARATHON TSP410 NICAD,BAMN,OS concluída,REPARADO,,
2026-07-23,3040254799,453-5000-710,EMERGENCY LOCATOR TRANSMITTER MODEL C406-2,PAMASP,OS concluída,,,
2026-07-23,3040254803,C352TS,"EXTINGUISHER,FIRE",2 ETA,REC,REPARADO,V1 PAMA-LS,386.0
2026-07-23,3040254805,C352TS,"EXTINGUISHER,FIRE",PAMALS,OS concluída,,,
2026-07-23,3040254806,C352TS,"EXTINGUISHER,FIRE",PAMALS,REC,REPARADO,V1 PAMA-LS,386.0
2026-07-23,3040254808,C352TS,"EXTINGUISHER,FIRE",BABR,REC,REPARADO,V1 PAMA-LS,386.0
2026-07-23,3040254809,C352TS,"EXTINGUISHER,FIRE",PAMAGL,OS concluída,,,
2026-07-23,3040254810,C352TS,"EXTINGUISHER,FIRE",PAMALS,OS concluída,,,
2026-07-23,3040254815,C482001-0402,VACUUM REGULAT,PAMALS,REC,CONDENADO,VEE ONE,386.0
2026-07-23,3040254816,C482001-0402,VACUUM REGULAT,PAMALS,REC,CONDENADO,VEE ONE,386.0
2026-07-23,3040254817,2641011-5,AXLE-MAIN GEAR,BABE,OS concluída,NO ESTADO,,
2026-07-23,3040254818,2641011-5,AXLE-MAIN GEAR,BABE,OS concluída,,,
2026-07-23,3040254819,2641011-5,AXLE-MAIN GEAR,BANT,OS concluída,REPARADO,,
2026-07-23,3040254820,2641011-5,AXLE-MAIN GEAR,BAMN,OS concluída,REPARADO,,
2026-07-23,3040255319,702801-5,FUEL PUMP,PAMASP,REC,EM REPARO,VEE ONE,377.0
2026-07-23,3040255321,8210-002,"GOVERNOR,CONSTANT SPEED DRIVE",PAMALS,OS concluída,,,
2026-07-23,3040255326,011-00916-00,DISPLAY UNIT GDU 1040A,BAMN,REC,,BAMN,377.0
2026-07-23,3040255461,DAAS-A-010-1,ADAS-D PROCESSOR,PAMALS,REC,EM REPARO,VEE ONE,373.0
2026-07-23,3040255589,071-01519-0101,"RECEIVER-EXCITER,RADAR",BANT,REC,,PROCURANDO,371.0
2026-07-23,3040255590,071-01519-0101,"RECEIVER-EXCITER,RADAR",PAMALS,OS concluída,REPARADO,,
2026-07-23,3040255706,C661064-0237,AIRSPEED INDICATOR,BAMN,OS concluída,,,
2026-07-23,3040256112,011-00883-20,RADAR GWX 68 WEATHER,BABE,REC,,BAMN,357.0
2026-07-23,3040256114,5934PAD-3,"ALTIMETER,PRESSURE",PAMALS,REC,EM REPARO,VEE ONE,357.0
2026-07-23,3040256115,5934PAD-3,"ALTIMETER,PRESSURE",PAMALS,OS concluída,REPARADO,,
2026-07-23,3040256118,011-00878-10,GSA-81 TORQUE SERVO,BAPV,REC,,BACO,357.0
2026-07-23,3040256119,011-00878-10,GSA-81 TORQUE SERVO,BAPV,REC,EM REPARO,LEAP,357.0
2026-07-23,3040256120,011-00916-10,"DISPLAY UNIT,FLIGHT INFORMATION",BAMN,OS concluída,,,
2026-07-23,3040256311,3121248-03,"VALVE ASSEMBLY,COMPRESSOR BLEED",PAMALS,OS concluída,,,
2026-07-23,3040256314,066-4010-12,RECEIVER VOR/LOC (KNS81),EEAR,REC,EM REPARO,LEAP,344.0
2026-07-23,3040256662,030-18200,MAIN WHEEL BRAKE,BASM,OS concluída,,,
2026-07-23,3040256665,161-11700,INNER WHEEL HALF ASSY,BABV,OS concluída,,,
2026-07-23,3040256666,161-11700,INNER WHEEL HALF ASSY,PAMALS,OS concluída,,,
2026-07-23,3040256667,161-11700,INNER WHEEL HALF ASSY,PAMALS,OS concluída,,,
2026-07-23,3040256668,161-11700,INNER WHEEL HALF ASSY,PAMALS,OS concluída,CONDENADO,,
2026-07-23,3040256669,161-11700,INNER WHEEL HALF ASSY,PAMALS,OS concluída,,,
2026-07-23,3040256670,161-11700,INNER WHEEL HALF ASSY,PAMALS,OS concluída,CONDENADO,,
2026-07-23,3040256671,161-11700,INNER WHEEL HALF ASSY,PAMALS,REC,REPARADO,VEE ONE,335.0
2026-07-23,3040256672,161-12800,WHEEL HALF ASSY-INNER,PAMALS,REC,REPARADO,VEE ONE,335.0
2026-07-23,3040256673,161-12800,WHEEL HALF ASSY-INNER,PAMALS,REC,CONDENADO,VEE ONE,332.0
2026-07-23,3040256675,161-12800,WHEEL HALF ASSY-INNER,BANT,OS concluída,REPARADO,,
2026-07-23,3040256694,162-11800,WHEEL HALF ASSY-OUTER,BANT,OS concluída,REPARADO,,
2026-07-23,3040256696,162-11800,WHEEL HALF ASSY-OUTER,PAMALS,REC,,PAMA-LS,335.0
2026-07-23,3040256698,030-18200,MAIN WHEEL BRAKE,PAMASP,REC,,PROCURANDO,335.0
2026-07-23,3040256702,C661064-0237,AIRSPEED INDICATOR,BABR,OS concluída,,,
2026-07-23,3040256703,C661064-0237,AIRSPEED INDICATOR,PAMALS,OS concluída,REPARADO,,
2026-07-23,3040256704,C661064-0237,AIRSPEED INDICATOR,PAMALS,OS concluída,,,
2026-07-23,3040256707,D210507,"GOVERNOR,OVERSPEED",PAMALS,OS concluída,,,
2026-07-23,3040256708,D210507,"GOVERNOR,OVERSPEED",PAMALS,REC,REPARADO,VEE ONE,335.0
2026-07-23,3040256709,3121248-03,"VALVE ASSEMBLY,COMPRESSOR BLEED",PAMASP,REC,,BANT,332.0
2026-07-23,3040256713,030-18200,MAIN WHEEL BRAKE,ALA 3,REC,,BAMN,335.0
2026-07-23,3040256787,011-00877-00,"GSA-80 SERVO ROL,YAW,SPEC",PAMALS,REC,EM REPARO,VEE ONE,335.0
2026-07-23,3040256792,011-00877-00,"GSA-80 SERVO ROL,YAW,SPEC",BAMN,REC,,PROCURANDO,335.0
2026-07-23,3040256828,011-00883-20,RADAR GWX 68 WEATHER,PAMALS,REC,CONDENADO,V1 PAMA-LS,335.0
2026-07-23,3040257093,065-00183-0501,AUTOPILOT COMPUTER KFC225,BABE,REC,,BANT,328.0
2026-07-23,3040257094,065-00183-0501,AUTOPILOT COMPUTER KFC225,BABE,REC,,BANT,328.0
2026-07-23,3040257095,011-01105-01,INTEGRATED AVIONICS UNIT GIA63W,BABE,REC,EM REPARO,VEE ONE,328.0
2026-07-23,3040257096,011-01105-01,INTEGRATED AVIONICS UNIT GIA63W,BABE,REC,,BAMN,328.0
2026-07-23,3040257436,30994-001,BATTERY-MARATHON TSP410 NICAD,PAMALS,OS concluída,CONDENADO,AMA - VEE ONE,
2026-07-23,3040257438,030-18200,MAIN WHEEL BRAKE,BAMN,REC,REPARADO,VEE ONE,309.0
2026-07-23,3040257439,030-18200,MAIN WHEEL BRAKE,BAMN,REC,,BAMN,309.0
2026-07-23,3040257440,030-18200,MAIN WHEEL BRAKE,BANT,REC,CONDENADO,VEE ONE,309.0
2026-07-23,3040257441,030-18200,MAIN WHEEL BRAKE,BAPV,REC,,BAMN,309.0
2026-07-23,3040257442,C163030-1001,MAIN W BRAKE A,BAMN,REC,REPARADO,VEE ONE,309.0
2026-07-23,3040257443,161-12800,WHEEL HALF ASSY-INNER,ALA 3,AUT,,NÃO TEVE MOVIMENTAÇÃO,316.0
2026-07-23,3040257444,162-10700,OUTER WHEEL HALF ASSY,PAMALS,OS concluída,CONDENADO,,
2026-07-23,3040257447,162-10700,OUTER WHEEL HALF ASSY,PAMALS,OS concluída,CONDENADO,,
2026-07-23,3040257450,3244809-4,"FUEL CONTROL,MAIN,TURBINE ENGINE",PAMASP,OS concluída,EM REPARO,LEAP,
2026-07-23,3040257451,3244809-7,"FUEL CONTROL,MAIN,TURBINE ENGINE",PAMASP,REC,,BANT,309.0
2026-07-23,3040257452,3244809-8,"FUEL CONTROL,MAIN,TURBINE ENGINE",BAPV,OS concluída,REPARADO,,
2026-07-23,3040257453,EA-5172-45-CES,"INDICATOR,AIRSPEED",ALA 7,REC,DEVOLVIDO NO ESTADO,WILLIAM,309.0
2026-07-23,3040257454,EA-5172-45-CES,"INDICATOR,AIRSPEED",BACG,OS concluída,,,
2026-07-23,3040258303,011-00877-00,"GSA-80 SERVO ROL,YAW,SPEC",DACTA II,REC,EM REPARO,VEE ONE,289.0
2026-07-23,3040258306,D210507,"GOVERNOR,OVERSPEED",PAMALS,REC,EM REPARO,LEAP,289.0
2026-07-23,3040258307,D210507,"GOVERNOR,OVERSPEED",ALA 5,OS concluída,,,
2026-07-23,3040258308,D210507,"GOVERNOR,OVERSPEED",BAMN,OS concluída,REPARADO,,
2026-07-23,3040258309,D210507,"GOVERNOR,OVERSPEED",BAMN,REC,EM REPARO,LEAP,289.0
2026-07-23,3040258310,D210507,"GOVERNOR,OVERSPEED",BACO,OS concluída,,,
2026-07-23,3040258419,011-00877-00,"GSA-80 SERVO ROL,YAW,SPEC",DACTA II,REC,EM REPARO,VEE ONE,287.0
2026-07-23,3040258420,011-00877-00,"GSA-80 SERVO ROL,YAW,SPEC",BACO,REC,EM REPARO,VEE ONE,287.0
2026-07-23,3040258421,011-00877-00,"GSA-80 SERVO ROL,YAW,SPEC",BABE,REC,,BACO,287.0
2026-07-23,3040258422,2601188-8,COMPRESSOR DRIVE ASSY R134A,PAMASP,REC,,PROCURANDO,287.0
2026-07-23,3040258764,069-01034-0102,"NAVIGATION SET,SATELLITE SIGNALS KLN-94",PAMALS,REC,,BANT,280.0
2026-07-23,3040259146,1U149-015-15,HORIZ. GYRO-STADBY,PAMALS,REC,EM REPARO,VEE ONE,258.0
2026-07-23,3040259147,162-10700,OUTER WHEEL HALF ASSY,BANT,REC,EM REPARO,AMA - VEE ONE,258.0
2026-07-23,3040259148,3049038-03,"VALVE,COMPRESSOR BLEED",BANT,OS concluída,,,
2026-07-23,3040259151,066-01141-5101,"TRANSPONDER,RADAR",BANT,REC,REPARADO,V1 PAMA-LS,261.0
2026-07-23,3040259152,066-01141-5101,"TRANSPONDER,RADAR",BABE,REC,,BANT,261.0
2026-07-23,3040259251,064-1019-05,VHF TRANSCEIVE KY196,EEAR,REC,,EEAR,259.0
2026-07-23,3040259316,2606015-4,INDICATOR-OIL TEMP/OIL PRESS,BACG,REC,REPARADO,V1 PAMA-LS,255.0
2026-07-23,3040259564,C414007-0102,BLOWER ASSY,PAMALS,OS concluída,,,
2026-07-23,3040259568,C414007-0102,BLOWER ASSY,ALA 10,OS concluída,,,
2026-07-23,3040259570,C414007-0102,BLOWER ASSY,ALA 10,OS concluída,,,
2026-07-23,3040259694,025323-150,FUEL PUMP,PAMASP,REC,,BACO,247.0
2026-07-23,3040259918,C414007-0102,BLOWER ASSY,ALA 10,REC,EM REPARO,VEE ONE,240.0
2026-07-23,3040259922,C414007-0102,BLOWER ASSY,BANT,REC,REPARADO,V1 PAMA-LS,240.0
2026-07-23,3040259924,C414007-0102,BLOWER ASSY,BACG,REC,EM REPARO,VEE ONE,240.0
2026-07-23,3040259928,C414007-0102,BLOWER ASSY,PAMALS,REC,EM REPARO,VEE ONE,240.0
2026-07-23,3040259944,066-3046-07,"CONTROL,INDICATOR",EEAR,REC,,PAMA-LS,240.0
2026-07-23,3040259946,066-3046-07,"CONTROL,INDICATOR",BANT,REC,,BANT,240.0
2026-07-23,3040259947,066-3046-07,"CONTROL,INDICATOR",EEAR,OS concluída,REPARADO,,
2026-07-23,3040259949,065-0060-01,"CONTROL,SERVO,AUTOMATIC PILOT",PAMALS,REC,EM REPARO,LEAP,240.0
2026-07-23,3040259950,065-0060-01,"CONTROL,SERVO,AUTOMATIC PILOT",PAMALS,REC,EM REPARO,LEAP,240.0
2026-07-23,3040260204,324843-W020,HEADSET-MICROPHONE,PAMALS,OS concluída,REPARADO,,
2026-07-23,3040260205,324843-W020,HEADSET-MICROPHONE,PAMALS,OS concluída,REPARADO,,
2026-07-23,3040260208,324843-W020,HEADSET-MICROPHONE,PAMALS,REC,VAI SER DEVOLVIDO SEM REPARO,WILLIAM,226.0
2026-07-23,3040260209,011-00916-00,DISPLAY UNIT GDU 1040A,PAMALS,REC,,BAMN,226.0
2026-07-23,3040260382,065-00183-0501,AUTOPILOT COMPUTER KFC225,BANT,REC,,BANT,219.0
2026-07-23,3040260388,SD5H14C4527,AIR COMPRESSOR,PAMALS,REC,EM REPARO,VEE ONE,219.0
2026-07-23,3040260389,SD5H14C4527,AIR COMPRESSOR,PAMALS,REC,EM REPARO,VEE ONE,219.0
2026-07-23,3040260516,ASG12000-2,ALTERNATOR,PAMALS,REC,REPARADO,V1 PAMA-LS,216.0
2026-07-23,3040260517,ASG12000-2,ALTERNATOR,PAMALS,OS concluída,,,
2026-07-23,3040260522,9910592-2,ALTERNADOR,BAMN,REC,REPARADO,V1 PAMA-LS,216.0
2026-07-23,3040260523,9910592-2,ALTERNADOR,BAMN,REC,REPARADO,V1 PAMA-LS,216.0
2026-07-23,3040260524,51539-012M,CONTROL UNIT ASSY-GENERATOR,BANT,REC,,BACG,216.0
2026-07-23,3040260538,324843-W020,HEADSET-MICROPHONE,PAMALS,REC,,BABE,198.0
2026-07-23,3040260539,324843-W020,HEADSET-MICROPHONE,PAMALS,REC,,BABE,198.0
2026-07-23,3040260540,324843-W020,HEADSET-MICROPHONE,PAMALS,OS concluída,REPARADO,,
2026-07-23,3040260541,324843-W020,HEADSET-MICROPHONE,PAMALS,OS concluída,REPARADO,,
2026-07-23,3040260542,324843-W020,HEADSET-MICROPHONE,PAMALS,REC,,BABE,198.0
2026-07-23,3040260543,324843-W020,HEADSET-MICROPHONE,PAMALS,REC,VAI SER DEVOLVIDO SEM REPARO,WILLIAM,198.0
2026-07-23,3040260544,161-11700,INNER WHEEL HALF ASSY,BANT,REC,REPARADO,VEE ONE,198.0
2026-07-23,3040260545,161-11700,INNER WHEEL HALF ASSY,BACG,REC,REPARADO,VEE ONE,198.0
2026-07-23,3040260546,161-12800,WHEEL HALF ASSY-INNER,PAMALS,REC,REPARADO,VEE ONE,198.0
2026-07-23,3040260547,161-12800,WHEEL HALF ASSY-INNER,EPCAR,OS concluída,REPARADO,VEE ONE,
2026-07-23,3040260548,161-11700,INNER WHEEL HALF ASSY,CLA,REC,REPARADO,VEE ONE,198.0
2026-07-23,3040260549,162-10700,OUTER WHEEL HALF ASSY,BACG,REC,REPARADO,VEE ONE,198.0
2026-07-23,3040260550,162-10700,OUTER WHEEL HALF ASSY,CLA,REC,REPARADO,VEE ONE,198.0
2026-07-23,3040260551,162-11800,WHEEL HALF ASSY-OUTER,BANT,REC,REPARADO,VEE ONE,198.0
2026-07-23,3040260552,30994-001,BATTERY-MARATHON TSP410 NICAD,BABE,OS concluída,CONDENADO,AMA - VEE ONE,
2026-07-23,3040260583,3244897-4,FUEL CONTROL UNIT,PAMALS,OS concluída,,,
2026-07-23,3040260595,9910586-4,FLAP ACTUATOR AND MOTOR ASSEMBLY,7 ETA,REC,,BAMN,198.0
2026-07-23,3040260597,9910586-4,FLAP ACTUATOR AND MOTOR ASSEMBLY,BAPV,REC,REPARADO,VEE ONE,198.0
2026-07-23,3040260750,3122678-04,FUEL CONTROL UNIT,PAMASP,REC,,BANT,190.0
2026-07-23,3040260752,3244897-4,FUEL CONTROL UNIT,PAMASP,OS concluída,REPARADO,,
2026-07-23,3040260753,3244809-7,"FUEL CONTROL,MAIN,TURBINE ENGINE",PAMASP,OS concluída,REPARADO,,
2026-07-23,3040260754,3244809-1,"FUEL CONTROL,MAIN,TURBINE ENGINE",PAMASP,REC,EM QUARENTENA,LEAP,190.0
2026-07-23,3040260811,3034792,BOMBA DE COMBUSTÍVEL,BAPV,REC,,BABR,176.0
2026-07-23,3040260812,3034792,BOMBA DE COMBUSTÍVEL,BACG,OS concluída,,,
2026-07-23,3040260913,064-1054-30,RECEIVER-TRANSMITTER SUBASSEMBLY,EPCAR,REC,REPARADO,V1 PAMA-LS,178.0
2026-07-23,3040260915,064-1054-30,RECEIVER-TRANSMITTER SUBASSEMBLY,PAMALS,REC,REPARADO,V1 PAMA-LS,178.0
2026-07-23,3040260922,162-11800,WHEEL HALF ASSY-OUTER,PAMALS,OS concluída,,,
2026-07-23,3040260923,030-18200,MAIN WHEEL BRAKE,BACO,REC,REPARADO,VEE ONE,176.0
2026-07-23,3040261322,011-00831-00,"ENGINE INTERFA,SPEC",BAPV,REC,REPARADO,VEE ONE,163.0
2026-07-23,3040261324,011-00882-10,"COMPUTER,AIR DATA",BAMN,OS concluída,,,
2026-07-23,3040261326,011-00882-10,"COMPUTER,AIR DATA",BAMN,OS concluída,,,
2026-07-23,3040261327,064-1054-30,RECEIVER-TRANSMITTER SUBASSEMBLY,PAMASP,REC,REPARADO,V1 PAMA-LS,163.0
2026-07-23,3040261329,065-0061-36,ACTUATOR TRIM (KS272A),ALA 10,OS concluída,REPARADO,,
2026-07-23,3040261331,065-0061-36,ACTUATOR TRIM (KS272A),PAMASP,REC,,BABR,163.0
2026-07-23,3040261334,065-0065-01,SELECTOR ALT,BANT,REC,EM REPARO,WILLIAM,163.0
2026-07-23,3040261335,065-0065-01,SELECTOR ALT,BANT,REC,EM REPARO,WILLIAM,163.0
2026-07-23,3040261336,066-01141-0101,"RECEIVER,RADIO",BANT,REC,REPARADO,V1 PAMA-LS,163.0
2026-07-23,3040261340,066-1053-00,"RECEIVER,RADIO",BASM,REC,REPARADO,V1 PAMA-LS,163.0
2026-07-23,3040261342,066-3084-02,COLOR RADAR INDICATOR,BABV,REC,EM REPARO,WILLIAM,163.0
2026-07-23,3040261344,066-4010-12,RECEIVER VOR/LOC (KNS81),ALA 10,REC,EM REPARO,WILLIAM,163.0
2026-07-23,3040261347,071-1234-00,ANTENNA ACCESSORY,ALA 1,REC,EM REPARO,WILLIAM,163.0
2026-07-23,3040261352,1134380-4,EVAPORATOR MODULE ASSY-RH,BAMN,REC,CONDENADO,VEE ONE,163.0
2026-07-23,3040261353,1H75-21,PRESSURE REGULATOR,BAMN,REC,,BAMN,163.0
2026-07-23,3040261354,2643100-201,NOSE GEAR STRUT ASSY - TALL FORK,BANT,REC,EM REPARO,AV AERONAUTICA,163.0
2026-07-23,3040261355,2643100-201,NOSE GEAR STRUT ASSY - TALL FORK,BABR,OS concluída,REPARADO,,
2026-07-23,3040261356,2670104-2,ANNUNCIATOR PANEL,PAMALS,REC,REPARADO,VEE ONE,163.0
2026-07-23,3040261357,2682001-1,BRAKE CYL MAST,BABE,OS concluída,REPARADO,,
2026-07-23,3040261364,8210-002-01,GOVERNOR PROPELLER,PAMASP,REC,REPARADO,VEE ONE,163.0
2026-07-23,3040261371,TFF2905-13,FUEL FLOW TRANSDUCER,ALA 8,REC,EM REPARO,WILLIAM,163.0
2026-07-23,3040261373,C661065-0240,AIRSPEED INDICATOR,BABE,REC,REPARADO,V1 PAMA-LS,163.0
2026-07-23,3040261375,C661065-0240RX,"INDICATOR, AIRSPEED",BACG,REC,EM REPARO,WILLIAM,163.0
2026-07-23,3040261376,066-1061-03,RT RADAR ALTIM (KRA10A),PAMALS,REC,PARA REPARO,VEE ONE,163.0
2026-07-23,3040261377,066-3054-01,INDICATOR RADAR ALTIMETER - TYPE KI250,PAMALS,REC,EM REPARO,WILLIAM,163.0
2026-07-23,3040261387,3034792,BOMBA DE COMBUSTÍVEL,BABR,OS concluída,REPARADO,,
2026-07-23,3040261388,3034792,BOMBA DE COMBUSTÍVEL,BABR,OS concluída,REPARADO,,
2026-07-23,3040261389,3034792,BOMBA DE COMBUSTÍVEL,PAMASP,REC,REPARADO,V1 PAMA-LS,163.0
2026-07-23,3040261627,S3828-1,ALTIMETER,BAMN,REC,EM REPARO,WILLIAM,149.0
2026-07-23,3040261628,S3828-1,ALTIMETER,BABE,REC,REPARADO,V1 PAMA-LS,149.0
2026-07-23,3040261843,3034792,BOMBA DE COMBUSTÍVEL,PAMALS,REC,EM REPARO,VEE ONE,136.0
2026-07-23,3040261851,51539-012MRX,CONTROL UNIT ASSY-GENERATOR,BABE,REC,EM REPARO,VEE ONE,141.0
2026-07-23,3040261852,51539-012MRX,CONTROL UNIT ASSY-GENERATOR,BABE,REC,EM REPARO,VEE ONE,141.0
2026-07-23,3040262245,200SGL119Q-2,STARTER GENERATOR,BAMN,OS concluída,REPARADO,,
2026-07-23,3040262246,200SGL119Q-2,STARTER GENERATOR,BAMN,OS concluída,REPARADO,,
2026-07-23,3040262273,324843-W020,HEADSET-MICROPHONE,BABE,OS concluída,REPARADO,,
2026-07-23,3040262275,324843-W020,HEADSET-MICROPHONE,BANT,OS concluída,REPARADO,,
2026-07-23,3040262363,066-1055-00,AUDIO CONTROL PANEL,ALA 5,OS concluída,,,
2026-07-23,3040262367,066-1055-00,AUDIO CONTROL PANEL,ALA 9,REC,EM REPARO,WILLIAM,119.0
2026-07-23,3040262368,066-1055-00,AUDIO CONTROL PANEL,CLA,OS concluída,,,
2026-07-23,3040262371,51539-012N,CONTROL UNIT ASSY-GENERATOR,BANT,REC,REPARADO,V1 PAMA-LS,119.0
2026-07-23,3040262372,51539-012M,CONTROL UNIT ASSY-GENERATOR,BANT,REC,,V1 PAMA-LS,119.0
2026-07-23,3040262419,065-0061-36,ACTUATOR TRIM (KS272A),ALA 9,REC,EM REPARO,WILLIAM,114.0
2026-07-23,3040262630,161-11700,INNER WHEEL HALF ASSY,BANT,REC,REPARADO,VEE ONE,101.0
2026-07-23,3040262632,161-12800,WHEEL HALF ASSY-INNER,BANT,OS concluída,REPARADO,VEE ONE,
2026-07-23,3040262633,161-12800,WHEEL HALF ASSY-INNER,BANT,REC,REPARADO,VEE ONE,101.0
2026-07-23,3040262634,162-10700,OUTER WHEEL HALF ASSY,BANT,REC,REPARADO,VEE ONE,101.0
2026-07-23,3040262635,162-11800,WHEEL HALF ASSY-OUTER,EPCAR,REC,REPARADO,VEE ONE,101.0
2026-07-23,3040262636,162-11800,WHEEL HALF ASSY-OUTER,BANT,REC,REPARADO,VEE ONE,101.0
2026-07-23,3040262637,162-11800,WHEEL HALF ASSY-OUTER,BANT,REC,REPARADO,VEE ONE,101.0
2026-07-23,3040262638,200SGL119Q,STARTER GENERATOR,PAMALS,REC,EM REPARO,AV AERONAUTICA,101.0
2026-07-23,3040262639,200SGL119Q,STARTER GENERATOR,PAMASP,OS concluída,,PAMA-LS,
2026-07-23,3040262646,200SGL119Q,STARTER GENERATOR,PAMASP,OS concluída,,,
2026-07-23,3040262706,2641011-5,AXLE-MAIN GEAR,BAMN,REC,,BANT,101.0
2026-07-23,3040262707,2641011-5,AXLE-MAIN GEAR,BABV,REC,REPARADO,VEE ONE,101.0
2026-07-23,3040262708,2641011-5,AXLE-MAIN GEAR,PAMALS,REC,,BANT,101.0
2026-07-23,3040262709,2641011-5,AXLE-MAIN GEAR,PAMALS,REC,,BANT,101.0
2026-07-23,3040262711,2641011-5,AXLE-MAIN GEAR,BABR,REC,,BANT,101.0
2026-07-23,3040262712,2641011-5,AXLE-MAIN GEAR,BABR,REC,,BANT,101.0
2026-07-23,3040262713,2641011-5,AXLE-MAIN GEAR,BAPV,REC,REPARADO,VEE ONE,101.0
2026-07-23,3040262714,2641011-5,AXLE-MAIN GEAR,BAPV,REC,,BANT,101.0
2026-07-23,3040262717,2641011-5,AXLE-MAIN GEAR,BANT,REC,REPARADO,VEE ONE,101.0
2026-07-23,3040262734,C352,PORTABLE HALON FIRE EXTINGUISHERS,ALA 5,REC,EM REPARO,AV AERONAUTICA,101.0
2026-07-23,3040262738,C352TS,"EXTINGUISHER,FIRE",BANT,REC,,PROCURANDO,101.0
2026-07-23,3040262739,C352TS,"EXTINGUISHER,FIRE",BANT,REC,,PROCURANDO,101.0
2026-07-23,3040262740,C352TS,"EXTINGUISHER,FIRE",PAMALS,REC,,PROCURANDO,101.0
2026-07-23,3040262744,3244809-1A,F.C.U,PAMALS,REC,EM REPARO,LEAP,101.0
2026-07-23,3040262745,064-1019-05,VHF TRANSCEIVE KY196,EEAR,REC,EM REPARO,VEE ONE,101.0
2026-07-23,3040262746,066-1070-01,TRANSCEIVER DME (KN63),BABE,REC,EM REPARO,WILLIAM,101.0
2026-07-23,3040262747,066-1072-00,RECEIVER ADF (KING KR87),ALA 7,REC,EM REPARO,WILLIAM,101.0
2026-07-23,3040262748,066-3046-07,"CONTROL,INDICATOR",BABR,REC,,BANT,101.0
2026-07-23,3040262757,2606015-2,IND OIL TEMP/P,PAMALS,REC,EM REPARO,VEE ONE,101.0
2026-07-23,3040262758,9910338-4,FUEL TOTALIZER INDICATOR,PAMALS,REC,EM REPARO,VEE ONE,101.0
2026-07-23,3040262759,9910338-6,"TRANSMITTER,RATE OF FLOW",BAMN,REC,EM REPARO,WILLIAM,101.0
2026-07-23,3040262760,9910338-6,"TRANSMITTER,RATE OF FLOW",BANT,REC,EM REPARO,VEE ONE,101.0
2026-07-23,3040262765,011-00883-20,RADAR GWX 68 WEATHER,BAMN,REC,EM REPARO,VEE ONE,101.0
2026-07-23,3040262766,011-00883-20,RADAR GWX 68 WEATHER,BAMN,OS concluída,EM REPARO,VEE ONE,
2026-07-23,3040262767,066-3046-07,"CONTROL,INDICATOR",EEAR,REC,EM REPARO,LEAP,101.0
2026-07-23,3040262768,066-3046-07,"CONTROL,INDICATOR",EEAR,REC,EM REPARO,LEAP,101.0
2026-07-23,3040262769,066-3046-07,"CONTROL,INDICATOR",BABR,REC,,BANT,101.0
2026-07-23,3040262770,011-01020-10,AFCS MODE CONTROLLER GMC 710,BAMN,REC,EM REPARO,WILLIAM,101.0
2026-07-23,3040262772,011-01020-10,AFCS MODE CONTROLLER GMC 710,BAMN,REC,EM REPARO,WILLIAM,101.0
2026-07-23,3040262773,011-01020-10,AFCS MODE CONTROLLER GMC 710,BAMN,REC,EM REPARO,WILLIAM,101.0
2026-07-23,3040262791,066-3060-00,IND RMI KNI582,BANT,REC,EM REPARO,LEAP,101.0
2026-07-23,3040262792,066-3060-00,IND RMI KNI582,BANT,REC,EM REPARO,LEAP,101.0
2026-07-23,3040262966,2682001-1,BRAKE CYL MAST,BACO,OS concluída,,PAMA-LS,
2026-07-23,3040262967,2682001-1,BRAKE CYL MAST,PAMALS,REC,REPARADO,V1 PAMA-LS,99.0
2026-07-23,3040262968,2682001-1,BRAKE CYL MAST,BANT,OS concluída,,PAMA-LS,
2026-07-23,3040262969,2682001-1,BRAKE CYL MAST,BABE,REC,REPARADO,V1 PAMA-LS,99.0
2026-07-23,3040263069,453-5060,ELT C406-N,BABE,OS concluída,,,
2026-07-23,3040263283,D145-00-46-2,FLAP ACTUATOR ASSY,PAMALS,REC,EM REPARO,LEAP,84.0
2026-07-23,3040263284,D145-00-46-2,FLAP ACTUATOR ASSY,BAFL,REC,EM REPARO,LEAP,84.0
2026-07-23,3040263286,C661065-0237,AIRSPEED INDICATOR,BANT,REC,DEVOLVIDO NO ESTADO,WILLIAM,84.0
2026-07-23,3040263287,C661065-0237,AIRSPEED INDICATOR,BABR,REC,REPARADO,VEE ONE,84.0
2026-07-23,3040263288,C661065-0237,AIRSPEED INDICATOR,PAMASP,REC,REPARADO,VEE ONE,84.0
2026-07-23,3040263314,060-0017-00,FLIGHT DIR HOR,EEAR,REC,EM REPARO,LEAP,84.0
2026-07-23,3040263315,060-0017-00,FLIGHT DIR HOR,BACG,OS concluída,,BABR,
2026-07-23,3040263316,060-0017-00,FLIGHT DIR HOR,BANT,REC,,BANT,84.0
2026-07-23,3040263317,060-0017-00,FLIGHT DIR HOR,PAMASP,REC,,BANT,84.0
2026-07-23,3040263319,066-1055-00,AUDIO CONTROL PANEL,BABE,REC,REPARADO,VEE ONE,84.0
2026-07-23,3040263320,066-1055-00,AUDIO CONTROL PANEL,PAMALS,REC,EM REPARO,AV AERONAUTICA,84.0
2026-07-23,3040263322,066-1055-00,AUDIO CONTROL PANEL,ALA 9,REC,EM REPARO,WILLIAM,84.0
2026-07-23,3040263324,069-01033-0101,"RECEIVER-TRANSMITTER,RADIO",PAMALS,REC,EM REPARO,LEAP,84.0
2026-07-23,3040263325,069-01033-0101,"RECEIVER-TRANSMITTER,RADIO",PAMALS,REC,,PROCURANDO,84.0
2026-07-23,3040263326,069-01033-0101,"RECEIVER-TRANSMITTER,RADIO",PAMALS,REC,,BANT,84.0
2026-07-23,3040263327,C661064-0237,AIRSPEED INDICATOR,BABR,REC,EM REPARO,WILLIAM,84.0
2026-07-23,3040263328,C661064-0237,AIRSPEED INDICATOR,BABR,REC,EM REPARO,WILLIAM,84.0
2026-07-23,3040263329,C661064-0237,AIRSPEED INDICATOR,PAMALS,REC,EM REPARO,WILLIAM,84.0
2026-07-23,3040263330,C661064-0237,AIRSPEED INDICATOR,PAMALS,REC,EM REPARO,WILLIAM,84.0
2026-07-23,3040263331,C661064-0237,AIRSPEED INDICATOR,PAMALS,REC,VAI SER DEVOLVIDO SEM REPARO,WILLIAM,84.0
2026-07-23,3040263332,011-00916-10,"DISPLAY UNIT,FLIGHT INFORMATION",BAMN,REC,EM REPARO,WILLIAM,84.0
2026-07-23,3040263333,011-00916-10,"DISPLAY UNIT,FLIGHT INFORMATION",BACO,REC,EM REPARO,WILLIAM,84.0
2026-07-23,3040263334,011-00916-10,"DISPLAY UNIT,FLIGHT INFORMATION",BACO,REC,VAI SER DEVOLVIDO SEM REPARO,WILLIAM,84.0
2026-07-23,3040263335,C611008-0101,ALTERNATOR CONTROL UNIT,PAMALS,REC,EM REPARO,AV AERONAUTICA,84.0
2026-07-23,3040263336,C611008-0101,ALTERNATOR CONTROL UNIT,PAMALS,REC,EM REPARO,AV AERONAUTICA,84.0
2026-07-23,3040263338,C611008-0101,ALTERNATOR CONTROL UNIT,PAMALS,REC,REPARADO,V1 PAMA-LS,84.0
2026-07-23,3040263415,069-01033-0101,"RECEIVER-TRANSMITTER,RADIO",BABR,REC,,BANT,78.0
2026-07-23,3040263416,069-01033-0101,"RECEIVER-TRANSMITTER,RADIO",BASM,REC,EM REPARO,WILLIAM,78.0
2026-07-23,3040263417,069-01033-0101,"RECEIVER-TRANSMITTER,RADIO",PAMALS,REC,EM REPARO,WILLIAM,78.0
2026-07-23,3040263433,066-03064-0005,"ALTIMETER,SERVO CONTROLLED,AUTOMATIC PRESSURE",BACG,REC,EM REPARO,WILLIAM,78.0
2026-07-23,3040263434,066-03064-0005,"ALTIMETER,SERVO CONTROLLED,AUTOMATIC PRESSURE",PAMASP,REC,VAI SER DEVOLVIDO SEM REPARO,WILLIAM,78.0
2026-07-23,3040263435,066-03064-0005,"ALTIMETER,SERVO CONTROLLED,AUTOMATIC PRESSURE",BANT,REC,EM REPARO,WILLIAM,78.0
2026-07-23,3040263443,3244897-4,FUEL CONTROL UNIT,PAMALS,REC,EM REPARO,LEAP,77.0
2026-07-23,3040263444,3244897-4,FUEL CONTROL UNIT,PAMALS,REC,EM REPARO,LEAP,77.0
2026-07-23,3040263447,066-3046-07,"CONTROL,INDICATOR",CLA,REC,,BABR,78.0
2026-07-23,3040263448,2618510-10,ALTERNATOR CONTROL UNIT ASSY,BABE,REC,EM REPARO,WILLIAM,72.0
2026-07-23,3040263449,2618510-10,ALTERNATOR CONTROL UNIT ASSY,PAMALS,REC,EM REPARO,WILLIAM,72.0
2026-07-23,3040263571,066-3084-32,IND RDR 2000 IN-182A,PAMALS,REC,EM REPARO,WILLIAM,72.0
2026-07-23,3040263572,066-3084-32,IND RDR 2000 IN-182A,PAMALS,REC,EM REPARO,WILLIAM,72.0
2026-07-23,3040263573,066-3084-32,IND RDR 2000 IN-182A,PAMALS,REC,,BABR,72.0
2026-07-23,3040263574,066-1072-04,"RECEIVER,RADIO",BABE,REC,EM REPARO,WILLIAM,72.0
2026-07-23,3040263575,066-1072-04,"RECEIVER,RADIO",BABE,REC,EM REPARO,WILLIAM,72.0
2026-07-23,3040263576,066-1072-04,"RECEIVER,RADIO",BAMN,OS concluída,DEVOLVIDO NO ESTADO,WILLIAM,
2026-07-23,3040263577,060-0015-00,"CONTROL,DIRECTIONAL,AUTOMATIC PILOT",ALA 5,REC,EM REPARO,WILLIAM,72.0
2026-07-23,3040263795,071-01519-0101,"RECEIVER-EXCITER,RADAR",PAMALS,REC,,PROCURANDO,55.0
2026-07-23,3040263796,071-01519-0101,"RECEIVER-EXCITER,RADAR",PAMALS,REC,,PROCURANDO,55.0
2026-07-23,3040263797,066-3046-07,"CONTROL,INDICATOR",BABE,REC,EM REPARO,WILLIAM,55.0
2026-07-23,3040263798,066-3046-07,"CONTROL,INDICATOR",PAMASP,REC,EM REPARO,WILLIAM,55.0
2026-07-23,3040263799,066-3046-07,"CONTROL,INDICATOR",PAMASP,REC,EM REPARO,WILLIAM,55.0
2026-07-23,3040263877,2641011-5,AXLE-MAIN GEAR,CLA,REC,EM REPARO,LEAP,62.0
2026-07-23,3040263878,2641011-5,AXLE-MAIN GEAR,CLA,REC,EM REPARO,LEAP,62.0
2026-07-23,3040264121,3244897-4,FUEL CONTROL UNIT,BABE,OS concluída,EM REPARO,LEAP,
2026-07-23,3040264122,3244809-8,"FUEL CONTROL,MAIN,TURBINE ENGINE",BABE,OS concluída,,BABR,
2026-07-23,3040264236,200SGL119Q-2,STARTER GENERATOR,BABE,REC,,BABE,55.0
2026-07-23,3040264237,200SGL119Q-2,STARTER GENERATOR,BAMN,REC,EM REPARO,AV AERONAUTICA,55.0
2026-07-23,3040264238,324843-2020,HEADSET-MICROPHONE,DACTA II,REC,EM REPARO,WILLIAM,55.0
2026-07-23,3040264240,324843-2020,HEADSET-MICROPHONE,DACTA II,REC,EM REPARO,WILLIAM,55.0
2026-07-23,3040264241,324843-2020,HEADSET-MICROPHONE,DACTA II,REC,EM REPARO,WILLIAM,55.0
2026-07-23,3040264242,324843-2020,HEADSET-MICROPHONE,BABE,REC,EM REPARO,WILLIAM,55.0
2026-07-23,3040264243,069-01033-0101,"RECEIVER-TRANSMITTER,RADIO",PAMALS,REC,EM REPARO,WILLIAM,55.0
2026-07-23,3040264244,069-01033-0101,"RECEIVER-TRANSMITTER,RADIO",PAMASP,REC,EM REPARO,WILLIAM,55.0
2026-07-23,3040264246,060-0017-00,FLIGHT DIR HOR,PAMALS,REC,EM REPARO,WILLIAM,55.0
2026-07-23,3040264262,9910338-8,"INDICATOR,FUEL FLOW",BABV,REC,EM REPARO,WILLIAM,55.0
2026-07-23,3040264263,9910338-8,"INDICATOR,FUEL FLOW",PAMALS,OS concluída,,BABR,
2026-07-23,3040264264,324843-2020,HEADSET-MICROPHONE,DACTA II,REC,EM REPARO,WILLIAM,55.0
2026-07-23,3040264572,060-0017-00,FLIGHT DIR HOR,PAMASP,REC,,,43.0
2026-07-23,3040264573,060-0017-00,FLIGHT DIR HOR,BANT,REC,,,43.0
2026-07-23,3040264574,060-0017-00,FLIGHT DIR HOR,BANT,REC,,,43.0
2026-07-23,3040264576,060-0017-00,FLIGHT DIR HOR,PAMALS,REC,,,43.0
2026-07-23,3040264577,060-0017-00,FLIGHT DIR HOR,PAMALS,REC,,,43.0
2026-07-23,3040264579,060-0017-00,FLIGHT DIR HOR,BABR,OS concluída,,,
2026-07-23,3040264643,1H75-21,PRESSURE REGULATOR,PAMASP,REC,,,38.0
2026-07-23,3040264645,1H75-21,PRESSURE REGULATOR,PAMASP,REC,,,38.0
2026-07-23,3040264646,1H75-21,PRESSURE REGULATOR,PAMASP,REC,,,38.0
2026-07-23,3040264647,1H75-21,PRESSURE REGULATOR,BAMN,REC,,,38.0
2026-07-23,3040264707,3244809-7,"FUEL CONTROL,MAIN,TURBINE ENGINE",BABE,REC,,,38.0
2026-07-23,3040264709,540-1407-4,"VALVE,BLEED,TURBINEENGINE",PAMASP,REC,,,38.0
2026-07-23,3040264710,200SGL153Q,"STARTER-GENERATOR,ENGINE,AIRCRAFT",CLA,REC,,,38.0
2026-07-23,3040264711,200SGL153Q,"STARTER-GENERATOR,ENGINE,AIRCRAFT",PAMASP,REC,,,38.0
2026-07-23,3040264712,200SGL153Q,"STARTER-GENERATOR,ENGINE,AIRCRAFT",BACG,REC,,,38.0
2026-07-23,3040264718,9910338-8,"INDICATOR,FUEL FLOW",PAMALS,REC,,,38.0
2026-07-23,3040264719,S3326-2,"INDICATOR,HORIZONTAL SITUATION",ALA 8,REC,,,38.0
2026-07-23,3040264720,S3326-2,"INDICATOR,HORIZONTAL SITUATION",PAMALS,REC,,,38.0
2026-07-23,3040264721,S3326-2,"INDICATOR,HORIZONTAL SITUATION",PAMASP,REC,,,38.0
2026-07-23,3040264724,2606013-1AM,INDICADOR PERCENTUAL RPM,BABV,REC,,,38.0
2026-07-23,3040264725,2606013-1AM,INDICADOR PERCENTUAL RPM,BABR,REC,,,38.0
2026-07-23,3040264726,2606015-4,INDICATOR-OIL TEMP/OIL PRESS,BANT,REC,,,38.0
2026-07-23,3040264727,C661051-0201,GYRO HORIZON,ALA 10,REC,,,38.0
2026-07-23,3040264728,504-0111-906,GYRO HORIZON,PAMALS,REC,,,38.0
2026-07-23,3040264729,504-0111-906,GYRO HORIZON,BACG,REC,,,38.0
2026-07-23,3040264730,8210-003,"GOVERNOR,FUEL CONTROL",PAMASP,REC,,,38.0
2026-07-23,3040264731,8210-002,"GOVERNOR,CONSTANT SPEED DRIVE",PAMASP,REC,,,38.0
2026-07-23,3040264732,8210-002,"GOVERNOR,CONSTANT SPEED DRIVE",BAMN,REC,,,38.0
2026-07-23,3040264733,030-18200,MAIN WHEEL BRAKE,BAMN,REC,,,38.0
2026-07-23,3040264734,030-18200,MAIN WHEEL BRAKE,BAMN,REC,,,38.0
2026-07-23,3040264735,161-11700,INNER WHEEL HALF ASSY,PAMALS,REC,,,38.0
2026-07-23,3040264736,161-12800,WHEEL HALF ASSY-INNER,BABR,REC,,,38.0
2026-07-23,3040264737,161-12800,WHEEL HALF ASSY-INNER,PAMALS,AUT,,,38.0
2026-07-23,3040264738,162-10700,OUTER WHEEL HALF ASSY,BACO,AUT,,,38.0
2026-07-23,3040264807,011-01105-01,INTEGRATED AVIONICS UNIT GIA63W,ALA 8,REC,,,30.0
2026-07-23,3040264808,011-01105-01,INTEGRATED AVIONICS UNIT GIA63W,BAMN,REC,,,30.0
2026-07-23,3040264907,011-00916-10,"DISPLAY UNIT,FLIGHT INFORMATION",BAMN,REC,,,23.0
2026-07-23,3040264908,011-00916-10,"DISPLAY UNIT,FLIGHT INFORMATION",BABV,REC,,,23.0
2026-07-23,3040264960,3034792,BOMBA DE COMBUSTÍVEL,CLA,REC,,,21.0
2026-07-23,3040264961,3244897-4,FUEL CONTROL UNIT,CLA,REC,,,21.0
2026-07-23,3040264974,3244809-8,"FUEL CONTROL,MAIN,TURBINE ENGINE",BAMN,REC,,,21.0
2026-07-23,3040265140,011-01020-10,AFCS MODE CONTROLLER GMC 710,BABE,REC,,,15.0
2026-07-23,3040265144,011-01020-10,AFCS MODE CONTROLLER GMC 710,BABE,REC,,,15.0
2026-07-24,3040249831,066-01141-5101,"RECEIVER-TRANSMITTER,RADIO (KT71)",PAMALS,REC,EM REPARO,LEAP,529.0
2026-07-24,3040249831,066-01141-5101,"RECEIVER-TRANSMITTER,RADIO (KT71)",PAMALS,REC,EM REPARO,LEAP,528.0
2026-07-24,3040250234,3034792,BOMBA DE COMBUSTÍVEL,PAMALS,REC,,BANT,513.0
2026-07-24,3040250234,3034792,BOMBA DE COMBUSTÍVEL,PAMALS,REC,,BANT,512.0
2026-07-24,3040250248,452-0133,"BATTERY,NONRECHARGEABLE",BABR,REC,CONDENADO,VEE ONE,513.0
2026-07-24,3040250248,452-0133,"BATTERY,NONRECHARGEABLE",BABR,REC,CONDENADO,VEE ONE,512.0
2026-07-24,3040250249,452-0133,"BATTERY,NONRECHARGEABLE",BAMN,REC,CONDENADO,VEE ONE,513.0
2026-07-24,3040250249,452-0133,"BATTERY,NONRECHARGEABLE",BAMN,REC,CONDENADO,VEE ONE,512.0
2026-07-24,3040250716,030-18200,MAIN WHEEL BRAKE,BABV,REC,EM REPARO,LEAP,491.0
2026-07-24,3040250716,030-18200,MAIN WHEEL BRAKE,BABV,REC,EM REPARO,LEAP,490.0
2026-07-24,3040250717,030-18200,MAIN WHEEL BRAKE,BACO,OS concluída,REPARADO,,
2026-07-24,3040250718,030-18200,MAIN WHEEL BRAKE,BACO,OS concluída,REPARADO,,
2026-07-24,3040250719,060-0017-00,FLIGHT DIR HOR,PAMALS,REC,,BANT,491.0
2026-07-24,3040250719,060-0017-00,FLIGHT DIR HOR,PAMALS,REC,,BANT,490.0
2026-07-24,3040250720,060-0017-00,FLIGHT DIR HOR,BABV,OS concluída,REPARADO,,
2026-07-24,3040250721,060-0017-00,FLIGHT DIR HOR,BANT,OS concluída,REPARADO,,
2026-07-24,3040250722,066-01141-5101,"RECEIVER-TRANSMITTER,RADIO (KT71)",ALA 9,REC,EM REPARO,WILLIAM,491.0
2026-07-24,3040250722,066-01141-5101,"RECEIVER-TRANSMITTER,RADIO (KT71)",ALA 9,REC,EM REPARO,WILLIAM,490.0
2026-07-24,3040250723,066-01141-5101,"RECEIVER-TRANSMITTER,RADIO (KT71)",CLA,REC,,BABR,491.0
2026-07-24,3040250723,066-01141-5101,"RECEIVER-TRANSMITTER,RADIO (KT71)",CLA,REC,,BABR,490.0
2026-07-24,3040250724,066-04035-1101,"DISPLAY UNIT,RADAR",PAMALS,REC,,BANT,491.0
2026-07-24,3040250724,066-04035-1101,"DISPLAY UNIT,RADAR",PAMALS,REC,,BANT,490.0
2026-07-24,3040250725,066-3046-07,"CONTROL,INDICATOR",ALA 10,OS concluída,REPARADO,,
2026-07-24,3040250732,069-1025-25,"RECEIVER-TRANSMITTER,RADIO - KX165",PAMALS,REC,EM REPARO,WILLIAM,491.0
2026-07-24,3040250732,069-1025-25,"RECEIVER-TRANSMITTER,RADIO - KX165",PAMALS,REC,EM REPARO,WILLIAM,490.0
2026-07-24,3040250773,161-11700,INNER WHEEL HALF ASSY,EEAR,REC,,BACG,491.0
2026-07-24,3040250773,161-11700,INNER WHEEL HALF ASSY,EEAR,REC,,BACG,490.0
2026-07-24,3040250775,161-11700,INNER WHEEL HALF ASSY,BABE,OS concluída,CONDENADO,,
2026-07-24,3040250776,161-12800,WHEEL HALF ASSY-INNER,BABE,OS concluída,CONDENADO,,
2026-07-24,3040250778,161-12800,WHEEL HALF ASSY-INNER,BACG,OS concluída,REPARADO,,
2026-07-24,3040250780,162-11800,WHEEL HALF ASSY-OUTER,PAMALS,OS concluída,,,
2026-07-24,3040250781,162-11800,WHEEL HALF ASSY-OUTER,BACG,OS concluída,,,
2026-07-24,3040250782,2606012-1,INDICATOR-INTER-TURBINE TEMPERATURE,ALA 9,OS concluída,,,
2026-07-24,3040250789,2641012-14,TRUNNION ASSY-RH-MAIN GEAR,PAMASP,OS concluída,CONDENADO,,
2026-07-24,3040250790,2643031-7,"FORK ASSY,NOSE GEAR SPRING",BAMN,OS concluída,CONDENADO,,
2026-07-24,3040250791,2643090-1,SHIMMY DAMPENE,BANT,REC,EM REPARO,AV AERONAUTICA,491.0
2026-07-24,3040250791,2643090-1,SHIMMY DAMPENE,BANT,REC,EM REPARO,AV AERONAUTICA,490.0
2026-07-24,3040250792,2643090-1,SHIMMY DAMPENE,BAMN,REC,REPARADO,V1 PAMA-LS,491.0
2026-07-24,3040250792,2643090-1,SHIMMY DAMPENE,BAMN,REC,REPARADO,V1 PAMA-LS,490.0
2026-07-24,3040250793,2643099-4,"SUPPORT ASSY FOWARD, NLG SPRING",BAMN,OS concluída,CONDENADO,,
2026-07-24,3040250798,30994-001,BATTERY-MARATHON TSP410 NICAD,BANT,OS concluída,CONDENADO,AMA - VEE ONE,
2026-07-24,3040250816,453-5060,"BEACON,DISTRESS",BAMN,REC,,PAMA-LS,491.0
2026-07-24,3040250816,453-5060,"BEACON,DISTRESS",BAMN,REC,,PAMA-LS,490.0
2026-07-24,3040250827,51539-012N,CONTROL UNIT ASSY-GENERATOR,BANT,REC,,BABR,491.0
2026-07-24,3040250827,51539-012N,CONTROL UNIT ASSY-GENERATOR,BANT,REC,,BABR,490.0
2026-07-24,3040250828,51539-012N,CONTROL UNIT ASSY-GENERATOR,BACG,REC,,BABR,491.0
2026-07-24,3040250828,51539-012N,CONTROL UNIT ASSY-GENERATOR,BACG,REC,,BABR,490.0
2026-07-24,3040250829,51539-012N,CONTROL UNIT ASSY-GENERATOR,BAMN,OS concluída,,,
2026-07-24,3040250830,799-1,TRANSDUCER,BACO,REC,,BANT,491.0
2026-07-24,3040250830,799-1,TRANSDUCER,BACO,REC,,BANT,490.0
2026-07-24,3040250831,799-1,TRANSDUCER,BANT,REC,,BANT,491.0
2026-07-24,3040250831,799-1,TRANSDUCER,BANT,REC,,BANT,490.0
2026-07-24,3040250832,9910338-4,FUEL TOTALIZER INDICATOR,EEAR,REC,,PAMA-LS,491.0
2026-07-24,3040250832,9910338-4,FUEL TOTALIZER INDICATOR,EEAR,REC,,PAMA-LS,490.0
2026-07-24,3040250833,9910586-4,FLAP ACTUATOR AND MOTOR ASSEMBLY,ALA 3,REC,,BAMN,491.0
2026-07-24,3040250833,9910586-4,FLAP ACTUATOR AND MOTOR ASSEMBLY,ALA 3,REC,,BAMN,490.0
2026-07-24,3040250834,9910586-4,FLAP ACTUATOR AND MOTOR ASSEMBLY,ALA 3,OS concluída,CONDENADO,,
2026-07-24,3040250835,ASG12000-2,ALTERNATOR,ALA 5,REC,REPARADO,V1 PAMA-LS,491.0
2026-07-24,3040250835,ASG12000-2,ALTERNATOR,ALA 5,REC,REPARADO,V1 PAMA-LS,490.0
2026-07-24,3040250841,C661030-0301,TURN BANK,PAMALS,REC,EM REPARO,LEAP,491.0
2026-07-24,3040250841,C661030-0301,TURN BANK,PAMALS,REC,EM REPARO,LEAP,490.0
2026-07-24,3040250842,C662041-0102,INDICATOR FUEL,ALA 5,REC,,PAMA-LS,491.0
2026-07-24,3040250842,C662041-0102,INDICATOR FUEL,ALA 5,REC,,PAMA-LS,490.0
2026-07-24,3040250843,C662041-0102,INDICATOR FUEL,ALA 10,OS concluída,REPARADO,,
2026-07-24,3040250844,C662041-0102,INDICATOR FUEL,ALA 9,REC,,PAMA-LS,491.0
2026-07-24,3040250844,C662041-0102,INDICATOR FUEL,ALA 9,REC,,PAMA-LS,490.0
2026-07-24,3040252159,011-00916-00,DISPLAY UNIT GDU 1040A,BAMN,REC,,BAMN,458.0
2026-07-24,3040252159,011-00916-00,DISPLAY UNIT GDU 1040A,BAMN,REC,,BAMN,457.0
2026-07-24,3040252160,011-01020-10,AFCS MODE CONTROLLER GMC 710,BAMN,OS concluída,,,
2026-07-24,3040252161,065-0042-03,COMPUTER PA,ALA 10,REC,EM REPARO,WILLIAM,458.0
2026-07-24,3040252161,065-0042-03,COMPUTER PA,ALA 10,REC,EM REPARO,WILLIAM,457.0
2026-07-24,3040252162,065-0042-03,COMPUTER PA,EEAR,REC,,BABE,458.0
2026-07-24,3040252162,065-0042-03,COMPUTER PA,EEAR,REC,,BABE,457.0
2026-07-24,3040252164,065-0042-03,COMPUTER PA,EEAR,REC,EM REPARO,WILLIAM,458.0
2026-07-24,3040252164,065-0042-03,COMPUTER PA,EEAR,REC,EM REPARO,WILLIAM,457.0
2026-07-24,3040252165,065-0042-03,COMPUTER PA,PAMALS,OS concluída,,,
2026-07-24,3040252166,065-0059-01,SERVO PITCH,EEAR,REC,EM REPARO,WILLIAM,458.0
2026-07-24,3040252166,065-0059-01,SERVO PITCH,EEAR,REC,EM REPARO,WILLIAM,457.0
2026-07-24,3040252168,066-03064-0005,"ALTIMETER,SERVO CONTROLLED,AUTOMATIC PRESSURE",ALA 9,OS concluída,REPARADO,,
2026-07-24,3040252170,066-03064-0005,"ALTIMETER,SERVO CONTROLLED,AUTOMATIC PRESSURE",ALA 7,REC,NO ESTADO,VEE ONE,458.0
2026-07-24,3040252170,066-03064-0005,"ALTIMETER,SERVO CONTROLLED,AUTOMATIC PRESSURE",ALA 7,REC,NO ESTADO,VEE ONE,457.0
2026-07-24,3040252172,066-03064-0005,"ALTIMETER,SERVO CONTROLLED,AUTOMATIC PRESSURE",PAMALS,REC,NO ESTADO,VEE ONE,458.0
2026-07-24,3040252172,066-03064-0005,"ALTIMETER,SERVO CONTROLLED,AUTOMATIC PRESSURE",PAMALS,REC,NO ESTADO,VEE ONE,457.0
2026-07-24,3040252173,066-03064-0005,"ALTIMETER,SERVO CONTROLLED,AUTOMATIC PRESSURE",BANT,REC,EM REPARO,LEAP,458.0
2026-07-24,3040252173,066-03064-0005,"ALTIMETER,SERVO CONTROLLED,AUTOMATIC PRESSURE",BANT,REC,EM REPARO,LEAP,457.0
2026-07-24,3040252178,066-1072-00,RECEIVER ADF (KING KR87),PAMALS,OS concluída,,,
2026-07-24,3040252180,066-1072-04,"RECEIVER,RADIO",ALA 8,OS concluída,,,
2026-07-24,3040252181,066-1072-04,"RECEIVER,RADIO",PAMASP,REC,EM REPARO,WILLIAM,458.0
2026-07-24,3040252181,066-1072-04,"RECEIVER,RADIO",PAMASP,REC,EM REPARO,WILLIAM,457.0
2026-07-24,3040252182,066-1072-04,"RECEIVER,RADIO",ALA 9,OS concluída,REPARADO,,
2026-07-24,3040252185,066-1072-04,"RECEIVER,RADIO",BAMN,OS concluída,REPARADO,,
2026-07-24,3040252189,9910338-6,"TRANSMITTER,RATE OF FLOW",ALA 8,OS concluída,REPARADO,,
2026-07-24,3040252190,9910338-6,"TRANSMITTER,RATE OF FLOW",BABR,OS concluída,,,
2026-07-24,3040252191,C611008-0101,ALTERNATOR CONTROL UNIT,PAMALS,REC,,BABR,458.0
2026-07-24,3040252191,C611008-0101,ALTERNATOR CONTROL UNIT,PAMALS,REC,,BABR,457.0
2026-07-24,3040252935,030-18200,MAIN WHEEL BRAKE,BAMN,OS concluída,CONDENADO,,
2026-07-24,3040252936,030-18200,MAIN WHEEL BRAKE,BACO,REC,,PAMA-LS,428.0
2026-07-24,3040252936,030-18200,MAIN WHEEL BRAKE,BACO,REC,,PAMA-LS,427.0
2026-07-24,3040252939,C163030-1001,MAIN W BRAKE A,BABV,REC,,BAMN,428.0
2026-07-24,3040252939,C163030-1001,MAIN W BRAKE A,BABV,REC,,BAMN,427.0
2026-07-24,3040252940,30-182,MAIN WHEEL BRAKE,BABV,OS concluída,CONDENADO,,
2026-07-24,3040252942,30-182,MAIN WHEEL BRAKE,BAMN,OS concluída,REPARADO,,
2026-07-24,3040252943,30-182,MAIN WHEEL BRAKE,BAMN,OS concluída,REPARADO,,
2026-07-24,3040253168,161-12800,WHEEL HALF ASSY-INNER,BASM,REC,REPARADO,VEE ONE,424.0
2026-07-24,3040253168,161-12800,WHEEL HALF ASSY-INNER,BASM,REC,REPARADO,VEE ONE,423.0
2026-07-24,3040253170,161-12800,WHEEL HALF ASSY-INNER,BASM,OS concluída,CONDENADO,,
2026-07-24,3040253172,161-12800,WHEEL HALF ASSY-INNER,PAMALS,REC,,PROCURANDO,424.0
2026-07-24,3040253172,161-12800,WHEEL HALF ASSY-INNER,PAMALS,REC,,PROCURANDO,423.0
2026-07-24,3040253173,161-12800,WHEEL HALF ASSY-INNER,PAMALS,REC,EM REPARO,LEAP,424.0
2026-07-24,3040253173,161-12800,WHEEL HALF ASSY-INNER,PAMALS,REC,EM REPARO,LEAP,423.0
2026-07-24,3040253174,161-12800,WHEEL HALF ASSY-INNER,PAMALS,OS concluída,CONDENADO,,
2026-07-24,3040253176,162-10700,OUTER WHEEL HALF ASSY,BABE,OS concluída,CONDENADO,,
2026-07-24,3040253177,162-10700,OUTER WHEEL HALF ASSY,BABV,REC,REPARADO,VEE ONE,424.0
2026-07-24,3040253177,162-10700,OUTER WHEEL HALF ASSY,BABV,REC,REPARADO,VEE ONE,423.0
2026-07-24,3040253178,162-10700,OUTER WHEEL HALF ASSY,PAMALS,REC,,PROCURANDO,424.0
2026-07-24,3040253178,162-10700,OUTER WHEEL HALF ASSY,PAMALS,REC,,PROCURANDO,423.0
2026-07-24,3040253179,162-11800,WHEEL HALF ASSY-OUTER,CLA,OS concluída,CONDENADO,,
2026-07-24,3040253180,162-11800,WHEEL HALF ASSY-OUTER,BASM,REC,,PROCURANDO,424.0
2026-07-24,3040253180,162-11800,WHEEL HALF ASSY-OUTER,BASM,REC,,PROCURANDO,423.0
2026-07-24,3040253181,162-11800,WHEEL HALF ASSY-OUTER,PAMALS,OS concluída,REPARADO,,
2026-07-24,3040253182,162-11800,WHEEL HALF ASSY-OUTER,PAMALS,REC,REPARADO,VEE ONE,424.0
2026-07-24,3040253182,162-11800,WHEEL HALF ASSY-OUTER,PAMALS,REC,REPARADO,VEE ONE,423.0
2026-07-24,3040253526,30994-001,BATTERY-MARATHON TSP410 NICAD,PAMALS,OS concluída,CONDENADO,AMA - VEE ONE,
2026-07-24,3040253527,30994-001,BATTERY-MARATHON TSP410 NICAD,BAPV,OS concluída,CONDENADO,AMA - VEE ONE,
2026-07-24,3040253528,066-03064-0005,"ALTIMETER,SERVO CONTROLLED,AUTOMATIC PRESSURE",BANT,OS concluída,REPARADO,,
2026-07-24,3040253529,066-03064-0005,"ALTIMETER,SERVO CONTROLLED,AUTOMATIC PRESSURE",DSM-MN,REC,DEVOLVIDO NO ESTADO,WILLIAM,414.0
2026-07-24,3040253529,066-03064-0005,"ALTIMETER,SERVO CONTROLLED,AUTOMATIC PRESSURE",DSM-MN,REC,DEVOLVIDO NO ESTADO,WILLIAM,413.0
2026-07-24,3040253530,799-1,TRANSDUCER,BAMN,REC,,BANT,414.0
2026-07-24,3040253530,799-1,TRANSDUCER,BAMN,REC,,BANT,413.0
2026-07-24,3040253531,799-1,TRANSDUCER,BAMN,REC,,VEE ONE,414.0
2026-07-24,3040253531,799-1,TRANSDUCER,BAMN,REC,,VEE ONE,413.0
2026-07-24,3040253532,799-1,TRANSDUCER,PAMALS,REC,,BANT,414.0
2026-07-24,3040253532,799-1,TRANSDUCER,PAMALS,REC,,BANT,413.0
2026-07-24,3040253535,2643099-4,"SUPPORT ASSY FOWARD, NLG SPRING",BABE,REC,CONDENADO,VEE ONE,414.0
2026-07-24,3040253535,2643099-4,"SUPPORT ASSY FOWARD, NLG SPRING",BABE,REC,CONDENADO,VEE ONE,413.0
2026-07-24,3040253536,2641012-14,TRUNNION ASSY-RH-MAIN GEAR,PAMALS,OS concluída,CONDENADO,,
2026-07-24,3040254195,540-1407-4,"VALVE,BLEED,TURBINEENGINE",PAMALS,REC,,BANT,396.0
2026-07-24,3040254195,540-1407-4,"VALVE,BLEED,TURBINEENGINE",PAMALS,REC,,BANT,395.0
2026-07-24,3040254201,2643090-3,SHIMMY DAMPER-NOSE GEAR,PAMALS,REC,REPARADO,V1 PAMA-LS,396.0
2026-07-24,3040254201,2643090-3,SHIMMY DAMPER-NOSE GEAR,PAMALS,REC,REPARADO,V1 PAMA-LS,395.0
2026-07-24,3040254203,SE1070-6,SHIMMY DAMPENER ASSY,BACGINAT,OS concluída,,,
2026-07-24,3040254205,C660501-0103,"COMPASS,SPEC",PAMALS,REC,REPARADO,V1 PAMA-LS,396.0
2026-07-24,3040254205,C660501-0103,"COMPASS,SPEC",PAMALS,REC,REPARADO,V1 PAMA-LS,395.0
2026-07-24,3040254206,C660501-0103,"COMPASS,SPEC",ALA 8,REC,EM REPARO EM GARANTIA,WILLIAM,396.0
2026-07-24,3040254206,C660501-0103,"COMPASS,SPEC",ALA 8,REC,EM REPARO EM GARANTIA,WILLIAM,395.0
2026-07-24,3040254208,C660501-0103,"COMPASS,SPEC",BABV,REC,REPARADO,V1 PAMA-LS,396.0
2026-07-24,3040254208,C660501-0103,"COMPASS,SPEC",BABV,REC,REPARADO,V1 PAMA-LS,395.0
2026-07-24,3040254210,799-1,TRANSDUCER,BANT,REC,,BANT,396.0
2026-07-24,3040254210,799-1,TRANSDUCER,BANT,REC,,BANT,395.0
2026-07-24,3040254770,069-1025-25,"RECEIVER-TRANSMITTER,RADIO - KX165",ALA 9,REC,EM REPARO,WILLIAM,387.0
2026-07-24,3040254770,069-1025-25,"RECEIVER-TRANSMITTER,RADIO - KX165",ALA 9,REC,EM REPARO,WILLIAM,386.0
2026-07-24,3040254784,452-0133,"BATTERY,NONRECHARGEABLE",DACTA II,REC,CONDENADO,VEE ONE,387.0
2026-07-24,3040254784,452-0133,"BATTERY,NONRECHARGEABLE",DACTA II,REC,CONDENADO,VEE ONE,386.0
2026-07-24,3040254785,452-0133,"BATTERY,NONRECHARGEABLE",BAMN,REC,CONDENADO,VEE ONE,387.0
2026-07-24,3040254785,452-0133,"BATTERY,NONRECHARGEABLE",BAMN,REC,CONDENADO,VEE ONE,386.0
2026-07-24,3040254786,452-0133,"BATTERY PACK,AIRCRAFT",BAMN,REC,CONDENADO,VEE ONE,387.0
2026-07-24,3040254786,452-0133,"BATTERY PACK,AIRCRAFT",BAMN,REC,CONDENADO,VEE ONE,386.0
2026-07-24,3040254787,452-0133,"BATTERY PACK,AIRCRAFT",DACTA II,REC,CONDENADO,VEE ONE,387.0
2026-07-24,3040254787,452-0133,"BATTERY PACK,AIRCRAFT",DACTA II,REC,CONDENADO,VEE ONE,386.0
2026-07-24,3040254788,452-0133,"BATTERY,NONRECHARGEABLE",BAMN,REC,CONDENADO,VEE ONE,387.0
2026-07-24,3040254788,452-0133,"BATTERY,NONRECHARGEABLE",BAMN,REC,CONDENADO,VEE ONE,386.0
2026-07-24,3040254789,452-0133,"BATTERY,NONRECHARGEABLE",BAMN,REC,CONDENADO,VEE ONE,387.0
2026-07-24,3040254789,452-0133,"BATTERY,NONRECHARGEABLE",BAMN,REC,CONDENADO,VEE ONE,386.0
2026-07-24,3040254792,2606013-1RX,INDICATOR-PERCENT RPM,BABR,REC,,BANT,387.0
2026-07-24,3040254792,2606013-1RX,INDICATOR-PERCENT RPM,BABR,REC,,BANT,386.0
2026-07-24,3040254793,D145-00-46-2,FLAP ACTUATOR ASSY,PAMALS,REC,,PAMA-LS,387.0
2026-07-24,3040254793,D145-00-46-2,FLAP ACTUATOR ASSY,PAMALS,REC,,PAMA-LS,386.0
2026-07-24,3040254794,C145-350,"MOTOR,DIRECT CURRENT",PAMALS,OS concluída,,,
2026-07-24,3040254795,D145-00-46-2,FLAP ACTUATOR ASSY,BABE,REC,,PAMA-LS,387.0
2026-07-24,3040254795,D145-00-46-2,FLAP ACTUATOR ASSY,BABE,REC,,PAMA-LS,386.0
2026-07-24,3040254796,30994-001,BATTERY-MARATHON TSP410 NICAD,BAMN,OS concluída,REPARADO,,
2026-07-24,3040254799,453-5000-710,EMERGENCY LOCATOR TRANSMITTER MODEL C406-2,PAMASP,OS concluída,,,
2026-07-24,3040254803,C352TS,"EXTINGUISHER,FIRE",2 ETA,REC,REPARADO,V1 PAMA-LS,387.0
2026-07-24,3040254803,C352TS,"EXTINGUISHER,FIRE",2 ETA,REC,REPARADO,V1 PAMA-LS,386.0
2026-07-24,3040254805,C352TS,"EXTINGUISHER,FIRE",PAMALS,OS concluída,,,
2026-07-24,3040254806,C352TS,"EXTINGUISHER,FIRE",PAMALS,REC,REPARADO,V1 PAMA-LS,387.0
2026-07-24,3040254806,C352TS,"EXTINGUISHER,FIRE",PAMALS,REC,REPARADO,V1 PAMA-LS,386.0
2026-07-24,3040254808,C352TS,"EXTINGUISHER,FIRE",BABR,REC,REPARADO,V1 PAMA-LS,387.0
2026-07-24,3040254808,C352TS,"EXTINGUISHER,FIRE",BABR,REC,REPARADO,V1 PAMA-LS,386.0
2026-07-24,3040254809,C352TS,"EXTINGUISHER,FIRE",PAMAGL,OS concluída,,,
2026-07-24,3040254810,C352TS,"EXTINGUISHER,FIRE",PAMALS,OS concluída,,,
2026-07-24,3040254815,C482001-0402,VACUUM REGULAT,PAMALS,REC,CONDENADO,VEE ONE,387.0
2026-07-24,3040254815,C482001-0402,VACUUM REGULAT,PAMALS,REC,CONDENADO,VEE ONE,386.0
2026-07-24,3040254816,C482001-0402,VACUUM REGULAT,PAMALS,REC,CONDENADO,VEE ONE,387.0
2026-07-24,3040254816,C482001-0402,VACUUM REGULAT,PAMALS,REC,CONDENADO,VEE ONE,386.0
2026-07-24,3040254817,2641011-5,AXLE-MAIN GEAR,BABE,OS concluída,NO ESTADO,,
2026-07-24,3040254818,2641011-5,AXLE-MAIN GEAR,BABE,OS concluída,,,
2026-07-24,3040254819,2641011-5,AXLE-MAIN GEAR,BANT,OS concluída,REPARADO,,
2026-07-24,3040254820,2641011-5,AXLE-MAIN GEAR,BAMN,OS concluída,REPARADO,,
2026-07-24,3040255319,702801-5,FUEL PUMP,PAMASP,REC,EM REPARO,VEE ONE,378.0
2026-07-24,3040255319,702801-5,FUEL PUMP,PAMASP,REC,EM REPARO,VEE ONE,377.0
2026-07-24,3040255321,8210-002,"GOVERNOR,CONSTANT SPEED DRIVE",PAMALS,OS concluída,,,
2026-07-24,3040255326,011-00916-00,DISPLAY UNIT GDU 1040A,BAMN,REC,,BAMN,378.0
2026-07-24,3040255326,011-00916-00,DISPLAY UNIT GDU 1040A,BAMN,REC,,BAMN,377.0
2026-07-24,3040255461,DAAS-A-010-1,ADAS-D PROCESSOR,PAMALS,REC,EM REPARO,VEE ONE,374.0
2026-07-24,3040255461,DAAS-A-010-1,ADAS-D PROCESSOR,PAMALS,REC,EM REPARO,VEE ONE,373.0
2026-07-24,3040255589,071-01519-0101,"RECEIVER-EXCITER,RADAR",BANT,REC,,PROCURANDO,372.0
2026-07-24,3040255589,071-01519-0101,"RECEIVER-EXCITER,RADAR",BANT,REC,,PROCURANDO,371.0
2026-07-24,3040255590,071-01519-0101,"RECEIVER-EXCITER,RADAR",PAMALS,OS concluída,REPARADO,,
2026-07-24,3040255706,C661064-0237,AIRSPEED INDICATOR,BAMN,OS concluída,,,
2026-07-24,3040256112,011-00883-20,RADAR GWX 68 WEATHER,BABE,REC,,BAMN,358.0
2026-07-24,3040256112,011-00883-20,RADAR GWX 68 WEATHER,BABE,REC,,BAMN,357.0
2026-07-24,3040256114,5934PAD-3,"ALTIMETER,PRESSURE",PAMALS,REC,EM REPARO,VEE ONE,358.0
2026-07-24,3040256114,5934PAD-3,"ALTIMETER,PRESSURE",PAMALS,REC,EM REPARO,VEE ONE,357.0
2026-07-24,3040256115,5934PAD-3,"ALTIMETER,PRESSURE",PAMALS,OS concluída,REPARADO,,
2026-07-24,3040256118,011-00878-10,GSA-81 TORQUE SERVO,BAPV,REC,,BACO,358.0
2026-07-24,3040256118,011-00878-10,GSA-81 TORQUE SERVO,BAPV,REC,,BACO,357.0
2026-07-24,3040256119,011-00878-10,GSA-81 TORQUE SERVO,BAPV,REC,EM REPARO,LEAP,358.0
2026-07-24,3040256119,011-00878-10,GSA-81 TORQUE SERVO,BAPV,REC,EM REPARO,LEAP,357.0
2026-07-24,3040256120,011-00916-10,"DISPLAY UNIT,FLIGHT INFORMATION",BAMN,OS concluída,,,
2026-07-24,3040256311,3121248-03,"VALVE ASSEMBLY,COMPRESSOR BLEED",PAMALS,OS concluída,,,
2026-07-24,3040256314,066-4010-12,RECEIVER VOR/LOC (KNS81),EEAR,REC,EM REPARO,LEAP,345.0
2026-07-24,3040256314,066-4010-12,RECEIVER VOR/LOC (KNS81),EEAR,REC,EM REPARO,LEAP,344.0
2026-07-24,3040256662,030-18200,MAIN WHEEL BRAKE,BASM,OS concluída,,,
2026-07-24,3040256665,161-11700,INNER WHEEL HALF ASSY,BABV,OS concluída,,,
2026-07-24,3040256666,161-11700,INNER WHEEL HALF ASSY,PAMALS,OS concluída,,,
2026-07-24,3040256667,161-11700,INNER WHEEL HALF ASSY,PAMALS,OS concluída,,,
2026-07-24,3040256668,161-11700,INNER WHEEL HALF ASSY,PAMALS,OS concluída,CONDENADO,,
2026-07-24,3040256669,161-11700,INNER WHEEL HALF ASSY,PAMALS,OS concluída,,,
2026-07-24,3040256670,161-11700,INNER WHEEL HALF ASSY,PAMALS,OS concluída,CONDENADO,,
2026-07-24,3040256671,161-11700,INNER WHEEL HALF ASSY,PAMALS,REC,REPARADO,VEE ONE,336.0
2026-07-24,3040256671,161-11700,INNER WHEEL HALF ASSY,PAMALS,REC,REPARADO,VEE ONE,335.0
2026-07-24,3040256672,161-12800,WHEEL HALF ASSY-INNER,PAMALS,REC,REPARADO,VEE ONE,336.0
2026-07-24,3040256672,161-12800,WHEEL HALF ASSY-INNER,PAMALS,REC,REPARADO,VEE ONE,335.0
2026-07-24,3040256673,161-12800,WHEEL HALF ASSY-INNER,PAMALS,REC,CONDENADO,VEE ONE,333.0
2026-07-24,3040256673,161-12800,WHEEL HALF ASSY-INNER,PAMALS,REC,CONDENADO,VEE ONE,332.0
2026-07-24,3040256675,161-12800,WHEEL HALF ASSY-INNER,BANT,OS concluída,REPARADO,,
2026-07-24,3040256694,162-11800,WHEEL HALF ASSY-OUTER,BANT,OS concluída,REPARADO,,
2026-07-24,3040256696,162-11800,WHEEL HALF ASSY-OUTER,PAMALS,REC,,PAMA-LS,336.0
2026-07-24,3040256696,162-11800,WHEEL HALF ASSY-OUTER,PAMALS,REC,,PAMA-LS,335.0
2026-07-24,3040256698,030-18200,MAIN WHEEL BRAKE,PAMASP,REC,,PROCURANDO,336.0
2026-07-24,3040256698,030-18200,MAIN WHEEL BRAKE,PAMASP,REC,,PROCURANDO,335.0
2026-07-24,3040256702,C661064-0237,AIRSPEED INDICATOR,BABR,OS concluída,,,
2026-07-24,3040256703,C661064-0237,AIRSPEED INDICATOR,PAMALS,OS concluída,REPARADO,,
2026-07-24,3040256704,C661064-0237,AIRSPEED INDICATOR,PAMALS,OS concluída,,,
2026-07-24,3040256707,D210507,"GOVERNOR,OVERSPEED",PAMALS,OS concluída,,,
2026-07-24,3040256708,D210507,"GOVERNOR,OVERSPEED",PAMALS,REC,REPARADO,VEE ONE,336.0
2026-07-24,3040256708,D210507,"GOVERNOR,OVERSPEED",PAMALS,REC,REPARADO,VEE ONE,335.0
2026-07-24,3040256709,3121248-03,"VALVE ASSEMBLY,COMPRESSOR BLEED",PAMASP,REC,,BANT,333.0
2026-07-24,3040256709,3121248-03,"VALVE ASSEMBLY,COMPRESSOR BLEED",PAMASP,REC,,BANT,332.0
2026-07-24,3040256713,030-18200,MAIN WHEEL BRAKE,ALA 3,REC,,BAMN,336.0
2026-07-24,3040256713,030-18200,MAIN WHEEL BRAKE,ALA 3,REC,,BAMN,335.0
2026-07-24,3040256787,011-00877-00,"GSA-80 SERVO ROL,YAW,SPEC",PAMALS,REC,EM REPARO,VEE ONE,336.0
2026-07-24,3040256787,011-00877-00,"GSA-80 SERVO ROL,YAW,SPEC",PAMALS,REC,EM REPARO,VEE ONE,335.0
2026-07-24,3040256792,011-00877-00,"GSA-80 SERVO ROL,YAW,SPEC",BAMN,REC,,PROCURANDO,336.0
2026-07-24,3040256792,011-00877-00,"GSA-80 SERVO ROL,YAW,SPEC",BAMN,REC,,PROCURANDO,335.0
2026-07-24,3040256828,011-00883-20,RADAR GWX 68 WEATHER,PAMALS,REC,CONDENADO,V1 PAMA-LS,336.0
2026-07-24,3040256828,011-00883-20,RADAR GWX 68 WEATHER,PAMALS,REC,CONDENADO,V1 PAMA-LS,335.0
2026-07-24,3040257093,065-00183-0501,AUTOPILOT COMPUTER KFC225,BABE,REC,,BANT,329.0
2026-07-24,3040257093,065-00183-0501,AUTOPILOT COMPUTER KFC225,BABE,REC,,BANT,328.0
2026-07-24,3040257094,065-00183-0501,AUTOPILOT COMPUTER KFC225,BABE,REC,,BANT,329.0
2026-07-24,3040257094,065-00183-0501,AUTOPILOT COMPUTER KFC225,BABE,REC,,BANT,328.0
2026-07-24,3040257095,011-01105-01,INTEGRATED AVIONICS UNIT GIA63W,BABE,REC,EM REPARO,VEE ONE,329.0
2026-07-24,3040257095,011-01105-01,INTEGRATED AVIONICS UNIT GIA63W,BABE,REC,EM REPARO,VEE ONE,328.0
2026-07-24,3040257096,011-01105-01,INTEGRATED AVIONICS UNIT GIA63W,BABE,REC,,BAMN,329.0
2026-07-24,3040257096,011-01105-01,INTEGRATED AVIONICS UNIT GIA63W,BABE,REC,,BAMN,328.0
2026-07-24,3040257436,30994-001,BATTERY-MARATHON TSP410 NICAD,PAMALS,OS concluída,CONDENADO,AMA - VEE ONE,
2026-07-24,3040257438,030-18200,MAIN WHEEL BRAKE,BAMN,REC,REPARADO,VEE ONE,310.0
2026-07-24,3040257438,030-18200,MAIN WHEEL BRAKE,BAMN,REC,REPARADO,VEE ONE,309.0
2026-07-24,3040257439,030-18200,MAIN WHEEL BRAKE,BAMN,REC,,BAMN,310.0
2026-07-24,3040257439,030-18200,MAIN WHEEL BRAKE,BAMN,REC,,BAMN,309.0
2026-07-24,3040257440,030-18200,MAIN WHEEL BRAKE,BANT,REC,CONDENADO,VEE ONE,310.0
2026-07-24,3040257440,030-18200,MAIN WHEEL BRAKE,BANT,REC,CONDENADO,VEE ONE,309.0
2026-07-24,3040257441,030-18200,MAIN WHEEL BRAKE,BAPV,REC,,BAMN,310.0
2026-07-24,3040257441,030-18200,MAIN WHEEL BRAKE,BAPV,REC,,BAMN,309.0
2026-07-24,3040257442,C163030-1001,MAIN W BRAKE A,BAMN,REC,REPARADO,VEE ONE,310.0
2026-07-24,3040257442,C163030-1001,MAIN W BRAKE A,BAMN,REC,REPARADO,VEE ONE,309.0
2026-07-24,3040257443,161-12800,WHEEL HALF ASSY-INNER,ALA 3,AUT,,NÃO TEVE MOVIMENTAÇÃO,317.0
2026-07-24,3040257443,161-12800,WHEEL HALF ASSY-INNER,ALA 3,AUT,,NÃO TEVE MOVIMENTAÇÃO,316.0
2026-07-24,3040257444,162-10700,OUTER WHEEL HALF ASSY,PAMALS,OS concluída,CONDENADO,,
2026-07-24,3040257447,162-10700,OUTER WHEEL HALF ASSY,PAMALS,OS concluída,CONDENADO,,
2026-07-24,3040257450,3244809-4,"FUEL CONTROL,MAIN,TURBINE ENGINE",PAMASP,OS concluída,EM REPARO,LEAP,
2026-07-24,3040257451,3244809-7,"FUEL CONTROL,MAIN,TURBINE ENGINE",PAMASP,REC,,BANT,310.0
2026-07-24,3040257451,3244809-7,"FUEL CONTROL,MAIN,TURBINE ENGINE",PAMASP,REC,,BANT,309.0
2026-07-24,3040257452,3244809-8,"FUEL CONTROL,MAIN,TURBINE ENGINE",BAPV,OS concluída,REPARADO,,
2026-07-24,3040257453,EA-5172-45-CES,"INDICATOR,AIRSPEED",ALA 7,REC,DEVOLVIDO NO ESTADO,WILLIAM,310.0
2026-07-24,3040257453,EA-5172-45-CES,"INDICATOR,AIRSPEED",ALA 7,REC,DEVOLVIDO NO ESTADO,WILLIAM,309.0
2026-07-24,3040257454,EA-5172-45-CES,"INDICATOR,AIRSPEED",BACG,OS concluída,,,
2026-07-24,3040258303,011-00877-00,"GSA-80 SERVO ROL,YAW,SPEC",DACTA II,REC,EM REPARO,VEE ONE,290.0
2026-07-24,3040258303,011-00877-00,"GSA-80 SERVO ROL,YAW,SPEC",DACTA II,REC,EM REPARO,VEE ONE,289.0
2026-07-24,3040258306,D210507,"GOVERNOR,OVERSPEED",PAMALS,REC,EM REPARO,LEAP,290.0
2026-07-24,3040258306,D210507,"GOVERNOR,OVERSPEED",PAMALS,REC,EM REPARO,LEAP,289.0
2026-07-24,3040258307,D210507,"GOVERNOR,OVERSPEED",ALA 5,OS concluída,,,
2026-07-24,3040258308,D210507,"GOVERNOR,OVERSPEED",BAMN,OS concluída,REPARADO,,
2026-07-24,3040258309,D210507,"GOVERNOR,OVERSPEED",BAMN,REC,EM REPARO,LEAP,290.0
2026-07-24,3040258309,D210507,"GOVERNOR,OVERSPEED",BAMN,REC,EM REPARO,LEAP,289.0
2026-07-24,3040258310,D210507,"GOVERNOR,OVERSPEED",BACO,OS concluída,,,
2026-07-24,3040258419,011-00877-00,"GSA-80 SERVO ROL,YAW,SPEC",DACTA II,REC,EM REPARO,VEE ONE,288.0
2026-07-24,3040258419,011-00877-00,"GSA-80 SERVO ROL,YAW,SPEC",DACTA II,REC,EM REPARO,VEE ONE,287.0
2026-07-24,3040258420,011-00877-00,"GSA-80 SERVO ROL,YAW,SPEC",BACO,REC,EM REPARO,VEE ONE,288.0
2026-07-24,3040258420,011-00877-00,"GSA-80 SERVO ROL,YAW,SPEC",BACO,REC,EM REPARO,VEE ONE,287.0
2026-07-24,3040258421,011-00877-00,"GSA-80 SERVO ROL,YAW,SPEC",BABE,REC,,BACO,288.0
2026-07-24,3040258421,011-00877-00,"GSA-80 SERVO ROL,YAW,SPEC",BABE,REC,,BACO,287.0
2026-07-24,3040258422,2601188-8,COMPRESSOR DRIVE ASSY R134A,PAMASP,REC,,PROCURANDO,288.0
2026-07-24,3040258422,2601188-8,COMPRESSOR DRIVE ASSY R134A,PAMASP,REC,,PROCURANDO,287.0
2026-07-24,3040258764,069-01034-0102,"NAVIGATION SET,SATELLITE SIGNALS KLN-94",PAMALS,REC,,BANT,281.0
2026-07-24,3040258764,069-01034-0102,"NAVIGATION SET,SATELLITE SIGNALS KLN-94",PAMALS,REC,,BANT,280.0
2026-07-24,3040259146,1U149-015-15,HORIZ. GYRO-STADBY,PAMALS,REC,EM REPARO,VEE ONE,259.0
2026-07-24,3040259146,1U149-015-15,HORIZ. GYRO-STADBY,PAMALS,REC,EM REPARO,VEE ONE,258.0
2026-07-24,3040259147,162-10700,OUTER WHEEL HALF ASSY,BANT,REC,EM REPARO,AMA - VEE ONE,259.0
2026-07-24,3040259147,162-10700,OUTER WHEEL HALF ASSY,BANT,REC,EM REPARO,AMA - VEE ONE,258.0
2026-07-24,3040259148,3049038-03,"VALVE,COMPRESSOR BLEED",BANT,OS concluída,,,
2026-07-24,3040259151,066-01141-5101,"TRANSPONDER,RADAR",BANT,REC,REPARADO,V1 PAMA-LS,262.0
2026-07-24,3040259151,066-01141-5101,"TRANSPONDER,RADAR",BANT,REC,REPARADO,V1 PAMA-LS,261.0
2026-07-24,3040259152,066-01141-5101,"TRANSPONDER,RADAR",BABE,REC,,BANT,262.0
2026-07-24,3040259152,066-01141-5101,"TRANSPONDER,RADAR",BABE,REC,,BANT,261.0
2026-07-24,3040259251,064-1019-05,VHF TRANSCEIVE KY196,EEAR,REC,,EEAR,260.0
2026-07-24,3040259251,064-1019-05,VHF TRANSCEIVE KY196,EEAR,REC,,EEAR,259.0
2026-07-24,3040259316,2606015-4,INDICATOR-OIL TEMP/OIL PRESS,BACG,REC,REPARADO,V1 PAMA-LS,256.0
2026-07-24,3040259316,2606015-4,INDICATOR-OIL TEMP/OIL PRESS,BACG,REC,REPARADO,V1 PAMA-LS,255.0
2026-07-24,3040259564,C414007-0102,BLOWER ASSY,PAMALS,OS concluída,,,
2026-07-24,3040259568,C414007-0102,BLOWER ASSY,ALA 10,OS concluída,,,
2026-07-24,3040259570,C414007-0102,BLOWER ASSY,ALA 10,OS concluída,,,
2026-07-24,3040259694,025323-150,FUEL PUMP,PAMASP,REC,,BACO,248.0
2026-07-24,3040259694,025323-150,FUEL PUMP,PAMASP,REC,,BACO,247.0
2026-07-24,3040259918,C414007-0102,BLOWER ASSY,ALA 10,REC,EM REPARO,VEE ONE,241.0
2026-07-24,3040259918,C414007-0102,BLOWER ASSY,ALA 10,REC,EM REPARO,VEE ONE,240.0
2026-07-24,3040259922,C414007-0102,BLOWER ASSY,BANT,REC,REPARADO,V1 PAMA-LS,241.0
2026-07-24,3040259922,C414007-0102,BLOWER ASSY,BANT,REC,REPARADO,V1 PAMA-LS,240.0
2026-07-24,3040259924,C414007-0102,BLOWER ASSY,BACG,REC,EM REPARO,VEE ONE,241.0
2026-07-24,3040259924,C414007-0102,BLOWER ASSY,BACG,REC,EM REPARO,VEE ONE,240.0
2026-07-24,3040259928,C414007-0102,BLOWER ASSY,PAMALS,REC,EM REPARO,VEE ONE,241.0
2026-07-24,3040259928,C414007-0102,BLOWER ASSY,PAMALS,REC,EM REPARO,VEE ONE,240.0
2026-07-24,3040259944,066-3046-07,"CONTROL,INDICATOR",EEAR,REC,,PAMA-LS,241.0
2026-07-24,3040259944,066-3046-07,"CONTROL,INDICATOR",EEAR,REC,,PAMA-LS,240.0
2026-07-24,3040259946,066-3046-07,"CONTROL,INDICATOR",BANT,REC,,BANT,241.0
2026-07-24,3040259946,066-3046-07,"CONTROL,INDICATOR",BANT,REC,,BANT,240.0
2026-07-24,3040259947,066-3046-07,"CONTROL,INDICATOR",EEAR,OS concluída,REPARADO,,
2026-07-24,3040259949,065-0060-01,"CONTROL,SERVO,AUTOMATIC PILOT",PAMALS,REC,EM REPARO,LEAP,241.0
2026-07-24,3040259949,065-0060-01,"CONTROL,SERVO,AUTOMATIC PILOT",PAMALS,REC,EM REPARO,LEAP,240.0
2026-07-24,3040259950,065-0060-01,"CONTROL,SERVO,AUTOMATIC PILOT",PAMALS,REC,EM REPARO,LEAP,241.0
2026-07-24,3040259950,065-0060-01,"CONTROL,SERVO,AUTOMATIC PILOT",PAMALS,REC,EM REPARO,LEAP,240.0
2026-07-24,3040260204,324843-W020,HEADSET-MICROPHONE,PAMALS,OS concluída,REPARADO,,
2026-07-24,3040260205,324843-W020,HEADSET-MICROPHONE,PAMALS,OS concluída,REPARADO,,
2026-07-24,3040260208,324843-W020,HEADSET-MICROPHONE,PAMALS,REC,VAI SER DEVOLVIDO SEM REPARO,WILLIAM,227.0
2026-07-24,3040260208,324843-W020,HEADSET-MICROPHONE,PAMALS,REC,VAI SER DEVOLVIDO SEM REPARO,WILLIAM,226.0
2026-07-24,3040260209,011-00916-00,DISPLAY UNIT GDU 1040A,PAMALS,REC,,BAMN,227.0
2026-07-24,3040260209,011-00916-00,DISPLAY UNIT GDU 1040A,PAMALS,REC,,BAMN,226.0
2026-07-24,3040260382,065-00183-0501,AUTOPILOT COMPUTER KFC225,BANT,REC,,BANT,220.0
2026-07-24,3040260382,065-00183-0501,AUTOPILOT COMPUTER KFC225,BANT,REC,,BANT,219.0
2026-07-24,3040260388,SD5H14C4527,AIR COMPRESSOR,PAMALS,REC,EM REPARO,VEE ONE,220.0
2026-07-24,3040260388,SD5H14C4527,AIR COMPRESSOR,PAMALS,REC,EM REPARO,VEE ONE,219.0
2026-07-24,3040260389,SD5H14C4527,AIR COMPRESSOR,PAMALS,REC,EM REPARO,VEE ONE,220.0
2026-07-24,3040260389,SD5H14C4527,AIR COMPRESSOR,PAMALS,REC,EM REPARO,VEE ONE,219.0
2026-07-24,3040260516,ASG12000-2,ALTERNATOR,PAMALS,REC,REPARADO,V1 PAMA-LS,217.0
2026-07-24,3040260516,ASG12000-2,ALTERNATOR,PAMALS,REC,REPARADO,V1 PAMA-LS,216.0
2026-07-24,3040260517,ASG12000-2,ALTERNATOR,PAMALS,OS concluída,,,
2026-07-24,3040260522,9910592-2,ALTERNADOR,BAMN,REC,REPARADO,V1 PAMA-LS,217.0
2026-07-24,3040260522,9910592-2,ALTERNADOR,BAMN,REC,REPARADO,V1 PAMA-LS,216.0
2026-07-24,3040260523,9910592-2,ALTERNADOR,BAMN,REC,REPARADO,V1 PAMA-LS,217.0
2026-07-24,3040260523,9910592-2,ALTERNADOR,BAMN,REC,REPARADO,V1 PAMA-LS,216.0
2026-07-24,3040260524,51539-012M,CONTROL UNIT ASSY-GENERATOR,BANT,REC,,BACG,217.0
2026-07-24,3040260524,51539-012M,CONTROL UNIT ASSY-GENERATOR,BANT,REC,,BACG,216.0
2026-07-24,3040260538,324843-W020,HEADSET-MICROPHONE,PAMALS,REC,,BABE,199.0
2026-07-24,3040260538,324843-W020,HEADSET-MICROPHONE,PAMALS,REC,,BABE,198.0
2026-07-24,3040260539,324843-W020,HEADSET-MICROPHONE,PAMALS,REC,,BABE,199.0
2026-07-24,3040260539,324843-W020,HEADSET-MICROPHONE,PAMALS,REC,,BABE,198.0
2026-07-24,3040260540,324843-W020,HEADSET-MICROPHONE,PAMALS,OS concluída,REPARADO,,
2026-07-24,3040260541,324843-W020,HEADSET-MICROPHONE,PAMALS,OS concluída,REPARADO,,
2026-07-24,3040260542,324843-W020,HEADSET-MICROPHONE,PAMALS,REC,,BABE,199.0
2026-07-24,3040260542,324843-W020,HEADSET-MICROPHONE,PAMALS,REC,,BABE,198.0
2026-07-24,3040260543,324843-W020,HEADSET-MICROPHONE,PAMALS,REC,VAI SER DEVOLVIDO SEM REPARO,WILLIAM,199.0
2026-07-24,3040260543,324843-W020,HEADSET-MICROPHONE,PAMALS,REC,VAI SER DEVOLVIDO SEM REPARO,WILLIAM,198.0
2026-07-24,3040260544,161-11700,INNER WHEEL HALF ASSY,BANT,REC,REPARADO,VEE ONE,199.0
2026-07-24,3040260544,161-11700,INNER WHEEL HALF ASSY,BANT,REC,REPARADO,VEE ONE,198.0
2026-07-24,3040260545,161-11700,INNER WHEEL HALF ASSY,BACG,REC,REPARADO,VEE ONE,199.0
2026-07-24,3040260545,161-11700,INNER WHEEL HALF ASSY,BACG,REC,REPARADO,VEE ONE,198.0
2026-07-24,3040260546,161-12800,WHEEL HALF ASSY-INNER,PAMALS,REC,REPARADO,VEE ONE,199.0
2026-07-24,3040260546,161-12800,WHEEL HALF ASSY-INNER,PAMALS,REC,REPARADO,VEE ONE,198.0
2026-07-24,3040260547,161-12800,WHEEL HALF ASSY-INNER,EPCAR,OS concluída,REPARADO,VEE ONE,
2026-07-24,3040260548,161-11700,INNER WHEEL HALF ASSY,CLA,REC,REPARADO,VEE ONE,199.0
2026-07-24,3040260548,161-11700,INNER WHEEL HALF ASSY,CLA,REC,REPARADO,VEE ONE,198.0
2026-07-24,3040260549,162-10700,OUTER WHEEL HALF ASSY,BACG,REC,REPARADO,VEE ONE,199.0
2026-07-24,3040260549,162-10700,OUTER WHEEL HALF ASSY,BACG,REC,REPARADO,VEE ONE,198.0
2026-07-24,3040260550,162-10700,OUTER WHEEL HALF ASSY,CLA,REC,REPARADO,VEE ONE,199.0
2026-07-24,3040260550,162-10700,OUTER WHEEL HALF ASSY,CLA,REC,REPARADO,VEE ONE,198.0
2026-07-24,3040260551,162-11800,WHEEL HALF ASSY-OUTER,BANT,REC,REPARADO,VEE ONE,199.0
2026-07-24,3040260551,162-11800,WHEEL HALF ASSY-OUTER,BANT,REC,REPARADO,VEE ONE,198.0
2026-07-24,3040260552,30994-001,BATTERY-MARATHON TSP410 NICAD,BABE,OS concluída,CONDENADO,AMA - VEE ONE,
2026-07-24,3040260583,3244897-4,FUEL CONTROL UNIT,PAMALS,OS concluída,,,
2026-07-24,3040260595,9910586-4,FLAP ACTUATOR AND MOTOR ASSEMBLY,7 ETA,REC,,BAMN,199.0
2026-07-24,3040260595,9910586-4,FLAP ACTUATOR AND MOTOR ASSEMBLY,7 ETA,REC,,BAMN,198.0
2026-07-24,3040260597,9910586-4,FLAP ACTUATOR AND MOTOR ASSEMBLY,BAPV,REC,REPARADO,VEE ONE,199.0
2026-07-24,3040260597,9910586-4,FLAP ACTUATOR AND MOTOR ASSEMBLY,BAPV,REC,REPARADO,VEE ONE,198.0
2026-07-24,3040260750,3122678-04,FUEL CONTROL UNIT,PAMASP,REC,,BANT,191.0
2026-07-24,3040260750,3122678-04,FUEL CONTROL UNIT,PAMASP,REC,,BANT,190.0
2026-07-24,3040260752,3244897-4,FUEL CONTROL UNIT,PAMASP,OS concluída,REPARADO,,
2026-07-24,3040260753,3244809-7,"FUEL CONTROL,MAIN,TURBINE ENGINE",PAMASP,OS concluída,REPARADO,,
2026-07-24,3040260754,3244809-1,"FUEL CONTROL,MAIN,TURBINE ENGINE",PAMASP,REC,EM QUARENTENA,LEAP,191.0
2026-07-24,3040260754,3244809-1,"FUEL CONTROL,MAIN,TURBINE ENGINE",PAMASP,REC,EM QUARENTENA,LEAP,190.0
2026-07-24,3040260811,3034792,BOMBA DE COMBUSTÍVEL,BAPV,REC,,BABR,177.0
2026-07-24,3040260811,3034792,BOMBA DE COMBUSTÍVEL,BAPV,REC,,BABR,176.0
2026-07-24,3040260812,3034792,BOMBA DE COMBUSTÍVEL,BACG,OS concluída,,,
2026-07-24,3040260913,064-1054-30,RECEIVER-TRANSMITTER SUBASSEMBLY,EPCAR,REC,REPARADO,V1 PAMA-LS,179.0
2026-07-24,3040260913,064-1054-30,RECEIVER-TRANSMITTER SUBASSEMBLY,EPCAR,REC,REPARADO,V1 PAMA-LS,178.0
2026-07-24,3040260915,064-1054-30,RECEIVER-TRANSMITTER SUBASSEMBLY,PAMALS,REC,REPARADO,V1 PAMA-LS,179.0
2026-07-24,3040260915,064-1054-30,RECEIVER-TRANSMITTER SUBASSEMBLY,PAMALS,REC,REPARADO,V1 PAMA-LS,178.0
2026-07-24,3040260922,162-11800,WHEEL HALF ASSY-OUTER,PAMALS,OS concluída,,,
2026-07-24,3040260923,030-18200,MAIN WHEEL BRAKE,BACO,REC,REPARADO,VEE ONE,177.0
2026-07-24,3040260923,030-18200,MAIN WHEEL BRAKE,BACO,REC,REPARADO,VEE ONE,176.0
2026-07-24,3040261322,011-00831-00,"ENGINE INTERFA,SPEC",BAPV,REC,REPARADO,VEE ONE,164.0
2026-07-24,3040261322,011-00831-00,"ENGINE INTERFA,SPEC",BAPV,REC,REPARADO,VEE ONE,163.0
2026-07-24,3040261324,011-00882-10,"COMPUTER,AIR DATA",BAMN,OS concluída,,,
2026-07-24,3040261326,011-00882-10,"COMPUTER,AIR DATA",BAMN,OS concluída,,,
2026-07-24,3040261327,064-1054-30,RECEIVER-TRANSMITTER SUBASSEMBLY,PAMASP,REC,REPARADO,V1 PAMA-LS,164.0
2026-07-24,3040261327,064-1054-30,RECEIVER-TRANSMITTER SUBASSEMBLY,PAMASP,REC,REPARADO,V1 PAMA-LS,163.0
2026-07-24,3040261329,065-0061-36,ACTUATOR TRIM (KS272A),ALA 10,OS concluída,REPARADO,,
2026-07-24,3040261331,065-0061-36,ACTUATOR TRIM (KS272A),PAMASP,REC,,BABR,164.0
2026-07-24,3040261331,065-0061-36,ACTUATOR TRIM (KS272A),PAMASP,REC,,BABR,163.0
2026-07-24,3040261334,065-0065-01,SELECTOR ALT,BANT,REC,EM REPARO,WILLIAM,164.0
2026-07-24,3040261334,065-0065-01,SELECTOR ALT,BANT,REC,EM REPARO,WILLIAM,163.0
2026-07-24,3040261335,065-0065-01,SELECTOR ALT,BANT,REC,EM REPARO,WILLIAM,164.0
2026-07-24,3040261335,065-0065-01,SELECTOR ALT,BANT,REC,EM REPARO,WILLIAM,163.0
2026-07-24,3040261336,066-01141-0101,"RECEIVER,RADIO",BANT,REC,REPARADO,V1 PAMA-LS,164.0
2026-07-24,3040261336,066-01141-0101,"RECEIVER,RADIO",BANT,REC,REPARADO,V1 PAMA-LS,163.0
2026-07-24,3040261340,066-1053-00,"RECEIVER,RADIO",BASM,REC,REPARADO,V1 PAMA-LS,164.0
2026-07-24,3040261340,066-1053-00,"RECEIVER,RADIO",BASM,REC,REPARADO,V1 PAMA-LS,163.0
2026-07-24,3040261342,066-3084-02,COLOR RADAR INDICATOR,BABV,REC,EM REPARO,WILLIAM,164.0
2026-07-24,3040261342,066-3084-02,COLOR RADAR INDICATOR,BABV,REC,EM REPARO,WILLIAM,163.0
2026-07-24,3040261344,066-4010-12,RECEIVER VOR/LOC (KNS81),ALA 10,REC,EM REPARO,WILLIAM,164.0
2026-07-24,3040261344,066-4010-12,RECEIVER VOR/LOC (KNS81),ALA 10,REC,EM REPARO,WILLIAM,163.0
2026-07-24,3040261347,071-1234-00,ANTENNA ACCESSORY,ALA 1,REC,EM REPARO,WILLIAM,164.0
2026-07-24,3040261347,071-1234-00,ANTENNA ACCESSORY,ALA 1,REC,EM REPARO,WILLIAM,163.0
2026-07-24,3040261352,1134380-4,EVAPORATOR MODULE ASSY-RH,BAMN,REC,CONDENADO,VEE ONE,164.0
2026-07-24,3040261352,1134380-4,EVAPORATOR MODULE ASSY-RH,BAMN,REC,CONDENADO,VEE ONE,163.0
2026-07-24,3040261353,1H75-21,PRESSURE REGULATOR,BAMN,REC,,BAMN,164.0
2026-07-24,3040261353,1H75-21,PRESSURE REGULATOR,BAMN,REC,,BAMN,163.0
2026-07-24,3040261354,2643100-201,NOSE GEAR STRUT ASSY - TALL FORK,BANT,REC,EM REPARO,AV AERONAUTICA,164.0
2026-07-24,3040261354,2643100-201,NOSE GEAR STRUT ASSY - TALL FORK,BANT,REC,EM REPARO,AV AERONAUTICA,163.0
2026-07-24,3040261355,2643100-201,NOSE GEAR STRUT ASSY - TALL FORK,BABR,OS concluída,REPARADO,,
2026-07-24,3040261356,2670104-2,ANNUNCIATOR PANEL,PAMALS,REC,REPARADO,VEE ONE,164.0
2026-07-24,3040261356,2670104-2,ANNUNCIATOR PANEL,PAMALS,REC,REPARADO,VEE ONE,163.0
2026-07-24,3040261357,2682001-1,BRAKE CYL MAST,BABE,OS concluída,REPARADO,,
2026-07-24,3040261364,8210-002-01,GOVERNOR PROPELLER,PAMASP,REC,REPARADO,VEE ONE,164.0
2026-07-24,3040261364,8210-002-01,GOVERNOR PROPELLER,PAMASP,REC,REPARADO,VEE ONE,163.0
2026-07-24,3040261371,TFF2905-13,FUEL FLOW TRANSDUCER,ALA 8,REC,EM REPARO,WILLIAM,164.0
2026-07-24,3040261371,TFF2905-13,FUEL FLOW TRANSDUCER,ALA 8,REC,EM REPARO,WILLIAM,163.0
2026-07-24,3040261373,C661065-0240,AIRSPEED INDICATOR,BABE,REC,REPARADO,V1 PAMA-LS,164.0
2026-07-24,3040261373,C661065-0240,AIRSPEED INDICATOR,BABE,REC,REPARADO,V1 PAMA-LS,163.0
2026-07-24,3040261375,C661065-0240RX,"INDICATOR, AIRSPEED",BACG,REC,EM REPARO,WILLIAM,164.0
2026-07-24,3040261375,C661065-0240RX,"INDICATOR, AIRSPEED",BACG,REC,EM REPARO,WILLIAM,163.0
2026-07-24,3040261376,066-1061-03,RT RADAR ALTIM (KRA10A),PAMALS,REC,PARA REPARO,VEE ONE,164.0
2026-07-24,3040261376,066-1061-03,RT RADAR ALTIM (KRA10A),PAMALS,REC,PARA REPARO,VEE ONE,163.0
2026-07-24,3040261377,066-3054-01,INDICATOR RADAR ALTIMETER - TYPE KI250,PAMALS,REC,EM REPARO,WILLIAM,164.0
2026-07-24,3040261377,066-3054-01,INDICATOR RADAR ALTIMETER - TYPE KI250,PAMALS,REC,EM REPARO,WILLIAM,163.0
2026-07-24,3040261387,3034792,BOMBA DE COMBUSTÍVEL,BABR,OS concluída,REPARADO,,
2026-07-24,3040261388,3034792,BOMBA DE COMBUSTÍVEL,BABR,OS concluída,REPARADO,,
2026-07-24,3040261389,3034792,BOMBA DE COMBUSTÍVEL,PAMASP,REC,REPARADO,V1 PAMA-LS,164.0
2026-07-24,3040261389,3034792,BOMBA DE COMBUSTÍVEL,PAMASP,REC,REPARADO,V1 PAMA-LS,163.0
2026-07-24,3040261627,S3828-1,ALTIMETER,BAMN,REC,EM REPARO,WILLIAM,150.0
2026-07-24,3040261627,S3828-1,ALTIMETER,BAMN,REC,EM REPARO,WILLIAM,149.0
2026-07-24,3040261628,S3828-1,ALTIMETER,BABE,REC,REPARADO,V1 PAMA-LS,150.0
2026-07-24,3040261628,S3828-1,ALTIMETER,BABE,REC,REPARADO,V1 PAMA-LS,149.0
2026-07-24,3040261843,3034792,BOMBA DE COMBUSTÍVEL,PAMALS,REC,EM REPARO,VEE ONE,137.0
2026-07-24,3040261843,3034792,BOMBA DE COMBUSTÍVEL,PAMALS,REC,EM REPARO,VEE ONE,136.0
2026-07-24,3040261851,51539-012MRX,CONTROL UNIT ASSY-GENERATOR,BABE,REC,EM REPARO,VEE ONE,142.0
2026-07-24,3040261851,51539-012MRX,CONTROL UNIT ASSY-GENERATOR,BABE,REC,EM REPARO,VEE ONE,141.0
2026-07-24,3040261852,51539-012MRX,CONTROL UNIT ASSY-GENERATOR,BABE,REC,EM REPARO,VEE ONE,142.0
2026-07-24,3040261852,51539-012MRX,CONTROL UNIT ASSY-GENERATOR,BABE,REC,EM REPARO,VEE ONE,141.0
2026-07-24,3040262245,200SGL119Q-2,STARTER GENERATOR,BAMN,OS concluída,REPARADO,,
2026-07-24,3040262246,200SGL119Q-2,STARTER GENERATOR,BAMN,OS concluída,REPARADO,,
2026-07-24,3040262273,324843-W020,HEADSET-MICROPHONE,BABE,OS concluída,REPARADO,,
2026-07-24,3040262275,324843-W020,HEADSET-MICROPHONE,BANT,OS concluída,REPARADO,,
2026-07-24,3040262363,066-1055-00,AUDIO CONTROL PANEL,ALA 5,OS concluída,,,
2026-07-24,3040262367,066-1055-00,AUDIO CONTROL PANEL,ALA 9,REC,EM REPARO,WILLIAM,120.0
2026-07-24,3040262367,066-1055-00,AUDIO CONTROL PANEL,ALA 9,REC,EM REPARO,WILLIAM,119.0
2026-07-24,3040262368,066-1055-00,AUDIO CONTROL PANEL,CLA,OS concluída,,,
2026-07-24,3040262371,51539-012N,CONTROL UNIT ASSY-GENERATOR,BANT,REC,REPARADO,V1 PAMA-LS,120.0
2026-07-24,3040262371,51539-012N,CONTROL UNIT ASSY-GENERATOR,BANT,REC,REPARADO,V1 PAMA-LS,119.0
2026-07-24,3040262372,51539-012M,CONTROL UNIT ASSY-GENERATOR,BANT,REC,,V1 PAMA-LS,120.0
2026-07-24,3040262372,51539-012M,CONTROL UNIT ASSY-GENERATOR,BANT,REC,,V1 PAMA-LS,119.0
2026-07-24,3040262419,065-0061-36,ACTUATOR TRIM (KS272A),ALA 9,REC,EM REPARO,WILLIAM,115.0
2026-07-24,3040262419,065-0061-36,ACTUATOR TRIM (KS272A),ALA 9,REC,EM REPARO,WILLIAM,114.0
2026-07-24,3040262630,161-11700,INNER WHEEL HALF ASSY,BANT,REC,REPARADO,VEE ONE,102.0
2026-07-24,3040262630,161-11700,INNER WHEEL HALF ASSY,BANT,REC,REPARADO,VEE ONE,101.0
2026-07-24,3040262632,161-12800,WHEEL HALF ASSY-INNER,BANT,OS concluída,REPARADO,VEE ONE,
2026-07-24,3040262633,161-12800,WHEEL HALF ASSY-INNER,BANT,REC,REPARADO,VEE ONE,102.0
2026-07-24,3040262633,161-12800,WHEEL HALF ASSY-INNER,BANT,REC,REPARADO,VEE ONE,101.0
2026-07-24,3040262634,162-10700,OUTER WHEEL HALF ASSY,BANT,REC,REPARADO,VEE ONE,102.0
2026-07-24,3040262634,162-10700,OUTER WHEEL HALF ASSY,BANT,REC,REPARADO,VEE ONE,101.0
2026-07-24,3040262635,162-11800,WHEEL HALF ASSY-OUTER,EPCAR,REC,REPARADO,VEE ONE,102.0
2026-07-24,3040262635,162-11800,WHEEL HALF ASSY-OUTER,EPCAR,REC,REPARADO,VEE ONE,101.0
2026-07-24,3040262636,162-11800,WHEEL HALF ASSY-OUTER,BANT,REC,REPARADO,VEE ONE,102.0
2026-07-24,3040262636,162-11800,WHEEL HALF ASSY-OUTER,BANT,REC,REPARADO,VEE ONE,101.0
2026-07-24,3040262637,162-11800,WHEEL HALF ASSY-OUTER,BANT,REC,REPARADO,VEE ONE,102.0
2026-07-24,3040262637,162-11800,WHEEL HALF ASSY-OUTER,BANT,REC,REPARADO,VEE ONE,101.0
2026-07-24,3040262638,200SGL119Q,STARTER GENERATOR,PAMALS,REC,EM REPARO,AV AERONAUTICA,102.0
2026-07-24,3040262638,200SGL119Q,STARTER GENERATOR,PAMALS,REC,EM REPARO,AV AERONAUTICA,101.0
2026-07-24,3040262639,200SGL119Q,STARTER GENERATOR,PAMASP,OS concluída,,PAMA-LS,
2026-07-24,3040262646,200SGL119Q,STARTER GENERATOR,PAMASP,OS concluída,,,
2026-07-24,3040262706,2641011-5,AXLE-MAIN GEAR,BAMN,REC,,BANT,102.0
2026-07-24,3040262706,2641011-5,AXLE-MAIN GEAR,BAMN,REC,,BANT,101.0
2026-07-24,3040262707,2641011-5,AXLE-MAIN GEAR,BABV,REC,REPARADO,VEE ONE,102.0
2026-07-24,3040262707,2641011-5,AXLE-MAIN GEAR,BABV,REC,REPARADO,VEE ONE,101.0
2026-07-24,3040262708,2641011-5,AXLE-MAIN GEAR,PAMALS,REC,,BANT,102.0
2026-07-24,3040262708,2641011-5,AXLE-MAIN GEAR,PAMALS,REC,,BANT,101.0
2026-07-24,3040262709,2641011-5,AXLE-MAIN GEAR,PAMALS,REC,,BANT,102.0
2026-07-24,3040262709,2641011-5,AXLE-MAIN GEAR,PAMALS,REC,,BANT,101.0
2026-07-24,3040262711,2641011-5,AXLE-MAIN GEAR,BABR,REC,,BANT,102.0
2026-07-24,3040262711,2641011-5,AXLE-MAIN GEAR,BABR,REC,,BANT,101.0
2026-07-24,3040262712,2641011-5,AXLE-MAIN GEAR,BABR,REC,,BANT,102.0
2026-07-24,3040262712,2641011-5,AXLE-MAIN GEAR,BABR,REC,,BANT,101.0
2026-07-24,3040262713,2641011-5,AXLE-MAIN GEAR,BAPV,REC,REPARADO,VEE ONE,102.0
2026-07-24,3040262713,2641011-5,AXLE-MAIN GEAR,BAPV,REC,REPARADO,VEE ONE,101.0
2026-07-24,3040262714,2641011-5,AXLE-MAIN GEAR,BAPV,REC,,BANT,102.0
2026-07-24,3040262714,2641011-5,AXLE-MAIN GEAR,BAPV,REC,,BANT,101.0
2026-07-24,3040262717,2641011-5,AXLE-MAIN GEAR,BANT,REC,REPARADO,VEE ONE,102.0
2026-07-24,3040262717,2641011-5,AXLE-MAIN GEAR,BANT,REC,REPARADO,VEE ONE,101.0
2026-07-24,3040262734,C352,PORTABLE HALON FIRE EXTINGUISHERS,ALA 5,REC,EM REPARO,AV AERONAUTICA,102.0
2026-07-24,3040262734,C352,PORTABLE HALON FIRE EXTINGUISHERS,ALA 5,REC,EM REPARO,AV AERONAUTICA,101.0
2026-07-24,3040262738,C352TS,"EXTINGUISHER,FIRE",BANT,REC,,PROCURANDO,102.0
2026-07-24,3040262738,C352TS,"EXTINGUISHER,FIRE",BANT,REC,,PROCURANDO,101.0
2026-07-24,3040262739,C352TS,"EXTINGUISHER,FIRE",BANT,REC,,PROCURANDO,102.0
2026-07-24,3040262739,C352TS,"EXTINGUISHER,FIRE",BANT,REC,,PROCURANDO,101.0
2026-07-24,3040262740,C352TS,"EXTINGUISHER,FIRE",PAMALS,REC,,PROCURANDO,102.0
2026-07-24,3040262740,C352TS,"EXTINGUISHER,FIRE",PAMALS,REC,,PROCURANDO,101.0
2026-07-24,3040262744,3244809-1A,F.C.U,PAMALS,REC,EM REPARO,LEAP,102.0
2026-07-24,3040262744,3244809-1A,F.C.U,PAMALS,REC,EM REPARO,LEAP,101.0
2026-07-24,3040262745,064-1019-05,VHF TRANSCEIVE KY196,EEAR,REC,EM REPARO,VEE ONE,102.0
2026-07-24,3040262745,064-1019-05,VHF TRANSCEIVE KY196,EEAR,REC,EM REPARO,VEE ONE,101.0
2026-07-24,3040262746,066-1070-01,TRANSCEIVER DME (KN63),BABE,REC,EM REPARO,WILLIAM,102.0
2026-07-24,3040262746,066-1070-01,TRANSCEIVER DME (KN63),BABE,REC,EM REPARO,WILLIAM,101.0
2026-07-24,3040262747,066-1072-00,RECEIVER ADF (KING KR87),ALA 7,REC,EM REPARO,WILLIAM,102.0
2026-07-24,3040262747,066-1072-00,RECEIVER ADF (KING KR87),ALA 7,REC,EM REPARO,WILLIAM,101.0
2026-07-24,3040262748,066-3046-07,"CONTROL,INDICATOR",BABR,REC,,BANT,102.0
2026-07-24,3040262748,066-3046-07,"CONTROL,INDICATOR",BABR,REC,,BANT,101.0
2026-07-24,3040262757,2606015-2,IND OIL TEMP/P,PAMALS,REC,EM REPARO,VEE ONE,102.0
2026-07-24,3040262757,2606015-2,IND OIL TEMP/P,PAMALS,REC,EM REPARO,VEE ONE,101.0
2026-07-24,3040262758,9910338-4,FUEL TOTALIZER INDICATOR,PAMALS,REC,EM REPARO,VEE ONE,102.0
2026-07-24,3040262758,9910338-4,FUEL TOTALIZER INDICATOR,PAMALS,REC,EM REPARO,VEE ONE,101.0
2026-07-24,3040262759,9910338-6,"TRANSMITTER,RATE OF FLOW",BAMN,REC,EM REPARO,WILLIAM,102.0
2026-07-24,3040262759,9910338-6,"TRANSMITTER,RATE OF FLOW",BAMN,REC,EM REPARO,WILLIAM,101.0
2026-07-24,3040262760,9910338-6,"TRANSMITTER,RATE OF FLOW",BANT,REC,EM REPARO,VEE ONE,102.0
2026-07-24,3040262760,9910338-6,"TRANSMITTER,RATE OF FLOW",BANT,REC,EM REPARO,VEE ONE,101.0
2026-07-24,3040262765,011-00883-20,RADAR GWX 68 WEATHER,BAMN,REC,EM REPARO,VEE ONE,102.0
2026-07-24,3040262765,011-00883-20,RADAR GWX 68 WEATHER,BAMN,REC,EM REPARO,VEE ONE,101.0
2026-07-24,3040262766,011-00883-20,RADAR GWX 68 WEATHER,BAMN,OS concluída,EM REPARO,VEE ONE,
2026-07-24,3040262767,066-3046-07,"CONTROL,INDICATOR",EEAR,REC,EM REPARO,LEAP,102.0
2026-07-24,3040262767,066-3046-07,"CONTROL,INDICATOR",EEAR,REC,EM REPARO,LEAP,101.0
2026-07-24,3040262768,066-3046-07,"CONTROL,INDICATOR",EEAR,REC,EM REPARO,LEAP,102.0
2026-07-24,3040262768,066-3046-07,"CONTROL,INDICATOR",EEAR,REC,EM REPARO,LEAP,101.0
2026-07-24,3040262769,066-3046-07,"CONTROL,INDICATOR",BABR,REC,,BANT,102.0
2026-07-24,3040262769,066-3046-07,"CONTROL,INDICATOR",BABR,REC,,BANT,101.0
2026-07-24,3040262770,011-01020-10,AFCS MODE CONTROLLER GMC 710,BAMN,REC,EM REPARO,WILLIAM,102.0
2026-07-24,3040262770,011-01020-10,AFCS MODE CONTROLLER GMC 710,BAMN,REC,EM REPARO,WILLIAM,101.0
2026-07-24,3040262772,011-01020-10,AFCS MODE CONTROLLER GMC 710,BAMN,REC,EM REPARO,WILLIAM,102.0
2026-07-24,3040262772,011-01020-10,AFCS MODE CONTROLLER GMC 710,BAMN,REC,EM REPARO,WILLIAM,101.0
2026-07-24,3040262773,011-01020-10,AFCS MODE CONTROLLER GMC 710,BAMN,REC,EM REPARO,WILLIAM,102.0
2026-07-24,3040262773,011-01020-10,AFCS MODE CONTROLLER GMC 710,BAMN,REC,EM REPARO,WILLIAM,101.0
2026-07-24,3040262791,066-3060-00,IND RMI KNI582,BANT,REC,EM REPARO,LEAP,102.0
2026-07-24,3040262791,066-3060-00,IND RMI KNI582,BANT,REC,EM REPARO,LEAP,101.0
2026-07-24,3040262792,066-3060-00,IND RMI KNI582,BANT,REC,EM REPARO,LEAP,102.0
2026-07-24,3040262792,066-3060-00,IND RMI KNI582,BANT,REC,EM REPARO,LEAP,101.0
2026-07-24,3040262966,2682001-1,BRAKE CYL MAST,BACO,OS concluída,,PAMA-LS,
2026-07-24,3040262967,2682001-1,BRAKE CYL MAST,PAMALS,REC,REPARADO,V1 PAMA-LS,100.0
2026-07-24,3040262967,2682001-1,BRAKE CYL MAST,PAMALS,REC,REPARADO,V1 PAMA-LS,99.0
2026-07-24,3040262968,2682001-1,BRAKE CYL MAST,BANT,OS concluída,,PAMA-LS,
2026-07-24,3040262969,2682001-1,BRAKE CYL MAST,BABE,REC,REPARADO,V1 PAMA-LS,100.0
2026-07-24,3040262969,2682001-1,BRAKE CYL MAST,BABE,REC,REPARADO,V1 PAMA-LS,99.0
2026-07-24,3040263069,453-5060,ELT C406-N,BABE,OS concluída,,,
2026-07-24,3040263283,D145-00-46-2,FLAP ACTUATOR ASSY,PAMALS,REC,EM REPARO,LEAP,85.0
2026-07-24,3040263283,D145-00-46-2,FLAP ACTUATOR ASSY,PAMALS,REC,EM REPARO,LEAP,84.0
2026-07-24,3040263284,D145-00-46-2,FLAP ACTUATOR ASSY,BAFL,REC,EM REPARO,LEAP,85.0
2026-07-24,3040263284,D145-00-46-2,FLAP ACTUATOR ASSY,BAFL,REC,EM REPARO,LEAP,84.0
2026-07-24,3040263286,C661065-0237,AIRSPEED INDICATOR,BANT,REC,DEVOLVIDO NO ESTADO,WILLIAM,85.0
2026-07-24,3040263286,C661065-0237,AIRSPEED INDICATOR,BANT,REC,DEVOLVIDO NO ESTADO,WILLIAM,84.0
2026-07-24,3040263287,C661065-0237,AIRSPEED INDICATOR,BABR,REC,REPARADO,VEE ONE,85.0
2026-07-24,3040263287,C661065-0237,AIRSPEED INDICATOR,BABR,REC,REPARADO,VEE ONE,84.0
2026-07-24,3040263288,C661065-0237,AIRSPEED INDICATOR,PAMASP,REC,REPARADO,VEE ONE,85.0
2026-07-24,3040263288,C661065-0237,AIRSPEED INDICATOR,PAMASP,REC,REPARADO,VEE ONE,84.0
2026-07-24,3040263314,060-0017-00,FLIGHT DIR HOR,EEAR,REC,EM REPARO,LEAP,85.0
2026-07-24,3040263314,060-0017-00,FLIGHT DIR HOR,EEAR,REC,EM REPARO,LEAP,84.0
2026-07-24,3040263315,060-0017-00,FLIGHT DIR HOR,BACG,OS concluída,,BABR,
2026-07-24,3040263316,060-0017-00,FLIGHT DIR HOR,BANT,REC,,BANT,85.0
2026-07-24,3040263316,060-0017-00,FLIGHT DIR HOR,BANT,REC,,BANT,84.0
2026-07-24,3040263317,060-0017-00,FLIGHT DIR HOR,PAMASP,REC,,BANT,85.0
2026-07-24,3040263317,060-0017-00,FLIGHT DIR HOR,PAMASP,REC,,BANT,84.0
2026-07-24,3040263319,066-1055-00,AUDIO CONTROL PANEL,BABE,REC,REPARADO,VEE ONE,85.0
2026-07-24,3040263319,066-1055-00,AUDIO CONTROL PANEL,BABE,REC,REPARADO,VEE ONE,84.0
2026-07-24,3040263320,066-1055-00,AUDIO CONTROL PANEL,PAMALS,REC,EM REPARO,AV AERONAUTICA,85.0
2026-07-24,3040263320,066-1055-00,AUDIO CONTROL PANEL,PAMALS,REC,EM REPARO,AV AERONAUTICA,84.0
2026-07-24,3040263322,066-1055-00,AUDIO CONTROL PANEL,ALA 9,REC,EM REPARO,WILLIAM,85.0
2026-07-24,3040263322,066-1055-00,AUDIO CONTROL PANEL,ALA 9,REC,EM REPARO,WILLIAM,84.0
2026-07-24,3040263324,069-01033-0101,"RECEIVER-TRANSMITTER,RADIO",PAMALS,REC,EM REPARO,LEAP,85.0
2026-07-24,3040263324,069-01033-0101,"RECEIVER-TRANSMITTER,RADIO",PAMALS,REC,EM REPARO,LEAP,84.0
2026-07-24,3040263325,069-01033-0101,"RECEIVER-TRANSMITTER,RADIO",PAMALS,REC,,PROCURANDO,85.0
2026-07-24,3040263325,069-01033-0101,"RECEIVER-TRANSMITTER,RADIO",PAMALS,REC,,PROCURANDO,84.0
2026-07-24,3040263326,069-01033-0101,"RECEIVER-TRANSMITTER,RADIO",PAMALS,REC,,BANT,85.0
2026-07-24,3040263326,069-01033-0101,"RECEIVER-TRANSMITTER,RADIO",PAMALS,REC,,BANT,84.0
2026-07-24,3040263327,C661064-0237,AIRSPEED INDICATOR,BABR,REC,EM REPARO,WILLIAM,85.0
2026-07-24,3040263327,C661064-0237,AIRSPEED INDICATOR,BABR,REC,EM REPARO,WILLIAM,84.0
2026-07-24,3040263328,C661064-0237,AIRSPEED INDICATOR,BABR,REC,EM REPARO,WILLIAM,85.0
2026-07-24,3040263328,C661064-0237,AIRSPEED INDICATOR,BABR,REC,EM REPARO,WILLIAM,84.0
2026-07-24,3040263329,C661064-0237,AIRSPEED INDICATOR,PAMALS,REC,EM REPARO,WILLIAM,85.0
2026-07-24,3040263329,C661064-0237,AIRSPEED INDICATOR,PAMALS,REC,EM REPARO,WILLIAM,84.0
2026-07-24,3040263330,C661064-0237,AIRSPEED INDICATOR,PAMALS,REC,EM REPARO,WILLIAM,85.0
2026-07-24,3040263330,C661064-0237,AIRSPEED INDICATOR,PAMALS,REC,EM REPARO,WILLIAM,84.0
2026-07-24,3040263331,C661064-0237,AIRSPEED INDICATOR,PAMALS,REC,VAI SER DEVOLVIDO SEM REPARO,WILLIAM,85.0
2026-07-24,3040263331,C661064-0237,AIRSPEED INDICATOR,PAMALS,REC,VAI SER DEVOLVIDO SEM REPARO,WILLIAM,84.0
2026-07-24,3040263332,011-00916-10,"DISPLAY UNIT,FLIGHT INFORMATION",BAMN,REC,EM REPARO,WILLIAM,85.0
2026-07-24,3040263332,011-00916-10,"DISPLAY UNIT,FLIGHT INFORMATION",BAMN,REC,EM REPARO,WILLIAM,84.0
2026-07-24,3040263333,011-00916-10,"DISPLAY UNIT,FLIGHT INFORMATION",BACO,REC,EM REPARO,WILLIAM,85.0
2026-07-24,3040263333,011-00916-10,"DISPLAY UNIT,FLIGHT INFORMATION",BACO,REC,EM REPARO,WILLIAM,84.0
2026-07-24,3040263334,011-00916-10,"DISPLAY UNIT,FLIGHT INFORMATION",BACO,REC,VAI SER DEVOLVIDO SEM REPARO,WILLIAM,85.0
2026-07-24,3040263334,011-00916-10,"DISPLAY UNIT,FLIGHT INFORMATION",BACO,REC,VAI SER DEVOLVIDO SEM REPARO,WILLIAM,84.0
2026-07-24,3040263335,C611008-0101,ALTERNATOR CONTROL UNIT,PAMALS,REC,EM REPARO,AV AERONAUTICA,85.0
2026-07-24,3040263335,C611008-0101,ALTERNATOR CONTROL UNIT,PAMALS,REC,EM REPARO,AV AERONAUTICA,84.0
2026-07-24,3040263336,C611008-0101,ALTERNATOR CONTROL UNIT,PAMALS,REC,EM REPARO,AV AERONAUTICA,85.0
2026-07-24,3040263336,C611008-0101,ALTERNATOR CONTROL UNIT,PAMALS,REC,EM REPARO,AV AERONAUTICA,84.0
2026-07-24,3040263338,C611008-0101,ALTERNATOR CONTROL UNIT,PAMALS,REC,REPARADO,V1 PAMA-LS,85.0
2026-07-24,3040263338,C611008-0101,ALTERNATOR CONTROL UNIT,PAMALS,REC,REPARADO,V1 PAMA-LS,84.0
2026-07-24,3040263415,069-01033-0101,"RECEIVER-TRANSMITTER,RADIO",BABR,REC,,BANT,79.0
2026-07-24,3040263415,069-01033-0101,"RECEIVER-TRANSMITTER,RADIO",BABR,REC,,BANT,78.0
2026-07-24,3040263416,069-01033-0101,"RECEIVER-TRANSMITTER,RADIO",BASM,REC,EM REPARO,WILLIAM,79.0
2026-07-24,3040263416,069-01033-0101,"RECEIVER-TRANSMITTER,RADIO",BASM,REC,EM REPARO,WILLIAM,78.0
2026-07-24,3040263417,069-01033-0101,"RECEIVER-TRANSMITTER,RADIO",PAMALS,REC,EM REPARO,WILLIAM,79.0
2026-07-24,3040263417,069-01033-0101,"RECEIVER-TRANSMITTER,RADIO",PAMALS,REC,EM REPARO,WILLIAM,78.0
2026-07-24,3040263433,066-03064-0005,"ALTIMETER,SERVO CONTROLLED,AUTOMATIC PRESSURE",BACG,REC,EM REPARO,WILLIAM,79.0
2026-07-24,3040263433,066-03064-0005,"ALTIMETER,SERVO CONTROLLED,AUTOMATIC PRESSURE",BACG,REC,EM REPARO,WILLIAM,78.0
2026-07-24,3040263434,066-03064-0005,"ALTIMETER,SERVO CONTROLLED,AUTOMATIC PRESSURE",PAMASP,REC,VAI SER DEVOLVIDO SEM REPARO,WILLIAM,79.0
2026-07-24,3040263434,066-03064-0005,"ALTIMETER,SERVO CONTROLLED,AUTOMATIC PRESSURE",PAMASP,REC,VAI SER DEVOLVIDO SEM REPARO,WILLIAM,78.0
2026-07-24,3040263435,066-03064-0005,"ALTIMETER,SERVO CONTROLLED,AUTOMATIC PRESSURE",BANT,REC,EM REPARO,WILLIAM,79.0
2026-07-24,3040263435,066-03064-0005,"ALTIMETER,SERVO CONTROLLED,AUTOMATIC PRESSURE",BANT,REC,EM REPARO,WILLIAM,78.0
2026-07-24,3040263443,3244897-4,FUEL CONTROL UNIT,PAMALS,REC,EM REPARO,LEAP,78.0
2026-07-24,3040263443,3244897-4,FUEL CONTROL UNIT,PAMALS,REC,EM REPARO,LEAP,77.0
2026-07-24,3040263444,3244897-4,FUEL CONTROL UNIT,PAMALS,REC,EM REPARO,LEAP,78.0
2026-07-24,3040263444,3244897-4,FUEL CONTROL UNIT,PAMALS,REC,EM REPARO,LEAP,77.0
2026-07-24,3040263447,066-3046-07,"CONTROL,INDICATOR",CLA,REC,,BABR,79.0
2026-07-24,3040263447,066-3046-07,"CONTROL,INDICATOR",CLA,REC,,BABR,78.0
2026-07-24,3040263448,2618510-10,ALTERNATOR CONTROL UNIT ASSY,BABE,REC,EM REPARO,WILLIAM,73.0
2026-07-24,3040263448,2618510-10,ALTERNATOR CONTROL UNIT ASSY,BABE,REC,EM REPARO,WILLIAM,72.0
2026-07-24,3040263449,2618510-10,ALTERNATOR CONTROL UNIT ASSY,PAMALS,REC,EM REPARO,WILLIAM,73.0
2026-07-24,3040263449,2618510-10,ALTERNATOR CONTROL UNIT ASSY,PAMALS,REC,EM REPARO,WILLIAM,72.0
2026-07-24,3040263571,066-3084-32,IND RDR 2000 IN-182A,PAMALS,REC,EM REPARO,WILLIAM,73.0
2026-07-24,3040263571,066-3084-32,IND RDR 2000 IN-182A,PAMALS,REC,EM REPARO,WILLIAM,72.0
2026-07-24,3040263572,066-3084-32,IND RDR 2000 IN-182A,PAMALS,REC,EM REPARO,WILLIAM,73.0
2026-07-24,3040263572,066-3084-32,IND RDR 2000 IN-182A,PAMALS,REC,EM REPARO,WILLIAM,72.0
2026-07-24,3040263573,066-3084-32,IND RDR 2000 IN-182A,PAMALS,REC,,BABR,73.0
2026-07-24,3040263573,066-3084-32,IND RDR 2000 IN-182A,PAMALS,REC,,BABR,72.0
2026-07-24,3040263574,066-1072-04,"RECEIVER,RADIO",BABE,REC,EM REPARO,WILLIAM,73.0
2026-07-24,3040263574,066-1072-04,"RECEIVER,RADIO",BABE,REC,EM REPARO,WILLIAM,72.0
2026-07-24,3040263575,066-1072-04,"RECEIVER,RADIO",BABE,REC,EM REPARO,WILLIAM,73.0
2026-07-24,3040263575,066-1072-04,"RECEIVER,RADIO",BABE,REC,EM REPARO,WILLIAM,72.0
2026-07-24,3040263576,066-1072-04,"RECEIVER,RADIO",BAMN,OS concluída,DEVOLVIDO NO ESTADO,WILLIAM,
2026-07-24,3040263577,060-0015-00,"CONTROL,DIRECTIONAL,AUTOMATIC PILOT",ALA 5,REC,EM REPARO,WILLIAM,73.0
2026-07-24,3040263577,060-0015-00,"CONTROL,DIRECTIONAL,AUTOMATIC PILOT",ALA 5,REC,EM REPARO,WILLIAM,72.0
2026-07-24,3040263795,071-01519-0101,"RECEIVER-EXCITER,RADAR",PAMALS,REC,,PROCURANDO,56.0
2026-07-24,3040263795,071-01519-0101,"RECEIVER-EXCITER,RADAR",PAMALS,REC,,PROCURANDO,55.0
2026-07-24,3040263796,071-01519-0101,"RECEIVER-EXCITER,RADAR",PAMALS,REC,,PROCURANDO,56.0
2026-07-24,3040263796,071-01519-0101,"RECEIVER-EXCITER,RADAR",PAMALS,REC,,PROCURANDO,55.0
2026-07-24,3040263797,066-3046-07,"CONTROL,INDICATOR",BABE,REC,EM REPARO,WILLIAM,56.0
2026-07-24,3040263797,066-3046-07,"CONTROL,INDICATOR",BABE,REC,EM REPARO,WILLIAM,55.0
2026-07-24,3040263798,066-3046-07,"CONTROL,INDICATOR",PAMASP,REC,EM REPARO,WILLIAM,56.0
2026-07-24,3040263798,066-3046-07,"CONTROL,INDICATOR",PAMASP,REC,EM REPARO,WILLIAM,55.0
2026-07-24,3040263799,066-3046-07,"CONTROL,INDICATOR",PAMASP,REC,EM REPARO,WILLIAM,56.0
2026-07-24,3040263799,066-3046-07,"CONTROL,INDICATOR",PAMASP,REC,EM REPARO,WILLIAM,55.0
2026-07-24,3040263877,2641011-5,AXLE-MAIN GEAR,CLA,REC,EM REPARO,LEAP,63.0
2026-07-24,3040263877,2641011-5,AXLE-MAIN GEAR,CLA,REC,EM REPARO,LEAP,62.0
2026-07-24,3040263878,2641011-5,AXLE-MAIN GEAR,CLA,REC,EM REPARO,LEAP,63.0
2026-07-24,3040263878,2641011-5,AXLE-MAIN GEAR,CLA,REC,EM REPARO,LEAP,62.0
2026-07-24,3040264121,3244897-4,FUEL CONTROL UNIT,BABE,OS concluída,EM REPARO,LEAP,
2026-07-24,3040264122,3244809-8,"FUEL CONTROL,MAIN,TURBINE ENGINE",BABE,OS concluída,,BABR,
2026-07-24,3040264236,200SGL119Q-2,STARTER GENERATOR,BABE,REC,,BABE,56.0
2026-07-24,3040264236,200SGL119Q-2,STARTER GENERATOR,BABE,REC,,BABE,55.0
2026-07-24,3040264237,200SGL119Q-2,STARTER GENERATOR,BAMN,REC,EM REPARO,AV AERONAUTICA,56.0
2026-07-24,3040264237,200SGL119Q-2,STARTER GENERATOR,BAMN,REC,EM REPARO,AV AERONAUTICA,55.0
2026-07-24,3040264238,324843-2020,HEADSET-MICROPHONE,DACTA II,REC,EM REPARO,WILLIAM,56.0
2026-07-24,3040264238,324843-2020,HEADSET-MICROPHONE,DACTA II,REC,EM REPARO,WILLIAM,55.0
2026-07-24,3040264240,324843-2020,HEADSET-MICROPHONE,DACTA II,REC,EM REPARO,WILLIAM,56.0
2026-07-24,3040264240,324843-2020,HEADSET-MICROPHONE,DACTA II,REC,EM REPARO,WILLIAM,55.0
2026-07-24,3040264241,324843-2020,HEADSET-MICROPHONE,DACTA II,REC,EM REPARO,WILLIAM,56.0
2026-07-24,3040264241,324843-2020,HEADSET-MICROPHONE,DACTA II,REC,EM REPARO,WILLIAM,55.0
2026-07-24,3040264242,324843-2020,HEADSET-MICROPHONE,BABE,REC,EM REPARO,WILLIAM,56.0
2026-07-24,3040264242,324843-2020,HEADSET-MICROPHONE,BABE,REC,EM REPARO,WILLIAM,55.0
2026-07-24,3040264243,069-01033-0101,"RECEIVER-TRANSMITTER,RADIO",PAMALS,REC,EM REPARO,WILLIAM,56.0
2026-07-24,3040264243,069-01033-0101,"RECEIVER-TRANSMITTER,RADIO",PAMALS,REC,EM REPARO,WILLIAM,55.0
2026-07-24,3040264244,069-01033-0101,"RECEIVER-TRANSMITTER,RADIO",PAMASP,REC,EM REPARO,WILLIAM,56.0
2026-07-24,3040264244,069-01033-0101,"RECEIVER-TRANSMITTER,RADIO",PAMASP,REC,EM REPARO,WILLIAM,55.0
2026-07-24,3040264246,060-0017-00,FLIGHT DIR HOR,PAMALS,REC,EM REPARO,WILLIAM,56.0
2026-07-24,3040264246,060-0017-00,FLIGHT DIR HOR,PAMALS,REC,EM REPARO,WILLIAM,55.0
2026-07-24,3040264262,9910338-8,"INDICATOR,FUEL FLOW",BABV,REC,EM REPARO,WILLIAM,56.0
2026-07-24,3040264262,9910338-8,"INDICATOR,FUEL FLOW",BABV,REC,EM REPARO,WILLIAM,55.0
2026-07-24,3040264263,9910338-8,"INDICATOR,FUEL FLOW",PAMALS,OS concluída,,BABR,
2026-07-24,3040264264,324843-2020,HEADSET-MICROPHONE,DACTA II,REC,EM REPARO,WILLIAM,56.0
2026-07-24,3040264264,324843-2020,HEADSET-MICROPHONE,DACTA II,REC,EM REPARO,WILLIAM,55.0
2026-07-24,3040264572,060-0017-00,FLIGHT DIR HOR,PAMASP,REC,,,44.0
2026-07-24,3040264572,060-0017-00,FLIGHT DIR HOR,PAMASP,REC,,,43.0
2026-07-24,3040264573,060-0017-00,FLIGHT DIR HOR,BANT,REC,,,44.0
2026-07-24,3040264573,060-0017-00,FLIGHT DIR HOR,BANT,REC,,,43.0
2026-07-24,3040264574,060-0017-00,FLIGHT DIR HOR,BANT,REC,,,44.0
2026-07-24,3040264574,060-0017-00,FLIGHT DIR HOR,BANT,REC,,,43.0
2026-07-24,3040264576,060-0017-00,FLIGHT DIR HOR,PAMALS,REC,,,44.0
2026-07-24,3040264576,060-0017-00,FLIGHT DIR HOR,PAMALS,REC,,,43.0
2026-07-24,3040264577,060-0017-00,FLIGHT DIR HOR,PAMALS,REC,,,44.0
2026-07-24,3040264577,060-0017-00,FLIGHT DIR HOR,PAMALS,REC,,,43.0
2026-07-24,3040264579,060-0017-00,FLIGHT DIR HOR,BABR,OS concluída,,,
2026-07-24,3040264643,1H75-21,PRESSURE REGULATOR,PAMASP,REC,,,39.0
2026-07-24,3040264643,1H75-21,PRESSURE REGULATOR,PAMASP,REC,,,38.0
2026-07-24,3040264645,1H75-21,PRESSURE REGULATOR,PAMASP,REC,,,39.0
2026-07-24,3040264645,1H75-21,PRESSURE REGULATOR,PAMASP,REC,,,38.0
2026-07-24,3040264646,1H75-21,PRESSURE REGULATOR,PAMASP,REC,,,39.0
2026-07-24,3040264646,1H75-21,PRESSURE REGULATOR,PAMASP,REC,,,38.0
2026-07-24,3040264647,1H75-21,PRESSURE REGULATOR,BAMN,REC,,,39.0
2026-07-24,3040264647,1H75-21,PRESSURE REGULATOR,BAMN,REC,,,38.0
2026-07-24,3040264707,3244809-7,"FUEL CONTROL,MAIN,TURBINE ENGINE",BABE,REC,,,39.0
2026-07-24,3040264707,3244809-7,"FUEL CONTROL,MAIN,TURBINE ENGINE",BABE,REC,,,38.0
2026-07-24,3040264709,540-1407-4,"VALVE,BLEED,TURBINEENGINE",PAMASP,REC,,,39.0
2026-07-24,3040264709,540-1407-4,"VALVE,BLEED,TURBINEENGINE",PAMASP,REC,,,38.0
2026-07-24,3040264710,200SGL153Q,"STARTER-GENERATOR,ENGINE,AIRCRAFT",CLA,REC,,,39.0
2026-07-24,3040264710,200SGL153Q,"STARTER-GENERATOR,ENGINE,AIRCRAFT",CLA,REC,,,38.0
2026-07-24,3040264711,200SGL153Q,"STARTER-GENERATOR,ENGINE,AIRCRAFT",PAMASP,REC,,,39.0
2026-07-24,3040264711,200SGL153Q,"STARTER-GENERATOR,ENGINE,AIRCRAFT",PAMASP,REC,,,38.0
2026-07-24,3040264712,200SGL153Q,"STARTER-GENERATOR,ENGINE,AIRCRAFT",BACG,REC,,,39.0
2026-07-24,3040264712,200SGL153Q,"STARTER-GENERATOR,ENGINE,AIRCRAFT",BACG,REC,,,38.0
2026-07-24,3040264718,9910338-8,"INDICATOR,FUEL FLOW",PAMALS,REC,,,39.0
2026-07-24,3040264718,9910338-8,"INDICATOR,FUEL FLOW",PAMALS,REC,,,38.0
2026-07-24,3040264719,S3326-2,"INDICATOR,HORIZONTAL SITUATION",ALA 8,REC,,,39.0
2026-07-24,3040264719,S3326-2,"INDICATOR,HORIZONTAL SITUATION",ALA 8,REC,,,38.0
2026-07-24,3040264720,S3326-2,"INDICATOR,HORIZONTAL SITUATION",PAMALS,REC,,,39.0
2026-07-24,3040264720,S3326-2,"INDICATOR,HORIZONTAL SITUATION",PAMALS,REC,,,38.0
2026-07-24,3040264721,S3326-2,"INDICATOR,HORIZONTAL SITUATION",PAMASP,REC,,,39.0
2026-07-24,3040264721,S3326-2,"INDICATOR,HORIZONTAL SITUATION",PAMASP,REC,,,38.0
2026-07-24,3040264724,2606013-1AM,INDICADOR PERCENTUAL RPM,BABV,REC,,,39.0
2026-07-24,3040264724,2606013-1AM,INDICADOR PERCENTUAL RPM,BABV,REC,,,38.0
2026-07-24,3040264725,2606013-1AM,INDICADOR PERCENTUAL RPM,BABR,REC,,,39.0
2026-07-24,3040264725,2606013-1AM,INDICADOR PERCENTUAL RPM,BABR,REC,,,38.0
2026-07-24,3040264726,2606015-4,INDICATOR-OIL TEMP/OIL PRESS,BANT,REC,,,39.0
2026-07-24,3040264726,2606015-4,INDICATOR-OIL TEMP/OIL PRESS,BANT,REC,,,38.0
2026-07-24,3040264727,C661051-0201,GYRO HORIZON,ALA 10,REC,,,39.0
2026-07-24,3040264727,C661051-0201,GYRO HORIZON,ALA 10,REC,,,38.0
2026-07-24,3040264728,504-0111-906,GYRO HORIZON,PAMALS,REC,,,39.0
2026-07-24,3040264728,504-0111-906,GYRO HORIZON,PAMALS,REC,,,38.0
2026-07-24,3040264729,504-0111-906,GYRO HORIZON,BACG,REC,,,39.0
2026-07-24,3040264729,504-0111-906,GYRO HORIZON,BACG,REC,,,38.0
2026-07-24,3040264730,8210-003,"GOVERNOR,FUEL CONTROL",PAMASP,REC,,,39.0
2026-07-24,3040264730,8210-003,"GOVERNOR,FUEL CONTROL",PAMASP,REC,,,38.0
2026-07-24,3040264731,8210-002,"GOVERNOR,CONSTANT SPEED DRIVE",PAMASP,REC,,,39.0
2026-07-24,3040264731,8210-002,"GOVERNOR,CONSTANT SPEED DRIVE",PAMASP,REC,,,38.0
2026-07-24,3040264732,8210-002,"GOVERNOR,CONSTANT SPEED DRIVE",BAMN,REC,,,39.0
2026-07-24,3040264732,8210-002,"GOVERNOR,CONSTANT SPEED DRIVE",BAMN,REC,,,38.0
2026-07-24,3040264733,030-18200,MAIN WHEEL BRAKE,BAMN,REC,,,39.0
2026-07-24,3040264733,030-18200,MAIN WHEEL BRAKE,BAMN,REC,,,38.0
2026-07-24,3040264734,030-18200,MAIN WHEEL BRAKE,BAMN,REC,,,39.0
2026-07-24,3040264734,030-18200,MAIN WHEEL BRAKE,BAMN,REC,,,38.0
2026-07-24,3040264735,161-11700,INNER WHEEL HALF ASSY,PAMALS,REC,,,39.0
2026-07-24,3040264735,161-11700,INNER WHEEL HALF ASSY,PAMALS,REC,,,38.0
2026-07-24,3040264736,161-12800,WHEEL HALF ASSY-INNER,BABR,REC,,,39.0
2026-07-24,3040264736,161-12800,WHEEL HALF ASSY-INNER,BABR,REC,,,38.0
2026-07-24,3040264737,161-12800,WHEEL HALF ASSY-INNER,PAMALS,AUT,,,39.0
2026-07-24,3040264737,161-12800,WHEEL HALF ASSY-INNER,PAMALS,AUT,,,38.0
2026-07-24,3040264738,162-10700,OUTER WHEEL HALF ASSY,BACO,AUT,,,39.0
2026-07-24,3040264738,162-10700,OUTER WHEEL HALF ASSY,BACO,AUT,,,38.0
2026-07-24,3040264807,011-01105-01,INTEGRATED AVIONICS UNIT GIA63W,ALA 8,REC,,,31.0
2026-07-24,3040264807,011-01105-01,INTEGRATED AVIONICS UNIT GIA63W,ALA 8,REC,,,30.0
2026-07-24,3040264808,011-01105-01,INTEGRATED AVIONICS UNIT GIA63W,BAMN,REC,,,31.0
2026-07-24,3040264808,011-01105-01,INTEGRATED AVIONICS UNIT GIA63W,BAMN,REC,,,30.0
2026-07-24,3040264907,011-00916-10,"DISPLAY UNIT,FLIGHT INFORMATION",BAMN,REC,,,24.0
2026-07-24,3040264907,011-00916-10,"DISPLAY UNIT,FLIGHT INFORMATION",BAMN,REC,,,23.0
2026-07-24,3040264908,011-00916-10,"DISPLAY UNIT,FLIGHT INFORMATION",BABV,REC,,,24.0
2026-07-24,3040264908,011-00916-10,"DISPLAY UNIT,FLIGHT INFORMATION",BABV,REC,,,23.0
2026-07-24,3040264960,3034792,BOMBA DE COMBUSTÍVEL,CLA,REC,,,22.0
2026-07-24,3040264960,3034792,BOMBA DE COMBUSTÍVEL,CLA,REC,,,21.0
2026-07-24,3040264961,3244897-4,FUEL CONTROL UNIT,CLA,REC,,,22.0
2026-07-24,3040264961,3244897-4,FUEL CONTROL UNIT,CLA,REC,,,21.0
2026-07-24,3040264974,3244809-8,"FUEL CONTROL,MAIN,TURBINE ENGINE",BAMN,REC,,,22.0
2026-07-24,3040264974,3244809-8,"FUEL CONTROL,MAIN,TURBINE ENGINE",BAMN,REC,,,21.0
2026-07-24,3040265140,011-01020-10,AFCS MODE CONTROLLER GMC 710,BABE,REC,,,16.0
2026-07-24,3040265140,011-01020-10,AFCS MODE CONTROLLER GMC 710,BABE,REC,,,15.0
2026-07-24,3040265144,011-01020-10,AFCS MODE CONTROLLER GMC 710,BABE,REC,,,16.0
2026-07-24,3040265144,011-01020-10,AFCS MODE CONTROLLER GMC 710,BABE,REC,,,15.0
2026-07-25,3040249831,066-01141-5101,"RECEIVER-TRANSMITTER,RADIO (KT71)",PAMALS,REC,EM REPARO,LEAP,530.0
2026-07-25,3040250234,3034792,BOMBA DE COMBUSTÍVEL,PAMALS,REC,,BANT,514.0
2026-07-25,3040250248,452-0133,"BATTERY,NONRECHARGEABLE",BABR,REC,CONDENADO,VEE ONE,514.0
2026-07-25,3040250249,452-0133,"BATTERY,NONRECHARGEABLE",BAMN,REC,CONDENADO,VEE ONE,514.0
2026-07-25,3040250716,030-18200,MAIN WHEEL BRAKE,BABV,REC,EM REPARO,LEAP,492.0
2026-07-25,3040250717,030-18200,MAIN WHEEL BRAKE,BACO,OS concluída,REPARADO,,
2026-07-25,3040250718,030-18200,MAIN WHEEL BRAKE,BACO,OS concluída,REPARADO,,
2026-07-25,3040250719,060-0017-00,FLIGHT DIR HOR,PAMALS,REC,,BANT,492.0
2026-07-25,3040250720,060-0017-00,FLIGHT DIR HOR,BABV,OS concluída,REPARADO,,
2026-07-25,3040250721,060-0017-00,FLIGHT DIR HOR,BANT,OS concluída,REPARADO,,
2026-07-25,3040250722,066-01141-5101,"RECEIVER-TRANSMITTER,RADIO (KT71)",ALA 9,REC,EM REPARO,WILLIAM,492.0
2026-07-25,3040250723,066-01141-5101,"RECEIVER-TRANSMITTER,RADIO (KT71)",CLA,REC,,BABR,492.0
2026-07-25,3040250724,066-04035-1101,"DISPLAY UNIT,RADAR",PAMALS,REC,,BANT,492.0
2026-07-25,3040250725,066-3046-07,"CONTROL,INDICATOR",ALA 10,OS concluída,REPARADO,,
2026-07-25,3040250732,069-1025-25,"RECEIVER-TRANSMITTER,RADIO - KX165",PAMALS,REC,EM REPARO,WILLIAM,492.0
2026-07-25,3040250773,161-11700,INNER WHEEL HALF ASSY,EEAR,REC,,BACG,492.0
2026-07-25,3040250775,161-11700,INNER WHEEL HALF ASSY,BABE,OS concluída,CONDENADO,,
2026-07-25,3040250776,161-12800,WHEEL HALF ASSY-INNER,BABE,OS concluída,CONDENADO,,
2026-07-25,3040250778,161-12800,WHEEL HALF ASSY-INNER,BACG,OS concluída,REPARADO,,
2026-07-25,3040250780,162-11800,WHEEL HALF ASSY-OUTER,PAMALS,OS concluída,,,
2026-07-25,3040250781,162-11800,WHEEL HALF ASSY-OUTER,BACG,OS concluída,,,
2026-07-25,3040250782,2606012-1,INDICATOR-INTER-TURBINE TEMPERATURE,ALA 9,OS concluída,,,
2026-07-25,3040250789,2641012-14,TRUNNION ASSY-RH-MAIN GEAR,PAMASP,OS concluída,CONDENADO,,
2026-07-25,3040250790,2643031-7,"FORK ASSY,NOSE GEAR SPRING",BAMN,OS concluída,CONDENADO,,
2026-07-25,3040250791,2643090-1,SHIMMY DAMPENE,BANT,REC,EM REPARO,AV AERONAUTICA,492.0
2026-07-25,3040250792,2643090-1,SHIMMY DAMPENE,BAMN,REC,REPARADO,V1 PAMA-LS,492.0
2026-07-25,3040250793,2643099-4,"SUPPORT ASSY FOWARD, NLG SPRING",BAMN,OS concluída,CONDENADO,,
2026-07-25,3040250798,30994-001,BATTERY-MARATHON TSP410 NICAD,BANT,OS concluída,CONDENADO,AMA - VEE ONE,
2026-07-25,3040250816,453-5060,"BEACON,DISTRESS",BAMN,REC,,PAMA-LS,492.0
2026-07-25,3040250827,51539-012N,CONTROL UNIT ASSY-GENERATOR,BANT,REC,,BABR,492.0
2026-07-25,3040250828,51539-012N,CONTROL UNIT ASSY-GENERATOR,BACG,REC,,BABR,492.0
2026-07-25,3040250829,51539-012N,CONTROL UNIT ASSY-GENERATOR,BAMN,OS concluída,,,
2026-07-25,3040250830,799-1,TRANSDUCER,BACO,REC,,BANT,492.0
2026-07-25,3040250831,799-1,TRANSDUCER,BANT,REC,,BANT,492.0
2026-07-25,3040250832,9910338-4,FUEL TOTALIZER INDICATOR,EEAR,REC,,PAMA-LS,492.0
2026-07-25,3040250833,9910586-4,FLAP ACTUATOR AND MOTOR ASSEMBLY,ALA 3,REC,,BAMN,492.0
2026-07-25,3040250834,9910586-4,FLAP ACTUATOR AND MOTOR ASSEMBLY,ALA 3,OS concluída,CONDENADO,,
2026-07-25,3040250835,ASG12000-2,ALTERNATOR,ALA 5,REC,REPARADO,V1 PAMA-LS,492.0
2026-07-25,3040250841,C661030-0301,TURN BANK,PAMALS,REC,EM REPARO,LEAP,492.0
2026-07-25,3040250842,C662041-0102,INDICATOR FUEL,ALA 5,REC,,PAMA-LS,492.0
2026-07-25,3040250843,C662041-0102,INDICATOR FUEL,ALA 10,OS concluída,REPARADO,,
2026-07-25,3040250844,C662041-0102,INDICATOR FUEL,ALA 9,REC,,PAMA-LS,492.0
2026-07-25,3040252159,011-00916-00,DISPLAY UNIT GDU 1040A,BAMN,REC,,BAMN,459.0
2026-07-25,3040252160,011-01020-10,AFCS MODE CONTROLLER GMC 710,BAMN,OS concluída,,,
2026-07-25,3040252161,065-0042-03,COMPUTER PA,ALA 10,REC,EM REPARO,WILLIAM,459.0
2026-07-25,3040252162,065-0042-03,COMPUTER PA,EEAR,REC,,BABE,459.0
2026-07-25,3040252164,065-0042-03,COMPUTER PA,EEAR,REC,EM REPARO,WILLIAM,459.0
2026-07-25,3040252165,065-0042-03,COMPUTER PA,PAMALS,OS concluída,,,
2026-07-25,3040252166,065-0059-01,SERVO PITCH,EEAR,REC,EM REPARO,WILLIAM,459.0
2026-07-25,3040252168,066-03064-0005,"ALTIMETER,SERVO CONTROLLED,AUTOMATIC PRESSURE",ALA 9,OS concluída,REPARADO,,
2026-07-25,3040252170,066-03064-0005,"ALTIMETER,SERVO CONTROLLED,AUTOMATIC PRESSURE",ALA 7,REC,NO ESTADO,VEE ONE,459.0
2026-07-25,3040252172,066-03064-0005,"ALTIMETER,SERVO CONTROLLED,AUTOMATIC PRESSURE",PAMALS,REC,NO ESTADO,VEE ONE,459.0
2026-07-25,3040252173,066-03064-0005,"ALTIMETER,SERVO CONTROLLED,AUTOMATIC PRESSURE",BANT,REC,EM REPARO,LEAP,459.0
2026-07-25,3040252178,066-1072-00,RECEIVER ADF (KING KR87),PAMALS,OS concluída,,,
2026-07-25,3040252180,066-1072-04,"RECEIVER,RADIO",ALA 8,OS concluída,,,
2026-07-25,3040252181,066-1072-04,"RECEIVER,RADIO",PAMASP,REC,EM REPARO,WILLIAM,459.0
2026-07-25,3040252182,066-1072-04,"RECEIVER,RADIO",ALA 9,OS concluída,REPARADO,,
2026-07-25,3040252185,066-1072-04,"RECEIVER,RADIO",BAMN,OS concluída,REPARADO,,
2026-07-25,3040252189,9910338-6,"TRANSMITTER,RATE OF FLOW",ALA 8,OS concluída,REPARADO,,
2026-07-25,3040252190,9910338-6,"TRANSMITTER,RATE OF FLOW",BABR,OS concluída,,,
2026-07-25,3040252191,C611008-0101,ALTERNATOR CONTROL UNIT,PAMALS,REC,,BABR,459.0
2026-07-25,3040252935,030-18200,MAIN WHEEL BRAKE,BAMN,OS concluída,CONDENADO,,
2026-07-25,3040252936,030-18200,MAIN WHEEL BRAKE,BACO,REC,,PAMA-LS,429.0
2026-07-25,3040252939,C163030-1001,MAIN W BRAKE A,BABV,REC,,BAMN,429.0
2026-07-25,3040252940,30-182,MAIN WHEEL BRAKE,BABV,OS concluída,CONDENADO,,
2026-07-25,3040252942,30-182,MAIN WHEEL BRAKE,BAMN,OS concluída,REPARADO,,
2026-07-25,3040252943,30-182,MAIN WHEEL BRAKE,BAMN,OS concluída,REPARADO,,
2026-07-25,3040253168,161-12800,WHEEL HALF ASSY-INNER,BASM,REC,REPARADO,VEE ONE,425.0
2026-07-25,3040253170,161-12800,WHEEL HALF ASSY-INNER,BASM,OS concluída,CONDENADO,,
2026-07-25,3040253172,161-12800,WHEEL HALF ASSY-INNER,PAMALS,REC,,PROCURANDO,425.0
2026-07-25,3040253173,161-12800,WHEEL HALF ASSY-INNER,PAMALS,REC,EM REPARO,LEAP,425.0
2026-07-25,3040253174,161-12800,WHEEL HALF ASSY-INNER,PAMALS,OS concluída,CONDENADO,,
2026-07-25,3040253176,162-10700,OUTER WHEEL HALF ASSY,BABE,OS concluída,CONDENADO,,
2026-07-25,3040253177,162-10700,OUTER WHEEL HALF ASSY,BABV,REC,REPARADO,VEE ONE,425.0
2026-07-25,3040253178,162-10700,OUTER WHEEL HALF ASSY,PAMALS,REC,,PROCURANDO,425.0
2026-07-25,3040253179,162-11800,WHEEL HALF ASSY-OUTER,CLA,OS concluída,CONDENADO,,
2026-07-25,3040253180,162-11800,WHEEL HALF ASSY-OUTER,BASM,REC,,PROCURANDO,425.0
2026-07-25,3040253181,162-11800,WHEEL HALF ASSY-OUTER,PAMALS,OS concluída,REPARADO,,
2026-07-25,3040253182,162-11800,WHEEL HALF ASSY-OUTER,PAMALS,REC,REPARADO,VEE ONE,425.0
2026-07-25,3040253526,30994-001,BATTERY-MARATHON TSP410 NICAD,PAMALS,OS concluída,CONDENADO,AMA - VEE ONE,
2026-07-25,3040253527,30994-001,BATTERY-MARATHON TSP410 NICAD,BAPV,OS concluída,CONDENADO,AMA - VEE ONE,
2026-07-25,3040253528,066-03064-0005,"ALTIMETER,SERVO CONTROLLED,AUTOMATIC PRESSURE",BANT,OS concluída,REPARADO,,
2026-07-25,3040253529,066-03064-0005,"ALTIMETER,SERVO CONTROLLED,AUTOMATIC PRESSURE",DSM-MN,REC,DEVOLVIDO NO ESTADO,WILLIAM,415.0
2026-07-25,3040253530,799-1,TRANSDUCER,BAMN,REC,,BANT,415.0
2026-07-25,3040253531,799-1,TRANSDUCER,BAMN,REC,,VEE ONE,415.0
2026-07-25,3040253532,799-1,TRANSDUCER,PAMALS,REC,,BANT,415.0
2026-07-25,3040253535,2643099-4,"SUPPORT ASSY FOWARD, NLG SPRING",BABE,REC,CONDENADO,VEE ONE,415.0
2026-07-25,3040253536,2641012-14,TRUNNION ASSY-RH-MAIN GEAR,PAMALS,OS concluída,CONDENADO,,
2026-07-25,3040254195,540-1407-4,"VALVE,BLEED,TURBINEENGINE",PAMALS,REC,,BANT,397.0
2026-07-25,3040254201,2643090-3,SHIMMY DAMPER-NOSE GEAR,PAMALS,REC,REPARADO,V1 PAMA-LS,397.0
2026-07-25,3040254203,SE1070-6,SHIMMY DAMPENER ASSY,BACGINAT,OS concluída,,,
2026-07-25,3040254205,C660501-0103,"COMPASS,SPEC",PAMALS,REC,REPARADO,V1 PAMA-LS,397.0
2026-07-25,3040254206,C660501-0103,"COMPASS,SPEC",ALA 8,REC,EM REPARO EM GARANTIA,WILLIAM,397.0
2026-07-25,3040254208,C660501-0103,"COMPASS,SPEC",BABV,REC,REPARADO,V1 PAMA-LS,397.0
2026-07-25,3040254210,799-1,TRANSDUCER,BANT,REC,,BANT,397.0
2026-07-25,3040254770,069-1025-25,"RECEIVER-TRANSMITTER,RADIO - KX165",ALA 9,REC,EM REPARO,WILLIAM,388.0
2026-07-25,3040254784,452-0133,"BATTERY,NONRECHARGEABLE",DACTA II,REC,CONDENADO,VEE ONE,388.0
2026-07-25,3040254785,452-0133,"BATTERY,NONRECHARGEABLE",BAMN,REC,CONDENADO,VEE ONE,388.0
2026-07-25,3040254786,452-0133,"BATTERY PACK,AIRCRAFT",BAMN,REC,CONDENADO,VEE ONE,388.0
2026-07-25,3040254787,452-0133,"BATTERY PACK,AIRCRAFT",DACTA II,REC,CONDENADO,VEE ONE,388.0
2026-07-25,3040254788,452-0133,"BATTERY,NONRECHARGEABLE",BAMN,REC,CONDENADO,VEE ONE,388.0
2026-07-25,3040254789,452-0133,"BATTERY,NONRECHARGEABLE",BAMN,REC,CONDENADO,VEE ONE,388.0
2026-07-25,3040254792,2606013-1RX,INDICATOR-PERCENT RPM,BABR,REC,,BANT,388.0
2026-07-25,3040254793,D145-00-46-2,FLAP ACTUATOR ASSY,PAMALS,REC,,PAMA-LS,388.0
2026-07-25,3040254794,C145-350,"MOTOR,DIRECT CURRENT",PAMALS,OS concluída,,,
2026-07-25,3040254795,D145-00-46-2,FLAP ACTUATOR ASSY,BABE,REC,,PAMA-LS,388.0
2026-07-25,3040254796,30994-001,BATTERY-MARATHON TSP410 NICAD,BAMN,OS concluída,REPARADO,,
2026-07-25,3040254799,453-5000-710,EMERGENCY LOCATOR TRANSMITTER MODEL C406-2,PAMASP,OS concluída,,,
2026-07-25,3040254803,C352TS,"EXTINGUISHER,FIRE",2 ETA,REC,REPARADO,V1 PAMA-LS,388.0
2026-07-25,3040254805,C352TS,"EXTINGUISHER,FIRE",PAMALS,OS concluída,,,
2026-07-25,3040254806,C352TS,"EXTINGUISHER,FIRE",PAMALS,REC,REPARADO,V1 PAMA-LS,388.0
2026-07-25,3040254808,C352TS,"EXTINGUISHER,FIRE",BABR,REC,REPARADO,V1 PAMA-LS,388.0
2026-07-25,3040254809,C352TS,"EXTINGUISHER,FIRE",PAMAGL,OS concluída,,,
2026-07-25,3040254810,C352TS,"EXTINGUISHER,FIRE",PAMALS,OS concluída,,,
2026-07-25,3040254815,C482001-0402,VACUUM REGULAT,PAMALS,REC,CONDENADO,VEE ONE,388.0
2026-07-25,3040254816,C482001-0402,VACUUM REGULAT,PAMALS,REC,CONDENADO,VEE ONE,388.0
2026-07-25,3040254817,2641011-5,AXLE-MAIN GEAR,BABE,OS concluída,NO ESTADO,,
2026-07-25,3040254818,2641011-5,AXLE-MAIN GEAR,BABE,OS concluída,,,
2026-07-25,3040254819,2641011-5,AXLE-MAIN GEAR,BANT,OS concluída,REPARADO,,
2026-07-25,3040254820,2641011-5,AXLE-MAIN GEAR,BAMN,OS concluída,REPARADO,,
2026-07-25,3040255319,702801-5,FUEL PUMP,PAMASP,REC,EM REPARO,VEE ONE,379.0
2026-07-25,3040255321,8210-002,"GOVERNOR,CONSTANT SPEED DRIVE",PAMALS,OS concluída,,,
2026-07-25,3040255326,011-00916-00,DISPLAY UNIT GDU 1040A,BAMN,REC,,BAMN,379.0
2026-07-25,3040255461,DAAS-A-010-1,ADAS-D PROCESSOR,PAMALS,REC,EM REPARO,VEE ONE,375.0
2026-07-25,3040255589,071-01519-0101,"RECEIVER-EXCITER,RADAR",BANT,REC,,PROCURANDO,373.0
2026-07-25,3040255590,071-01519-0101,"RECEIVER-EXCITER,RADAR",PAMALS,OS concluída,REPARADO,,
2026-07-25,3040255706,C661064-0237,AIRSPEED INDICATOR,BAMN,OS concluída,,,
2026-07-25,3040256112,011-00883-20,RADAR GWX 68 WEATHER,BABE,REC,,BAMN,359.0
2026-07-25,3040256114,5934PAD-3,"ALTIMETER,PRESSURE",PAMALS,REC,EM REPARO,VEE ONE,359.0
2026-07-25,3040256115,5934PAD-3,"ALTIMETER,PRESSURE",PAMALS,OS concluída,REPARADO,,
2026-07-25,3040256118,011-00878-10,GSA-81 TORQUE SERVO,BAPV,REC,,BACO,359.0
2026-07-25,3040256119,011-00878-10,GSA-81 TORQUE SERVO,BAPV,REC,EM REPARO,LEAP,359.0
2026-07-25,3040256120,011-00916-10,"DISPLAY UNIT,FLIGHT INFORMATION",BAMN,OS concluída,,,
2026-07-25,3040256311,3121248-03,"VALVE ASSEMBLY,COMPRESSOR BLEED",PAMALS,OS concluída,,,
2026-07-25,3040256314,066-4010-12,RECEIVER VOR/LOC (KNS81),EEAR,REC,EM REPARO,LEAP,346.0
2026-07-25,3040256662,030-18200,MAIN WHEEL BRAKE,BASM,OS concluída,,,
2026-07-25,3040256665,161-11700,INNER WHEEL HALF ASSY,BABV,OS concluída,,,
2026-07-25,3040256666,161-11700,INNER WHEEL HALF ASSY,PAMALS,OS concluída,,,
2026-07-25,3040256667,161-11700,INNER WHEEL HALF ASSY,PAMALS,OS concluída,,,
2026-07-25,3040256668,161-11700,INNER WHEEL HALF ASSY,PAMALS,OS concluída,CONDENADO,,
2026-07-25,3040256669,161-11700,INNER WHEEL HALF ASSY,PAMALS,OS concluída,,,
2026-07-25,3040256670,161-11700,INNER WHEEL HALF ASSY,PAMALS,OS concluída,CONDENADO,,
2026-07-25,3040256671,161-11700,INNER WHEEL HALF ASSY,PAMALS,REC,REPARADO,VEE ONE,337.0
2026-07-25,3040256672,161-12800,WHEEL HALF ASSY-INNER,PAMALS,REC,REPARADO,VEE ONE,337.0
2026-07-25,3040256673,161-12800,WHEEL HALF ASSY-INNER,PAMALS,REC,CONDENADO,VEE ONE,334.0
2026-07-25,3040256675,161-12800,WHEEL HALF ASSY-INNER,BANT,OS concluída,REPARADO,,
2026-07-25,3040256694,162-11800,WHEEL HALF ASSY-OUTER,BANT,OS concluída,REPARADO,,
2026-07-25,3040256696,162-11800,WHEEL HALF ASSY-OUTER,PAMALS,REC,,PAMA-LS,337.0
2026-07-25,3040256698,030-18200,MAIN WHEEL BRAKE,PAMASP,REC,,PROCURANDO,337.0
2026-07-25,3040256702,C661064-0237,AIRSPEED INDICATOR,BABR,OS concluída,,,
2026-07-25,3040256703,C661064-0237,AIRSPEED INDICATOR,PAMALS,OS concluída,REPARADO,,
2026-07-25,3040256704,C661064-0237,AIRSPEED INDICATOR,PAMALS,OS concluída,,,
2026-07-25,3040256707,D210507,"GOVERNOR,OVERSPEED",PAMALS,OS concluída,,,
2026-07-25,3040256708,D210507,"GOVERNOR,OVERSPEED",PAMALS,REC,REPARADO,VEE ONE,337.0
2026-07-25,3040256709,3121248-03,"VALVE ASSEMBLY,COMPRESSOR BLEED",PAMASP,REC,,BANT,334.0
2026-07-25,3040256713,030-18200,MAIN WHEEL BRAKE,ALA 3,REC,,BAMN,337.0
2026-07-25,3040256787,011-00877-00,"GSA-80 SERVO ROL,YAW,SPEC",PAMALS,REC,EM REPARO,VEE ONE,337.0
2026-07-25,3040256792,011-00877-00,"GSA-80 SERVO ROL,YAW,SPEC",BAMN,REC,,PROCURANDO,337.0
2026-07-25,3040256828,011-00883-20,RADAR GWX 68 WEATHER,PAMALS,REC,CONDENADO,V1 PAMA-LS,337.0
2026-07-25,3040257093,065-00183-0501,AUTOPILOT COMPUTER KFC225,BABE,REC,,BANT,330.0
2026-07-25,3040257094,065-00183-0501,AUTOPILOT COMPUTER KFC225,BABE,REC,,BANT,330.0
2026-07-25,3040257095,011-01105-01,INTEGRATED AVIONICS UNIT GIA63W,BABE,REC,EM REPARO,VEE ONE,330.0
2026-07-25,3040257096,011-01105-01,INTEGRATED AVIONICS UNIT GIA63W,BABE,REC,,BAMN,330.0
2026-07-25,3040257436,30994-001,BATTERY-MARATHON TSP410 NICAD,PAMALS,OS concluída,CONDENADO,AMA - VEE ONE,
2026-07-25,3040257438,030-18200,MAIN WHEEL BRAKE,BAMN,REC,REPARADO,VEE ONE,311.0
2026-07-25,3040257439,030-18200,MAIN WHEEL BRAKE,BAMN,REC,,BAMN,311.0
2026-07-25,3040257440,030-18200,MAIN WHEEL BRAKE,BANT,REC,CONDENADO,VEE ONE,311.0
2026-07-25,3040257441,030-18200,MAIN WHEEL BRAKE,BAPV,REC,,BAMN,311.0
2026-07-25,3040257442,C163030-1001,MAIN W BRAKE A,BAMN,REC,REPARADO,VEE ONE,311.0
2026-07-25,3040257443,161-12800,WHEEL HALF ASSY-INNER,ALA 3,AUT,,NÃO TEVE MOVIMENTAÇÃO,318.0
2026-07-25,3040257444,162-10700,OUTER WHEEL HALF ASSY,PAMALS,OS concluída,CONDENADO,,
2026-07-25,3040257447,162-10700,OUTER WHEEL HALF ASSY,PAMALS,OS concluída,CONDENADO,,
2026-07-25,3040257450,3244809-4,"FUEL CONTROL,MAIN,TURBINE ENGINE",PAMASP,OS concluída,EM REPARO,LEAP,
2026-07-25,3040257451,3244809-7,"FUEL CONTROL,MAIN,TURBINE ENGINE",PAMASP,REC,,BANT,311.0
2026-07-25,3040257452,3244809-8,"FUEL CONTROL,MAIN,TURBINE ENGINE",BAPV,OS concluída,REPARADO,,
2026-07-25,3040257453,EA-5172-45-CES,"INDICATOR,AIRSPEED",ALA 7,REC,DEVOLVIDO NO ESTADO,WILLIAM,311.0
2026-07-25,3040257454,EA-5172-45-CES,"INDICATOR,AIRSPEED",BACG,OS concluída,,,
2026-07-25,3040258303,011-00877-00,"GSA-80 SERVO ROL,YAW,SPEC",DACTA II,REC,EM REPARO,VEE ONE,291.0
2026-07-25,3040258306,D210507,"GOVERNOR,OVERSPEED",PAMALS,REC,EM REPARO,LEAP,291.0
2026-07-25,3040258307,D210507,"GOVERNOR,OVERSPEED",ALA 5,OS concluída,,,
2026-07-25,3040258308,D210507,"GOVERNOR,OVERSPEED",BAMN,OS concluída,REPARADO,,
2026-07-25,3040258309,D210507,"GOVERNOR,OVERSPEED",BAMN,REC,EM REPARO,LEAP,291.0
2026-07-25,3040258310,D210507,"GOVERNOR,OVERSPEED",BACO,OS concluída,,,
2026-07-25,3040258419,011-00877-00,"GSA-80 SERVO ROL,YAW,SPEC",DACTA II,REC,EM REPARO,VEE ONE,289.0
2026-07-25,3040258420,011-00877-00,"GSA-80 SERVO ROL,YAW,SPEC",BACO,REC,EM REPARO,VEE ONE,289.0
2026-07-25,3040258421,011-00877-00,"GSA-80 SERVO ROL,YAW,SPEC",BABE,REC,,BACO,289.0
2026-07-25,3040258422,2601188-8,COMPRESSOR DRIVE ASSY R134A,PAMASP,REC,,PROCURANDO,289.0
2026-07-25,3040258764,069-01034-0102,"NAVIGATION SET,SATELLITE SIGNALS KLN-94",PAMALS,REC,,BANT,282.0
2026-07-25,3040259146,1U149-015-15,HORIZ. GYRO-STADBY,PAMALS,REC,EM REPARO,VEE ONE,260.0
2026-07-25,3040259147,162-10700,OUTER WHEEL HALF ASSY,BANT,REC,EM REPARO,AMA - VEE ONE,260.0
2026-07-25,3040259148,3049038-03,"VALVE,COMPRESSOR BLEED",BANT,OS concluída,,,
2026-07-25,3040259151,066-01141-5101,"TRANSPONDER,RADAR",BANT,REC,REPARADO,V1 PAMA-LS,263.0
2026-07-25,3040259152,066-01141-5101,"TRANSPONDER,RADAR",BABE,REC,,BANT,263.0
2026-07-25,3040259251,064-1019-05,VHF TRANSCEIVE KY196,EEAR,REC,,EEAR,261.0
2026-07-25,3040259316,2606015-4,INDICATOR-OIL TEMP/OIL PRESS,BACG,REC,REPARADO,V1 PAMA-LS,257.0
2026-07-25,3040259564,C414007-0102,BLOWER ASSY,PAMALS,OS concluída,,,
2026-07-25,3040259568,C414007-0102,BLOWER ASSY,ALA 10,OS concluída,,,
2026-07-25,3040259570,C414007-0102,BLOWER ASSY,ALA 10,OS concluída,,,
2026-07-25,3040259694,025323-150,FUEL PUMP,PAMASP,REC,,BACO,249.0
2026-07-25,3040259918,C414007-0102,BLOWER ASSY,ALA 10,REC,EM REPARO,VEE ONE,242.0
2026-07-25,3040259922,C414007-0102,BLOWER ASSY,BANT,REC,REPARADO,V1 PAMA-LS,242.0
2026-07-25,3040259924,C414007-0102,BLOWER ASSY,BACG,REC,EM REPARO,VEE ONE,242.0
2026-07-25,3040259928,C414007-0102,BLOWER ASSY,PAMALS,REC,EM REPARO,VEE ONE,242.0
2026-07-25,3040259944,066-3046-07,"CONTROL,INDICATOR",EEAR,REC,,PAMA-LS,242.0
2026-07-25,3040259946,066-3046-07,"CONTROL,INDICATOR",BANT,REC,,BANT,242.0
2026-07-25,3040259947,066-3046-07,"CONTROL,INDICATOR",EEAR,OS concluída,REPARADO,,
2026-07-25,3040259949,065-0060-01,"CONTROL,SERVO,AUTOMATIC PILOT",PAMALS,REC,EM REPARO,LEAP,242.0
2026-07-25,3040259950,065-0060-01,"CONTROL,SERVO,AUTOMATIC PILOT",PAMALS,REC,EM REPARO,LEAP,242.0
2026-07-25,3040260204,324843-W020,HEADSET-MICROPHONE,PAMALS,OS concluída,REPARADO,,
2026-07-25,3040260205,324843-W020,HEADSET-MICROPHONE,PAMALS,OS concluída,REPARADO,,
2026-07-25,3040260208,324843-W020,HEADSET-MICROPHONE,PAMALS,REC,VAI SER DEVOLVIDO SEM REPARO,WILLIAM,228.0
2026-07-25,3040260209,011-00916-00,DISPLAY UNIT GDU 1040A,PAMALS,REC,,BAMN,228.0
2026-07-25,3040260382,065-00183-0501,AUTOPILOT COMPUTER KFC225,BANT,REC,,BANT,221.0
2026-07-25,3040260388,SD5H14C4527,AIR COMPRESSOR,PAMALS,REC,EM REPARO,VEE ONE,221.0
2026-07-25,3040260389,SD5H14C4527,AIR COMPRESSOR,PAMALS,REC,EM REPARO,VEE ONE,221.0
2026-07-25,3040260516,ASG12000-2,ALTERNATOR,PAMALS,REC,REPARADO,V1 PAMA-LS,218.0
2026-07-25,3040260517,ASG12000-2,ALTERNATOR,PAMALS,OS concluída,,,
2026-07-25,3040260522,9910592-2,ALTERNADOR,BAMN,REC,REPARADO,V1 PAMA-LS,218.0
2026-07-25,3040260523,9910592-2,ALTERNADOR,BAMN,REC,REPARADO,V1 PAMA-LS,218.0
2026-07-25,3040260524,51539-012M,CONTROL UNIT ASSY-GENERATOR,BANT,REC,,BACG,218.0
2026-07-25,3040260538,324843-W020,HEADSET-MICROPHONE,PAMALS,REC,,BABE,200.0
2026-07-25,3040260539,324843-W020,HEADSET-MICROPHONE,PAMALS,REC,,BABE,200.0
2026-07-25,3040260540,324843-W020,HEADSET-MICROPHONE,PAMALS,OS concluída,REPARADO,,
2026-07-25,3040260541,324843-W020,HEADSET-MICROPHONE,PAMALS,OS concluída,REPARADO,,
2026-07-25,3040260542,324843-W020,HEADSET-MICROPHONE,PAMALS,REC,,BABE,200.0
2026-07-25,3040260543,324843-W020,HEADSET-MICROPHONE,PAMALS,REC,VAI SER DEVOLVIDO SEM REPARO,WILLIAM,200.0
2026-07-25,3040260544,161-11700,INNER WHEEL HALF ASSY,BANT,REC,REPARADO,VEE ONE,200.0
2026-07-25,3040260545,161-11700,INNER WHEEL HALF ASSY,BACG,REC,REPARADO,VEE ONE,200.0
2026-07-25,3040260546,161-12800,WHEEL HALF ASSY-INNER,PAMALS,REC,REPARADO,VEE ONE,200.0
2026-07-25,3040260547,161-12800,WHEEL HALF ASSY-INNER,EPCAR,OS concluída,REPARADO,VEE ONE,
2026-07-25,3040260548,161-11700,INNER WHEEL HALF ASSY,CLA,REC,REPARADO,VEE ONE,200.0
2026-07-25,3040260549,162-10700,OUTER WHEEL HALF ASSY,BACG,REC,REPARADO,VEE ONE,200.0
2026-07-25,3040260550,162-10700,OUTER WHEEL HALF ASSY,CLA,REC,REPARADO,VEE ONE,200.0
2026-07-25,3040260551,162-11800,WHEEL HALF ASSY-OUTER,BANT,REC,REPARADO,VEE ONE,200.0
2026-07-25,3040260552,30994-001,BATTERY-MARATHON TSP410 NICAD,BABE,OS concluída,CONDENADO,AMA - VEE ONE,
2026-07-25,3040260583,3244897-4,FUEL CONTROL UNIT,PAMALS,OS concluída,,,
2026-07-25,3040260595,9910586-4,FLAP ACTUATOR AND MOTOR ASSEMBLY,7 ETA,REC,,BAMN,200.0
2026-07-25,3040260597,9910586-4,FLAP ACTUATOR AND MOTOR ASSEMBLY,BAPV,REC,REPARADO,VEE ONE,200.0
2026-07-25,3040260750,3122678-04,FUEL CONTROL UNIT,PAMASP,REC,,BANT,192.0
2026-07-25,3040260752,3244897-4,FUEL CONTROL UNIT,PAMASP,OS concluída,REPARADO,,
2026-07-25,3040260753,3244809-7,"FUEL CONTROL,MAIN,TURBINE ENGINE",PAMASP,OS concluída,REPARADO,,
2026-07-25,3040260754,3244809-1,"FUEL CONTROL,MAIN,TURBINE ENGINE",PAMASP,REC,EM QUARENTENA,LEAP,192.0
2026-07-25,3040260811,3034792,BOMBA DE COMBUSTÍVEL,BAPV,REC,,BABR,178.0
2026-07-25,3040260812,3034792,BOMBA DE COMBUSTÍVEL,BACG,OS concluída,,,
2026-07-25,3040260913,064-1054-30,RECEIVER-TRANSMITTER SUBASSEMBLY,EPCAR,REC,REPARADO,V1 PAMA-LS,180.0
2026-07-25,3040260915,064-1054-30,RECEIVER-TRANSMITTER SUBASSEMBLY,PAMALS,REC,REPARADO,V1 PAMA-LS,180.0
2026-07-25,3040260922,162-11800,WHEEL HALF ASSY-OUTER,PAMALS,OS concluída,,,
2026-07-25,3040260923,030-18200,MAIN WHEEL BRAKE,BACO,REC,REPARADO,VEE ONE,178.0
2026-07-25,3040261322,011-00831-00,"ENGINE INTERFA,SPEC",BAPV,REC,REPARADO,VEE ONE,165.0
2026-07-25,3040261324,011-00882-10,"COMPUTER,AIR DATA",BAMN,OS concluída,,,
2026-07-25,3040261326,011-00882-10,"COMPUTER,AIR DATA",BAMN,OS concluída,,,
2026-07-25,3040261327,064-1054-30,RECEIVER-TRANSMITTER SUBASSEMBLY,PAMASP,REC,REPARADO,V1 PAMA-LS,165.0
2026-07-25,3040261329,065-0061-36,ACTUATOR TRIM (KS272A),ALA 10,OS concluída,REPARADO,,
2026-07-25,3040261331,065-0061-36,ACTUATOR TRIM (KS272A),PAMASP,REC,,BABR,165.0
2026-07-25,3040261334,065-0065-01,SELECTOR ALT,BANT,REC,EM REPARO,WILLIAM,165.0
2026-07-25,3040261335,065-0065-01,SELECTOR ALT,BANT,REC,EM REPARO,WILLIAM,165.0
2026-07-25,3040261336,066-01141-0101,"RECEIVER,RADIO",BANT,REC,REPARADO,V1 PAMA-LS,165.0
2026-07-25,3040261340,066-1053-00,"RECEIVER,RADIO",BASM,REC,REPARADO,V1 PAMA-LS,165.0
2026-07-25,3040261342,066-3084-02,COLOR RADAR INDICATOR,BABV,REC,EM REPARO,WILLIAM,165.0
2026-07-25,3040261344,066-4010-12,RECEIVER VOR/LOC (KNS81),ALA 10,REC,EM REPARO,WILLIAM,165.0
2026-07-25,3040261347,071-1234-00,ANTENNA ACCESSORY,ALA 1,REC,EM REPARO,WILLIAM,165.0
2026-07-25,3040261352,1134380-4,EVAPORATOR MODULE ASSY-RH,BAMN,REC,CONDENADO,VEE ONE,165.0
2026-07-25,3040261353,1H75-21,PRESSURE REGULATOR,BAMN,REC,,BAMN,165.0
2026-07-25,3040261354,2643100-201,NOSE GEAR STRUT ASSY - TALL FORK,BANT,REC,EM REPARO,AV AERONAUTICA,165.0
2026-07-25,3040261355,2643100-201,NOSE GEAR STRUT ASSY - TALL FORK,BABR,OS concluída,REPARADO,,
2026-07-25,3040261356,2670104-2,ANNUNCIATOR PANEL,PAMALS,REC,REPARADO,VEE ONE,165.0
2026-07-25,3040261357,2682001-1,BRAKE CYL MAST,BABE,OS concluída,REPARADO,,
2026-07-25,3040261364,8210-002-01,GOVERNOR PROPELLER,PAMASP,REC,REPARADO,VEE ONE,165.0
2026-07-25,3040261371,TFF2905-13,FUEL FLOW TRANSDUCER,ALA 8,REC,EM REPARO,WILLIAM,165.0
2026-07-25,3040261373,C661065-0240,AIRSPEED INDICATOR,BABE,REC,REPARADO,V1 PAMA-LS,165.0
2026-07-25,3040261375,C661065-0240RX,"INDICATOR, AIRSPEED",BACG,REC,EM REPARO,WILLIAM,165.0
2026-07-25,3040261376,066-1061-03,RT RADAR ALTIM (KRA10A),PAMALS,REC,PARA REPARO,VEE ONE,165.0
2026-07-25,3040261377,066-3054-01,INDICATOR RADAR ALTIMETER - TYPE KI250,PAMALS,REC,EM REPARO,WILLIAM,165.0
2026-07-25,3040261387,3034792,BOMBA DE COMBUSTÍVEL,BABR,OS concluída,REPARADO,,
2026-07-25,3040261388,3034792,BOMBA DE COMBUSTÍVEL,BABR,OS concluída,REPARADO,,
2026-07-25,3040261389,3034792,BOMBA DE COMBUSTÍVEL,PAMASP,REC,REPARADO,V1 PAMA-LS,165.0
2026-07-25,3040261627,S3828-1,ALTIMETER,BAMN,REC,EM REPARO,WILLIAM,151.0
2026-07-25,3040261628,S3828-1,ALTIMETER,BABE,REC,REPARADO,V1 PAMA-LS,151.0
2026-07-25,3040261843,3034792,BOMBA DE COMBUSTÍVEL,PAMALS,REC,EM REPARO,VEE ONE,138.0
2026-07-25,3040261851,51539-012MRX,CONTROL UNIT ASSY-GENERATOR,BABE,REC,EM REPARO,VEE ONE,143.0
2026-07-25,3040261852,51539-012MRX,CONTROL UNIT ASSY-GENERATOR,BABE,REC,EM REPARO,VEE ONE,143.0
2026-07-25,3040262245,200SGL119Q-2,STARTER GENERATOR,BAMN,OS concluída,REPARADO,,
2026-07-25,3040262246,200SGL119Q-2,STARTER GENERATOR,BAMN,OS concluída,REPARADO,,
2026-07-25,3040262273,324843-W020,HEADSET-MICROPHONE,BABE,OS concluída,REPARADO,,
2026-07-25,3040262275,324843-W020,HEADSET-MICROPHONE,BANT,OS concluída,REPARADO,,
2026-07-25,3040262363,066-1055-00,AUDIO CONTROL PANEL,ALA 5,OS concluída,,,
2026-07-25,3040262367,066-1055-00,AUDIO CONTROL PANEL,ALA 9,REC,EM REPARO,WILLIAM,121.0
2026-07-25,3040262368,066-1055-00,AUDIO CONTROL PANEL,CLA,OS concluída,,,
2026-07-25,3040262371,51539-012N,CONTROL UNIT ASSY-GENERATOR,BANT,REC,REPARADO,V1 PAMA-LS,121.0
2026-07-25,3040262372,51539-012M,CONTROL UNIT ASSY-GENERATOR,BANT,REC,,V1 PAMA-LS,121.0
2026-07-25,3040262419,065-0061-36,ACTUATOR TRIM (KS272A),ALA 9,REC,EM REPARO,WILLIAM,116.0
2026-07-25,3040262630,161-11700,INNER WHEEL HALF ASSY,BANT,REC,REPARADO,VEE ONE,103.0
2026-07-25,3040262632,161-12800,WHEEL HALF ASSY-INNER,BANT,OS concluída,REPARADO,VEE ONE,
2026-07-25,3040262633,161-12800,WHEEL HALF ASSY-INNER,BANT,REC,REPARADO,VEE ONE,103.0
2026-07-25,3040262634,162-10700,OUTER WHEEL HALF ASSY,BANT,REC,REPARADO,VEE ONE,103.0
2026-07-25,3040262635,162-11800,WHEEL HALF ASSY-OUTER,EPCAR,REC,REPARADO,VEE ONE,103.0
2026-07-25,3040262636,162-11800,WHEEL HALF ASSY-OUTER,BANT,REC,REPARADO,VEE ONE,103.0
2026-07-25,3040262637,162-11800,WHEEL HALF ASSY-OUTER,BANT,REC,REPARADO,VEE ONE,103.0
2026-07-25,3040262638,200SGL119Q,STARTER GENERATOR,PAMALS,REC,EM REPARO,AV AERONAUTICA,103.0
2026-07-25,3040262639,200SGL119Q,STARTER GENERATOR,PAMASP,OS concluída,,PAMA-LS,
2026-07-25,3040262646,200SGL119Q,STARTER GENERATOR,PAMASP,OS concluída,,,
2026-07-25,3040262706,2641011-5,AXLE-MAIN GEAR,BAMN,REC,,BANT,103.0
2026-07-25,3040262707,2641011-5,AXLE-MAIN GEAR,BABV,REC,REPARADO,VEE ONE,103.0
2026-07-25,3040262708,2641011-5,AXLE-MAIN GEAR,PAMALS,REC,,BANT,103.0
2026-07-25,3040262709,2641011-5,AXLE-MAIN GEAR,PAMALS,REC,,BANT,103.0
2026-07-25,3040262711,2641011-5,AXLE-MAIN GEAR,BABR,REC,,BANT,103.0
2026-07-25,3040262712,2641011-5,AXLE-MAIN GEAR,BABR,REC,,BANT,103.0
2026-07-25,3040262713,2641011-5,AXLE-MAIN GEAR,BAPV,REC,REPARADO,VEE ONE,103.0
2026-07-25,3040262714,2641011-5,AXLE-MAIN GEAR,BAPV,REC,,BANT,103.0
2026-07-25,3040262717,2641011-5,AXLE-MAIN GEAR,BANT,REC,REPARADO,VEE ONE,103.0
2026-07-25,3040262734,C352,PORTABLE HALON FIRE EXTINGUISHERS,ALA 5,REC,EM REPARO,AV AERONAUTICA,103.0
2026-07-25,3040262738,C352TS,"EXTINGUISHER,FIRE",BANT,REC,,PROCURANDO,103.0
2026-07-25,3040262739,C352TS,"EXTINGUISHER,FIRE",BANT,REC,,PROCURANDO,103.0
2026-07-25,3040262740,C352TS,"EXTINGUISHER,FIRE",PAMALS,REC,,PROCURANDO,103.0
2026-07-25,3040262744,3244809-1A,F.C.U,PAMALS,REC,EM REPARO,LEAP,103.0
2026-07-25,3040262745,064-1019-05,VHF TRANSCEIVE KY196,EEAR,REC,EM REPARO,VEE ONE,103.0
2026-07-25,3040262746,066-1070-01,TRANSCEIVER DME (KN63),BABE,REC,EM REPARO,WILLIAM,103.0
2026-07-25,3040262747,066-1072-00,RECEIVER ADF (KING KR87),ALA 7,REC,EM REPARO,WILLIAM,103.0
2026-07-25,3040262748,066-3046-07,"CONTROL,INDICATOR",BABR,REC,,BANT,103.0
2026-07-25,3040262757,2606015-2,IND OIL TEMP/P,PAMALS,REC,EM REPARO,VEE ONE,103.0
2026-07-25,3040262758,9910338-4,FUEL TOTALIZER INDICATOR,PAMALS,REC,EM REPARO,VEE ONE,103.0
2026-07-25,3040262759,9910338-6,"TRANSMITTER,RATE OF FLOW",BAMN,REC,EM REPARO,WILLIAM,103.0
2026-07-25,3040262760,9910338-6,"TRANSMITTER,RATE OF FLOW",BANT,REC,EM REPARO,VEE ONE,103.0
2026-07-25,3040262765,011-00883-20,RADAR GWX 68 WEATHER,BAMN,REC,EM REPARO,VEE ONE,103.0
2026-07-25,3040262766,011-00883-20,RADAR GWX 68 WEATHER,BAMN,OS concluída,EM REPARO,VEE ONE,
2026-07-25,3040262767,066-3046-07,"CONTROL,INDICATOR",EEAR,REC,EM REPARO,LEAP,103.0
2026-07-25,3040262768,066-3046-07,"CONTROL,INDICATOR",EEAR,REC,EM REPARO,LEAP,103.0
2026-07-25,3040262769,066-3046-07,"CONTROL,INDICATOR",BABR,REC,,BANT,103.0
2026-07-25,3040262770,011-01020-10,AFCS MODE CONTROLLER GMC 710,BAMN,REC,EM REPARO,WILLIAM,103.0
2026-07-25,3040262772,011-01020-10,AFCS MODE CONTROLLER GMC 710,BAMN,REC,EM REPARO,WILLIAM,103.0
2026-07-25,3040262773,011-01020-10,AFCS MODE CONTROLLER GMC 710,BAMN,REC,EM REPARO,WILLIAM,103.0
2026-07-25,3040262791,066-3060-00,IND RMI KNI582,BANT,REC,EM REPARO,LEAP,103.0
2026-07-25,3040262792,066-3060-00,IND RMI KNI582,BANT,REC,EM REPARO,LEAP,103.0
2026-07-25,3040262966,2682001-1,BRAKE CYL MAST,BACO,OS concluída,,PAMA-LS,
2026-07-25,3040262967,2682001-1,BRAKE CYL MAST,PAMALS,REC,REPARADO,V1 PAMA-LS,101.0
2026-07-25,3040262968,2682001-1,BRAKE CYL MAST,BANT,OS concluída,,PAMA-LS,
2026-07-25,3040262969,2682001-1,BRAKE CYL MAST,BABE,REC,REPARADO,V1 PAMA-LS,101.0
2026-07-25,3040263069,453-5060,ELT C406-N,BABE,OS concluída,,,
2026-07-25,3040263283,D145-00-46-2,FLAP ACTUATOR ASSY,PAMALS,REC,EM REPARO,LEAP,86.0
2026-07-25,3040263284,D145-00-46-2,FLAP ACTUATOR ASSY,BAFL,REC,EM REPARO,LEAP,86.0
2026-07-25,3040263286,C661065-0237,AIRSPEED INDICATOR,BANT,REC,DEVOLVIDO NO ESTADO,WILLIAM,86.0
2026-07-25,3040263287,C661065-0237,AIRSPEED INDICATOR,BABR,REC,REPARADO,VEE ONE,86.0
2026-07-25,3040263288,C661065-0237,AIRSPEED INDICATOR,PAMASP,REC,REPARADO,VEE ONE,86.0
2026-07-25,3040263314,060-0017-00,FLIGHT DIR HOR,EEAR,REC,EM REPARO,LEAP,86.0
2026-07-25,3040263315,060-0017-00,FLIGHT DIR HOR,BACG,OS concluída,,BABR,
2026-07-25,3040263316,060-0017-00,FLIGHT DIR HOR,BANT,REC,,BANT,86.0
2026-07-25,3040263317,060-0017-00,FLIGHT DIR HOR,PAMASP,REC,,BANT,86.0
2026-07-25,3040263319,066-1055-00,AUDIO CONTROL PANEL,BABE,REC,REPARADO,VEE ONE,86.0
2026-07-25,3040263320,066-1055-00,AUDIO CONTROL PANEL,PAMALS,REC,EM REPARO,AV AERONAUTICA,86.0
2026-07-25,3040263322,066-1055-00,AUDIO CONTROL PANEL,ALA 9,REC,EM REPARO,WILLIAM,86.0
2026-07-25,3040263324,069-01033-0101,"RECEIVER-TRANSMITTER,RADIO",PAMALS,REC,EM REPARO,LEAP,86.0
2026-07-25,3040263325,069-01033-0101,"RECEIVER-TRANSMITTER,RADIO",PAMALS,REC,,PROCURANDO,86.0
2026-07-25,3040263326,069-01033-0101,"RECEIVER-TRANSMITTER,RADIO",PAMALS,REC,,BANT,86.0
2026-07-25,3040263327,C661064-0237,AIRSPEED INDICATOR,BABR,REC,EM REPARO,WILLIAM,86.0
2026-07-25,3040263328,C661064-0237,AIRSPEED INDICATOR,BABR,REC,EM REPARO,WILLIAM,86.0
2026-07-25,3040263329,C661064-0237,AIRSPEED INDICATOR,PAMALS,REC,EM REPARO,WILLIAM,86.0
2026-07-25,3040263330,C661064-0237,AIRSPEED INDICATOR,PAMALS,REC,EM REPARO,WILLIAM,86.0
2026-07-25,3040263331,C661064-0237,AIRSPEED INDICATOR,PAMALS,REC,VAI SER DEVOLVIDO SEM REPARO,WILLIAM,86.0
2026-07-25,3040263332,011-00916-10,"DISPLAY UNIT,FLIGHT INFORMATION",BAMN,REC,EM REPARO,WILLIAM,86.0
2026-07-25,3040263333,011-00916-10,"DISPLAY UNIT,FLIGHT INFORMATION",BACO,REC,EM REPARO,WILLIAM,86.0
2026-07-25,3040263334,011-00916-10,"DISPLAY UNIT,FLIGHT INFORMATION",BACO,REC,VAI SER DEVOLVIDO SEM REPARO,WILLIAM,86.0
2026-07-25,3040263335,C611008-0101,ALTERNATOR CONTROL UNIT,PAMALS,REC,EM REPARO,AV AERONAUTICA,86.0
2026-07-25,3040263336,C611008-0101,ALTERNATOR CONTROL UNIT,PAMALS,REC,EM REPARO,AV AERONAUTICA,86.0
2026-07-25,3040263338,C611008-0101,ALTERNATOR CONTROL UNIT,PAMALS,REC,REPARADO,V1 PAMA-LS,86.0
2026-07-25,3040263415,069-01033-0101,"RECEIVER-TRANSMITTER,RADIO",BABR,REC,,BANT,80.0
2026-07-25,3040263416,069-01033-0101,"RECEIVER-TRANSMITTER,RADIO",BASM,REC,EM REPARO,WILLIAM,80.0
2026-07-25,3040263417,069-01033-0101,"RECEIVER-TRANSMITTER,RADIO",PAMALS,REC,EM REPARO,WILLIAM,80.0
2026-07-25,3040263433,066-03064-0005,"ALTIMETER,SERVO CONTROLLED,AUTOMATIC PRESSURE",BACG,REC,EM REPARO,WILLIAM,80.0
2026-07-25,3040263434,066-03064-0005,"ALTIMETER,SERVO CONTROLLED,AUTOMATIC PRESSURE",PAMASP,REC,VAI SER DEVOLVIDO SEM REPARO,WILLIAM,80.0
2026-07-25,3040263435,066-03064-0005,"ALTIMETER,SERVO CONTROLLED,AUTOMATIC PRESSURE",BANT,REC,EM REPARO,WILLIAM,80.0
2026-07-25,3040263443,3244897-4,FUEL CONTROL UNIT,PAMALS,REC,EM REPARO,LEAP,79.0
2026-07-25,3040263444,3244897-4,FUEL CONTROL UNIT,PAMALS,REC,EM REPARO,LEAP,79.0
2026-07-25,3040263447,066-3046-07,"CONTROL,INDICATOR",CLA,REC,,BABR,80.0
2026-07-25,3040263448,2618510-10,ALTERNATOR CONTROL UNIT ASSY,BABE,REC,EM REPARO,WILLIAM,74.0
2026-07-25,3040263449,2618510-10,ALTERNATOR CONTROL UNIT ASSY,PAMALS,REC,EM REPARO,WILLIAM,74.0
2026-07-25,3040263571,066-3084-32,IND RDR 2000 IN-182A,PAMALS,REC,EM REPARO,WILLIAM,74.0
2026-07-25,3040263572,066-3084-32,IND RDR 2000 IN-182A,PAMALS,REC,EM REPARO,WILLIAM,74.0
2026-07-25,3040263573,066-3084-32,IND RDR 2000 IN-182A,PAMALS,REC,,BABR,74.0
2026-07-25,3040263574,066-1072-04,"RECEIVER,RADIO",BABE,REC,EM REPARO,WILLIAM,74.0
2026-07-25,3040263575,066-1072-04,"RECEIVER,RADIO",BABE,REC,EM REPARO,WILLIAM,74.0
2026-07-25,3040263576,066-1072-04,"RECEIVER,RADIO",BAMN,OS concluída,DEVOLVIDO NO ESTADO,WILLIAM,
2026-07-25,3040263577,060-0015-00,"CONTROL,DIRECTIONAL,AUTOMATIC PILOT",ALA 5,REC,EM REPARO,WILLIAM,74.0
2026-07-25,3040263795,071-01519-0101,"RECEIVER-EXCITER,RADAR",PAMALS,REC,,PROCURANDO,57.0
2026-07-25,3040263796,071-01519-0101,"RECEIVER-EXCITER,RADAR",PAMALS,REC,,PROCURANDO,57.0
2026-07-25,3040263797,066-3046-07,"CONTROL,INDICATOR",BABE,REC,EM REPARO,WILLIAM,57.0
2026-07-25,3040263798,066-3046-07,"CONTROL,INDICATOR",PAMASP,REC,EM REPARO,WILLIAM,57.0
2026-07-25,3040263799,066-3046-07,"CONTROL,INDICATOR",PAMASP,REC,EM REPARO,WILLIAM,57.0
2026-07-25,3040263877,2641011-5,AXLE-MAIN GEAR,CLA,REC,EM REPARO,LEAP,64.0
2026-07-25,3040263878,2641011-5,AXLE-MAIN GEAR,CLA,REC,EM REPARO,LEAP,64.0
2026-07-25,3040264121,3244897-4,FUEL CONTROL UNIT,BABE,OS concluída,EM REPARO,LEAP,
2026-07-25,3040264122,3244809-8,"FUEL CONTROL,MAIN,TURBINE ENGINE",BABE,OS concluída,,BABR,
2026-07-25,3040264236,200SGL119Q-2,STARTER GENERATOR,BABE,REC,,BABE,57.0
2026-07-25,3040264237,200SGL119Q-2,STARTER GENERATOR,BAMN,REC,EM REPARO,AV AERONAUTICA,57.0
2026-07-25,3040264238,324843-2020,HEADSET-MICROPHONE,DACTA II,REC,EM REPARO,WILLIAM,57.0
2026-07-25,3040264240,324843-2020,HEADSET-MICROPHONE,DACTA II,REC,EM REPARO,WILLIAM,57.0
2026-07-25,3040264241,324843-2020,HEADSET-MICROPHONE,DACTA II,REC,EM REPARO,WILLIAM,57.0
2026-07-25,3040264242,324843-2020,HEADSET-MICROPHONE,BABE,REC,EM REPARO,WILLIAM,57.0
2026-07-25,3040264243,069-01033-0101,"RECEIVER-TRANSMITTER,RADIO",PAMALS,REC,EM REPARO,WILLIAM,57.0
2026-07-25,3040264244,069-01033-0101,"RECEIVER-TRANSMITTER,RADIO",PAMASP,REC,EM REPARO,WILLIAM,57.0
2026-07-25,3040264246,060-0017-00,FLIGHT DIR HOR,PAMALS,REC,EM REPARO,WILLIAM,57.0
2026-07-25,3040264262,9910338-8,"INDICATOR,FUEL FLOW",BABV,REC,EM REPARO,WILLIAM,57.0
2026-07-25,3040264263,9910338-8,"INDICATOR,FUEL FLOW",PAMALS,OS concluída,,BABR,
2026-07-25,3040264264,324843-2020,HEADSET-MICROPHONE,DACTA II,REC,EM REPARO,WILLIAM,57.0
2026-07-25,3040264572,060-0017-00,FLIGHT DIR HOR,PAMASP,REC,,,45.0
2026-07-25,3040264573,060-0017-00,FLIGHT DIR HOR,BANT,REC,,,45.0
2026-07-25,3040264574,060-0017-00,FLIGHT DIR HOR,BANT,REC,,,45.0
2026-07-25,3040264576,060-0017-00,FLIGHT DIR HOR,PAMALS,REC,,,45.0
2026-07-25,3040264577,060-0017-00,FLIGHT DIR HOR,PAMALS,REC,,,45.0
2026-07-25,3040264579,060-0017-00,FLIGHT DIR HOR,BABR,OS concluída,,,
2026-07-25,3040264643,1H75-21,PRESSURE REGULATOR,PAMASP,REC,,,40.0
2026-07-25,3040264645,1H75-21,PRESSURE REGULATOR,PAMASP,REC,,,40.0
2026-07-25,3040264646,1H75-21,PRESSURE REGULATOR,PAMASP,REC,,,40.0
2026-07-25,3040264647,1H75-21,PRESSURE REGULATOR,BAMN,REC,,,40.0
2026-07-25,3040264707,3244809-7,"FUEL CONTROL,MAIN,TURBINE ENGINE",BABE,REC,,,40.0
2026-07-25,3040264709,540-1407-4,"VALVE,BLEED,TURBINEENGINE",PAMASP,REC,,,40.0
2026-07-25,3040264710,200SGL153Q,"STARTER-GENERATOR,ENGINE,AIRCRAFT",CLA,REC,,,40.0
2026-07-25,3040264711,200SGL153Q,"STARTER-GENERATOR,ENGINE,AIRCRAFT",PAMASP,REC,,,40.0
2026-07-25,3040264712,200SGL153Q,"STARTER-GENERATOR,ENGINE,AIRCRAFT",BACG,REC,,,40.0
2026-07-25,3040264718,9910338-8,"INDICATOR,FUEL FLOW",PAMALS,REC,,,40.0
2026-07-25,3040264719,S3326-2,"INDICATOR,HORIZONTAL SITUATION",ALA 8,REC,,,40.0
2026-07-25,3040264720,S3326-2,"INDICATOR,HORIZONTAL SITUATION",PAMALS,REC,,,40.0
2026-07-25,3040264721,S3326-2,"INDICATOR,HORIZONTAL SITUATION",PAMASP,REC,,,40.0
2026-07-25,3040264724,2606013-1AM,INDICADOR PERCENTUAL RPM,BABV,REC,,,40.0
2026-07-25,3040264725,2606013-1AM,INDICADOR PERCENTUAL RPM,BABR,REC,,,40.0
2026-07-25,3040264726,2606015-4,INDICATOR-OIL TEMP/OIL PRESS,BANT,REC,,,40.0
2026-07-25,3040264727,C661051-0201,GYRO HORIZON,ALA 10,REC,,,40.0
2026-07-25,3040264728,504-0111-906,GYRO HORIZON,PAMALS,REC,,,40.0
2026-07-25,3040264729,504-0111-906,GYRO HORIZON,BACG,REC,,,40.0
2026-07-25,3040264730,8210-003,"GOVERNOR,FUEL CONTROL",PAMASP,REC,,,40.0
2026-07-25,3040264731,8210-002,"GOVERNOR,CONSTANT SPEED DRIVE",PAMASP,REC,,,40.0
2026-07-25,3040264732,8210-002,"GOVERNOR,CONSTANT SPEED DRIVE",BAMN,REC,,,40.0
2026-07-25,3040264733,030-18200,MAIN WHEEL BRAKE,BAMN,REC,,,40.0
2026-07-25,3040264734,030-18200,MAIN WHEEL BRAKE,BAMN,REC,,,40.0
2026-07-25,3040264735,161-11700,INNER WHEEL HALF ASSY,PAMALS,REC,,,40.0
2026-07-25,3040264736,161-12800,WHEEL HALF ASSY-INNER,BABR,REC,,,40.0
2026-07-25,3040264737,161-12800,WHEEL HALF ASSY-INNER,PAMALS,AUT,,,40.0
2026-07-25,3040264738,162-10700,OUTER WHEEL HALF ASSY,BACO,AUT,,,40.0
2026-07-25,3040264807,011-01105-01,INTEGRATED AVIONICS UNIT GIA63W,ALA 8,REC,,,32.0
2026-07-25,3040264808,011-01105-01,INTEGRATED AVIONICS UNIT GIA63W,BAMN,REC,,,32.0
2026-07-25,3040264907,011-00916-10,"DISPLAY UNIT,FLIGHT INFORMATION",BAMN,REC,,,25.0
2026-07-25,3040264908,011-00916-10,"DISPLAY UNIT,FLIGHT INFORMATION",BABV,REC,,,25.0
2026-07-25,3040264960,3034792,BOMBA DE COMBUSTÍVEL,CLA,REC,,,23.0
2026-07-25,3040264961,3244897-4,FUEL CONTROL UNIT,CLA,REC,,,23.0
2026-07-25,3040264974,3244809-8,"FUEL CONTROL,MAIN,TURBINE ENGINE",BAMN,REC,,,23.0
2026-07-25,3040265140,011-01020-10,AFCS MODE CONTROLLER GMC 710,BABE,REC,,,17.0
2026-07-25,3040265144,011-01020-10,AFCS MODE CONTROLLER GMC 710,BABE,REC,,,17.0
2026-07-27,3040249831,066-01141-5101,"RECEIVER-TRANSMITTER,RADIO (KT71)",PAMALS,REC,EM REPARO,LEAP,532.0
2026-07-27,3040250248,452-0133,"BATTERY,NONRECHARGEABLE",BABR,REC,CONDENADO,VEE ONE,516.0
2026-07-27,3040250249,452-0133,"BATTERY,NONRECHARGEABLE",BAMN,REC,CONDENADO,VEE ONE,516.0
2026-07-27,3040250234,3034792,BOMBA DE COMBUSTÍVEL,PAMALS,REC,,BANT,516.0
2026-07-27,3040250816,453-5060,"BEACON,DISTRESS",BAMN,REC,,PAMA-LS,494.0
2026-07-27,3040250830,799-1,TRANSDUCER,BACO,REC,,BANT,494.0
2026-07-27,3040250829,51539-012N,CONTROL UNIT ASSY-GENERATOR,BAMN,OS concluída,,,
2026-07-27,3040250828,51539-012N,CONTROL UNIT ASSY-GENERATOR,BACG,REC,,BABR,494.0
2026-07-27,3040250827,51539-012N,CONTROL UNIT ASSY-GENERATOR,BANT,REC,,BABR,494.0
2026-07-27,3040250831,799-1,TRANSDUCER,BANT,REC,,BANT,494.0
2026-07-27,3040250833,9910586-4,FLAP ACTUATOR AND MOTOR ASSEMBLY,ALA 3,REC,,BAMN,494.0
2026-07-27,3040250834,9910586-4,FLAP ACTUATOR AND MOTOR ASSEMBLY,ALA 3,OS concluída,CONDENADO,,
2026-07-27,3040250832,9910338-4,FUEL TOTALIZER INDICATOR,EEAR,REC,,PAMA-LS,494.0
2026-07-27,3040250835,ASG12000-2,ALTERNATOR,ALA 5,REC,REPARADO,V1 PAMA-LS,494.0
2026-07-27,3040250841,C661030-0301,TURN BANK,PAMALS,REC,EM REPARO,LEAP,494.0
2026-07-27,3040250842,C662041-0102,INDICATOR FUEL,ALA 5,REC,,PAMA-LS,494.0
2026-07-27,3040250844,C662041-0102,INDICATOR FUEL,ALA 9,REC,,PAMA-LS,494.0
2026-07-27,3040250843,C662041-0102,INDICATOR FUEL,ALA 10,OS concluída,REPARADO,,
2026-07-27,3040250719,060-0017-00,FLIGHT DIR HOR,PAMALS,REC,,BANT,494.0
2026-07-27,3040250720,060-0017-00,FLIGHT DIR HOR,BABV,OS concluída,REPARADO,,
2026-07-27,3040250722,066-01141-5101,"RECEIVER-TRANSMITTER,RADIO (KT71)",ALA 9,REC,EM REPARO,WILLIAM,494.0
2026-07-27,3040250723,066-01141-5101,"RECEIVER-TRANSMITTER,RADIO (KT71)",CLA,REC,,BABR,494.0
2026-07-27,3040250721,060-0017-00,FLIGHT DIR HOR,BANT,OS concluída,REPARADO,,
2026-07-27,3040250725,066-3046-07,"CONTROL,INDICATOR",ALA 10,OS concluída,REPARADO,,
2026-07-27,3040250724,066-04035-1101,"DISPLAY UNIT,RADAR",PAMALS,REC,,BANT,494.0
2026-07-27,3040250732,069-1025-25,"RECEIVER-TRANSMITTER,RADIO - KX165",PAMALS,REC,EM REPARO,WILLIAM,494.0
2026-07-27,3040250782,2606012-1,INDICATOR-INTER-TURBINE TEMPERATURE,ALA 9,OS concluída,,,
2026-07-27,3040250775,161-11700,INNER WHEEL HALF ASSY,BABE,OS concluída,CONDENADO,,
2026-07-27,3040250773,161-11700,INNER WHEEL HALF ASSY,EEAR,REC,,BACG,494.0
2026-07-27,3040250718,030-18200,MAIN WHEEL BRAKE,BACO,OS concluída,REPARADO,,
2026-07-27,3040250716,030-18200,MAIN WHEEL BRAKE,BABV,REC,EM REPARO,LEAP,494.0
2026-07-27,3040250717,030-18200,MAIN WHEEL BRAKE,BACO,OS concluída,REPARADO,,
2026-07-27,3040250780,162-11800,WHEEL HALF ASSY-OUTER,PAMALS,OS concluída,,,
2026-07-27,3040250781,162-11800,WHEEL HALF ASSY-OUTER,BACG,OS concluída,,,
2026-07-27,3040250778,161-12800,WHEEL HALF ASSY-INNER,BACG,OS concluída,REPARADO,,
2026-07-27,3040250776,161-12800,WHEEL HALF ASSY-INNER,BABE,OS concluída,CONDENADO,,
2026-07-27,3040250790,2643031-7,"FORK ASSY,NOSE GEAR SPRING",BAMN,OS concluída,CONDENADO,,
2026-07-27,3040250791,2643090-1,SHIMMY DAMPENE,BANT,REC,EM REPARO,AV AERONAUTICA,494.0
2026-07-27,3040250792,2643090-1,SHIMMY DAMPENE,BAMN,REC,REPARADO,V1 PAMA-LS,494.0
2026-07-27,3040250789,2641012-14,TRUNNION ASSY-RH-MAIN GEAR,PAMASP,OS concluída,CONDENADO,,
2026-07-27,3040250793,2643099-4,"SUPPORT ASSY FOWARD, NLG SPRING",BAMN,OS concluída,CONDENADO,,
2026-07-27,3040250798,30994-001,BATTERY-MARATHON TSP410 NICAD,BANT,OS concluída,CONDENADO,AMA - VEE ONE,
2026-07-27,3040252191,C611008-0101,ALTERNATOR CONTROL UNIT,PAMALS,REC,,BABR,461.0
2026-07-27,3040252159,011-00916-00,DISPLAY UNIT GDU 1040A,BAMN,REC,,BAMN,461.0
2026-07-27,3040252161,065-0042-03,COMPUTER PA,ALA 10,REC,EM REPARO,WILLIAM,461.0
2026-07-27,3040252162,065-0042-03,COMPUTER PA,EEAR,REC,,BABE,461.0
2026-07-27,3040252164,065-0042-03,COMPUTER PA,EEAR,REC,EM REPARO,WILLIAM,461.0
2026-07-27,3040252165,065-0042-03,COMPUTER PA,PAMALS,OS concluída,,,
2026-07-27,3040252166,065-0059-01,SERVO PITCH,EEAR,REC,EM REPARO,WILLIAM,461.0
2026-07-27,3040252168,066-03064-0005,"ALTIMETER,SERVO CONTROLLED,AUTOMATIC PRESSURE",ALA 9,OS concluída,REPARADO,,
2026-07-27,3040252173,066-03064-0005,"ALTIMETER,SERVO CONTROLLED,AUTOMATIC PRESSURE",BANT,REC,EM REPARO,LEAP,461.0
2026-07-27,3040252172,066-03064-0005,"ALTIMETER,SERVO CONTROLLED,AUTOMATIC PRESSURE",PAMALS,REC,NO ESTADO,VEE ONE,461.0
2026-07-27,3040252170,066-03064-0005,"ALTIMETER,SERVO CONTROLLED,AUTOMATIC PRESSURE",ALA 7,REC,NO ESTADO,VEE ONE,461.0
2026-07-27,3040252178,066-1072-00,RECEIVER ADF (KING KR87),PAMALS,OS concluída,,,
2026-07-27,3040252182,066-1072-04,"RECEIVER,RADIO",ALA 9,OS concluída,REPARADO,,
2026-07-27,3040252181,066-1072-04,"RECEIVER,RADIO",PAMASP,REC,EM REPARO,WILLIAM,461.0
2026-07-27,3040252180,066-1072-04,"RECEIVER,RADIO",ALA 8,OS concluída,,,
2026-07-27,3040252185,066-1072-04,"RECEIVER,RADIO",BAMN,OS concluída,REPARADO,,
2026-07-27,3040252189,9910338-6,"TRANSMITTER,RATE OF FLOW",ALA 8,OS concluída,REPARADO,,
2026-07-27,3040252190,9910338-6,"TRANSMITTER,RATE OF FLOW",BABR,OS concluída,,,
2026-07-27,3040252160,011-01020-10,AFCS MODE CONTROLLER GMC 710,BAMN,OS concluída,,,
2026-07-27,3040252939,C163030-1001,MAIN W BRAKE A,BABV,REC,,BAMN,431.0
2026-07-27,3040252936,030-18200,MAIN WHEEL BRAKE,BACO,REC,,PAMA-LS,431.0
2026-07-27,3040252935,030-18200,MAIN WHEEL BRAKE,BAMN,OS concluída,CONDENADO,,
2026-07-27,3040252940,30-182,MAIN WHEEL BRAKE,BABV,OS concluída,CONDENADO,,
2026-07-27,3040252942,30-182,MAIN WHEEL BRAKE,BAMN,OS concluída,REPARADO,,
2026-07-27,3040252943,30-182,MAIN WHEEL BRAKE,BAMN,OS concluída,REPARADO,,
2026-07-27,3040253170,161-12800,WHEEL HALF ASSY-INNER,BASM,OS concluída,CONDENADO,,
2026-07-27,3040253168,161-12800,WHEEL HALF ASSY-INNER,BASM,REC,REPARADO,VEE ONE,427.0
2026-07-27,3040253172,161-12800,WHEEL HALF ASSY-INNER,PAMALS,REC,,PROCURANDO,427.0
2026-07-27,3040253174,161-12800,WHEEL HALF ASSY-INNER,PAMALS,OS concluída,CONDENADO,,
2026-07-27,3040253173,161-12800,WHEEL HALF ASSY-INNER,PAMALS,REC,EM REPARO,LEAP,427.0
2026-07-27,3040253176,162-10700,OUTER WHEEL HALF ASSY,BABE,OS concluída,CONDENADO,,
2026-07-27,3040253177,162-10700,OUTER WHEEL HALF ASSY,BABV,REC,REPARADO,VEE ONE,427.0
2026-07-27,3040253178,162-10700,OUTER WHEEL HALF ASSY,PAMALS,REC,,PROCURANDO,427.0
2026-07-27,3040253179,162-11800,WHEEL HALF ASSY-OUTER,CLA,OS concluída,CONDENADO,,
2026-07-27,3040253181,162-11800,WHEEL HALF ASSY-OUTER,PAMALS,OS concluída,REPARADO,,
2026-07-27,3040253180,162-11800,WHEEL HALF ASSY-OUTER,BASM,REC,,PROCURANDO,427.0
2026-07-27,3040253182,162-11800,WHEEL HALF ASSY-OUTER,PAMALS,REC,REPARADO,VEE ONE,427.0
2026-07-27,3040253536,2641012-14,TRUNNION ASSY-RH-MAIN GEAR,PAMALS,OS concluída,CONDENADO,,
2026-07-27,3040253529,066-03064-0005,"ALTIMETER,SERVO CONTROLLED,AUTOMATIC PRESSURE",DSM-MN,REC,DEVOLVIDO NO ESTADO,WILLIAM,417.0
2026-07-27,3040253528,066-03064-0005,"ALTIMETER,SERVO CONTROLLED,AUTOMATIC PRESSURE",BANT,OS concluída,REPARADO,,
2026-07-27,3040253532,799-1,TRANSDUCER,PAMALS,REC,,BANT,417.0
2026-07-27,3040253535,2643099-4,"SUPPORT ASSY FOWARD, NLG SPRING",BABE,REC,CONDENADO,VEE ONE,417.0
2026-07-27,3040253531,799-1,TRANSDUCER,BAMN,REC,,VEE ONE,417.0
2026-07-27,3040253530,799-1,TRANSDUCER,BAMN,REC,,BANT,417.0
2026-07-27,3040253526,30994-001,BATTERY-MARATHON TSP410 NICAD,PAMALS,OS concluída,CONDENADO,AMA - VEE ONE,
2026-07-27,3040253527,30994-001,BATTERY-MARATHON TSP410 NICAD,BAPV,OS concluída,CONDENADO,AMA - VEE ONE,
2026-07-27,3040254195,540-1407-4,"VALVE,BLEED,TURBINEENGINE",PAMALS,REC,,BANT,399.0
2026-07-27,3040254201,2643090-3,SHIMMY DAMPER-NOSE GEAR,PAMALS,REC,REPARADO,V1 PAMA-LS,399.0
2026-07-27,3040254203,SE1070-6,SHIMMY DAMPENER ASSY,BACGINAT,OS concluída,,,
2026-07-27,3040254205,C660501-0103,"COMPASS,SPEC",PAMALS,REC,REPARADO,V1 PAMA-LS,399.0
2026-07-27,3040254206,C660501-0103,"COMPASS,SPEC",ALA 8,REC,EM REPARO EM GARANTIA,WILLIAM,399.0
2026-07-27,3040254208,C660501-0103,"COMPASS,SPEC",BABV,REC,REPARADO,V1 PAMA-LS,399.0
2026-07-27,3040254210,799-1,TRANSDUCER,BANT,REC,,BANT,399.0
2026-07-27,3040254792,2606013-1RX,INDICATOR-PERCENT RPM,BABR,REC,,BANT,390.0
2026-07-27,3040254770,069-1025-25,"RECEIVER-TRANSMITTER,RADIO - KX165",ALA 9,REC,EM REPARO,WILLIAM,390.0
2026-07-27,3040254799,453-5000-710,EMERGENCY LOCATOR TRANSMITTER MODEL C406-2,PAMASP,OS concluída,,,
2026-07-27,3040254806,C352TS,"EXTINGUISHER,FIRE",PAMALS,REC,REPARADO,V1 PAMA-LS,390.0
2026-07-27,3040254805,C352TS,"EXTINGUISHER,FIRE",PAMALS,OS concluída,,,
2026-07-27,3040254810,C352TS,"EXTINGUISHER,FIRE",PAMALS,OS concluída,,,
2026-07-27,3040254809,C352TS,"EXTINGUISHER,FIRE",PAMAGL,OS concluída,,,
2026-07-27,3040254803,C352TS,"EXTINGUISHER,FIRE",2 ETA,REC,REPARADO,V1 PAMA-LS,390.0
2026-07-27,3040254808,C352TS,"EXTINGUISHER,FIRE",BABR,REC,REPARADO,V1 PAMA-LS,390.0
2026-07-27,3040254795,D145-00-46-2,FLAP ACTUATOR ASSY,BABE,REC,,PAMA-LS,390.0
2026-07-27,3040254793,D145-00-46-2,FLAP ACTUATOR ASSY,PAMALS,REC,,PAMA-LS,390.0
2026-07-27,3040254815,C482001-0402,VACUUM REGULAT,PAMALS,REC,CONDENADO,VEE ONE,390.0
2026-07-27,3040254816,C482001-0402,VACUUM REGULAT,PAMALS,REC,CONDENADO,VEE ONE,390.0
2026-07-27,3040254820,2641011-5,AXLE-MAIN GEAR,BAMN,OS concluída,REPARADO,,
2026-07-27,3040254817,2641011-5,AXLE-MAIN GEAR,BABE,OS concluída,NO ESTADO,,
2026-07-27,3040254818,2641011-5,AXLE-MAIN GEAR,BABE,OS concluída,,,
2026-07-27,3040254819,2641011-5,AXLE-MAIN GEAR,BANT,OS concluída,REPARADO,,
2026-07-27,3040254796,30994-001,BATTERY-MARATHON TSP410 NICAD,BAMN,OS concluída,REPARADO,,
2026-07-27,3040254789,452-0133,"BATTERY,NONRECHARGEABLE",BAMN,REC,CONDENADO,VEE ONE,390.0
2026-07-27,3040254788,452-0133,"BATTERY,NONRECHARGEABLE",BAMN,REC,CONDENADO,VEE ONE,390.0
2026-07-27,3040254787,452-0133,"BATTERY PACK,AIRCRAFT",DACTA II,REC,CONDENADO,VEE ONE,390.0
2026-07-27,3040254786,452-0133,"BATTERY PACK,AIRCRAFT",BAMN,REC,CONDENADO,VEE ONE,390.0
2026-07-27,3040254785,452-0133,"BATTERY,NONRECHARGEABLE",BAMN,REC,CONDENADO,VEE ONE,390.0
2026-07-27,3040254784,452-0133,"BATTERY,NONRECHARGEABLE",DACTA II,REC,CONDENADO,VEE ONE,390.0
2026-07-27,3040255326,011-00916-00,DISPLAY UNIT GDU 1040A,BAMN,REC,,BAMN,381.0
2026-07-27,3040255319,702801-5,FUEL PUMP,PAMASP,REC,EM REPARO,VEE ONE,381.0
2026-07-27,3040255321,8210-002,"GOVERNOR,CONSTANT SPEED DRIVE",PAMALS,OS concluída,,,
2026-07-27,3040255461,DAAS-A-010-1,ADAS-D PROCESSOR,PAMALS,REC,EM REPARO,VEE ONE,377.0
2026-07-27,3040255589,071-01519-0101,"RECEIVER-EXCITER,RADAR",BANT,REC,,PROCURANDO,375.0
2026-07-27,3040255590,071-01519-0101,"RECEIVER-EXCITER,RADAR",PAMALS,OS concluída,REPARADO,,
2026-07-27,3040255706,C661064-0237,AIRSPEED INDICATOR,BAMN,OS concluída,,,
2026-07-27,3040256114,5934PAD-3,"ALTIMETER,PRESSURE",PAMALS,REC,EM REPARO,VEE ONE,361.0
2026-07-27,3040256119,011-00878-10,GSA-81 TORQUE SERVO,BAPV,REC,EM REPARO,LEAP,361.0
2026-07-27,3040256112,011-00883-20,RADAR GWX 68 WEATHER,BABE,REC,,BAMN,361.0
2026-07-27,3040256115,5934PAD-3,"ALTIMETER,PRESSURE",PAMALS,OS concluída,REPARADO,,
2026-07-27,3040256118,011-00878-10,GSA-81 TORQUE SERVO,BAPV,REC,,BACO,361.0
2026-07-27,3040256120,011-00916-10,"DISPLAY UNIT,FLIGHT INFORMATION",BAMN,OS concluída,,,
2026-07-27,3040256314,066-4010-12,RECEIVER VOR/LOC (KNS81),EEAR,REC,EM REPARO,LEAP,348.0
2026-07-27,3040256311,3121248-03,"VALVE ASSEMBLY,COMPRESSOR BLEED",PAMALS,OS concluída,,,
2026-07-27,3040256704,C661064-0237,AIRSPEED INDICATOR,PAMALS,OS concluída,,,
2026-07-27,3040256707,D210507,"GOVERNOR,OVERSPEED",PAMALS,OS concluída,,,
2026-07-27,3040256708,D210507,"GOVERNOR,OVERSPEED",PAMALS,REC,REPARADO,VEE ONE,339.0
2026-07-27,3040256702,C661064-0237,AIRSPEED INDICATOR,BABR,OS concluída,,,
2026-07-27,3040256703,C661064-0237,AIRSPEED INDICATOR,PAMALS,OS concluída,REPARADO,,
2026-07-27,3040256662,030-18200,MAIN WHEEL BRAKE,BASM,OS concluída,,,
2026-07-27,3040256665,161-11700,INNER WHEEL HALF ASSY,BABV,OS concluída,,,
2026-07-27,3040256666,161-11700,INNER WHEEL HALF ASSY,PAMALS,OS concluída,,,
2026-07-27,3040256667,161-11700,INNER WHEEL HALF ASSY,PAMALS,OS concluída,,,
2026-07-27,3040256668,161-11700,INNER WHEEL HALF ASSY,PAMALS,OS concluída,CONDENADO,,
2026-07-27,3040256669,161-11700,INNER WHEEL HALF ASSY,PAMALS,OS concluída,,,
2026-07-27,3040256670,161-11700,INNER WHEEL HALF ASSY,PAMALS,OS concluída,CONDENADO,,
2026-07-27,3040256671,161-11700,INNER WHEEL HALF ASSY,PAMALS,REC,REPARADO,VEE ONE,339.0
2026-07-27,3040256698,030-18200,MAIN WHEEL BRAKE,PAMASP,REC,,PROCURANDO,339.0
2026-07-27,3040256713,030-18200,MAIN WHEEL BRAKE,ALA 3,REC,,BAMN,339.0
2026-07-27,3040256694,162-11800,WHEEL HALF ASSY-OUTER,BANT,OS concluída,REPARADO,,
2026-07-27,3040256696,162-11800,WHEEL HALF ASSY-OUTER,PAMALS,REC,,PAMA-LS,339.0
2026-07-27,3040256672,161-12800,WHEEL HALF ASSY-INNER,PAMALS,REC,REPARADO,VEE ONE,339.0
2026-07-27,3040256675,161-12800,WHEEL HALF ASSY-INNER,BANT,OS concluída,REPARADO,,
2026-07-27,3040256792,011-00877-00,"GSA-80 SERVO ROL,YAW,SPEC",BAMN,REC,,PROCURANDO,339.0
2026-07-27,3040256787,011-00877-00,"GSA-80 SERVO ROL,YAW,SPEC",PAMALS,REC,EM REPARO,VEE ONE,339.0
2026-07-27,3040256828,011-00883-20,RADAR GWX 68 WEATHER,PAMALS,REC,CONDENADO,V1 PAMA-LS,339.0
2026-07-27,3040256709,3121248-03,"VALVE ASSEMBLY,COMPRESSOR BLEED",PAMASP,REC,,BANT,336.0
2026-07-27,3040256673,161-12800,WHEEL HALF ASSY-INNER,PAMALS,REC,CONDENADO,VEE ONE,336.0
2026-07-27,3040257095,011-01105-01,INTEGRATED AVIONICS UNIT GIA63W,BABE,REC,EM REPARO,VEE ONE,332.0
2026-07-27,3040257096,011-01105-01,INTEGRATED AVIONICS UNIT GIA63W,BABE,REC,,BAMN,332.0
2026-07-27,3040257093,065-00183-0501,AUTOPILOT COMPUTER KFC225,BABE,REC,,BANT,332.0
2026-07-27,3040257094,065-00183-0501,AUTOPILOT COMPUTER KFC225,BABE,REC,,BANT,332.0
2026-07-27,3040257443,161-12800,WHEEL HALF ASSY-INNER,ALA 3,AUT,,NÃO TEVE MOVIMENTAÇÃO,320.0
2026-07-27,3040257442,C163030-1001,MAIN W BRAKE A,BAMN,REC,REPARADO,VEE ONE,313.0
2026-07-27,3040257452,3244809-8,"FUEL CONTROL,MAIN,TURBINE ENGINE",BAPV,OS concluída,REPARADO,,
2026-07-27,3040257454,EA-5172-45-CES,"INDICATOR,AIRSPEED",BACG,OS concluída,,,
2026-07-27,3040257453,EA-5172-45-CES,"INDICATOR,AIRSPEED",ALA 7,REC,DEVOLVIDO NO ESTADO,WILLIAM,313.0
2026-07-27,3040257451,3244809-7,"FUEL CONTROL,MAIN,TURBINE ENGINE",PAMASP,REC,,BANT,313.0
2026-07-27,3040257450,3244809-4,"FUEL CONTROL,MAIN,TURBINE ENGINE",PAMASP,OS concluída,EM REPARO,LEAP,
2026-07-27,3040257438,030-18200,MAIN WHEEL BRAKE,BAMN,REC,REPARADO,VEE ONE,313.0
2026-07-27,3040257444,162-10700,OUTER WHEEL HALF ASSY,PAMALS,OS concluída,CONDENADO,,
2026-07-27,3040257447,162-10700,OUTER WHEEL HALF ASSY,PAMALS,OS concluída,CONDENADO,,
2026-07-27,3040257436,30994-001,BATTERY-MARATHON TSP410 NICAD,PAMALS,OS concluída,CONDENADO,AMA - VEE ONE,
2026-07-27,3040257441,030-18200,MAIN WHEEL BRAKE,BAPV,REC,,BAMN,313.0
2026-07-27,3040257440,030-18200,MAIN WHEEL BRAKE,BANT,REC,CONDENADO,VEE ONE,313.0
2026-07-27,3040257439,030-18200,MAIN WHEEL BRAKE,BAMN,REC,,BAMN,313.0
2026-07-27,3040258306,D210507,"GOVERNOR,OVERSPEED",PAMALS,REC,EM REPARO,LEAP,293.0
2026-07-27,3040258310,D210507,"GOVERNOR,OVERSPEED",BACO,OS concluída,,,
2026-07-27,3040258309,D210507,"GOVERNOR,OVERSPEED",BAMN,REC,EM REPARO,LEAP,293.0
2026-07-27,3040258308,D210507,"GOVERNOR,OVERSPEED",BAMN,OS concluída,REPARADO,,
2026-07-27,3040258307,D210507,"GOVERNOR,OVERSPEED",ALA 5,OS concluída,,,
2026-07-27,3040258303,011-00877-00,"GSA-80 SERVO ROL,YAW,SPEC",DACTA II,REC,EM REPARO,VEE ONE,293.0
2026-07-27,3040258422,2601188-8,COMPRESSOR DRIVE ASSY R134A,PAMASP,REC,,PROCURANDO,291.0
2026-07-27,3040258419,011-00877-00,"GSA-80 SERVO ROL,YAW,SPEC",DACTA II,REC,EM REPARO,VEE ONE,291.0
2026-07-27,3040258420,011-00877-00,"GSA-80 SERVO ROL,YAW,SPEC",BACO,REC,EM REPARO,VEE ONE,291.0
2026-07-27,3040258421,011-00877-00,"GSA-80 SERVO ROL,YAW,SPEC",BABE,REC,,BACO,291.0
2026-07-27,3040258764,069-01034-0102,"NAVIGATION SET,SATELLITE SIGNALS KLN-94",PAMALS,REC,,BANT,284.0
2026-07-27,3040259152,066-01141-5101,"TRANSPONDER,RADAR",BABE,REC,,BANT,265.0
2026-07-27,3040259151,066-01141-5101,"TRANSPONDER,RADAR",BANT,REC,REPARADO,V1 PAMA-LS,265.0
2026-07-27,3040259251,064-1019-05,VHF TRANSCEIVE KY196,EEAR,REC,,EEAR,263.0
2026-07-27,3040259146,1U149-015-15,HORIZ. GYRO-STADBY,PAMALS,REC,EM REPARO,VEE ONE,262.0
2026-07-27,3040259147,162-10700,OUTER WHEEL HALF ASSY,BANT,REC,EM REPARO,AMA - VEE ONE,262.0
2026-07-27,3040259148,3049038-03,"VALVE,COMPRESSOR BLEED",BANT,OS concluída,,,
2026-07-27,3040259316,2606015-4,INDICATOR-OIL TEMP/OIL PRESS,BACG,REC,REPARADO,V1 PAMA-LS,259.0
2026-07-27,3040259564,C414007-0102,BLOWER ASSY,PAMALS,OS concluída,,,
2026-07-27,3040259568,C414007-0102,BLOWER ASSY,ALA 10,OS concluída,,,
2026-07-27,3040259570,C414007-0102,BLOWER ASSY,ALA 10,OS concluída,,,
2026-07-27,3040259694,025323-150,FUEL PUMP,PAMASP,REC,,BACO,251.0
2026-07-27,3040259922,C414007-0102,BLOWER ASSY,BANT,REC,REPARADO,V1 PAMA-LS,244.0
2026-07-27,3040259928,C414007-0102,BLOWER ASSY,PAMALS,REC,EM REPARO,VEE ONE,244.0
2026-07-27,3040259924,C414007-0102,BLOWER ASSY,BACG,REC,EM REPARO,VEE ONE,244.0
2026-07-27,3040259918,C414007-0102,BLOWER ASSY,ALA 10,REC,EM REPARO,VEE ONE,244.0
2026-07-27,3040259950,065-0060-01,"CONTROL,SERVO,AUTOMATIC PILOT",PAMALS,REC,EM REPARO,LEAP,244.0
2026-07-27,3040259949,065-0060-01,"CONTROL,SERVO,AUTOMATIC PILOT",PAMALS,REC,EM REPARO,LEAP,244.0
2026-07-27,3040259947,066-3046-07,"CONTROL,INDICATOR",EEAR,OS concluída,REPARADO,,
2026-07-27,3040259946,066-3046-07,"CONTROL,INDICATOR",BANT,REC,,BANT,244.0
2026-07-27,3040259944,066-3046-07,"CONTROL,INDICATOR",EEAR,REC,,PAMA-LS,244.0
2026-07-27,3040260209,011-00916-00,DISPLAY UNIT GDU 1040A,PAMALS,REC,,BAMN,230.0
2026-07-27,3040260208,324843-W020,HEADSET-MICROPHONE,PAMALS,REC,VAI SER DEVOLVIDO SEM REPARO,WILLIAM,230.0
2026-07-27,3040260204,324843-W020,HEADSET-MICROPHONE,PAMALS,OS concluída,REPARADO,,
2026-07-27,3040260205,324843-W020,HEADSET-MICROPHONE,PAMALS,OS concluída,REPARADO,,
2026-07-27,3040260388,SD5H14C4527,AIR COMPRESSOR,PAMALS,REC,EM REPARO,VEE ONE,223.0
2026-07-27,3040260382,065-00183-0501,AUTOPILOT COMPUTER KFC225,BANT,REC,,BANT,223.0
2026-07-27,3040260389,SD5H14C4527,AIR COMPRESSOR,PAMALS,REC,EM REPARO,VEE ONE,223.0
2026-07-27,3040260517,ASG12000-2,ALTERNATOR,PAMALS,OS concluída,,,
2026-07-27,3040260524,51539-012M,CONTROL UNIT ASSY-GENERATOR,BANT,REC,,BACG,220.0
2026-07-27,3040260516,ASG12000-2,ALTERNATOR,PAMALS,REC,REPARADO,V1 PAMA-LS,220.0
2026-07-27,3040260523,9910592-2,ALTERNADOR,BAMN,REC,REPARADO,V1 PAMA-LS,220.0
2026-07-27,3040260522,9910592-2,ALTERNADOR,BAMN,REC,REPARADO,V1 PAMA-LS,220.0
2026-07-27,3040260547,161-12800,WHEEL HALF ASSY-INNER,EPCAR,OS concluída,REPARADO,VEE ONE,
2026-07-27,3040260545,161-11700,INNER WHEEL HALF ASSY,BACG,REC,REPARADO,VEE ONE,202.0
2026-07-27,3040260544,161-11700,INNER WHEEL HALF ASSY,BANT,REC,REPARADO,VEE ONE,202.0
2026-07-27,3040260546,161-12800,WHEEL HALF ASSY-INNER,PAMALS,REC,REPARADO,VEE ONE,202.0
2026-07-27,3040260548,161-11700,INNER WHEEL HALF ASSY,CLA,REC,REPARADO,VEE ONE,202.0
2026-07-27,3040260549,162-10700,OUTER WHEEL HALF ASSY,BACG,REC,REPARADO,VEE ONE,202.0
2026-07-27,3040260550,162-10700,OUTER WHEEL HALF ASSY,CLA,REC,REPARADO,VEE ONE,202.0
2026-07-27,3040260551,162-11800,WHEEL HALF ASSY-OUTER,BANT,REC,REPARADO,VEE ONE,202.0
2026-07-27,3040260552,30994-001,BATTERY-MARATHON TSP410 NICAD,BABE,OS concluída,CONDENADO,AMA - VEE ONE,
2026-07-27,3040260543,324843-W020,HEADSET-MICROPHONE,PAMALS,REC,VAI SER DEVOLVIDO SEM REPARO,WILLIAM,202.0
2026-07-27,3040260542,324843-W020,HEADSET-MICROPHONE,PAMALS,REC,,BABE,202.0
2026-07-27,3040260541,324843-W020,HEADSET-MICROPHONE,PAMALS,OS concluída,REPARADO,,
2026-07-27,3040260540,324843-W020,HEADSET-MICROPHONE,PAMALS,OS concluída,REPARADO,,
2026-07-27,3040260538,324843-W020,HEADSET-MICROPHONE,PAMALS,REC,,BABE,202.0
2026-07-27,3040260539,324843-W020,HEADSET-MICROPHONE,PAMALS,REC,,BABE,202.0
2026-07-27,3040260595,9910586-4,FLAP ACTUATOR AND MOTOR ASSEMBLY,7 ETA,REC,,BAMN,202.0
2026-07-27,3040260597,9910586-4,FLAP ACTUATOR AND MOTOR ASSEMBLY,BAPV,REC,REPARADO,VEE ONE,202.0
2026-07-27,3040260583,3244897-4,FUEL CONTROL UNIT,PAMALS,OS concluída,,,
2026-07-27,3040260750,3122678-04,FUEL CONTROL UNIT,PAMASP,REC,,BANT,194.0
2026-07-27,3040260752,3244897-4,FUEL CONTROL UNIT,PAMASP,OS concluída,REPARADO,,
2026-07-27,3040260753,3244809-7,"FUEL CONTROL,MAIN,TURBINE ENGINE",PAMASP,OS concluída,REPARADO,,
2026-07-27,3040260754,3244809-1,"FUEL CONTROL,MAIN,TURBINE ENGINE",PAMASP,REC,EM QUARENTENA,LEAP,194.0
2026-07-27,3040254794,C145-350,"MOTOR,DIRECT CURRENT",PAMALS,OS concluída,,,
2026-07-27,3040260913,064-1054-30,RECEIVER-TRANSMITTER SUBASSEMBLY,EPCAR,REC,REPARADO,V1 PAMA-LS,182.0
2026-07-27,3040260915,064-1054-30,RECEIVER-TRANSMITTER SUBASSEMBLY,PAMALS,REC,REPARADO,V1 PAMA-LS,182.0
2026-07-27,3040260811,3034792,BOMBA DE COMBUSTÍVEL,BAPV,REC,,BABR,180.0
2026-07-27,3040260812,3034792,BOMBA DE COMBUSTÍVEL,BACG,OS concluída,,,
2026-07-27,3040260922,162-11800,WHEEL HALF ASSY-OUTER,PAMALS,OS concluída,,,
2026-07-27,3040260923,030-18200,MAIN WHEEL BRAKE,BACO,REC,REPARADO,VEE ONE,180.0
2026-07-27,3040261389,3034792,BOMBA DE COMBUSTÍVEL,PAMASP,REC,REPARADO,V1 PAMA-LS,167.0
2026-07-27,3040261388,3034792,BOMBA DE COMBUSTÍVEL,BABR,OS concluída,REPARADO,,
2026-07-27,3040261387,3034792,BOMBA DE COMBUSTÍVEL,BABR,OS concluída,REPARADO,,
2026-07-27,3040261371,TFF2905-13,FUEL FLOW TRANSDUCER,ALA 8,REC,EM REPARO,WILLIAM,167.0
2026-07-27,3040261375,C661065-0240RX,"INDICATOR, AIRSPEED",BACG,REC,EM REPARO,WILLIAM,167.0
2026-07-27,3040261373,C661065-0240,AIRSPEED INDICATOR,BABE,REC,REPARADO,V1 PAMA-LS,167.0
2026-07-27,3040261322,011-00831-00,"ENGINE INTERFA,SPEC",BAPV,REC,REPARADO,VEE ONE,167.0
2026-07-27,3040261326,011-00882-10,"COMPUTER,AIR DATA",BAMN,OS concluída,,,
2026-07-27,3040261324,011-00882-10,"COMPUTER,AIR DATA",BAMN,OS concluída,,,
2026-07-27,3040261327,064-1054-30,RECEIVER-TRANSMITTER SUBASSEMBLY,PAMASP,REC,REPARADO,V1 PAMA-LS,167.0
2026-07-27,3040261336,066-01141-0101,"RECEIVER,RADIO",BANT,REC,REPARADO,V1 PAMA-LS,167.0
2026-07-27,3040261334,065-0065-01,SELECTOR ALT,BANT,REC,EM REPARO,WILLIAM,167.0
2026-07-27,3040261331,065-0061-36,ACTUATOR TRIM (KS272A),PAMASP,REC,,BABR,167.0
2026-07-27,3040261329,065-0061-36,ACTUATOR TRIM (KS272A),ALA 10,OS concluída,REPARADO,,
2026-07-27,3040261335,065-0065-01,SELECTOR ALT,BANT,REC,EM REPARO,WILLIAM,167.0
2026-07-27,3040261342,066-3084-02,COLOR RADAR INDICATOR,BABV,REC,EM REPARO,WILLIAM,167.0
2026-07-27,3040261340,066-1053-00,"RECEIVER,RADIO",BASM,REC,REPARADO,V1 PAMA-LS,167.0
2026-07-27,3040261377,066-3054-01,INDICATOR RADAR ALTIMETER - TYPE KI250,PAMALS,REC,EM REPARO,WILLIAM,167.0
2026-07-27,3040261376,066-1061-03,RT RADAR ALTIM (KRA10A),PAMALS,REC,PARA REPARO,VEE ONE,167.0
2026-07-27,3040261352,1134380-4,EVAPORATOR MODULE ASSY-RH,BAMN,REC,CONDENADO,VEE ONE,167.0
2026-07-27,3040261347,071-1234-00,ANTENNA ACCESSORY,ALA 1,REC,EM REPARO,WILLIAM,167.0
2026-07-27,3040261344,066-4010-12,RECEIVER VOR/LOC (KNS81),ALA 10,REC,EM REPARO,WILLIAM,167.0
2026-07-27,3040261353,1H75-21,PRESSURE REGULATOR,BAMN,REC,,BAMN,167.0
2026-07-27,3040261357,2682001-1,BRAKE CYL MAST,BABE,OS concluída,REPARADO,,
2026-07-27,3040261356,2670104-2,ANNUNCIATOR PANEL,PAMALS,REC,REPARADO,VEE ONE,167.0
2026-07-27,3040261355,2643100-201,NOSE GEAR STRUT ASSY - TALL FORK,BABR,OS concluída,REPARADO,,
2026-07-27,3040261354,2643100-201,NOSE GEAR STRUT ASSY - TALL FORK,BANT,REC,EM REPARO,AV AERONAUTICA,167.0
2026-07-27,3040261364,8210-002-01,GOVERNOR PROPELLER,PAMASP,REC,REPARADO,VEE ONE,167.0
2026-07-27,3040261627,S3828-1,ALTIMETER,BAMN,REC,EM REPARO,WILLIAM,153.0
2026-07-27,3040261628,S3828-1,ALTIMETER,BABE,REC,REPARADO,V1 PAMA-LS,153.0
2026-07-27,3040261851,51539-012MRX,CONTROL UNIT ASSY-GENERATOR,BABE,REC,EM REPARO,VEE ONE,145.0
2026-07-27,3040261852,51539-012MRX,CONTROL UNIT ASSY-GENERATOR,BABE,REC,EM REPARO,VEE ONE,145.0
2026-07-27,3040261843,3034792,BOMBA DE COMBUSTÍVEL,PAMALS,REC,EM REPARO,VEE ONE,140.0
2026-07-27,3040262245,200SGL119Q-2,STARTER GENERATOR,BAMN,OS concluída,REPARADO,,
2026-07-27,3040262246,200SGL119Q-2,STARTER GENERATOR,BAMN,OS concluída,REPARADO,,
2026-07-27,3040262273,324843-W020,HEADSET-MICROPHONE,BABE,OS concluída,REPARADO,,
2026-07-27,3040262275,324843-W020,HEADSET-MICROPHONE,BANT,OS concluída,REPARADO,,
2026-07-27,3040262363,066-1055-00,AUDIO CONTROL PANEL,ALA 5,OS concluída,,,
2026-07-27,3040262367,066-1055-00,AUDIO CONTROL PANEL,ALA 9,REC,EM REPARO,WILLIAM,123.0
2026-07-27,3040262368,066-1055-00,AUDIO CONTROL PANEL,CLA,OS concluída,,,
2026-07-27,3040262372,51539-012M,CONTROL UNIT ASSY-GENERATOR,BANT,REC,,V1 PAMA-LS,123.0
2026-07-27,3040262371,51539-012N,CONTROL UNIT ASSY-GENERATOR,BANT,REC,REPARADO,V1 PAMA-LS,123.0
2026-07-27,3040262419,065-0061-36,ACTUATOR TRIM (KS272A),ALA 9,REC,EM REPARO,WILLIAM,118.0
2026-07-27,3040262734,C352,PORTABLE HALON FIRE EXTINGUISHERS,ALA 5,REC,EM REPARO,AV AERONAUTICA,105.0
2026-07-27,3040262738,C352TS,"EXTINGUISHER,FIRE",BANT,REC,,PROCURANDO,105.0
2026-07-27,3040262739,C352TS,"EXTINGUISHER,FIRE",BANT,REC,,PROCURANDO,105.0
2026-07-27,3040262740,C352TS,"EXTINGUISHER,FIRE",PAMALS,REC,,PROCURANDO,105.0
2026-07-27,3040262766,011-00883-20,RADAR GWX 68 WEATHER,BAMN,OS concluída,EM REPARO,VEE ONE,
2026-07-27,3040262765,011-00883-20,RADAR GWX 68 WEATHER,BAMN,REC,EM REPARO,VEE ONE,105.0
2026-07-27,3040262772,011-01020-10,AFCS MODE CONTROLLER GMC 710,BAMN,REC,EM REPARO,WILLIAM,105.0
2026-07-27,3040262770,011-01020-10,AFCS MODE CONTROLLER GMC 710,BAMN,REC,EM REPARO,WILLIAM,105.0
2026-07-27,3040262773,011-01020-10,AFCS MODE CONTROLLER GMC 710,BAMN,REC,EM REPARO,WILLIAM,105.0
2026-07-27,3040262746,066-1070-01,TRANSCEIVER DME (KN63),BABE,REC,EM REPARO,WILLIAM,105.0
2026-07-27,3040262745,064-1019-05,VHF TRANSCEIVE KY196,EEAR,REC,EM REPARO,VEE ONE,105.0
2026-07-27,3040262747,066-1072-00,RECEIVER ADF (KING KR87),ALA 7,REC,EM REPARO,WILLIAM,105.0
2026-07-27,3040262748,066-3046-07,"CONTROL,INDICATOR",BABR,REC,,BANT,105.0
2026-07-27,3040262769,066-3046-07,"CONTROL,INDICATOR",BABR,REC,,BANT,105.0
2026-07-27,3040262768,066-3046-07,"CONTROL,INDICATOR",EEAR,REC,EM REPARO,LEAP,105.0
2026-07-27,3040262767,066-3046-07,"CONTROL,INDICATOR",EEAR,REC,EM REPARO,LEAP,105.0
2026-07-27,3040262791,066-3060-00,IND RMI KNI582,BANT,REC,EM REPARO,LEAP,105.0
2026-07-27,3040262630,161-11700,INNER WHEEL HALF ASSY,BANT,REC,REPARADO,VEE ONE,105.0
2026-07-27,3040262792,066-3060-00,IND RMI KNI582,BANT,REC,EM REPARO,LEAP,105.0
2026-07-27,3040262634,162-10700,OUTER WHEEL HALF ASSY,BANT,REC,REPARADO,VEE ONE,105.0
2026-07-27,3040262632,161-12800,WHEEL HALF ASSY-INNER,BANT,OS concluída,REPARADO,VEE ONE,
2026-07-27,3040262633,161-12800,WHEEL HALF ASSY-INNER,BANT,REC,REPARADO,VEE ONE,105.0
2026-07-27,3040262635,162-11800,WHEEL HALF ASSY-OUTER,EPCAR,REC,REPARADO,VEE ONE,105.0
2026-07-27,3040262637,162-11800,WHEEL HALF ASSY-OUTER,BANT,REC,REPARADO,VEE ONE,105.0
2026-07-27,3040262636,162-11800,WHEEL HALF ASSY-OUTER,BANT,REC,REPARADO,VEE ONE,105.0
2026-07-27,3040262646,200SGL119Q,STARTER GENERATOR,PAMASP,OS concluída,,,
2026-07-27,3040262639,200SGL119Q,STARTER GENERATOR,PAMASP,OS concluída,,PAMA-LS,
2026-07-27,3040262638,200SGL119Q,STARTER GENERATOR,PAMALS,REC,EM REPARO,AV AERONAUTICA,105.0
2026-07-27,3040262757,2606015-2,IND OIL TEMP/P,PAMALS,REC,EM REPARO,VEE ONE,105.0
2026-07-27,3040262706,2641011-5,AXLE-MAIN GEAR,BAMN,REC,,BANT,105.0
2026-07-27,3040262707,2641011-5,AXLE-MAIN GEAR,BABV,REC,REPARADO,VEE ONE,105.0
2026-07-27,3040262717,2641011-5,AXLE-MAIN GEAR,BANT,REC,REPARADO,VEE ONE,105.0
2026-07-27,3040262714,2641011-5,AXLE-MAIN GEAR,BAPV,REC,,BANT,105.0
2026-07-27,3040262713,2641011-5,AXLE-MAIN GEAR,BAPV,REC,REPARADO,VEE ONE,105.0
2026-07-27,3040262712,2641011-5,AXLE-MAIN GEAR,BABR,REC,,BANT,105.0
2026-07-27,3040262711,2641011-5,AXLE-MAIN GEAR,BABR,REC,,BANT,105.0
2026-07-27,3040262709,2641011-5,AXLE-MAIN GEAR,PAMALS,REC,,BANT,105.0
2026-07-27,3040262708,2641011-5,AXLE-MAIN GEAR,PAMALS,REC,,BANT,105.0
2026-07-27,3040262744,3244809-1A,F.C.U,PAMALS,REC,EM REPARO,LEAP,105.0
2026-07-27,3040262758,9910338-4,FUEL TOTALIZER INDICATOR,PAMALS,REC,EM REPARO,VEE ONE,105.0
2026-07-27,3040262759,9910338-6,"TRANSMITTER,RATE OF FLOW",BAMN,REC,EM REPARO,WILLIAM,105.0
2026-07-27,3040262760,9910338-6,"TRANSMITTER,RATE OF FLOW",BANT,REC,EM REPARO,VEE ONE,105.0
2026-07-27,3040262966,2682001-1,BRAKE CYL MAST,BACO,OS concluída,,PAMA-LS,
2026-07-27,3040262967,2682001-1,BRAKE CYL MAST,PAMALS,REC,REPARADO,V1 PAMA-LS,103.0
2026-07-27,3040262968,2682001-1,BRAKE CYL MAST,BANT,OS concluída,,PAMA-LS,
2026-07-27,3040262969,2682001-1,BRAKE CYL MAST,BABE,REC,REPARADO,V1 PAMA-LS,103.0
2026-07-27,3040263069,453-5060,ELT C406-N,BABE,OS concluída,,,
2026-07-27,3040263283,D145-00-46-2,FLAP ACTUATOR ASSY,PAMALS,REC,EM REPARO,LEAP,88.0
2026-07-27,3040263284,D145-00-46-2,FLAP ACTUATOR ASSY,BAFL,REC,EM REPARO,LEAP,88.0
2026-07-27,3040263324,069-01033-0101,"RECEIVER-TRANSMITTER,RADIO",PAMALS,REC,EM REPARO,LEAP,88.0
2026-07-27,3040263287,C661065-0237,AIRSPEED INDICATOR,BABR,REC,REPARADO,VEE ONE,88.0
2026-07-27,3040263288,C661065-0237,AIRSPEED INDICATOR,PAMASP,REC,REPARADO,VEE ONE,88.0
2026-07-27,3040263314,060-0017-00,FLIGHT DIR HOR,EEAR,REC,EM REPARO,LEAP,88.0
2026-07-27,3040263319,066-1055-00,AUDIO CONTROL PANEL,BABE,REC,REPARADO,VEE ONE,88.0
2026-07-27,3040263317,060-0017-00,FLIGHT DIR HOR,PAMASP,REC,,BANT,88.0
2026-07-27,3040263316,060-0017-00,FLIGHT DIR HOR,BANT,REC,,BANT,88.0
2026-07-27,3040263320,066-1055-00,AUDIO CONTROL PANEL,PAMALS,REC,EM REPARO,AV AERONAUTICA,88.0
2026-07-27,3040263325,069-01033-0101,"RECEIVER-TRANSMITTER,RADIO",PAMALS,REC,,PROCURANDO,88.0
2026-07-27,3040263335,C611008-0101,ALTERNATOR CONTROL UNIT,PAMALS,REC,EM REPARO,AV AERONAUTICA,88.0
2026-07-27,3040263336,C611008-0101,ALTERNATOR CONTROL UNIT,PAMALS,REC,EM REPARO,AV AERONAUTICA,88.0
2026-07-27,3040263286,C661065-0237,AIRSPEED INDICATOR,BANT,REC,DEVOLVIDO NO ESTADO,WILLIAM,88.0
2026-07-27,3040263322,066-1055-00,AUDIO CONTROL PANEL,ALA 9,REC,EM REPARO,WILLIAM,88.0
2026-07-27,3040263326,069-01033-0101,"RECEIVER-TRANSMITTER,RADIO",PAMALS,REC,,BANT,88.0
2026-07-27,3040263315,060-0017-00,FLIGHT DIR HOR,BACG,OS concluída,,BABR,
2026-07-27,3040263334,011-00916-10,"DISPLAY UNIT,FLIGHT INFORMATION",BACO,REC,VAI SER DEVOLVIDO SEM REPARO,WILLIAM,88.0
2026-07-27,3040263333,011-00916-10,"DISPLAY UNIT,FLIGHT INFORMATION",BACO,REC,EM REPARO,WILLIAM,88.0
2026-07-27,3040263332,011-00916-10,"DISPLAY UNIT,FLIGHT INFORMATION",BAMN,REC,EM REPARO,WILLIAM,88.0
2026-07-27,3040263331,C661064-0237,AIRSPEED INDICATOR,PAMALS,REC,VAI SER DEVOLVIDO SEM REPARO,WILLIAM,88.0
2026-07-27,3040263329,C661064-0237,AIRSPEED INDICATOR,PAMALS,REC,EM REPARO,WILLIAM,88.0
2026-07-27,3040263328,C661064-0237,AIRSPEED INDICATOR,BABR,REC,EM REPARO,WILLIAM,88.0
2026-07-27,3040263327,C661064-0237,AIRSPEED INDICATOR,BABR,REC,EM REPARO,WILLIAM,88.0
2026-07-27,3040263330,C661064-0237,AIRSPEED INDICATOR,PAMALS,REC,EM REPARO,WILLIAM,88.0
2026-07-27,3040263338,C611008-0101,ALTERNATOR CONTROL UNIT,PAMALS,REC,REPARADO,V1 PAMA-LS,88.0
2026-07-27,3040263433,066-03064-0005,"ALTIMETER,SERVO CONTROLLED,AUTOMATIC PRESSURE",BACG,REC,EM REPARO,WILLIAM,82.0
2026-07-27,3040263435,066-03064-0005,"ALTIMETER,SERVO CONTROLLED,AUTOMATIC PRESSURE",BANT,REC,EM REPARO,WILLIAM,82.0
2026-07-27,3040263434,066-03064-0005,"ALTIMETER,SERVO CONTROLLED,AUTOMATIC PRESSURE",PAMASP,REC,VAI SER DEVOLVIDO SEM REPARO,WILLIAM,82.0
2026-07-27,3040263417,069-01033-0101,"RECEIVER-TRANSMITTER,RADIO",PAMALS,REC,EM REPARO,WILLIAM,82.0
2026-07-27,3040263416,069-01033-0101,"RECEIVER-TRANSMITTER,RADIO",BASM,REC,EM REPARO,WILLIAM,82.0
2026-07-27,3040263415,069-01033-0101,"RECEIVER-TRANSMITTER,RADIO",BABR,REC,,BANT,82.0
2026-07-27,3040263447,066-3046-07,"CONTROL,INDICATOR",CLA,REC,,BABR,82.0
2026-07-27,3040263443,3244897-4,FUEL CONTROL UNIT,PAMALS,REC,EM REPARO,LEAP,81.0
2026-07-27,3040263444,3244897-4,FUEL CONTROL UNIT,PAMALS,REC,EM REPARO,LEAP,81.0
2026-07-27,3040263577,060-0015-00,"CONTROL,DIRECTIONAL,AUTOMATIC PILOT",ALA 5,REC,EM REPARO,WILLIAM,76.0
2026-07-27,3040263574,066-1072-04,"RECEIVER,RADIO",BABE,REC,EM REPARO,WILLIAM,76.0
2026-07-27,3040263576,066-1072-04,"RECEIVER,RADIO",BAMN,OS concluída,DEVOLVIDO NO ESTADO,WILLIAM,
2026-07-27,3040263575,066-1072-04,"RECEIVER,RADIO",BABE,REC,EM REPARO,WILLIAM,76.0
2026-07-27,3040263573,066-3084-32,IND RDR 2000 IN-182A,PAMALS,REC,,BABR,76.0
2026-07-27,3040263571,066-3084-32,IND RDR 2000 IN-182A,PAMALS,REC,EM REPARO,WILLIAM,76.0
2026-07-27,3040263572,066-3084-32,IND RDR 2000 IN-182A,PAMALS,REC,EM REPARO,WILLIAM,76.0
2026-07-27,3040263448,2618510-10,ALTERNATOR CONTROL UNIT ASSY,BABE,REC,EM REPARO,WILLIAM,76.0
2026-07-27,3040263449,2618510-10,ALTERNATOR CONTROL UNIT ASSY,PAMALS,REC,EM REPARO,WILLIAM,76.0
2026-07-27,3040263877,2641011-5,AXLE-MAIN GEAR,CLA,REC,EM REPARO,LEAP,66.0
2026-07-27,3040263878,2641011-5,AXLE-MAIN GEAR,CLA,REC,EM REPARO,LEAP,66.0
2026-07-27,3040264243,069-01033-0101,"RECEIVER-TRANSMITTER,RADIO",PAMALS,REC,EM REPARO,WILLIAM,59.0
2026-07-27,3040264244,069-01033-0101,"RECEIVER-TRANSMITTER,RADIO",PAMASP,REC,EM REPARO,WILLIAM,59.0
2026-07-27,3040264246,060-0017-00,FLIGHT DIR HOR,PAMALS,REC,EM REPARO,WILLIAM,59.0
2026-07-27,3040264237,200SGL119Q-2,STARTER GENERATOR,BAMN,REC,EM REPARO,AV AERONAUTICA,59.0
2026-07-27,3040264236,200SGL119Q-2,STARTER GENERATOR,BABE,REC,,BABE,59.0
2026-07-27,3040264121,3244897-4,FUEL CONTROL UNIT,BABE,OS concluída,EM REPARO,LEAP,
2026-07-27,3040264263,9910338-8,"INDICATOR,FUEL FLOW",PAMALS,OS concluída,,BABR,
2026-07-27,3040264262,9910338-8,"INDICATOR,FUEL FLOW",BABV,REC,EM REPARO,WILLIAM,59.0
2026-07-27,3040264242,324843-2020,HEADSET-MICROPHONE,BABE,REC,EM REPARO,WILLIAM,59.0
2026-07-27,3040264264,324843-2020,HEADSET-MICROPHONE,DACTA II,REC,EM REPARO,WILLIAM,59.0
2026-07-27,3040264238,324843-2020,HEADSET-MICROPHONE,DACTA II,REC,EM REPARO,WILLIAM,59.0
2026-07-27,3040264241,324843-2020,HEADSET-MICROPHONE,DACTA II,REC,EM REPARO,WILLIAM,59.0
2026-07-27,3040264240,324843-2020,HEADSET-MICROPHONE,DACTA II,REC,EM REPARO,WILLIAM,59.0
2026-07-27,3040264122,3244809-8,"FUEL CONTROL,MAIN,TURBINE ENGINE",BABE,OS concluída,,BABR,
2026-07-27,3040263797,066-3046-07,"CONTROL,INDICATOR",BABE,REC,EM REPARO,WILLIAM,59.0
2026-07-27,3040263798,066-3046-07,"CONTROL,INDICATOR",PAMASP,REC,EM REPARO,WILLIAM,59.0
2026-07-27,3040263799,066-3046-07,"CONTROL,INDICATOR",PAMASP,REC,EM REPARO,WILLIAM,59.0
2026-07-27,3040263795,071-01519-0101,"RECEIVER-EXCITER,RADAR",PAMALS,REC,,PROCURANDO,59.0
2026-07-27,3040263796,071-01519-0101,"RECEIVER-EXCITER,RADAR",PAMALS,REC,,PROCURANDO,59.0
2026-07-27,3040264579,060-0017-00,FLIGHT DIR HOR,BABR,OS concluída,,,
2026-07-27,3040264577,060-0017-00,FLIGHT DIR HOR,PAMALS,REC,,,47.0
2026-07-27,3040264573,060-0017-00,FLIGHT DIR HOR,BANT,REC,,,47.0
2026-07-27,3040264574,060-0017-00,FLIGHT DIR HOR,BANT,REC,,,47.0
2026-07-27,3040264576,060-0017-00,FLIGHT DIR HOR,PAMALS,REC,,,47.0
2026-07-27,3040264572,060-0017-00,FLIGHT DIR HOR,PAMASP,REC,,,47.0
2026-07-27,3040264647,1H75-21,PRESSURE REGULATOR,BAMN,REC,,,42.0
2026-07-27,3040264646,1H75-21,PRESSURE REGULATOR,PAMASP,REC,,,42.0
2026-07-27,3040264645,1H75-21,PRESSURE REGULATOR,PAMASP,REC,,,42.0
2026-07-27,3040264643,1H75-21,PRESSURE REGULATOR,PAMASP,REC,,,42.0
2026-07-27,3040264707,3244809-7,"FUEL CONTROL,MAIN,TURBINE ENGINE",BABE,REC,,,42.0
2026-07-27,3040264709,540-1407-4,"VALVE,BLEED,TURBINEENGINE",PAMASP,REC,,,42.0
2026-07-27,3040264710,200SGL153Q,"STARTER-GENERATOR,ENGINE,AIRCRAFT",CLA,REC,,,42.0
2026-07-27,3040264711,200SGL153Q,"STARTER-GENERATOR,ENGINE,AIRCRAFT",PAMASP,REC,,,42.0
2026-07-27,3040264712,200SGL153Q,"STARTER-GENERATOR,ENGINE,AIRCRAFT",BACG,REC,,,42.0
2026-07-27,3040264718,9910338-8,"INDICATOR,FUEL FLOW",PAMALS,REC,,,42.0
2026-07-27,3040264719,S3326-2,"INDICATOR,HORIZONTAL SITUATION",ALA 8,REC,,,42.0
2026-07-27,3040264720,S3326-2,"INDICATOR,HORIZONTAL SITUATION",PAMALS,REC,,,42.0
2026-07-27,3040264721,S3326-2,"INDICATOR,HORIZONTAL SITUATION",PAMASP,REC,,,42.0
2026-07-27,3040264724,2606013-1AM,INDICADOR PERCENTUAL RPM,BABV,REC,,,42.0
2026-07-27,3040264725,2606013-1AM,INDICADOR PERCENTUAL RPM,BABR,REC,,,42.0
2026-07-27,3040264726,2606015-4,INDICATOR-OIL TEMP/OIL PRESS,BANT,REC,,,42.0
2026-07-27,3040264727,C661051-0201,GYRO HORIZON,ALA 10,REC,,,42.0
2026-07-27,3040264728,504-0111-906,GYRO HORIZON,PAMALS,REC,,,42.0
2026-07-27,3040264729,504-0111-906,GYRO HORIZON,BACG,REC,,,42.0
2026-07-27,3040264730,8210-003,"GOVERNOR,FUEL CONTROL",PAMASP,REC,,,42.0
2026-07-27,3040264731,8210-002,"GOVERNOR,CONSTANT SPEED DRIVE",PAMASP,REC,,,42.0
2026-07-27,3040264732,8210-002,"GOVERNOR,CONSTANT SPEED DRIVE",BAMN,REC,,,42.0
2026-07-27,3040264733,030-18200,MAIN WHEEL BRAKE,BAMN,REC,,,42.0
2026-07-27,3040264734,030-18200,MAIN WHEEL BRAKE,BAMN,REC,,,42.0
2026-07-27,3040264735,161-11700,INNER WHEEL HALF ASSY,PAMALS,REC,,,42.0
2026-07-27,3040264736,161-12800,WHEEL HALF ASSY-INNER,BABR,REC,,,42.0
2026-07-27,3040264737,161-12800,WHEEL HALF ASSY-INNER,PAMALS,AUT,,,42.0
2026-07-27,3040264738,162-10700,OUTER WHEEL HALF ASSY,BACO,AUT,,,42.0
2026-07-27,3040264807,011-01105-01,INTEGRATED AVIONICS UNIT GIA63W,ALA 8,REC,,,34.0
2026-07-27,3040264808,011-01105-01,INTEGRATED AVIONICS UNIT GIA63W,BAMN,REC,,,34.0
2026-07-27,3040264907,011-00916-10,"DISPLAY UNIT,FLIGHT INFORMATION",BAMN,REC,,,27.0
2026-07-27,3040264908,011-00916-10,"DISPLAY UNIT,FLIGHT INFORMATION",BABV,REC,,,27.0
2026-07-27,3040264974,3244809-8,"FUEL CONTROL,MAIN,TURBINE ENGINE",BAMN,REC,,,25.0
2026-07-27,3040264961,3244897-4,FUEL CONTROL UNIT,CLA,REC,,,25.0
2026-07-27,3040264960,3034792,BOMBA DE COMBUSTÍVEL,CLA,REC,,,25.0
2026-07-27,3040265144,011-01020-10,AFCS MODE CONTROLLER GMC 710,BABE,REC,,,19.0
2026-07-27,3040265140,011-01020-10,AFCS MODE CONTROLLER GMC 710,BABE,REC,,,19.0
2026-07-28,3040249831,066-01141-5101,"RECEIVER-TRANSMITTER,RADIO (KT71)",PAMALS,REC,EM REPARO,LEAP,533.0
2026-07-28,3040250248,452-0133,"BATTERY,NONRECHARGEABLE",BABR,REC,CONDENADO,VEE ONE,517.0
2026-07-28,3040250249,452-0133,"BATTERY,NONRECHARGEABLE",BAMN,REC,CONDENADO,VEE ONE,517.0
2026-07-28,3040250234,3034792,BOMBA DE COMBUSTÍVEL,PAMALS,REC,,BANT,517.0
2026-07-28,3040250816,453-5060,"BEACON,DISTRESS",BAMN,REC,,PAMA-LS,495.0
2026-07-28,3040250830,799-1,TRANSDUCER,BACO,REC,,BANT,495.0
2026-07-28,3040250829,51539-012N,CONTROL UNIT ASSY-GENERATOR,BAMN,OS concluída,,,
2026-07-28,3040250828,51539-012N,CONTROL UNIT ASSY-GENERATOR,BACG,REC,,BABR,495.0
2026-07-28,3040250827,51539-012N,CONTROL UNIT ASSY-GENERATOR,BANT,REC,,BABR,495.0
2026-07-28,3040250831,799-1,TRANSDUCER,BANT,REC,,BANT,495.0
2026-07-28,3040250833,9910586-4,FLAP ACTUATOR AND MOTOR ASSEMBLY,ALA 3,REC,,BAMN,495.0
2026-07-28,3040250834,9910586-4,FLAP ACTUATOR AND MOTOR ASSEMBLY,ALA 3,OS concluída,CONDENADO,,
2026-07-28,3040250832,9910338-4,FUEL TOTALIZER INDICATOR,EEAR,REC,,PAMA-LS,495.0
2026-07-28,3040250835,ASG12000-2,ALTERNATOR,ALA 5,REC,REPARADO,V1 PAMA-LS,495.0
2026-07-28,3040250841,C661030-0301,TURN BANK,PAMALS,REC,EM REPARO,LEAP,495.0
2026-07-28,3040250842,C662041-0102,INDICATOR FUEL,ALA 5,REC,,PAMA-LS,495.0
2026-07-28,3040250844,C662041-0102,INDICATOR FUEL,ALA 9,REC,,PAMA-LS,495.0
2026-07-28,3040250843,C662041-0102,INDICATOR FUEL,ALA 10,OS concluída,REPARADO,,
2026-07-28,3040250719,060-0017-00,FLIGHT DIR HOR,PAMALS,REC,,BANT,495.0
2026-07-28,3040250720,060-0017-00,FLIGHT DIR HOR,BABV,OS concluída,REPARADO,,
2026-07-28,3040250722,066-01141-5101,"RECEIVER-TRANSMITTER,RADIO (KT71)",ALA 9,REC,EM REPARO,WILLIAM,495.0
2026-07-28,3040250723,066-01141-5101,"RECEIVER-TRANSMITTER,RADIO (KT71)",CLA,REC,,BABR,495.0
2026-07-28,3040250721,060-0017-00,FLIGHT DIR HOR,BANT,OS concluída,REPARADO,,
2026-07-28,3040250725,066-3046-07,"CONTROL,INDICATOR",ALA 10,OS concluída,REPARADO,,
2026-07-28,3040250724,066-04035-1101,"DISPLAY UNIT,RADAR",PAMALS,REC,,BANT,495.0
2026-07-28,3040250732,069-1025-25,"RECEIVER-TRANSMITTER,RADIO - KX165",PAMALS,REC,EM REPARO,WILLIAM,495.0
2026-07-28,3040250782,2606012-1,INDICATOR-INTER-TURBINE TEMPERATURE,ALA 9,OS concluída,,,
2026-07-28,3040250775,161-11700,INNER WHEEL HALF ASSY,BABE,OS concluída,CONDENADO,,
2026-07-28,3040250773,161-11700,INNER WHEEL HALF ASSY,EEAR,REC,,BACG,495.0
2026-07-28,3040250718,030-18200,MAIN WHEEL BRAKE,BACO,OS concluída,REPARADO,,
2026-07-28,3040250716,030-18200,MAIN WHEEL BRAKE,BABV,REC,EM REPARO,LEAP,495.0
2026-07-28,3040250717,030-18200,MAIN WHEEL BRAKE,BACO,OS concluída,REPARADO,,
2026-07-28,3040250780,162-11800,WHEEL HALF ASSY-OUTER,PAMALS,OS concluída,,,
2026-07-28,3040250781,162-11800,WHEEL HALF ASSY-OUTER,BACG,OS concluída,,,
2026-07-28,3040250778,161-12800,WHEEL HALF ASSY-INNER,BACG,OS concluída,REPARADO,,
2026-07-28,3040250776,161-12800,WHEEL HALF ASSY-INNER,BABE,OS concluída,CONDENADO,,
2026-07-28,3040250790,2643031-7,"FORK ASSY,NOSE GEAR SPRING",BAMN,OS concluída,CONDENADO,,
2026-07-28,3040250791,2643090-1,SHIMMY DAMPENE,BANT,REC,EM REPARO,AV AERONAUTICA,495.0
2026-07-28,3040250792,2643090-1,SHIMMY DAMPENE,BAMN,REC,REPARADO,V1 PAMA-LS,495.0
2026-07-28,3040250789,2641012-14,TRUNNION ASSY-RH-MAIN GEAR,PAMASP,OS concluída,CONDENADO,,
2026-07-28,3040250793,2643099-4,"SUPPORT ASSY FOWARD, NLG SPRING",BAMN,OS concluída,CONDENADO,,
2026-07-28,3040250798,30994-001,BATTERY-MARATHON TSP410 NICAD,BANT,OS concluída,CONDENADO,AMA - VEE ONE,
2026-07-28,3040252191,C611008-0101,ALTERNATOR CONTROL UNIT,PAMALS,REC,,BABR,462.0
2026-07-28,3040252159,011-00916-00,DISPLAY UNIT GDU 1040A,BAMN,REC,,BAMN,462.0
2026-07-28,3040252161,065-0042-03,COMPUTER PA,ALA 10,REC,EM REPARO,WILLIAM,462.0
2026-07-28,3040252162,065-0042-03,COMPUTER PA,EEAR,REC,,BABE,462.0
2026-07-28,3040252164,065-0042-03,COMPUTER PA,EEAR,REC,EM REPARO,WILLIAM,462.0
2026-07-28,3040252165,065-0042-03,COMPUTER PA,PAMALS,OS concluída,,,
2026-07-28,3040252166,065-0059-01,SERVO PITCH,EEAR,REC,EM REPARO,WILLIAM,462.0
2026-07-28,3040252168,066-03064-0005,"ALTIMETER,SERVO CONTROLLED,AUTOMATIC PRESSURE",ALA 9,OS concluída,REPARADO,,
2026-07-28,3040252173,066-03064-0005,"ALTIMETER,SERVO CONTROLLED,AUTOMATIC PRESSURE",BANT,REC,EM REPARO,LEAP,462.0
2026-07-28,3040252172,066-03064-0005,"ALTIMETER,SERVO CONTROLLED,AUTOMATIC PRESSURE",PAMALS,REC,NO ESTADO,VEE ONE,462.0
2026-07-28,3040252170,066-03064-0005,"ALTIMETER,SERVO CONTROLLED,AUTOMATIC PRESSURE",ALA 7,REC,NO ESTADO,VEE ONE,462.0
2026-07-28,3040252178,066-1072-00,RECEIVER ADF (KING KR87),PAMALS,OS concluída,,,
2026-07-28,3040252182,066-1072-04,"RECEIVER,RADIO",ALA 9,OS concluída,REPARADO,,
2026-07-28,3040252181,066-1072-04,"RECEIVER,RADIO",PAMASP,REC,EM REPARO,WILLIAM,462.0
2026-07-28,3040252180,066-1072-04,"RECEIVER,RADIO",ALA 8,OS concluída,,,
2026-07-28,3040252185,066-1072-04,"RECEIVER,RADIO",BAMN,OS concluída,REPARADO,,
2026-07-28,3040252189,9910338-6,"TRANSMITTER,RATE OF FLOW",ALA 8,OS concluída,REPARADO,,
2026-07-28,3040252190,9910338-6,"TRANSMITTER,RATE OF FLOW",BABR,OS concluída,,,
2026-07-28,3040252160,011-01020-10,AFCS MODE CONTROLLER GMC 710,BAMN,OS concluída,,,
2026-07-28,3040252939,C163030-1001,MAIN W BRAKE A,BABV,REC,,BAMN,432.0
2026-07-28,3040252936,030-18200,MAIN WHEEL BRAKE,BACO,REC,,PAMA-LS,432.0
2026-07-28,3040252935,030-18200,MAIN WHEEL BRAKE,BAMN,OS concluída,CONDENADO,,
2026-07-28,3040252940,30-182,MAIN WHEEL BRAKE,BABV,OS concluída,CONDENADO,,
2026-07-28,3040252942,30-182,MAIN WHEEL BRAKE,BAMN,OS concluída,REPARADO,,
2026-07-28,3040252943,30-182,MAIN WHEEL BRAKE,BAMN,OS concluída,REPARADO,,
2026-07-28,3040253170,161-12800,WHEEL HALF ASSY-INNER,BASM,OS concluída,CONDENADO,,
2026-07-28,3040253168,161-12800,WHEEL HALF ASSY-INNER,BASM,REC,REPARADO,VEE ONE,428.0
2026-07-28,3040253172,161-12800,WHEEL HALF ASSY-INNER,PAMALS,REC,,PROCURANDO,428.0
2026-07-28,3040253174,161-12800,WHEEL HALF ASSY-INNER,PAMALS,OS concluída,CONDENADO,,
2026-07-28,3040253173,161-12800,WHEEL HALF ASSY-INNER,PAMALS,REC,EM REPARO,LEAP,428.0
2026-07-28,3040253176,162-10700,OUTER WHEEL HALF ASSY,BABE,OS concluída,CONDENADO,,
2026-07-28,3040253177,162-10700,OUTER WHEEL HALF ASSY,BABV,REC,REPARADO,VEE ONE,428.0
2026-07-28,3040253178,162-10700,OUTER WHEEL HALF ASSY,PAMALS,REC,,PROCURANDO,428.0
2026-07-28,3040253179,162-11800,WHEEL HALF ASSY-OUTER,CLA,OS concluída,CONDENADO,,
2026-07-28,3040253181,162-11800,WHEEL HALF ASSY-OUTER,PAMALS,OS concluída,REPARADO,,
2026-07-28,3040253180,162-11800,WHEEL HALF ASSY-OUTER,BASM,REC,,PROCURANDO,428.0
2026-07-28,3040253182,162-11800,WHEEL HALF ASSY-OUTER,PAMALS,REC,REPARADO,VEE ONE,428.0
2026-07-28,3040253536,2641012-14,TRUNNION ASSY-RH-MAIN GEAR,PAMALS,OS concluída,CONDENADO,,
2026-07-28,3040253529,066-03064-0005,"ALTIMETER,SERVO CONTROLLED,AUTOMATIC PRESSURE",DSM-MN,REC,DEVOLVIDO NO ESTADO,WILLIAM,418.0
2026-07-28,3040253528,066-03064-0005,"ALTIMETER,SERVO CONTROLLED,AUTOMATIC PRESSURE",BANT,OS concluída,REPARADO,,
2026-07-28,3040253532,799-1,TRANSDUCER,PAMALS,REC,,BANT,418.0
2026-07-28,3040253535,2643099-4,"SUPPORT ASSY FOWARD, NLG SPRING",BABE,REC,CONDENADO,VEE ONE,418.0
2026-07-28,3040253531,799-1,TRANSDUCER,BAMN,REC,,VEE ONE,418.0
2026-07-28,3040253530,799-1,TRANSDUCER,BAMN,REC,,BANT,418.0
2026-07-28,3040253526,30994-001,BATTERY-MARATHON TSP410 NICAD,PAMALS,OS concluída,CONDENADO,AMA - VEE ONE,
2026-07-28,3040253527,30994-001,BATTERY-MARATHON TSP410 NICAD,BAPV,OS concluída,CONDENADO,AMA - VEE ONE,
2026-07-28,3040254195,540-1407-4,"VALVE,BLEED,TURBINEENGINE",PAMALS,REC,,BANT,400.0
2026-07-28,3040254201,2643090-3,SHIMMY DAMPER-NOSE GEAR,PAMALS,REC,REPARADO,V1 PAMA-LS,400.0
2026-07-28,3040254203,SE1070-6,SHIMMY DAMPENER ASSY,BACGINAT,OS concluída,,,
2026-07-28,3040254205,C660501-0103,"COMPASS,SPEC",PAMALS,REC,REPARADO,V1 PAMA-LS,400.0
2026-07-28,3040254206,C660501-0103,"COMPASS,SPEC",ALA 8,REC,EM REPARO EM GARANTIA,WILLIAM,400.0
2026-07-28,3040254208,C660501-0103,"COMPASS,SPEC",BABV,REC,REPARADO,V1 PAMA-LS,400.0
2026-07-28,3040254210,799-1,TRANSDUCER,BANT,REC,,BANT,400.0
2026-07-28,3040254792,2606013-1RX,INDICATOR-PERCENT RPM,BABR,REC,,BANT,391.0
2026-07-28,3040254770,069-1025-25,"RECEIVER-TRANSMITTER,RADIO - KX165",ALA 9,REC,EM REPARO,WILLIAM,391.0
2026-07-28,3040254799,453-5000-710,EMERGENCY LOCATOR TRANSMITTER MODEL C406-2,PAMASP,OS concluída,,,
2026-07-28,3040254806,C352TS,"EXTINGUISHER,FIRE",PAMALS,REC,REPARADO,V1 PAMA-LS,391.0
2026-07-28,3040254805,C352TS,"EXTINGUISHER,FIRE",PAMALS,OS concluída,,,
2026-07-28,3040254810,C352TS,"EXTINGUISHER,FIRE",PAMALS,OS concluída,,,
2026-07-28,3040254809,C352TS,"EXTINGUISHER,FIRE",PAMAGL,OS concluída,,,
2026-07-28,3040254803,C352TS,"EXTINGUISHER,FIRE",2 ETA,REC,REPARADO,V1 PAMA-LS,391.0
2026-07-28,3040254808,C352TS,"EXTINGUISHER,FIRE",BABR,REC,REPARADO,V1 PAMA-LS,391.0
2026-07-28,3040254795,D145-00-46-2,FLAP ACTUATOR ASSY,BABE,REC,,PAMA-LS,391.0
2026-07-28,3040254793,D145-00-46-2,FLAP ACTUATOR ASSY,PAMALS,REC,,PAMA-LS,391.0
2026-07-28,3040254815,C482001-0402,VACUUM REGULAT,PAMALS,REC,CONDENADO,VEE ONE,391.0
2026-07-28,3040254816,C482001-0402,VACUUM REGULAT,PAMALS,REC,CONDENADO,VEE ONE,391.0
2026-07-28,3040254820,2641011-5,AXLE-MAIN GEAR,BAMN,OS concluída,REPARADO,,
2026-07-28,3040254817,2641011-5,AXLE-MAIN GEAR,BABE,OS concluída,NO ESTADO,,
2026-07-28,3040254818,2641011-5,AXLE-MAIN GEAR,BABE,OS concluída,,,
2026-07-28,3040254819,2641011-5,AXLE-MAIN GEAR,BANT,OS concluída,REPARADO,,
2026-07-28,3040254796,30994-001,BATTERY-MARATHON TSP410 NICAD,BAMN,OS concluída,REPARADO,,
2026-07-28,3040254789,452-0133,"BATTERY,NONRECHARGEABLE",BAMN,REC,CONDENADO,VEE ONE,391.0
2026-07-28,3040254788,452-0133,"BATTERY,NONRECHARGEABLE",BAMN,REC,CONDENADO,VEE ONE,391.0
2026-07-28,3040254787,452-0133,"BATTERY PACK,AIRCRAFT",DACTA II,REC,CONDENADO,VEE ONE,391.0
2026-07-28,3040254786,452-0133,"BATTERY PACK,AIRCRAFT",BAMN,REC,CONDENADO,VEE ONE,391.0
2026-07-28,3040254785,452-0133,"BATTERY,NONRECHARGEABLE",BAMN,REC,CONDENADO,VEE ONE,391.0
2026-07-28,3040254784,452-0133,"BATTERY,NONRECHARGEABLE",DACTA II,REC,CONDENADO,VEE ONE,391.0
2026-07-28,3040255326,011-00916-00,DISPLAY UNIT GDU 1040A,BAMN,REC,,BAMN,382.0
2026-07-28,3040255319,702801-5,FUEL PUMP,PAMASP,REC,EM REPARO,VEE ONE,382.0
2026-07-28,3040255321,8210-002,"GOVERNOR,CONSTANT SPEED DRIVE",PAMALS,OS concluída,,,
2026-07-28,3040255461,DAAS-A-010-1,ADAS-D PROCESSOR,PAMALS,REC,EM REPARO,VEE ONE,378.0
2026-07-28,3040255589,071-01519-0101,"RECEIVER-EXCITER,RADAR",BANT,REC,,PROCURANDO,376.0
2026-07-28,3040255590,071-01519-0101,"RECEIVER-EXCITER,RADAR",PAMALS,OS concluída,REPARADO,,
2026-07-28,3040255706,C661064-0237,AIRSPEED INDICATOR,BAMN,OS concluída,,,
2026-07-28,3040256114,5934PAD-3,"ALTIMETER,PRESSURE",PAMALS,REC,EM REPARO,VEE ONE,362.0
2026-07-28,3040256119,011-00878-10,GSA-81 TORQUE SERVO,BAPV,REC,EM REPARO,LEAP,362.0
2026-07-28,3040256112,011-00883-20,RADAR GWX 68 WEATHER,BABE,REC,,BAMN,362.0
2026-07-28,3040256115,5934PAD-3,"ALTIMETER,PRESSURE",PAMALS,OS concluída,REPARADO,,
2026-07-28,3040256118,011-00878-10,GSA-81 TORQUE SERVO,BAPV,REC,,BACO,362.0
2026-07-28,3040256120,011-00916-10,"DISPLAY UNIT,FLIGHT INFORMATION",BAMN,OS concluída,,,
2026-07-28,3040256314,066-4010-12,RECEIVER VOR/LOC (KNS81),EEAR,REC,EM REPARO,LEAP,349.0
2026-07-28,3040256311,3121248-03,"VALVE ASSEMBLY,COMPRESSOR BLEED",PAMALS,OS concluída,,,
2026-07-28,3040256704,C661064-0237,AIRSPEED INDICATOR,PAMALS,OS concluída,,,
2026-07-28,3040256707,D210507,"GOVERNOR,OVERSPEED",PAMALS,OS concluída,,,
2026-07-28,3040256708,D210507,"GOVERNOR,OVERSPEED",PAMALS,REC,REPARADO,VEE ONE,340.0
2026-07-28,3040256702,C661064-0237,AIRSPEED INDICATOR,BABR,OS concluída,,,
2026-07-28,3040256703,C661064-0237,AIRSPEED INDICATOR,PAMALS,OS concluída,REPARADO,,
2026-07-28,3040256662,030-18200,MAIN WHEEL BRAKE,BASM,OS concluída,,,
2026-07-28,3040256665,161-11700,INNER WHEEL HALF ASSY,BABV,OS concluída,,,
2026-07-28,3040256666,161-11700,INNER WHEEL HALF ASSY,PAMALS,OS concluída,,,
2026-07-28,3040256667,161-11700,INNER WHEEL HALF ASSY,PAMALS,OS concluída,,,
2026-07-28,3040256668,161-11700,INNER WHEEL HALF ASSY,PAMALS,OS concluída,CONDENADO,,
2026-07-28,3040256669,161-11700,INNER WHEEL HALF ASSY,PAMALS,OS concluída,,,
2026-07-28,3040256670,161-11700,INNER WHEEL HALF ASSY,PAMALS,OS concluída,CONDENADO,,
2026-07-28,3040256671,161-11700,INNER WHEEL HALF ASSY,PAMALS,REC,REPARADO,VEE ONE,340.0
2026-07-28,3040256698,030-18200,MAIN WHEEL BRAKE,PAMASP,REC,,PROCURANDO,340.0
2026-07-28,3040256713,030-18200,MAIN WHEEL BRAKE,ALA 3,REC,,BAMN,340.0
2026-07-28,3040256694,162-11800,WHEEL HALF ASSY-OUTER,BANT,OS concluída,REPARADO,,
2026-07-28,3040256696,162-11800,WHEEL HALF ASSY-OUTER,PAMALS,REC,,PAMA-LS,340.0
2026-07-28,3040256672,161-12800,WHEEL HALF ASSY-INNER,PAMALS,REC,REPARADO,VEE ONE,340.0
2026-07-28,3040256675,161-12800,WHEEL HALF ASSY-INNER,BANT,OS concluída,REPARADO,,
2026-07-28,3040256792,011-00877-00,"GSA-80 SERVO ROL,YAW,SPEC",BAMN,REC,,PROCURANDO,340.0
2026-07-28,3040256787,011-00877-00,"GSA-80 SERVO ROL,YAW,SPEC",PAMALS,REC,EM REPARO,VEE ONE,340.0
2026-07-28,3040256828,011-00883-20,RADAR GWX 68 WEATHER,PAMALS,REC,CONDENADO,V1 PAMA-LS,340.0
2026-07-28,3040256709,3121248-03,"VALVE ASSEMBLY,COMPRESSOR BLEED",PAMASP,REC,,BANT,337.0
2026-07-28,3040256673,161-12800,WHEEL HALF ASSY-INNER,PAMALS,REC,CONDENADO,VEE ONE,337.0
2026-07-28,3040257095,011-01105-01,INTEGRATED AVIONICS UNIT GIA63W,BABE,REC,EM REPARO,VEE ONE,333.0
2026-07-28,3040257096,011-01105-01,INTEGRATED AVIONICS UNIT GIA63W,BABE,REC,,BAMN,333.0
2026-07-28,3040257093,065-00183-0501,AUTOPILOT COMPUTER KFC225,BABE,REC,,BANT,333.0
2026-07-28,3040257094,065-00183-0501,AUTOPILOT COMPUTER KFC225,BABE,REC,,BANT,333.0
2026-07-28,3040257443,161-12800,WHEEL HALF ASSY-INNER,ALA 3,AUT,,NÃO TEVE MOVIMENTAÇÃO,321.0
2026-07-28,3040257442,C163030-1001,MAIN W BRAKE A,BAMN,REC,REPARADO,VEE ONE,314.0
2026-07-28,3040257452,3244809-8,"FUEL CONTROL,MAIN,TURBINE ENGINE",BAPV,OS concluída,REPARADO,,
2026-07-28,3040257454,EA-5172-45-CES,"INDICATOR,AIRSPEED",BACG,OS concluída,,,
2026-07-28,3040257453,EA-5172-45-CES,"INDICATOR,AIRSPEED",ALA 7,REC,DEVOLVIDO NO ESTADO,WILLIAM,314.0
2026-07-28,3040257451,3244809-7,"FUEL CONTROL,MAIN,TURBINE ENGINE",PAMASP,REC,,BANT,314.0
2026-07-28,3040257450,3244809-4,"FUEL CONTROL,MAIN,TURBINE ENGINE",PAMASP,OS concluída,EM REPARO,LEAP,
2026-07-28,3040257438,030-18200,MAIN WHEEL BRAKE,BAMN,REC,REPARADO,VEE ONE,314.0
2026-07-28,3040257444,162-10700,OUTER WHEEL HALF ASSY,PAMALS,OS concluída,CONDENADO,,
2026-07-28,3040257447,162-10700,OUTER WHEEL HALF ASSY,PAMALS,OS concluída,CONDENADO,,
2026-07-28,3040257436,30994-001,BATTERY-MARATHON TSP410 NICAD,PAMALS,OS concluída,CONDENADO,AMA - VEE ONE,
2026-07-28,3040257441,030-18200,MAIN WHEEL BRAKE,BAPV,REC,,BAMN,314.0
2026-07-28,3040257440,030-18200,MAIN WHEEL BRAKE,BANT,REC,CONDENADO,VEE ONE,314.0
2026-07-28,3040257439,030-18200,MAIN WHEEL BRAKE,BAMN,REC,,BAMN,314.0
2026-07-28,3040258306,D210507,"GOVERNOR,OVERSPEED",PAMALS,REC,EM REPARO,LEAP,294.0
2026-07-28,3040258310,D210507,"GOVERNOR,OVERSPEED",BACO,OS concluída,,,
2026-07-28,3040258309,D210507,"GOVERNOR,OVERSPEED",BAMN,REC,EM REPARO,LEAP,294.0
2026-07-28,3040258308,D210507,"GOVERNOR,OVERSPEED",BAMN,OS concluída,REPARADO,,
2026-07-28,3040258307,D210507,"GOVERNOR,OVERSPEED",ALA 5,OS concluída,,,
2026-07-28,3040258303,011-00877-00,"GSA-80 SERVO ROL,YAW,SPEC",DACTA II,REC,EM REPARO,VEE ONE,294.0
2026-07-28,3040258422,2601188-8,COMPRESSOR DRIVE ASSY R134A,PAMASP,REC,,PROCURANDO,292.0
2026-07-28,3040258419,011-00877-00,"GSA-80 SERVO ROL,YAW,SPEC",DACTA II,REC,EM REPARO,VEE ONE,292.0
2026-07-28,3040258420,011-00877-00,"GSA-80 SERVO ROL,YAW,SPEC",BACO,REC,EM REPARO,VEE ONE,292.0
2026-07-28,3040258421,011-00877-00,"GSA-80 SERVO ROL,YAW,SPEC",BABE,REC,,BACO,292.0
2026-07-28,3040258764,069-01034-0102,"NAVIGATION SET,SATELLITE SIGNALS KLN-94",PAMALS,REC,,BANT,285.0
2026-07-28,3040259152,066-01141-5101,"TRANSPONDER,RADAR",BABE,REC,,BANT,266.0
2026-07-28,3040259151,066-01141-5101,"TRANSPONDER,RADAR",BANT,REC,REPARADO,V1 PAMA-LS,266.0
2026-07-28,3040259251,064-1019-05,VHF TRANSCEIVE KY196,EEAR,REC,,EEAR,264.0
2026-07-28,3040259146,1U149-015-15,HORIZ. GYRO-STADBY,PAMALS,REC,EM REPARO,VEE ONE,263.0
2026-07-28,3040259147,162-10700,OUTER WHEEL HALF ASSY,BANT,REC,EM REPARO,AMA - VEE ONE,263.0
2026-07-28,3040259148,3049038-03,"VALVE,COMPRESSOR BLEED",BANT,OS concluída,,,
2026-07-28,3040259316,2606015-4,INDICATOR-OIL TEMP/OIL PRESS,BACG,REC,REPARADO,V1 PAMA-LS,260.0
2026-07-28,3040259564,C414007-0102,BLOWER ASSY,PAMALS,OS concluída,,,
2026-07-28,3040259568,C414007-0102,BLOWER ASSY,ALA 10,OS concluída,,,
2026-07-28,3040259570,C414007-0102,BLOWER ASSY,ALA 10,OS concluída,,,
2026-07-28,3040259694,025323-150,FUEL PUMP,PAMASP,REC,,BACO,252.0
2026-07-28,3040259922,C414007-0102,BLOWER ASSY,BANT,REC,REPARADO,V1 PAMA-LS,245.0
2026-07-28,3040259928,C414007-0102,BLOWER ASSY,PAMALS,REC,EM REPARO,VEE ONE,245.0
2026-07-28,3040259924,C414007-0102,BLOWER ASSY,BACG,REC,EM REPARO,VEE ONE,245.0
2026-07-28,3040259918,C414007-0102,BLOWER ASSY,ALA 10,REC,EM REPARO,VEE ONE,245.0
2026-07-28,3040259950,065-0060-01,"CONTROL,SERVO,AUTOMATIC PILOT",PAMALS,REC,EM REPARO,LEAP,245.0
2026-07-28,3040259949,065-0060-01,"CONTROL,SERVO,AUTOMATIC PILOT",PAMALS,REC,EM REPARO,LEAP,245.0
2026-07-28,3040259947,066-3046-07,"CONTROL,INDICATOR",EEAR,OS concluída,REPARADO,,
2026-07-28,3040259946,066-3046-07,"CONTROL,INDICATOR",BANT,REC,,BANT,245.0
2026-07-28,3040259944,066-3046-07,"CONTROL,INDICATOR",EEAR,REC,,PAMA-LS,245.0
2026-07-28,3040260209,011-00916-00,DISPLAY UNIT GDU 1040A,PAMALS,REC,,BAMN,231.0
2026-07-28,3040260208,324843-W020,HEADSET-MICROPHONE,PAMALS,REC,VAI SER DEVOLVIDO SEM REPARO,WILLIAM,231.0
2026-07-28,3040260204,324843-W020,HEADSET-MICROPHONE,PAMALS,OS concluída,REPARADO,,
2026-07-28,3040260205,324843-W020,HEADSET-MICROPHONE,PAMALS,OS concluída,REPARADO,,
2026-07-28,3040260388,SD5H14C4527,AIR COMPRESSOR,PAMALS,REC,EM REPARO,VEE ONE,224.0
2026-07-28,3040260382,065-00183-0501,AUTOPILOT COMPUTER KFC225,BANT,REC,,BANT,224.0
2026-07-28,3040260389,SD5H14C4527,AIR COMPRESSOR,PAMALS,REC,EM REPARO,VEE ONE,224.0
2026-07-28,3040260517,ASG12000-2,ALTERNATOR,PAMALS,OS concluída,,,
2026-07-28,3040260524,51539-012M,CONTROL UNIT ASSY-GENERATOR,BANT,REC,,BACG,221.0
2026-07-28,3040260516,ASG12000-2,ALTERNATOR,PAMALS,REC,REPARADO,V1 PAMA-LS,221.0
2026-07-28,3040260523,9910592-2,ALTERNADOR,BAMN,REC,REPARADO,V1 PAMA-LS,221.0
2026-07-28,3040260522,9910592-2,ALTERNADOR,BAMN,REC,REPARADO,V1 PAMA-LS,221.0
2026-07-28,3040260547,161-12800,WHEEL HALF ASSY-INNER,EPCAR,OS concluída,REPARADO,VEE ONE,
2026-07-28,3040260545,161-11700,INNER WHEEL HALF ASSY,BACG,REC,REPARADO,VEE ONE,203.0
2026-07-28,3040260544,161-11700,INNER WHEEL HALF ASSY,BANT,REC,REPARADO,VEE ONE,203.0
2026-07-28,3040260546,161-12800,WHEEL HALF ASSY-INNER,PAMALS,REC,REPARADO,VEE ONE,203.0
2026-07-28,3040260548,161-11700,INNER WHEEL HALF ASSY,CLA,REC,REPARADO,VEE ONE,203.0
2026-07-28,3040260549,162-10700,OUTER WHEEL HALF ASSY,BACG,REC,REPARADO,VEE ONE,203.0
2026-07-28,3040260550,162-10700,OUTER WHEEL HALF ASSY,CLA,REC,REPARADO,VEE ONE,203.0
2026-07-28,3040260551,162-11800,WHEEL HALF ASSY-OUTER,BANT,REC,REPARADO,VEE ONE,203.0
2026-07-28,3040260552,30994-001,BATTERY-MARATHON TSP410 NICAD,BABE,OS concluída,CONDENADO,AMA - VEE ONE,
2026-07-28,3040260543,324843-W020,HEADSET-MICROPHONE,PAMALS,REC,VAI SER DEVOLVIDO SEM REPARO,WILLIAM,203.0
2026-07-28,3040260542,324843-W020,HEADSET-MICROPHONE,PAMALS,REC,,BABE,203.0
2026-07-28,3040260541,324843-W020,HEADSET-MICROPHONE,PAMALS,OS concluída,REPARADO,,
2026-07-28,3040260540,324843-W020,HEADSET-MICROPHONE,PAMALS,OS concluída,REPARADO,,
2026-07-28,3040260538,324843-W020,HEADSET-MICROPHONE,PAMALS,REC,,BABE,203.0
2026-07-28,3040260539,324843-W020,HEADSET-MICROPHONE,PAMALS,REC,,BABE,203.0
2026-07-28,3040260595,9910586-4,FLAP ACTUATOR AND MOTOR ASSEMBLY,7 ETA,REC,,BAMN,203.0
2026-07-28,3040260597,9910586-4,FLAP ACTUATOR AND MOTOR ASSEMBLY,BAPV,REC,REPARADO,VEE ONE,203.0
2026-07-28,3040260583,3244897-4,FUEL CONTROL UNIT,PAMALS,OS concluída,,,
2026-07-28,3040260750,3122678-04,FUEL CONTROL UNIT,PAMASP,REC,,BANT,195.0
2026-07-28,3040260752,3244897-4,FUEL CONTROL UNIT,PAMASP,OS concluída,REPARADO,,
2026-07-28,3040260753,3244809-7,"FUEL CONTROL,MAIN,TURBINE ENGINE",PAMASP,OS concluída,REPARADO,,
2026-07-28,3040260754,3244809-1,"FUEL CONTROL,MAIN,TURBINE ENGINE",PAMASP,REC,EM QUARENTENA,LEAP,195.0
2026-07-28,3040254794,C145-350,"MOTOR,DIRECT CURRENT",PAMALS,OS concluída,,,
2026-07-28,3040260913,064-1054-30,RECEIVER-TRANSMITTER SUBASSEMBLY,EPCAR,REC,REPARADO,V1 PAMA-LS,183.0
2026-07-28,3040260915,064-1054-30,RECEIVER-TRANSMITTER SUBASSEMBLY,PAMALS,REC,REPARADO,V1 PAMA-LS,183.0
2026-07-28,3040260811,3034792,BOMBA DE COMBUSTÍVEL,BAPV,REC,,BABR,181.0
2026-07-28,3040260812,3034792,BOMBA DE COMBUSTÍVEL,BACG,OS concluída,,,
2026-07-28,3040260922,162-11800,WHEEL HALF ASSY-OUTER,PAMALS,OS concluída,,,
2026-07-28,3040260923,030-18200,MAIN WHEEL BRAKE,BACO,REC,REPARADO,VEE ONE,181.0
2026-07-28,3040261389,3034792,BOMBA DE COMBUSTÍVEL,PAMASP,REC,REPARADO,V1 PAMA-LS,168.0
2026-07-28,3040261388,3034792,BOMBA DE COMBUSTÍVEL,BABR,OS concluída,REPARADO,,
2026-07-28,3040261387,3034792,BOMBA DE COMBUSTÍVEL,BABR,OS concluída,REPARADO,,
2026-07-28,3040261371,TFF2905-13,FUEL FLOW TRANSDUCER,ALA 8,REC,EM REPARO,WILLIAM,168.0
2026-07-28,3040261375,C661065-0240RX,"INDICATOR, AIRSPEED",BACG,REC,EM REPARO,WILLIAM,168.0
2026-07-28,3040261373,C661065-0240,AIRSPEED INDICATOR,BABE,REC,REPARADO,V1 PAMA-LS,168.0
2026-07-28,3040261322,011-00831-00,"ENGINE INTERFA,SPEC",BAPV,REC,REPARADO,VEE ONE,168.0
2026-07-28,3040261326,011-00882-10,"COMPUTER,AIR DATA",BAMN,OS concluída,,,
2026-07-28,3040261324,011-00882-10,"COMPUTER,AIR DATA",BAMN,OS concluída,,,
2026-07-28,3040261327,064-1054-30,RECEIVER-TRANSMITTER SUBASSEMBLY,PAMASP,REC,REPARADO,V1 PAMA-LS,168.0
2026-07-28,3040261336,066-01141-0101,"RECEIVER,RADIO",BANT,REC,REPARADO,V1 PAMA-LS,168.0
2026-07-28,3040261334,065-0065-01,SELECTOR ALT,BANT,REC,EM REPARO,WILLIAM,168.0
2026-07-28,3040261331,065-0061-36,ACTUATOR TRIM (KS272A),PAMASP,REC,,BABR,168.0
2026-07-28,3040261329,065-0061-36,ACTUATOR TRIM (KS272A),ALA 10,OS concluída,REPARADO,,
2026-07-28,3040261335,065-0065-01,SELECTOR ALT,BANT,REC,EM REPARO,WILLIAM,168.0
2026-07-28,3040261342,066-3084-02,COLOR RADAR INDICATOR,BABV,REC,EM REPARO,WILLIAM,168.0
2026-07-28,3040261340,066-1053-00,"RECEIVER,RADIO",BASM,REC,REPARADO,V1 PAMA-LS,168.0
2026-07-28,3040261377,066-3054-01,INDICATOR RADAR ALTIMETER - TYPE KI250,PAMALS,REC,EM REPARO,WILLIAM,168.0
2026-07-28,3040261376,066-1061-03,RT RADAR ALTIM (KRA10A),PAMALS,REC,PARA REPARO,VEE ONE,168.0
2026-07-28,3040261352,1134380-4,EVAPORATOR MODULE ASSY-RH,BAMN,REC,CONDENADO,VEE ONE,168.0
2026-07-28,3040261347,071-1234-00,ANTENNA ACCESSORY,ALA 1,REC,EM REPARO,WILLIAM,168.0
2026-07-28,3040261344,066-4010-12,RECEIVER VOR/LOC (KNS81),ALA 10,REC,EM REPARO,WILLIAM,168.0
2026-07-28,3040261353,1H75-21,PRESSURE REGULATOR,BAMN,REC,,BAMN,168.0
2026-07-28,3040261357,2682001-1,BRAKE CYL MAST,BABE,OS concluída,REPARADO,,
2026-07-28,3040261356,2670104-2,ANNUNCIATOR PANEL,PAMALS,REC,REPARADO,VEE ONE,168.0
2026-07-28,3040261355,2643100-201,NOSE GEAR STRUT ASSY - TALL FORK,BABR,OS concluída,REPARADO,,
2026-07-28,3040261354,2643100-201,NOSE GEAR STRUT ASSY - TALL FORK,BANT,REC,EM REPARO,AV AERONAUTICA,168.0
2026-07-28,3040261364,8210-002-01,GOVERNOR PROPELLER,PAMASP,REC,REPARADO,VEE ONE,168.0
2026-07-28,3040261627,S3828-1,ALTIMETER,BAMN,REC,EM REPARO,WILLIAM,154.0
2026-07-28,3040261628,S3828-1,ALTIMETER,BABE,REC,REPARADO,V1 PAMA-LS,154.0
2026-07-28,3040261851,51539-012MRX,CONTROL UNIT ASSY-GENERATOR,BABE,REC,EM REPARO,VEE ONE,146.0
2026-07-28,3040261852,51539-012MRX,CONTROL UNIT ASSY-GENERATOR,BABE,REC,EM REPARO,VEE ONE,146.0
2026-07-28,3040261843,3034792,BOMBA DE COMBUSTÍVEL,PAMALS,REC,EM REPARO,VEE ONE,141.0
2026-07-28,3040262245,200SGL119Q-2,STARTER GENERATOR,BAMN,OS concluída,REPARADO,,
2026-07-28,3040262246,200SGL119Q-2,STARTER GENERATOR,BAMN,OS concluída,REPARADO,,
2026-07-28,3040262273,324843-W020,HEADSET-MICROPHONE,BABE,OS concluída,REPARADO,,
2026-07-28,3040262275,324843-W020,HEADSET-MICROPHONE,BANT,OS concluída,REPARADO,,
2026-07-28,3040262363,066-1055-00,AUDIO CONTROL PANEL,ALA 5,OS concluída,,,
2026-07-28,3040262367,066-1055-00,AUDIO CONTROL PANEL,ALA 9,REC,EM REPARO,WILLIAM,124.0
2026-07-28,3040262368,066-1055-00,AUDIO CONTROL PANEL,CLA,OS concluída,,,
2026-07-28,3040262372,51539-012M,CONTROL UNIT ASSY-GENERATOR,BANT,REC,,V1 PAMA-LS,124.0
2026-07-28,3040262371,51539-012N,CONTROL UNIT ASSY-GENERATOR,BANT,REC,REPARADO,V1 PAMA-LS,124.0
2026-07-28,3040262419,065-0061-36,ACTUATOR TRIM (KS272A),ALA 9,REC,EM REPARO,WILLIAM,119.0
2026-07-28,3040262734,C352,PORTABLE HALON FIRE EXTINGUISHERS,ALA 5,REC,EM REPARO,AV AERONAUTICA,106.0
2026-07-28,3040262738,C352TS,"EXTINGUISHER,FIRE",BANT,REC,,PROCURANDO,106.0
2026-07-28,3040262739,C352TS,"EXTINGUISHER,FIRE",BANT,REC,,PROCURANDO,106.0
2026-07-28,3040262740,C352TS,"EXTINGUISHER,FIRE",PAMALS,REC,,PROCURANDO,106.0
2026-07-28,3040262766,011-00883-20,RADAR GWX 68 WEATHER,BAMN,OS concluída,EM REPARO,VEE ONE,
2026-07-28,3040262765,011-00883-20,RADAR GWX 68 WEATHER,BAMN,REC,EM REPARO,VEE ONE,106.0
2026-07-28,3040262772,011-01020-10,AFCS MODE CONTROLLER GMC 710,BAMN,REC,EM REPARO,WILLIAM,106.0
2026-07-28,3040262770,011-01020-10,AFCS MODE CONTROLLER GMC 710,BAMN,REC,EM REPARO,WILLIAM,106.0
2026-07-28,3040262773,011-01020-10,AFCS MODE CONTROLLER GMC 710,BAMN,REC,EM REPARO,WILLIAM,106.0
2026-07-28,3040262746,066-1070-01,TRANSCEIVER DME (KN63),BABE,REC,EM REPARO,WILLIAM,106.0
2026-07-28,3040262745,064-1019-05,VHF TRANSCEIVE KY196,EEAR,REC,EM REPARO,VEE ONE,106.0
2026-07-28,3040262747,066-1072-00,RECEIVER ADF (KING KR87),ALA 7,REC,EM REPARO,WILLIAM,106.0
2026-07-28,3040262748,066-3046-07,"CONTROL,INDICATOR",BABR,REC,,BANT,106.0
2026-07-28,3040262769,066-3046-07,"CONTROL,INDICATOR",BABR,REC,,BANT,106.0
2026-07-28,3040262768,066-3046-07,"CONTROL,INDICATOR",EEAR,REC,EM REPARO,LEAP,106.0
2026-07-28,3040262767,066-3046-07,"CONTROL,INDICATOR",EEAR,REC,EM REPARO,LEAP,106.0
2026-07-28,3040262791,066-3060-00,IND RMI KNI582,BANT,REC,EM REPARO,LEAP,106.0
2026-07-28,3040262630,161-11700,INNER WHEEL HALF ASSY,BANT,REC,REPARADO,VEE ONE,106.0
2026-07-28,3040262792,066-3060-00,IND RMI KNI582,BANT,REC,EM REPARO,LEAP,106.0
2026-07-28,3040262634,162-10700,OUTER WHEEL HALF ASSY,BANT,REC,REPARADO,VEE ONE,106.0
2026-07-28,3040262632,161-12800,WHEEL HALF ASSY-INNER,BANT,OS concluída,REPARADO,VEE ONE,
2026-07-28,3040262633,161-12800,WHEEL HALF ASSY-INNER,BANT,REC,REPARADO,VEE ONE,106.0
2026-07-28,3040262635,162-11800,WHEEL HALF ASSY-OUTER,EPCAR,REC,REPARADO,VEE ONE,106.0
2026-07-28,3040262637,162-11800,WHEEL HALF ASSY-OUTER,BANT,REC,REPARADO,VEE ONE,106.0
2026-07-28,3040262636,162-11800,WHEEL HALF ASSY-OUTER,BANT,REC,REPARADO,VEE ONE,106.0
2026-07-28,3040262646,200SGL119Q,STARTER GENERATOR,PAMASP,OS concluída,,,
2026-07-28,3040262639,200SGL119Q,STARTER GENERATOR,PAMASP,OS concluída,,PAMA-LS,
2026-07-28,3040262638,200SGL119Q,STARTER GENERATOR,PAMALS,REC,EM REPARO,AV AERONAUTICA,106.0
2026-07-28,3040262757,2606015-2,IND OIL TEMP/P,PAMALS,REC,EM REPARO,VEE ONE,106.0
2026-07-28,3040262706,2641011-5,AXLE-MAIN GEAR,BAMN,REC,,BANT,106.0
2026-07-28,3040262707,2641011-5,AXLE-MAIN GEAR,BABV,REC,REPARADO,VEE ONE,106.0
2026-07-28,3040262717,2641011-5,AXLE-MAIN GEAR,BANT,REC,REPARADO,VEE ONE,106.0
2026-07-28,3040262714,2641011-5,AXLE-MAIN GEAR,BAPV,REC,,BANT,106.0
2026-07-28,3040262713,2641011-5,AXLE-MAIN GEAR,BAPV,REC,REPARADO,VEE ONE,106.0
2026-07-28,3040262712,2641011-5,AXLE-MAIN GEAR,BABR,REC,,BANT,106.0
2026-07-28,3040262711,2641011-5,AXLE-MAIN GEAR,BABR,REC,,BANT,106.0
2026-07-28,3040262709,2641011-5,AXLE-MAIN GEAR,PAMALS,REC,,BANT,106.0
2026-07-28,3040262708,2641011-5,AXLE-MAIN GEAR,PAMALS,REC,,BANT,106.0
2026-07-28,3040262744,3244809-1A,F.C.U,PAMALS,REC,EM REPARO,LEAP,106.0
2026-07-28,3040262758,9910338-4,FUEL TOTALIZER INDICATOR,PAMALS,REC,EM REPARO,VEE ONE,106.0
2026-07-28,3040262759,9910338-6,"TRANSMITTER,RATE OF FLOW",BAMN,REC,EM REPARO,WILLIAM,106.0
2026-07-28,3040262760,9910338-6,"TRANSMITTER,RATE OF FLOW",BANT,REC,EM REPARO,VEE ONE,106.0
2026-07-28,3040262966,2682001-1,BRAKE CYL MAST,BACO,OS concluída,,PAMA-LS,
2026-07-28,3040262967,2682001-1,BRAKE CYL MAST,PAMALS,REC,REPARADO,V1 PAMA-LS,104.0
2026-07-28,3040262968,2682001-1,BRAKE CYL MAST,BANT,OS concluída,,PAMA-LS,
2026-07-28,3040262969,2682001-1,BRAKE CYL MAST,BABE,REC,REPARADO,V1 PAMA-LS,104.0
2026-07-28,3040263069,453-5060,ELT C406-N,BABE,OS concluída,,,
2026-07-28,3040263283,D145-00-46-2,FLAP ACTUATOR ASSY,PAMALS,REC,EM REPARO,LEAP,89.0
2026-07-28,3040263284,D145-00-46-2,FLAP ACTUATOR ASSY,BAFL,REC,EM REPARO,LEAP,89.0
2026-07-28,3040263324,069-01033-0101,"RECEIVER-TRANSMITTER,RADIO",PAMALS,REC,EM REPARO,LEAP,89.0
2026-07-28,3040263287,C661065-0237,AIRSPEED INDICATOR,BABR,REC,REPARADO,VEE ONE,89.0
2026-07-28,3040263288,C661065-0237,AIRSPEED INDICATOR,PAMASP,REC,REPARADO,VEE ONE,89.0
2026-07-28,3040263314,060-0017-00,FLIGHT DIR HOR,EEAR,REC,EM REPARO,LEAP,89.0
2026-07-28,3040263319,066-1055-00,AUDIO CONTROL PANEL,BABE,REC,REPARADO,VEE ONE,89.0
2026-07-28,3040263317,060-0017-00,FLIGHT DIR HOR,PAMASP,REC,,BANT,89.0
2026-07-28,3040263316,060-0017-00,FLIGHT DIR HOR,BANT,REC,,BANT,89.0
2026-07-28,3040263320,066-1055-00,AUDIO CONTROL PANEL,PAMALS,REC,EM REPARO,AV AERONAUTICA,89.0
2026-07-28,3040263325,069-01033-0101,"RECEIVER-TRANSMITTER,RADIO",PAMALS,REC,,PROCURANDO,89.0
2026-07-28,3040263335,C611008-0101,ALTERNATOR CONTROL UNIT,PAMALS,REC,EM REPARO,AV AERONAUTICA,89.0
2026-07-28,3040263336,C611008-0101,ALTERNATOR CONTROL UNIT,PAMALS,REC,EM REPARO,AV AERONAUTICA,89.0
2026-07-28,3040263286,C661065-0237,AIRSPEED INDICATOR,BANT,REC,DEVOLVIDO NO ESTADO,WILLIAM,89.0
2026-07-28,3040263322,066-1055-00,AUDIO CONTROL PANEL,ALA 9,REC,EM REPARO,WILLIAM,89.0
2026-07-28,3040263326,069-01033-0101,"RECEIVER-TRANSMITTER,RADIO",PAMALS,REC,,BANT,89.0
2026-07-28,3040263315,060-0017-00,FLIGHT DIR HOR,BACG,OS concluída,,BABR,
2026-07-28,3040263334,011-00916-10,"DISPLAY UNIT,FLIGHT INFORMATION",BACO,REC,VAI SER DEVOLVIDO SEM REPARO,WILLIAM,89.0
2026-07-28,3040263333,011-00916-10,"DISPLAY UNIT,FLIGHT INFORMATION",BACO,REC,EM REPARO,WILLIAM,89.0
2026-07-28,3040263332,011-00916-10,"DISPLAY UNIT,FLIGHT INFORMATION",BAMN,REC,EM REPARO,WILLIAM,89.0
2026-07-28,3040263331,C661064-0237,AIRSPEED INDICATOR,PAMALS,REC,VAI SER DEVOLVIDO SEM REPARO,WILLIAM,89.0
2026-07-28,3040263329,C661064-0237,AIRSPEED INDICATOR,PAMALS,REC,EM REPARO,WILLIAM,89.0
2026-07-28,3040263328,C661064-0237,AIRSPEED INDICATOR,BABR,REC,EM REPARO,WILLIAM,89.0
2026-07-28,3040263327,C661064-0237,AIRSPEED INDICATOR,BABR,REC,EM REPARO,WILLIAM,89.0
2026-07-28,3040263330,C661064-0237,AIRSPEED INDICATOR,PAMALS,REC,EM REPARO,WILLIAM,89.0
2026-07-28,3040263338,C611008-0101,ALTERNATOR CONTROL UNIT,PAMALS,REC,REPARADO,V1 PAMA-LS,89.0
2026-07-28,3040263433,066-03064-0005,"ALTIMETER,SERVO CONTROLLED,AUTOMATIC PRESSURE",BACG,REC,EM REPARO,WILLIAM,83.0
2026-07-28,3040263435,066-03064-0005,"ALTIMETER,SERVO CONTROLLED,AUTOMATIC PRESSURE",BANT,REC,EM REPARO,WILLIAM,83.0
2026-07-28,3040263434,066-03064-0005,"ALTIMETER,SERVO CONTROLLED,AUTOMATIC PRESSURE",PAMASP,REC,VAI SER DEVOLVIDO SEM REPARO,WILLIAM,83.0
2026-07-28,3040263417,069-01033-0101,"RECEIVER-TRANSMITTER,RADIO",PAMALS,REC,EM REPARO,WILLIAM,83.0
2026-07-28,3040263416,069-01033-0101,"RECEIVER-TRANSMITTER,RADIO",BASM,REC,EM REPARO,WILLIAM,83.0
2026-07-28,3040263415,069-01033-0101,"RECEIVER-TRANSMITTER,RADIO",BABR,REC,,BANT,83.0
2026-07-28,3040263447,066-3046-07,"CONTROL,INDICATOR",CLA,REC,,BABR,83.0
2026-07-28,3040263443,3244897-4,FUEL CONTROL UNIT,PAMALS,REC,EM REPARO,LEAP,82.0
2026-07-28,3040263444,3244897-4,FUEL CONTROL UNIT,PAMALS,REC,EM REPARO,LEAP,82.0
2026-07-28,3040263577,060-0015-00,"CONTROL,DIRECTIONAL,AUTOMATIC PILOT",ALA 5,REC,EM REPARO,WILLIAM,77.0
2026-07-28,3040263574,066-1072-04,"RECEIVER,RADIO",BABE,REC,EM REPARO,WILLIAM,77.0
2026-07-28,3040263576,066-1072-04,"RECEIVER,RADIO",BAMN,OS concluída,DEVOLVIDO NO ESTADO,WILLIAM,
2026-07-28,3040263575,066-1072-04,"RECEIVER,RADIO",BABE,REC,EM REPARO,WILLIAM,77.0
2026-07-28,3040263573,066-3084-32,IND RDR 2000 IN-182A,PAMALS,REC,,BABR,77.0
2026-07-28,3040263571,066-3084-32,IND RDR 2000 IN-182A,PAMALS,REC,EM REPARO,WILLIAM,77.0
2026-07-28,3040263572,066-3084-32,IND RDR 2000 IN-182A,PAMALS,REC,EM REPARO,WILLIAM,77.0
2026-07-28,3040263448,2618510-10,ALTERNATOR CONTROL UNIT ASSY,BABE,REC,EM REPARO,WILLIAM,77.0
2026-07-28,3040263449,2618510-10,ALTERNATOR CONTROL UNIT ASSY,PAMALS,REC,EM REPARO,WILLIAM,77.0
2026-07-28,3040263877,2641011-5,AXLE-MAIN GEAR,CLA,REC,EM REPARO,LEAP,67.0
2026-07-28,3040263878,2641011-5,AXLE-MAIN GEAR,CLA,REC,EM REPARO,LEAP,67.0
2026-07-28,3040264243,069-01033-0101,"RECEIVER-TRANSMITTER,RADIO",PAMALS,REC,EM REPARO,WILLIAM,60.0
2026-07-28,3040264244,069-01033-0101,"RECEIVER-TRANSMITTER,RADIO",PAMASP,REC,EM REPARO,WILLIAM,60.0
2026-07-28,3040264246,060-0017-00,FLIGHT DIR HOR,PAMALS,REC,EM REPARO,WILLIAM,60.0
2026-07-28,3040264237,200SGL119Q-2,STARTER GENERATOR,BAMN,REC,EM REPARO,AV AERONAUTICA,60.0
2026-07-28,3040264236,200SGL119Q-2,STARTER GENERATOR,BABE,REC,,BABE,60.0
2026-07-28,3040264121,3244897-4,FUEL CONTROL UNIT,BABE,OS concluída,EM REPARO,LEAP,
2026-07-28,3040264263,9910338-8,"INDICATOR,FUEL FLOW",PAMALS,OS concluída,,BABR,
2026-07-28,3040264262,9910338-8,"INDICATOR,FUEL FLOW",BABV,REC,EM REPARO,WILLIAM,60.0
2026-07-28,3040264242,324843-2020,HEADSET-MICROPHONE,BABE,REC,EM REPARO,WILLIAM,60.0
2026-07-28,3040264264,324843-2020,HEADSET-MICROPHONE,DACTA II,REC,EM REPARO,WILLIAM,60.0
2026-07-28,3040264238,324843-2020,HEADSET-MICROPHONE,DACTA II,REC,EM REPARO,WILLIAM,60.0
2026-07-28,3040264241,324843-2020,HEADSET-MICROPHONE,DACTA II,REC,EM REPARO,WILLIAM,60.0
2026-07-28,3040264240,324843-2020,HEADSET-MICROPHONE,DACTA II,REC,EM REPARO,WILLIAM,60.0
2026-07-28,3040264122,3244809-8,"FUEL CONTROL,MAIN,TURBINE ENGINE",BABE,OS concluída,,BABR,
2026-07-28,3040263797,066-3046-07,"CONTROL,INDICATOR",BABE,REC,EM REPARO,WILLIAM,60.0
2026-07-28,3040263798,066-3046-07,"CONTROL,INDICATOR",PAMASP,REC,EM REPARO,WILLIAM,60.0
2026-07-28,3040263799,066-3046-07,"CONTROL,INDICATOR",PAMASP,REC,EM REPARO,WILLIAM,60.0
2026-07-28,3040263795,071-01519-0101,"RECEIVER-EXCITER,RADAR",PAMALS,REC,,PROCURANDO,60.0
2026-07-28,3040263796,071-01519-0101,"RECEIVER-EXCITER,RADAR",PAMALS,REC,,PROCURANDO,60.0
2026-07-28,3040264579,060-0017-00,FLIGHT DIR HOR,BABR,OS concluída,,,
2026-07-28,3040264577,060-0017-00,FLIGHT DIR HOR,PAMALS,REC,,,48.0
2026-07-28,3040264573,060-0017-00,FLIGHT DIR HOR,BANT,REC,,,48.0
2026-07-28,3040264574,060-0017-00,FLIGHT DIR HOR,BANT,REC,,,48.0
2026-07-28,3040264576,060-0017-00,FLIGHT DIR HOR,PAMALS,REC,,,48.0
2026-07-28,3040264572,060-0017-00,FLIGHT DIR HOR,PAMASP,REC,,,48.0
2026-07-28,3040264647,1H75-21,PRESSURE REGULATOR,BAMN,REC,,,43.0
2026-07-28,3040264646,1H75-21,PRESSURE REGULATOR,PAMASP,REC,,,43.0
2026-07-28,3040264645,1H75-21,PRESSURE REGULATOR,PAMASP,REC,,,43.0
2026-07-28,3040264643,1H75-21,PRESSURE REGULATOR,PAMASP,REC,,,43.0
2026-07-28,3040264707,3244809-7,"FUEL CONTROL,MAIN,TURBINE ENGINE",BABE,REC,,,43.0
2026-07-28,3040264709,540-1407-4,"VALVE,BLEED,TURBINEENGINE",PAMASP,REC,,,43.0
2026-07-28,3040264710,200SGL153Q,"STARTER-GENERATOR,ENGINE,AIRCRAFT",CLA,REC,,,43.0
2026-07-28,3040264711,200SGL153Q,"STARTER-GENERATOR,ENGINE,AIRCRAFT",PAMASP,REC,,,43.0
2026-07-28,3040264712,200SGL153Q,"STARTER-GENERATOR,ENGINE,AIRCRAFT",BACG,REC,,,43.0
2026-07-28,3040264718,9910338-8,"INDICATOR,FUEL FLOW",PAMALS,REC,,,43.0
2026-07-28,3040264719,S3326-2,"INDICATOR,HORIZONTAL SITUATION",ALA 8,REC,,,43.0
2026-07-28,3040264720,S3326-2,"INDICATOR,HORIZONTAL SITUATION",PAMALS,REC,,,43.0
2026-07-28,3040264721,S3326-2,"INDICATOR,HORIZONTAL SITUATION",PAMASP,REC,,,43.0
2026-07-28,3040264724,2606013-1AM,INDICADOR PERCENTUAL RPM,BABV,REC,,,43.0
2026-07-28,3040264725,2606013-1AM,INDICADOR PERCENTUAL RPM,BABR,REC,,,43.0
2026-07-28,3040264726,2606015-4,INDICATOR-OIL TEMP/OIL PRESS,BANT,REC,,,43.0
2026-07-28,3040264727,C661051-0201,GYRO HORIZON,ALA 10,REC,,,43.0
2026-07-28,3040264728,504-0111-906,GYRO HORIZON,PAMALS,REC,,,43.0
2026-07-28,3040264729,504-0111-906,GYRO HORIZON,BACG,REC,,,43.0
2026-07-28,3040264730,8210-003,"GOVERNOR,FUEL CONTROL",PAMASP,REC,,,43.0
2026-07-28,3040264731,8210-002,"GOVERNOR,CONSTANT SPEED DRIVE",PAMASP,REC,,,43.0
2026-07-28,3040264732,8210-002,"GOVERNOR,CONSTANT SPEED DRIVE",BAMN,REC,,,43.0
2026-07-28,3040264733,030-18200,MAIN WHEEL BRAKE,BAMN,REC,,,43.0
2026-07-28,3040264734,030-18200,MAIN WHEEL BRAKE,BAMN,REC,,,43.0
2026-07-28,3040264735,161-11700,INNER WHEEL HALF ASSY,PAMALS,REC,,,43.0
2026-07-28,3040264736,161-12800,WHEEL HALF ASSY-INNER,BABR,REC,,,43.0
2026-07-28,3040264737,161-12800,WHEEL HALF ASSY-INNER,PAMALS,AUT,,,43.0
2026-07-28,3040264738,162-10700,OUTER WHEEL HALF ASSY,BACO,AUT,,,43.0
2026-07-28,3040264807,011-01105-01,INTEGRATED AVIONICS UNIT GIA63W,ALA 8,REC,,,35.0
2026-07-28,3040264808,011-01105-01,INTEGRATED AVIONICS UNIT GIA63W,BAMN,REC,,,35.0
2026-07-28,3040264907,011-00916-10,"DISPLAY UNIT,FLIGHT INFORMATION",BAMN,REC,,,28.0
2026-07-28,3040264908,011-00916-10,"DISPLAY UNIT,FLIGHT INFORMATION",BABV,REC,,,28.0
2026-07-28,3040264974,3244809-8,"FUEL CONTROL,MAIN,TURBINE ENGINE",BAMN,REC,,,26.0
2026-07-28,3040264961,3244897-4,FUEL CONTROL UNIT,CLA,REC,,,26.0
2026-07-28,3040264960,3034792,BOMBA DE COMBUSTÍVEL,CLA,REC,,,26.0
2026-07-28,3040265144,011-01020-10,AFCS MODE CONTROLLER GMC 710,BABE,REC,,,20.0
2026-07-28,3040265140,011-01020-10,AFCS MODE CONTROLLER GMC 710,BABE,REC,,,20.0
2026-07-29,3040249831,066-01141-5101,"RECEIVER-TRANSMITTER,RADIO (KT71)",PAMALS,REC,EM REPARO,LEAP,534.0
2026-07-29,3040250248,452-0133,"BATTERY,NONRECHARGEABLE",BABR,REC,CONDENADO,VEE ONE,518.0
2026-07-29,3040250249,452-0133,"BATTERY,NONRECHARGEABLE",BAMN,REC,CONDENADO,VEE ONE,518.0
2026-07-29,3040250234,3034792,BOMBA DE COMBUSTÍVEL,PAMALS,REC,,BANT,518.0
2026-07-29,3040250816,453-5060,"BEACON,DISTRESS",BAMN,REC,,PAMA-LS,496.0
2026-07-29,3040250830,799-1,TRANSDUCER,BACO,REC,,BANT,496.0
2026-07-29,3040250829,51539-012N,CONTROL UNIT ASSY-GENERATOR,BAMN,OS concluída,,,
2026-07-29,3040250828,51539-012N,CONTROL UNIT ASSY-GENERATOR,BACG,REC,,BABR,496.0
2026-07-29,3040250827,51539-012N,CONTROL UNIT ASSY-GENERATOR,BANT,REC,,BABR,496.0
2026-07-29,3040250831,799-1,TRANSDUCER,BANT,REC,,BANT,496.0
2026-07-29,3040250833,9910586-4,FLAP ACTUATOR AND MOTOR ASSEMBLY,ALA 3,REC,,BAMN,496.0
2026-07-29,3040250834,9910586-4,FLAP ACTUATOR AND MOTOR ASSEMBLY,ALA 3,OS concluída,CONDENADO,,
2026-07-29,3040250832,9910338-4,FUEL TOTALIZER INDICATOR,EEAR,REC,,PAMA-LS,496.0
2026-07-29,3040250835,ASG12000-2,ALTERNATOR,ALA 5,REC,REPARADO,V1 PAMA-LS,496.0
2026-07-29,3040250841,C661030-0301,TURN BANK,PAMALS,REC,EM REPARO,LEAP,496.0
2026-07-29,3040250842,C662041-0102,INDICATOR FUEL,ALA 5,REC,,PAMA-LS,496.0
2026-07-29,3040250844,C662041-0102,INDICATOR FUEL,ALA 9,REC,,PAMA-LS,496.0
2026-07-29,3040250843,C662041-0102,INDICATOR FUEL,ALA 10,OS concluída,REPARADO,,
2026-07-29,3040250719,060-0017-00,FLIGHT DIR HOR,PAMALS,REC,,BANT,496.0
2026-07-29,3040250720,060-0017-00,FLIGHT DIR HOR,BABV,OS concluída,REPARADO,,
2026-07-29,3040250722,066-01141-5101,"RECEIVER-TRANSMITTER,RADIO (KT71)",ALA 9,REC,EM REPARO,WILLIAM,496.0
2026-07-29,3040250723,066-01141-5101,"RECEIVER-TRANSMITTER,RADIO (KT71)",CLA,REC,,BABR,496.0
2026-07-29,3040250721,060-0017-00,FLIGHT DIR HOR,BANT,OS concluída,REPARADO,,
2026-07-29,3040250725,066-3046-07,"CONTROL,INDICATOR",ALA 10,OS concluída,REPARADO,,
2026-07-29,3040250724,066-04035-1101,"DISPLAY UNIT,RADAR",PAMALS,REC,,BANT,496.0
2026-07-29,3040250732,069-1025-25,"RECEIVER-TRANSMITTER,RADIO - KX165",PAMALS,REC,EM REPARO,WILLIAM,496.0
2026-07-29,3040250782,2606012-1,INDICATOR-INTER-TURBINE TEMPERATURE,ALA 9,OS concluída,,,
2026-07-29,3040250775,161-11700,INNER WHEEL HALF ASSY,BABE,OS concluída,CONDENADO,,
2026-07-29,3040250773,161-11700,INNER WHEEL HALF ASSY,EEAR,REC,,BACG,496.0
2026-07-29,3040250718,030-18200,MAIN WHEEL BRAKE,BACO,OS concluída,REPARADO,,
2026-07-29,3040250716,030-18200,MAIN WHEEL BRAKE,BABV,REC,EM REPARO,LEAP,496.0
2026-07-29,3040250717,030-18200,MAIN WHEEL BRAKE,BACO,OS concluída,REPARADO,,
2026-07-29,3040250780,162-11800,WHEEL HALF ASSY-OUTER,PAMALS,OS concluída,,,
2026-07-29,3040250781,162-11800,WHEEL HALF ASSY-OUTER,BACG,OS concluída,,,
2026-07-29,3040250778,161-12800,WHEEL HALF ASSY-INNER,BACG,OS concluída,REPARADO,,
2026-07-29,3040250776,161-12800,WHEEL HALF ASSY-INNER,BABE,OS concluída,CONDENADO,,
2026-07-29,3040250790,2643031-7,"FORK ASSY,NOSE GEAR SPRING",BAMN,OS concluída,CONDENADO,,
2026-07-29,3040250791,2643090-1,SHIMMY DAMPENE,BANT,REC,EM REPARO,AV AERONAUTICA,496.0
2026-07-29,3040250792,2643090-1,SHIMMY DAMPENE,BAMN,REC,REPARADO,V1 PAMA-LS,496.0
2026-07-29,3040250789,2641012-14,TRUNNION ASSY-RH-MAIN GEAR,PAMASP,OS concluída,CONDENADO,,
2026-07-29,3040250793,2643099-4,"SUPPORT ASSY FOWARD, NLG SPRING",BAMN,OS concluída,CONDENADO,,
2026-07-29,3040250798,30994-001,BATTERY-MARATHON TSP410 NICAD,BANT,OS concluída,CONDENADO,AMA - VEE ONE,
2026-07-29,3040252191,C611008-0101,ALTERNATOR CONTROL UNIT,PAMALS,REC,,BABR,463.0
2026-07-29,3040252159,011-00916-00,DISPLAY UNIT GDU 1040A,BAMN,REC,,BAMN,463.0
2026-07-29,3040252161,065-0042-03,COMPUTER PA,ALA 10,REC,EM REPARO,WILLIAM,463.0
2026-07-29,3040252162,065-0042-03,COMPUTER PA,EEAR,REC,,BABE,463.0
2026-07-29,3040252164,065-0042-03,COMPUTER PA,EEAR,REC,EM REPARO,WILLIAM,463.0
2026-07-29,3040252165,065-0042-03,COMPUTER PA,PAMALS,OS concluída,,,
2026-07-29,3040252166,065-0059-01,SERVO PITCH,EEAR,REC,EM REPARO,WILLIAM,463.0
2026-07-29,3040252168,066-03064-0005,"ALTIMETER,SERVO CONTROLLED,AUTOMATIC PRESSURE",ALA 9,OS concluída,REPARADO,,
2026-07-29,3040252173,066-03064-0005,"ALTIMETER,SERVO CONTROLLED,AUTOMATIC PRESSURE",BANT,REC,EM REPARO,LEAP,463.0
2026-07-29,3040252172,066-03064-0005,"ALTIMETER,SERVO CONTROLLED,AUTOMATIC PRESSURE",PAMALS,REC,NO ESTADO,VEE ONE,463.0
2026-07-29,3040252170,066-03064-0005,"ALTIMETER,SERVO CONTROLLED,AUTOMATIC PRESSURE",ALA 7,REC,NO ESTADO,VEE ONE,463.0
2026-07-29,3040252178,066-1072-00,RECEIVER ADF (KING KR87),PAMALS,OS concluída,,,
2026-07-29,3040252182,066-1072-04,"RECEIVER,RADIO",ALA 9,OS concluída,REPARADO,,
2026-07-29,3040252181,066-1072-04,"RECEIVER,RADIO",PAMASP,REC,EM REPARO,WILLIAM,463.0
2026-07-29,3040252180,066-1072-04,"RECEIVER,RADIO",ALA 8,OS concluída,,,
2026-07-29,3040252185,066-1072-04,"RECEIVER,RADIO",BAMN,OS concluída,REPARADO,,
2026-07-29,3040252189,9910338-6,"TRANSMITTER,RATE OF FLOW",ALA 8,OS concluída,REPARADO,,
2026-07-29,3040252190,9910338-6,"TRANSMITTER,RATE OF FLOW",BABR,OS concluída,,,
2026-07-29,3040252160,011-01020-10,AFCS MODE CONTROLLER GMC 710,BAMN,OS concluída,,,
2026-07-29,3040252939,C163030-1001,MAIN W BRAKE A,BABV,REC,,BAMN,433.0
2026-07-29,3040252936,030-18200,MAIN WHEEL BRAKE,BACO,REC,,PAMA-LS,433.0
2026-07-29,3040252935,030-18200,MAIN WHEEL BRAKE,BAMN,OS concluída,CONDENADO,,
2026-07-29,3040252940,30-182,MAIN WHEEL BRAKE,BABV,OS concluída,CONDENADO,,
2026-07-29,3040252942,30-182,MAIN WHEEL BRAKE,BAMN,OS concluída,REPARADO,,
2026-07-29,3040252943,30-182,MAIN WHEEL BRAKE,BAMN,OS concluída,REPARADO,,
2026-07-29,3040253170,161-12800,WHEEL HALF ASSY-INNER,BASM,OS concluída,CONDENADO,,
2026-07-29,3040253168,161-12800,WHEEL HALF ASSY-INNER,BASM,REC,REPARADO,VEE ONE,429.0
2026-07-29,3040253172,161-12800,WHEEL HALF ASSY-INNER,PAMALS,REC,,PROCURANDO,429.0
2026-07-29,3040253174,161-12800,WHEEL HALF ASSY-INNER,PAMALS,OS concluída,CONDENADO,,
2026-07-29,3040253173,161-12800,WHEEL HALF ASSY-INNER,PAMALS,REC,EM REPARO,LEAP,429.0
2026-07-29,3040253176,162-10700,OUTER WHEEL HALF ASSY,BABE,OS concluída,CONDENADO,,
2026-07-29,3040253177,162-10700,OUTER WHEEL HALF ASSY,BABV,REC,REPARADO,VEE ONE,429.0
2026-07-29,3040253178,162-10700,OUTER WHEEL HALF ASSY,PAMALS,REC,,PROCURANDO,429.0
2026-07-29,3040253179,162-11800,WHEEL HALF ASSY-OUTER,CLA,OS concluída,CONDENADO,,
2026-07-29,3040253181,162-11800,WHEEL HALF ASSY-OUTER,PAMALS,OS concluída,REPARADO,,
2026-07-29,3040253180,162-11800,WHEEL HALF ASSY-OUTER,BASM,REC,,PROCURANDO,429.0
2026-07-29,3040253182,162-11800,WHEEL HALF ASSY-OUTER,PAMALS,REC,REPARADO,VEE ONE,429.0
2026-07-29,3040253536,2641012-14,TRUNNION ASSY-RH-MAIN GEAR,PAMALS,OS concluída,CONDENADO,,
2026-07-29,3040253529,066-03064-0005,"ALTIMETER,SERVO CONTROLLED,AUTOMATIC PRESSURE",DSM-MN,REC,DEVOLVIDO NO ESTADO,WILLIAM,419.0
2026-07-29,3040253528,066-03064-0005,"ALTIMETER,SERVO CONTROLLED,AUTOMATIC PRESSURE",BANT,OS concluída,REPARADO,,
2026-07-29,3040253532,799-1,TRANSDUCER,PAMALS,REC,,BANT,419.0
2026-07-29,3040253535,2643099-4,"SUPPORT ASSY FOWARD, NLG SPRING",BABE,REC,CONDENADO,VEE ONE,419.0
2026-07-29,3040253531,799-1,TRANSDUCER,BAMN,REC,,VEE ONE,419.0
2026-07-29,3040253530,799-1,TRANSDUCER,BAMN,REC,,BANT,419.0
2026-07-29,3040253526,30994-001,BATTERY-MARATHON TSP410 NICAD,PAMALS,OS concluída,CONDENADO,AMA - VEE ONE,
2026-07-29,3040253527,30994-001,BATTERY-MARATHON TSP410 NICAD,BAPV,OS concluída,CONDENADO,AMA - VEE ONE,
2026-07-29,3040254195,540-1407-4,"VALVE,BLEED,TURBINEENGINE",PAMALS,REC,,BANT,401.0
2026-07-29,3040254201,2643090-3,SHIMMY DAMPER-NOSE GEAR,PAMALS,REC,REPARADO,V1 PAMA-LS,401.0
2026-07-29,3040254203,SE1070-6,SHIMMY DAMPENER ASSY,BACGINAT,OS concluída,,,
2026-07-29,3040254205,C660501-0103,"COMPASS,SPEC",PAMALS,REC,REPARADO,V1 PAMA-LS,401.0
2026-07-29,3040254206,C660501-0103,"COMPASS,SPEC",ALA 8,REC,EM REPARO EM GARANTIA,WILLIAM,401.0
2026-07-29,3040254208,C660501-0103,"COMPASS,SPEC",BABV,REC,REPARADO,V1 PAMA-LS,401.0
2026-07-29,3040254210,799-1,TRANSDUCER,BANT,REC,,BANT,401.0
2026-07-29,3040254792,2606013-1RX,INDICATOR-PERCENT RPM,BABR,REC,,BANT,392.0
2026-07-29,3040254770,069-1025-25,"RECEIVER-TRANSMITTER,RADIO - KX165",ALA 9,REC,EM REPARO,WILLIAM,392.0
2026-07-29,3040254799,453-5000-710,EMERGENCY LOCATOR TRANSMITTER MODEL C406-2,PAMASP,OS concluída,,,
2026-07-29,3040254806,C352TS,"EXTINGUISHER,FIRE",PAMALS,REC,REPARADO,V1 PAMA-LS,392.0
2026-07-29,3040254805,C352TS,"EXTINGUISHER,FIRE",PAMALS,OS concluída,,,
2026-07-29,3040254810,C352TS,"EXTINGUISHER,FIRE",PAMALS,OS concluída,,,
2026-07-29,3040254809,C352TS,"EXTINGUISHER,FIRE",PAMAGL,OS concluída,,,
2026-07-29,3040254803,C352TS,"EXTINGUISHER,FIRE",2 ETA,REC,REPARADO,V1 PAMA-LS,392.0
2026-07-29,3040254808,C352TS,"EXTINGUISHER,FIRE",BABR,REC,REPARADO,V1 PAMA-LS,392.0
2026-07-29,3040254795,D145-00-46-2,FLAP ACTUATOR ASSY,BABE,REC,,PAMA-LS,392.0
2026-07-29,3040254793,D145-00-46-2,FLAP ACTUATOR ASSY,PAMALS,REC,,PAMA-LS,392.0
2026-07-29,3040254815,C482001-0402,VACUUM REGULAT,PAMALS,REC,CONDENADO,VEE ONE,392.0
2026-07-29,3040254816,C482001-0402,VACUUM REGULAT,PAMALS,REC,CONDENADO,VEE ONE,392.0
2026-07-29,3040254820,2641011-5,AXLE-MAIN GEAR,BAMN,OS concluída,REPARADO,,
2026-07-29,3040254817,2641011-5,AXLE-MAIN GEAR,BABE,OS concluída,NO ESTADO,,
2026-07-29,3040254818,2641011-5,AXLE-MAIN GEAR,BABE,OS concluída,,,
2026-07-29,3040254819,2641011-5,AXLE-MAIN GEAR,BANT,OS concluída,REPARADO,,
2026-07-29,3040254796,30994-001,BATTERY-MARATHON TSP410 NICAD,BAMN,OS concluída,REPARADO,,
2026-07-29,3040254789,452-0133,"BATTERY,NONRECHARGEABLE",BAMN,REC,CONDENADO,VEE ONE,392.0
2026-07-29,3040254788,452-0133,"BATTERY,NONRECHARGEABLE",BAMN,REC,CONDENADO,VEE ONE,392.0
2026-07-29,3040254787,452-0133,"BATTERY PACK,AIRCRAFT",DACTA II,REC,CONDENADO,VEE ONE,392.0
2026-07-29,3040254786,452-0133,"BATTERY PACK,AIRCRAFT",BAMN,REC,CONDENADO,VEE ONE,392.0
2026-07-29,3040254785,452-0133,"BATTERY,NONRECHARGEABLE",BAMN,REC,CONDENADO,VEE ONE,392.0
2026-07-29,3040254784,452-0133,"BATTERY,NONRECHARGEABLE",DACTA II,REC,CONDENADO,VEE ONE,392.0
2026-07-29,3040255326,011-00916-00,DISPLAY UNIT GDU 1040A,BAMN,REC,,BAMN,383.0
2026-07-29,3040255319,702801-5,FUEL PUMP,PAMASP,REC,EM REPARO,VEE ONE,383.0
2026-07-29,3040255321,8210-002,"GOVERNOR,CONSTANT SPEED DRIVE",PAMALS,OS concluída,,,
2026-07-29,3040255461,DAAS-A-010-1,ADAS-D PROCESSOR,PAMALS,REC,EM REPARO,VEE ONE,379.0
2026-07-29,3040255589,071-01519-0101,"RECEIVER-EXCITER,RADAR",BANT,REC,,PROCURANDO,377.0
2026-07-29,3040255590,071-01519-0101,"RECEIVER-EXCITER,RADAR",PAMALS,OS concluída,REPARADO,,
2026-07-29,3040255706,C661064-0237,AIRSPEED INDICATOR,BAMN,OS concluída,,,
2026-07-29,3040256114,5934PAD-3,"ALTIMETER,PRESSURE",PAMALS,REC,EM REPARO,VEE ONE,363.0
2026-07-29,3040256119,011-00878-10,GSA-81 TORQUE SERVO,BAPV,REC,EM REPARO,LEAP,363.0
2026-07-29,3040256112,011-00883-20,RADAR GWX 68 WEATHER,BABE,REC,,BAMN,363.0
2026-07-29,3040256115,5934PAD-3,"ALTIMETER,PRESSURE",PAMALS,OS concluída,REPARADO,,
2026-07-29,3040256118,011-00878-10,GSA-81 TORQUE SERVO,BAPV,REC,,BACO,363.0
2026-07-29,3040256120,011-00916-10,"DISPLAY UNIT,FLIGHT INFORMATION",BAMN,OS concluída,,,
2026-07-29,3040256314,066-4010-12,RECEIVER VOR/LOC (KNS81),EEAR,REC,EM REPARO,LEAP,350.0
2026-07-29,3040256311,3121248-03,"VALVE ASSEMBLY,COMPRESSOR BLEED",PAMALS,OS concluída,,,
2026-07-29,3040256704,C661064-0237,AIRSPEED INDICATOR,PAMALS,OS concluída,,,
2026-07-29,3040256707,D210507,"GOVERNOR,OVERSPEED",PAMALS,OS concluída,,,
2026-07-29,3040256708,D210507,"GOVERNOR,OVERSPEED",PAMALS,REC,REPARADO,VEE ONE,341.0
2026-07-29,3040256702,C661064-0237,AIRSPEED INDICATOR,BABR,OS concluída,,,
2026-07-29,3040256703,C661064-0237,AIRSPEED INDICATOR,PAMALS,OS concluída,REPARADO,,
2026-07-29,3040256662,030-18200,MAIN WHEEL BRAKE,BASM,OS concluída,,,
2026-07-29,3040256665,161-11700,INNER WHEEL HALF ASSY,BABV,OS concluída,,,
2026-07-29,3040256666,161-11700,INNER WHEEL HALF ASSY,PAMALS,OS concluída,,,
2026-07-29,3040256667,161-11700,INNER WHEEL HALF ASSY,PAMALS,OS concluída,,,
2026-07-29,3040256668,161-11700,INNER WHEEL HALF ASSY,PAMALS,OS concluída,CONDENADO,,
2026-07-29,3040256669,161-11700,INNER WHEEL HALF ASSY,PAMALS,OS concluída,,,
2026-07-29,3040256670,161-11700,INNER WHEEL HALF ASSY,PAMALS,OS concluída,CONDENADO,,
2026-07-29,3040256671,161-11700,INNER WHEEL HALF ASSY,PAMALS,REC,REPARADO,VEE ONE,341.0
2026-07-29,3040256698,030-18200,MAIN WHEEL BRAKE,PAMASP,REC,,PROCURANDO,341.0
2026-07-29,3040256713,030-18200,MAIN WHEEL BRAKE,ALA 3,REC,,BAMN,341.0
2026-07-29,3040256694,162-11800,WHEEL HALF ASSY-OUTER,BANT,OS concluída,REPARADO,,
2026-07-29,3040256696,162-11800,WHEEL HALF ASSY-OUTER,PAMALS,REC,,PAMA-LS,341.0
2026-07-29,3040256672,161-12800,WHEEL HALF ASSY-INNER,PAMALS,REC,REPARADO,VEE ONE,341.0
2026-07-29,3040256675,161-12800,WHEEL HALF ASSY-INNER,BANT,OS concluída,REPARADO,,
2026-07-29,3040256792,011-00877-00,"GSA-80 SERVO ROL,YAW,SPEC",BAMN,REC,,PROCURANDO,341.0
2026-07-29,3040256787,011-00877-00,"GSA-80 SERVO ROL,YAW,SPEC",PAMALS,REC,EM REPARO,VEE ONE,341.0
2026-07-29,3040256828,011-00883-20,RADAR GWX 68 WEATHER,PAMALS,REC,CONDENADO,V1 PAMA-LS,341.0
2026-07-29,3040256709,3121248-03,"VALVE ASSEMBLY,COMPRESSOR BLEED",PAMASP,REC,,BANT,338.0
2026-07-29,3040256673,161-12800,WHEEL HALF ASSY-INNER,PAMALS,REC,CONDENADO,VEE ONE,338.0
2026-07-29,3040257095,011-01105-01,INTEGRATED AVIONICS UNIT GIA63W,BABE,REC,EM REPARO,VEE ONE,334.0
2026-07-29,3040257096,011-01105-01,INTEGRATED AVIONICS UNIT GIA63W,BABE,REC,,BAMN,334.0
2026-07-29,3040257093,065-00183-0501,AUTOPILOT COMPUTER KFC225,BABE,REC,,BANT,334.0
2026-07-29,3040257094,065-00183-0501,AUTOPILOT COMPUTER KFC225,BABE,REC,,BANT,334.0
2026-07-29,3040257443,161-12800,WHEEL HALF ASSY-INNER,ALA 3,AUT,,NÃO TEVE MOVIMENTAÇÃO,322.0
2026-07-29,3040257442,C163030-1001,MAIN W BRAKE A,BAMN,REC,REPARADO,VEE ONE,315.0
2026-07-29,3040257452,3244809-8,"FUEL CONTROL,MAIN,TURBINE ENGINE",BAPV,OS concluída,REPARADO,,
2026-07-29,3040257454,EA-5172-45-CES,"INDICATOR,AIRSPEED",BACG,OS concluída,,,
2026-07-29,3040257453,EA-5172-45-CES,"INDICATOR,AIRSPEED",ALA 7,REC,DEVOLVIDO NO ESTADO,WILLIAM,315.0
2026-07-29,3040257451,3244809-7,"FUEL CONTROL,MAIN,TURBINE ENGINE",PAMASP,REC,,BANT,315.0
2026-07-29,3040257450,3244809-4,"FUEL CONTROL,MAIN,TURBINE ENGINE",PAMASP,OS concluída,EM REPARO,LEAP,
2026-07-29,3040257438,030-18200,MAIN WHEEL BRAKE,BAMN,REC,REPARADO,VEE ONE,315.0
2026-07-29,3040257444,162-10700,OUTER WHEEL HALF ASSY,PAMALS,OS concluída,CONDENADO,,
2026-07-29,3040257447,162-10700,OUTER WHEEL HALF ASSY,PAMALS,OS concluída,CONDENADO,,
2026-07-29,3040257436,30994-001,BATTERY-MARATHON TSP410 NICAD,PAMALS,OS concluída,CONDENADO,AMA - VEE ONE,
2026-07-29,3040257441,030-18200,MAIN WHEEL BRAKE,BAPV,REC,,BAMN,315.0
2026-07-29,3040257440,030-18200,MAIN WHEEL BRAKE,BANT,REC,CONDENADO,VEE ONE,315.0
2026-07-29,3040257439,030-18200,MAIN WHEEL BRAKE,BAMN,REC,,BAMN,315.0
2026-07-29,3040258306,D210507,"GOVERNOR,OVERSPEED",PAMALS,REC,EM REPARO,LEAP,295.0
2026-07-29,3040258310,D210507,"GOVERNOR,OVERSPEED",BACO,OS concluída,,,
2026-07-29,3040258309,D210507,"GOVERNOR,OVERSPEED",BAMN,REC,EM REPARO,LEAP,295.0
2026-07-29,3040258308,D210507,"GOVERNOR,OVERSPEED",BAMN,OS concluída,REPARADO,,
2026-07-29,3040258307,D210507,"GOVERNOR,OVERSPEED",ALA 5,OS concluída,,,
2026-07-29,3040258303,011-00877-00,"GSA-80 SERVO ROL,YAW,SPEC",DACTA II,REC,EM REPARO,VEE ONE,295.0
2026-07-29,3040258422,2601188-8,COMPRESSOR DRIVE ASSY R134A,PAMASP,REC,,PROCURANDO,293.0
2026-07-29,3040258419,011-00877-00,"GSA-80 SERVO ROL,YAW,SPEC",DACTA II,REC,EM REPARO,VEE ONE,293.0
2026-07-29,3040258420,011-00877-00,"GSA-80 SERVO ROL,YAW,SPEC",BACO,REC,EM REPARO,VEE ONE,293.0
2026-07-29,3040258421,011-00877-00,"GSA-80 SERVO ROL,YAW,SPEC",BABE,REC,,BACO,293.0
2026-07-29,3040258764,069-01034-0102,"NAVIGATION SET,SATELLITE SIGNALS KLN-94",PAMALS,REC,,BANT,286.0
2026-07-29,3040259152,066-01141-5101,"TRANSPONDER,RADAR",BABE,REC,,BANT,267.0
2026-07-29,3040259151,066-01141-5101,"TRANSPONDER,RADAR",BANT,REC,REPARADO,V1 PAMA-LS,267.0
2026-07-29,3040259251,064-1019-05,VHF TRANSCEIVE KY196,EEAR,REC,,EEAR,265.0
2026-07-29,3040259146,1U149-015-15,HORIZ. GYRO-STADBY,PAMALS,REC,EM REPARO,VEE ONE,264.0
2026-07-29,3040259147,162-10700,OUTER WHEEL HALF ASSY,BANT,REC,EM REPARO,AMA - VEE ONE,264.0
2026-07-29,3040259148,3049038-03,"VALVE,COMPRESSOR BLEED",BANT,OS concluída,,,
2026-07-29,3040259316,2606015-4,INDICATOR-OIL TEMP/OIL PRESS,BACG,REC,REPARADO,V1 PAMA-LS,261.0
2026-07-29,3040259564,C414007-0102,BLOWER ASSY,PAMALS,OS concluída,,,
2026-07-29,3040259568,C414007-0102,BLOWER ASSY,ALA 10,OS concluída,,,
2026-07-29,3040259570,C414007-0102,BLOWER ASSY,ALA 10,OS concluída,,,
2026-07-29,3040259694,025323-150,FUEL PUMP,PAMASP,REC,,BACO,253.0
2026-07-29,3040259922,C414007-0102,BLOWER ASSY,BANT,REC,REPARADO,V1 PAMA-LS,246.0
2026-07-29,3040259928,C414007-0102,BLOWER ASSY,PAMALS,REC,EM REPARO,VEE ONE,246.0
2026-07-29,3040259924,C414007-0102,BLOWER ASSY,BACG,REC,EM REPARO,VEE ONE,246.0
2026-07-29,3040259918,C414007-0102,BLOWER ASSY,ALA 10,REC,EM REPARO,VEE ONE,246.0
2026-07-29,3040259950,065-0060-01,"CONTROL,SERVO,AUTOMATIC PILOT",PAMALS,REC,EM REPARO,LEAP,246.0
2026-07-29,3040259949,065-0060-01,"CONTROL,SERVO,AUTOMATIC PILOT",PAMALS,REC,EM REPARO,LEAP,246.0
2026-07-29,3040259947,066-3046-07,"CONTROL,INDICATOR",EEAR,OS concluída,REPARADO,,
2026-07-29,3040259946,066-3046-07,"CONTROL,INDICATOR",BANT,REC,,BANT,246.0
2026-07-29,3040259944,066-3046-07,"CONTROL,INDICATOR",EEAR,REC,,PAMA-LS,246.0
2026-07-29,3040260209,011-00916-00,DISPLAY UNIT GDU 1040A,PAMALS,REC,,BAMN,232.0
2026-07-29,3040260208,324843-W020,HEADSET-MICROPHONE,PAMALS,REC,VAI SER DEVOLVIDO SEM REPARO,WILLIAM,232.0
2026-07-29,3040260204,324843-W020,HEADSET-MICROPHONE,PAMALS,OS concluída,REPARADO,,
2026-07-29,3040260205,324843-W020,HEADSET-MICROPHONE,PAMALS,OS concluída,REPARADO,,
2026-07-29,3040260388,SD5H14C4527,AIR COMPRESSOR,PAMALS,REC,EM REPARO,VEE ONE,225.0
2026-07-29,3040260382,065-00183-0501,AUTOPILOT COMPUTER KFC225,BANT,REC,,BANT,225.0
2026-07-29,3040260389,SD5H14C4527,AIR COMPRESSOR,PAMALS,REC,EM REPARO,VEE ONE,225.0
2026-07-29,3040260517,ASG12000-2,ALTERNATOR,PAMALS,OS concluída,,,
2026-07-29,3040260524,51539-012M,CONTROL UNIT ASSY-GENERATOR,BANT,REC,,BACG,222.0
2026-07-29,3040260516,ASG12000-2,ALTERNATOR,PAMALS,REC,REPARADO,V1 PAMA-LS,222.0
2026-07-29,3040260523,9910592-2,ALTERNADOR,BAMN,REC,REPARADO,V1 PAMA-LS,222.0
2026-07-29,3040260522,9910592-2,ALTERNADOR,BAMN,REC,REPARADO,V1 PAMA-LS,222.0
2026-07-29,3040260547,161-12800,WHEEL HALF ASSY-INNER,EPCAR,OS concluída,REPARADO,VEE ONE,
2026-07-29,3040260545,161-11700,INNER WHEEL HALF ASSY,BACG,REC,REPARADO,VEE ONE,204.0
2026-07-29,3040260544,161-11700,INNER WHEEL HALF ASSY,BANT,REC,REPARADO,VEE ONE,204.0
2026-07-29,3040260546,161-12800,WHEEL HALF ASSY-INNER,PAMALS,REC,REPARADO,VEE ONE,204.0
2026-07-29,3040260548,161-11700,INNER WHEEL HALF ASSY,CLA,REC,REPARADO,VEE ONE,204.0
2026-07-29,3040260549,162-10700,OUTER WHEEL HALF ASSY,BACG,REC,REPARADO,VEE ONE,204.0
2026-07-29,3040260550,162-10700,OUTER WHEEL HALF ASSY,CLA,REC,REPARADO,VEE ONE,204.0
2026-07-29,3040260551,162-11800,WHEEL HALF ASSY-OUTER,BANT,REC,REPARADO,VEE ONE,204.0
2026-07-29,3040260552,30994-001,BATTERY-MARATHON TSP410 NICAD,BABE,OS concluída,CONDENADO,AMA - VEE ONE,
2026-07-29,3040260543,324843-W020,HEADSET-MICROPHONE,PAMALS,REC,VAI SER DEVOLVIDO SEM REPARO,WILLIAM,204.0
2026-07-29,3040260542,324843-W020,HEADSET-MICROPHONE,PAMALS,REC,,BABE,204.0
2026-07-29,3040260541,324843-W020,HEADSET-MICROPHONE,PAMALS,OS concluída,REPARADO,,
2026-07-29,3040260540,324843-W020,HEADSET-MICROPHONE,PAMALS,OS concluída,REPARADO,,
2026-07-29,3040260538,324843-W020,HEADSET-MICROPHONE,PAMALS,REC,,BABE,204.0
2026-07-29,3040260539,324843-W020,HEADSET-MICROPHONE,PAMALS,REC,,BABE,204.0
2026-07-29,3040260595,9910586-4,FLAP ACTUATOR AND MOTOR ASSEMBLY,7 ETA,REC,,BAMN,204.0
2026-07-29,3040260597,9910586-4,FLAP ACTUATOR AND MOTOR ASSEMBLY,BAPV,REC,REPARADO,VEE ONE,204.0
2026-07-29,3040260583,3244897-4,FUEL CONTROL UNIT,PAMALS,OS concluída,,,
2026-07-29,3040260750,3122678-04,FUEL CONTROL UNIT,PAMASP,REC,,BANT,196.0
2026-07-29,3040260752,3244897-4,FUEL CONTROL UNIT,PAMASP,OS concluída,REPARADO,,
2026-07-29,3040260753,3244809-7,"FUEL CONTROL,MAIN,TURBINE ENGINE",PAMASP,OS concluída,REPARADO,,
2026-07-29,3040260754,3244809-1,"FUEL CONTROL,MAIN,TURBINE ENGINE",PAMASP,REC,EM QUARENTENA,LEAP,196.0
2026-07-29,3040254794,C145-350,"MOTOR,DIRECT CURRENT",PAMALS,OS concluída,,,
2026-07-29,3040260913,064-1054-30,RECEIVER-TRANSMITTER SUBASSEMBLY,EPCAR,REC,REPARADO,V1 PAMA-LS,184.0
2026-07-29,3040260915,064-1054-30,RECEIVER-TRANSMITTER SUBASSEMBLY,PAMALS,REC,REPARADO,V1 PAMA-LS,184.0
2026-07-29,3040260811,3034792,BOMBA DE COMBUSTÍVEL,BAPV,REC,,BABR,182.0
2026-07-29,3040260812,3034792,BOMBA DE COMBUSTÍVEL,BACG,OS concluída,,,
2026-07-29,3040260922,162-11800,WHEEL HALF ASSY-OUTER,PAMALS,OS concluída,,,
2026-07-29,3040260923,030-18200,MAIN WHEEL BRAKE,BACO,REC,REPARADO,VEE ONE,182.0
2026-07-29,3040261389,3034792,BOMBA DE COMBUSTÍVEL,PAMASP,REC,REPARADO,V1 PAMA-LS,169.0
2026-07-29,3040261388,3034792,BOMBA DE COMBUSTÍVEL,BABR,OS concluída,REPARADO,,
2026-07-29,3040261387,3034792,BOMBA DE COMBUSTÍVEL,BABR,OS concluída,REPARADO,,
2026-07-29,3040261371,TFF2905-13,FUEL FLOW TRANSDUCER,ALA 8,REC,EM REPARO,WILLIAM,169.0
2026-07-29,3040261375,C661065-0240RX,"INDICATOR, AIRSPEED",BACG,REC,EM REPARO,WILLIAM,169.0
2026-07-29,3040261373,C661065-0240,AIRSPEED INDICATOR,BABE,REC,REPARADO,V1 PAMA-LS,169.0
2026-07-29,3040261322,011-00831-00,"ENGINE INTERFA,SPEC",BAPV,REC,REPARADO,VEE ONE,169.0
2026-07-29,3040261326,011-00882-10,"COMPUTER,AIR DATA",BAMN,OS concluída,,,
2026-07-29,3040261324,011-00882-10,"COMPUTER,AIR DATA",BAMN,OS concluída,,,
2026-07-29,3040261327,064-1054-30,RECEIVER-TRANSMITTER SUBASSEMBLY,PAMASP,REC,REPARADO,V1 PAMA-LS,169.0
2026-07-29,3040261336,066-01141-0101,"RECEIVER,RADIO",BANT,REC,REPARADO,V1 PAMA-LS,169.0
2026-07-29,3040261334,065-0065-01,SELECTOR ALT,BANT,REC,EM REPARO,WILLIAM,169.0
2026-07-29,3040261331,065-0061-36,ACTUATOR TRIM (KS272A),PAMASP,REC,,BABR,169.0
2026-07-29,3040261329,065-0061-36,ACTUATOR TRIM (KS272A),ALA 10,OS concluída,REPARADO,,
2026-07-29,3040261335,065-0065-01,SELECTOR ALT,BANT,REC,EM REPARO,WILLIAM,169.0
2026-07-29,3040261342,066-3084-02,COLOR RADAR INDICATOR,BABV,REC,EM REPARO,WILLIAM,169.0
2026-07-29,3040261340,066-1053-00,"RECEIVER,RADIO",BASM,REC,REPARADO,V1 PAMA-LS,169.0
2026-07-29,3040261377,066-3054-01,INDICATOR RADAR ALTIMETER - TYPE KI250,PAMALS,REC,EM REPARO,WILLIAM,169.0
2026-07-29,3040261376,066-1061-03,RT RADAR ALTIM (KRA10A),PAMALS,REC,PARA REPARO,VEE ONE,169.0
2026-07-29,3040261352,1134380-4,EVAPORATOR MODULE ASSY-RH,BAMN,REC,CONDENADO,VEE ONE,169.0
2026-07-29,3040261347,071-1234-00,ANTENNA ACCESSORY,ALA 1,REC,EM REPARO,WILLIAM,169.0
2026-07-29,3040261344,066-4010-12,RECEIVER VOR/LOC (KNS81),ALA 10,REC,EM REPARO,WILLIAM,169.0
2026-07-29,3040261353,1H75-21,PRESSURE REGULATOR,BAMN,REC,,BAMN,169.0
2026-07-29,3040261357,2682001-1,BRAKE CYL MAST,BABE,OS concluída,REPARADO,,
2026-07-29,3040261356,2670104-2,ANNUNCIATOR PANEL,PAMALS,REC,REPARADO,VEE ONE,169.0
2026-07-29,3040261355,2643100-201,NOSE GEAR STRUT ASSY - TALL FORK,BABR,OS concluída,REPARADO,,
2026-07-29,3040261354,2643100-201,NOSE GEAR STRUT ASSY - TALL FORK,BANT,REC,EM REPARO,AV AERONAUTICA,169.0
2026-07-29,3040261364,8210-002-01,GOVERNOR PROPELLER,PAMASP,REC,REPARADO,VEE ONE,169.0
2026-07-29,3040261627,S3828-1,ALTIMETER,BAMN,REC,EM REPARO,WILLIAM,155.0
2026-07-29,3040261628,S3828-1,ALTIMETER,BABE,REC,REPARADO,V1 PAMA-LS,155.0
2026-07-29,3040261851,51539-012MRX,CONTROL UNIT ASSY-GENERATOR,BABE,REC,EM REPARO,VEE ONE,147.0
2026-07-29,3040261852,51539-012MRX,CONTROL UNIT ASSY-GENERATOR,BABE,REC,EM REPARO,VEE ONE,147.0
2026-07-29,3040261843,3034792,BOMBA DE COMBUSTÍVEL,PAMALS,REC,EM REPARO,VEE ONE,142.0
2026-07-29,3040262245,200SGL119Q-2,STARTER GENERATOR,BAMN,OS concluída,REPARADO,,
2026-07-29,3040262246,200SGL119Q-2,STARTER GENERATOR,BAMN,OS concluída,REPARADO,,
2026-07-29,3040262273,324843-W020,HEADSET-MICROPHONE,BABE,OS concluída,REPARADO,,
2026-07-29,3040262275,324843-W020,HEADSET-MICROPHONE,BANT,OS concluída,REPARADO,,
2026-07-29,3040262363,066-1055-00,AUDIO CONTROL PANEL,ALA 5,OS concluída,,,
2026-07-29,3040262367,066-1055-00,AUDIO CONTROL PANEL,ALA 9,REC,EM REPARO,WILLIAM,125.0
2026-07-29,3040262368,066-1055-00,AUDIO CONTROL PANEL,CLA,OS concluída,,,
2026-07-29,3040262372,51539-012M,CONTROL UNIT ASSY-GENERATOR,BANT,REC,,V1 PAMA-LS,125.0
2026-07-29,3040262371,51539-012N,CONTROL UNIT ASSY-GENERATOR,BANT,REC,REPARADO,V1 PAMA-LS,125.0
2026-07-29,3040262419,065-0061-36,ACTUATOR TRIM (KS272A),ALA 9,REC,EM REPARO,WILLIAM,120.0
2026-07-29,3040262734,C352,PORTABLE HALON FIRE EXTINGUISHERS,ALA 5,REC,EM REPARO,AV AERONAUTICA,107.0
2026-07-29,3040262738,C352TS,"EXTINGUISHER,FIRE",BANT,REC,,PROCURANDO,107.0
2026-07-29,3040262739,C352TS,"EXTINGUISHER,FIRE",BANT,REC,,PROCURANDO,107.0
2026-07-29,3040262740,C352TS,"EXTINGUISHER,FIRE",PAMALS,REC,,PROCURANDO,107.0
2026-07-29,3040262766,011-00883-20,RADAR GWX 68 WEATHER,BAMN,OS concluída,EM REPARO,VEE ONE,
2026-07-29,3040262765,011-00883-20,RADAR GWX 68 WEATHER,BAMN,REC,EM REPARO,VEE ONE,107.0
2026-07-29,3040262772,011-01020-10,AFCS MODE CONTROLLER GMC 710,BAMN,REC,EM REPARO,WILLIAM,107.0
2026-07-29,3040262770,011-01020-10,AFCS MODE CONTROLLER GMC 710,BAMN,REC,EM REPARO,WILLIAM,107.0
2026-07-29,3040262773,011-01020-10,AFCS MODE CONTROLLER GMC 710,BAMN,REC,EM REPARO,WILLIAM,107.0
2026-07-29,3040262746,066-1070-01,TRANSCEIVER DME (KN63),BABE,REC,EM REPARO,WILLIAM,107.0
2026-07-29,3040262745,064-1019-05,VHF TRANSCEIVE KY196,EEAR,REC,EM REPARO,VEE ONE,107.0
2026-07-29,3040262747,066-1072-00,RECEIVER ADF (KING KR87),ALA 7,REC,EM REPARO,WILLIAM,107.0
2026-07-29,3040262748,066-3046-07,"CONTROL,INDICATOR",BABR,REC,,BANT,107.0
2026-07-29,3040262769,066-3046-07,"CONTROL,INDICATOR",BABR,REC,,BANT,107.0
2026-07-29,3040262768,066-3046-07,"CONTROL,INDICATOR",EEAR,REC,EM REPARO,LEAP,107.0
2026-07-29,3040262767,066-3046-07,"CONTROL,INDICATOR",EEAR,REC,EM REPARO,LEAP,107.0
2026-07-29,3040262791,066-3060-00,IND RMI KNI582,BANT,REC,EM REPARO,LEAP,107.0
2026-07-29,3040262630,161-11700,INNER WHEEL HALF ASSY,BANT,REC,REPARADO,VEE ONE,107.0
2026-07-29,3040262792,066-3060-00,IND RMI KNI582,BANT,REC,EM REPARO,LEAP,107.0
2026-07-29,3040262634,162-10700,OUTER WHEEL HALF ASSY,BANT,REC,REPARADO,VEE ONE,107.0
2026-07-29,3040262632,161-12800,WHEEL HALF ASSY-INNER,BANT,OS concluída,REPARADO,VEE ONE,
2026-07-29,3040262633,161-12800,WHEEL HALF ASSY-INNER,BANT,REC,REPARADO,VEE ONE,107.0
2026-07-29,3040262635,162-11800,WHEEL HALF ASSY-OUTER,EPCAR,REC,REPARADO,VEE ONE,107.0
2026-07-29,3040262637,162-11800,WHEEL HALF ASSY-OUTER,BANT,REC,REPARADO,VEE ONE,107.0
2026-07-29,3040262636,162-11800,WHEEL HALF ASSY-OUTER,BANT,REC,REPARADO,VEE ONE,107.0
2026-07-29,3040262646,200SGL119Q,STARTER GENERATOR,PAMASP,OS concluída,,,
2026-07-29,3040262639,200SGL119Q,STARTER GENERATOR,PAMASP,OS concluída,,PAMA-LS,
2026-07-29,3040262638,200SGL119Q,STARTER GENERATOR,PAMALS,REC,EM REPARO,AV AERONAUTICA,107.0
2026-07-29,3040262757,2606015-2,IND OIL TEMP/P,PAMALS,REC,EM REPARO,VEE ONE,107.0
2026-07-29,3040262706,2641011-5,AXLE-MAIN GEAR,BAMN,REC,,BANT,107.0
2026-07-29,3040262707,2641011-5,AXLE-MAIN GEAR,BABV,REC,REPARADO,VEE ONE,107.0
2026-07-29,3040262717,2641011-5,AXLE-MAIN GEAR,BANT,REC,REPARADO,VEE ONE,107.0
2026-07-29,3040262714,2641011-5,AXLE-MAIN GEAR,BAPV,REC,,BANT,107.0
2026-07-29,3040262713,2641011-5,AXLE-MAIN GEAR,BAPV,REC,REPARADO,VEE ONE,107.0
2026-07-29,3040262712,2641011-5,AXLE-MAIN GEAR,BABR,REC,,BANT,107.0
2026-07-29,3040262711,2641011-5,AXLE-MAIN GEAR,BABR,REC,,BANT,107.0
2026-07-29,3040262709,2641011-5,AXLE-MAIN GEAR,PAMALS,REC,,BANT,107.0
2026-07-29,3040262708,2641011-5,AXLE-MAIN GEAR,PAMALS,REC,,BANT,107.0
2026-07-29,3040262744,3244809-1A,F.C.U,PAMALS,REC,EM REPARO,LEAP,107.0
2026-07-29,3040262758,9910338-4,FUEL TOTALIZER INDICATOR,PAMALS,REC,EM REPARO,VEE ONE,107.0
2026-07-29,3040262759,9910338-6,"TRANSMITTER,RATE OF FLOW",BAMN,REC,EM REPARO,WILLIAM,107.0
2026-07-29,3040262760,9910338-6,"TRANSMITTER,RATE OF FLOW",BANT,REC,EM REPARO,VEE ONE,107.0
2026-07-29,3040262966,2682001-1,BRAKE CYL MAST,BACO,OS concluída,,PAMA-LS,
2026-07-29,3040262967,2682001-1,BRAKE CYL MAST,PAMALS,REC,REPARADO,V1 PAMA-LS,105.0
2026-07-29,3040262968,2682001-1,BRAKE CYL MAST,BANT,OS concluída,,PAMA-LS,
2026-07-29,3040262969,2682001-1,BRAKE CYL MAST,BABE,REC,REPARADO,V1 PAMA-LS,105.0
2026-07-29,3040263069,453-5060,ELT C406-N,BABE,OS concluída,,,
2026-07-29,3040263283,D145-00-46-2,FLAP ACTUATOR ASSY,PAMALS,REC,EM REPARO,LEAP,90.0
2026-07-29,3040263284,D145-00-46-2,FLAP ACTUATOR ASSY,BAFL,REC,EM REPARO,LEAP,90.0
2026-07-29,3040263324,069-01033-0101,"RECEIVER-TRANSMITTER,RADIO",PAMALS,REC,EM REPARO,LEAP,90.0
2026-07-29,3040263287,C661065-0237,AIRSPEED INDICATOR,BABR,REC,REPARADO,VEE ONE,90.0
2026-07-29,3040263288,C661065-0237,AIRSPEED INDICATOR,PAMASP,REC,REPARADO,VEE ONE,90.0
2026-07-29,3040263314,060-0017-00,FLIGHT DIR HOR,EEAR,REC,EM REPARO,LEAP,90.0
2026-07-29,3040263319,066-1055-00,AUDIO CONTROL PANEL,BABE,REC,REPARADO,VEE ONE,90.0
2026-07-29,3040263317,060-0017-00,FLIGHT DIR HOR,PAMASP,REC,,BANT,90.0
2026-07-29,3040263316,060-0017-00,FLIGHT DIR HOR,BANT,REC,,BANT,90.0
2026-07-29,3040263320,066-1055-00,AUDIO CONTROL PANEL,PAMALS,REC,EM REPARO,AV AERONAUTICA,90.0
2026-07-29,3040263325,069-01033-0101,"RECEIVER-TRANSMITTER,RADIO",PAMALS,REC,,PROCURANDO,90.0
2026-07-29,3040263335,C611008-0101,ALTERNATOR CONTROL UNIT,PAMALS,REC,EM REPARO,AV AERONAUTICA,90.0
2026-07-29,3040263336,C611008-0101,ALTERNATOR CONTROL UNIT,PAMALS,REC,EM REPARO,AV AERONAUTICA,90.0
2026-07-29,3040263286,C661065-0237,AIRSPEED INDICATOR,BANT,REC,DEVOLVIDO NO ESTADO,WILLIAM,90.0
2026-07-29,3040263322,066-1055-00,AUDIO CONTROL PANEL,ALA 9,REC,EM REPARO,WILLIAM,90.0
2026-07-29,3040263326,069-01033-0101,"RECEIVER-TRANSMITTER,RADIO",PAMALS,REC,,BANT,90.0
2026-07-29,3040263315,060-0017-00,FLIGHT DIR HOR,BACG,OS concluída,,BABR,
2026-07-29,3040263334,011-00916-10,"DISPLAY UNIT,FLIGHT INFORMATION",BACO,REC,VAI SER DEVOLVIDO SEM REPARO,WILLIAM,90.0
2026-07-29,3040263333,011-00916-10,"DISPLAY UNIT,FLIGHT INFORMATION",BACO,REC,EM REPARO,WILLIAM,90.0
2026-07-29,3040263332,011-00916-10,"DISPLAY UNIT,FLIGHT INFORMATION",BAMN,REC,EM REPARO,WILLIAM,90.0
2026-07-29,3040263331,C661064-0237,AIRSPEED INDICATOR,PAMALS,REC,VAI SER DEVOLVIDO SEM REPARO,WILLIAM,90.0
2026-07-29,3040263329,C661064-0237,AIRSPEED INDICATOR,PAMALS,REC,EM REPARO,WILLIAM,90.0
2026-07-29,3040263328,C661064-0237,AIRSPEED INDICATOR,BABR,REC,EM REPARO,WILLIAM,90.0
2026-07-29,3040263327,C661064-0237,AIRSPEED INDICATOR,BABR,REC,EM REPARO,WILLIAM,90.0
2026-07-29,3040263330,C661064-0237,AIRSPEED INDICATOR,PAMALS,REC,EM REPARO,WILLIAM,90.0
2026-07-29,3040263338,C611008-0101,ALTERNATOR CONTROL UNIT,PAMALS,REC,REPARADO,V1 PAMA-LS,90.0
2026-07-29,3040263433,066-03064-0005,"ALTIMETER,SERVO CONTROLLED,AUTOMATIC PRESSURE",BACG,REC,EM REPARO,WILLIAM,84.0
2026-07-29,3040263435,066-03064-0005,"ALTIMETER,SERVO CONTROLLED,AUTOMATIC PRESSURE",BANT,REC,EM REPARO,WILLIAM,84.0
2026-07-29,3040263434,066-03064-0005,"ALTIMETER,SERVO CONTROLLED,AUTOMATIC PRESSURE",PAMASP,REC,VAI SER DEVOLVIDO SEM REPARO,WILLIAM,84.0
2026-07-29,3040263417,069-01033-0101,"RECEIVER-TRANSMITTER,RADIO",PAMALS,REC,EM REPARO,WILLIAM,84.0
2026-07-29,3040263416,069-01033-0101,"RECEIVER-TRANSMITTER,RADIO",BASM,REC,EM REPARO,WILLIAM,84.0
2026-07-29,3040263415,069-01033-0101,"RECEIVER-TRANSMITTER,RADIO",BABR,REC,,BANT,84.0
2026-07-29,3040263447,066-3046-07,"CONTROL,INDICATOR",CLA,REC,,BABR,84.0
2026-07-29,3040263443,3244897-4,FUEL CONTROL UNIT,PAMALS,REC,EM REPARO,LEAP,83.0
2026-07-29,3040263444,3244897-4,FUEL CONTROL UNIT,PAMALS,REC,EM REPARO,LEAP,83.0
2026-07-29,3040263577,060-0015-00,"CONTROL,DIRECTIONAL,AUTOMATIC PILOT",ALA 5,REC,EM REPARO,WILLIAM,78.0
2026-07-29,3040263574,066-1072-04,"RECEIVER,RADIO",BABE,REC,EM REPARO,WILLIAM,78.0
2026-07-29,3040263576,066-1072-04,"RECEIVER,RADIO",BAMN,OS concluída,DEVOLVIDO NO ESTADO,WILLIAM,
2026-07-29,3040263575,066-1072-04,"RECEIVER,RADIO",BABE,REC,EM REPARO,WILLIAM,78.0
2026-07-29,3040263573,066-3084-32,IND RDR 2000 IN-182A,PAMALS,REC,,BABR,78.0
2026-07-29,3040263571,066-3084-32,IND RDR 2000 IN-182A,PAMALS,REC,EM REPARO,WILLIAM,78.0
2026-07-29,3040263572,066-3084-32,IND RDR 2000 IN-182A,PAMALS,REC,EM REPARO,WILLIAM,78.0
2026-07-29,3040263448,2618510-10,ALTERNATOR CONTROL UNIT ASSY,BABE,REC,EM REPARO,WILLIAM,78.0
2026-07-29,3040263449,2618510-10,ALTERNATOR CONTROL UNIT ASSY,PAMALS,REC,EM REPARO,WILLIAM,78.0
2026-07-29,3040263877,2641011-5,AXLE-MAIN GEAR,CLA,REC,EM REPARO,LEAP,68.0
2026-07-29,3040263878,2641011-5,AXLE-MAIN GEAR,CLA,REC,EM REPARO,LEAP,68.0
2026-07-29,3040264243,069-01033-0101,"RECEIVER-TRANSMITTER,RADIO",PAMALS,REC,EM REPARO,WILLIAM,61.0
2026-07-29,3040264244,069-01033-0101,"RECEIVER-TRANSMITTER,RADIO",PAMASP,REC,EM REPARO,WILLIAM,61.0
2026-07-29,3040264246,060-0017-00,FLIGHT DIR HOR,PAMALS,REC,EM REPARO,WILLIAM,61.0
2026-07-29,3040264237,200SGL119Q-2,STARTER GENERATOR,BAMN,REC,EM REPARO,AV AERONAUTICA,61.0
2026-07-29,3040264236,200SGL119Q-2,STARTER GENERATOR,BABE,REC,,BABE,61.0
2026-07-29,3040264121,3244897-4,FUEL CONTROL UNIT,BABE,OS concluída,EM REPARO,LEAP,
2026-07-29,3040264263,9910338-8,"INDICATOR,FUEL FLOW",PAMALS,OS concluída,,BABR,
2026-07-29,3040264262,9910338-8,"INDICATOR,FUEL FLOW",BABV,REC,EM REPARO,WILLIAM,61.0
2026-07-29,3040264242,324843-2020,HEADSET-MICROPHONE,BABE,REC,EM REPARO,WILLIAM,61.0
2026-07-29,3040264264,324843-2020,HEADSET-MICROPHONE,DACTA II,REC,EM REPARO,WILLIAM,61.0
2026-07-29,3040264238,324843-2020,HEADSET-MICROPHONE,DACTA II,REC,EM REPARO,WILLIAM,61.0
2026-07-29,3040264241,324843-2020,HEADSET-MICROPHONE,DACTA II,REC,EM REPARO,WILLIAM,61.0
2026-07-29,3040264240,324843-2020,HEADSET-MICROPHONE,DACTA II,REC,EM REPARO,WILLIAM,61.0
2026-07-29,3040264122,3244809-8,"FUEL CONTROL,MAIN,TURBINE ENGINE",BABE,OS concluída,,BABR,
2026-07-29,3040263797,066-3046-07,"CONTROL,INDICATOR",BABE,REC,EM REPARO,WILLIAM,61.0
2026-07-29,3040263798,066-3046-07,"CONTROL,INDICATOR",PAMASP,REC,EM REPARO,WILLIAM,61.0
2026-07-29,3040263799,066-3046-07,"CONTROL,INDICATOR",PAMASP,REC,EM REPARO,WILLIAM,61.0
2026-07-29,3040263795,071-01519-0101,"RECEIVER-EXCITER,RADAR",PAMALS,REC,,PROCURANDO,61.0
2026-07-29,3040263796,071-01519-0101,"RECEIVER-EXCITER,RADAR",PAMALS,REC,,PROCURANDO,61.0
2026-07-29,3040264579,060-0017-00,FLIGHT DIR HOR,BABR,OS concluída,,,
2026-07-29,3040264577,060-0017-00,FLIGHT DIR HOR,PAMALS,REC,,,49.0
2026-07-29,3040264573,060-0017-00,FLIGHT DIR HOR,BANT,REC,,,49.0
2026-07-29,3040264574,060-0017-00,FLIGHT DIR HOR,BANT,REC,,,49.0
2026-07-29,3040264576,060-0017-00,FLIGHT DIR HOR,PAMALS,REC,,,49.0
2026-07-29,3040264572,060-0017-00,FLIGHT DIR HOR,PAMASP,REC,,,49.0
2026-07-29,3040264647,1H75-21,PRESSURE REGULATOR,BAMN,REC,,,44.0
2026-07-29,3040264646,1H75-21,PRESSURE REGULATOR,PAMASP,REC,,,44.0
2026-07-29,3040264645,1H75-21,PRESSURE REGULATOR,PAMASP,REC,,,44.0
2026-07-29,3040264643,1H75-21,PRESSURE REGULATOR,PAMASP,REC,,,44.0
2026-07-29,3040264707,3244809-7,"FUEL CONTROL,MAIN,TURBINE ENGINE",BABE,REC,,,44.0
2026-07-29,3040264709,540-1407-4,"VALVE,BLEED,TURBINEENGINE",PAMASP,REC,,,44.0
2026-07-29,3040264710,200SGL153Q,"STARTER-GENERATOR,ENGINE,AIRCRAFT",CLA,REC,,,44.0
2026-07-29,3040264711,200SGL153Q,"STARTER-GENERATOR,ENGINE,AIRCRAFT",PAMASP,REC,,,44.0
2026-07-29,3040264712,200SGL153Q,"STARTER-GENERATOR,ENGINE,AIRCRAFT",BACG,REC,,,44.0
2026-07-29,3040264718,9910338-8,"INDICATOR,FUEL FLOW",PAMALS,REC,,,44.0
2026-07-29,3040264719,S3326-2,"INDICATOR,HORIZONTAL SITUATION",ALA 8,REC,,,44.0
2026-07-29,3040264720,S3326-2,"INDICATOR,HORIZONTAL SITUATION",PAMALS,REC,,,44.0
2026-07-29,3040264721,S3326-2,"INDICATOR,HORIZONTAL SITUATION",PAMASP,REC,,,44.0
2026-07-29,3040264724,2606013-1AM,INDICADOR PERCENTUAL RPM,BABV,REC,,,44.0
2026-07-29,3040264725,2606013-1AM,INDICADOR PERCENTUAL RPM,BABR,REC,,,44.0
2026-07-29,3040264726,2606015-4,INDICATOR-OIL TEMP/OIL PRESS,BANT,REC,,,44.0
2026-07-29,3040264727,C661051-0201,GYRO HORIZON,ALA 10,REC,,,44.0
2026-07-29,3040264728,504-0111-906,GYRO HORIZON,PAMALS,REC,,,44.0
2026-07-29,3040264729,504-0111-906,GYRO HORIZON,BACG,REC,,,44.0
2026-07-29,3040264730,8210-003,"GOVERNOR,FUEL CONTROL",PAMASP,REC,,,44.0
2026-07-29,3040264731,8210-002,"GOVERNOR,CONSTANT SPEED DRIVE",PAMASP,REC,,,44.0
2026-07-29,3040264732,8210-002,"GOVERNOR,CONSTANT SPEED DRIVE",BAMN,REC,,,44.0
2026-07-29,3040264733,030-18200,MAIN WHEEL BRAKE,BAMN,REC,,,44.0
2026-07-29,3040264734,030-18200,MAIN WHEEL BRAKE,BAMN,REC,,,44.0
2026-07-29,3040264735,161-11700,INNER WHEEL HALF ASSY,PAMALS,REC,,,44.0
2026-07-29,3040264736,161-12800,WHEEL HALF ASSY-INNER,BABR,REC,,,44.0
2026-07-29,3040264737,161-12800,WHEEL HALF ASSY-INNER,PAMALS,AUT,,,44.0
2026-07-29,3040264738,162-10700,OUTER WHEEL HALF ASSY,BACO,AUT,,,44.0
2026-07-29,3040264807,011-01105-01,INTEGRATED AVIONICS UNIT GIA63W,ALA 8,REC,,,36.0
2026-07-29,3040264808,011-01105-01,INTEGRATED AVIONICS UNIT GIA63W,BAMN,REC,,,36.0
2026-07-29,3040264907,011-00916-10,"DISPLAY UNIT,FLIGHT INFORMATION",BAMN,REC,,,29.0
2026-07-29,3040264908,011-00916-10,"DISPLAY UNIT,FLIGHT INFORMATION",BABV,REC,,,29.0
2026-07-29,3040264974,3244809-8,"FUEL CONTROL,MAIN,TURBINE ENGINE",BAMN,REC,,,27.0
2026-07-29,3040264961,3244897-4,FUEL CONTROL UNIT,CLA,REC,,,27.0
2026-07-29,3040264960,3034792,BOMBA DE COMBUSTÍVEL,CLA,REC,,,27.0
2026-07-29,3040265144,011-01020-10,AFCS MODE CONTROLLER GMC 710,BABE,REC,,,21.0
2026-07-29,3040265140,011-01020-10,AFCS MODE CONTROLLER GMC 710,BABE,REC,,,21.0
2026-07-30,3040249831,066-01141-5101,"RECEIVER-TRANSMITTER,RADIO (KT71)",PAMALS,REC,EM REPARO,LEAP,535.0
2026-07-30,3040250248,452-0133,"BATTERY,NONRECHARGEABLE",BABR,REC,CONDENADO,VEE ONE,519.0
2026-07-30,3040250249,452-0133,"BATTERY,NONRECHARGEABLE",BAMN,REC,CONDENADO,VEE ONE,519.0
2026-07-30,3040250234,3034792,BOMBA DE COMBUSTÍVEL,PAMALS,REC,,BANT,519.0
2026-07-30,3040250816,453-5060,"BEACON,DISTRESS",BAMN,REC,,PAMA-LS,497.0
2026-07-30,3040250830,799-1,TRANSDUCER,BACO,REC,,BANT,497.0
2026-07-30,3040250829,51539-012N,CONTROL UNIT ASSY-GENERATOR,BAMN,OS concluída,,,
2026-07-30,3040250828,51539-012N,CONTROL UNIT ASSY-GENERATOR,BACG,REC,,BABR,497.0
2026-07-30,3040250827,51539-012N,CONTROL UNIT ASSY-GENERATOR,BANT,REC,,BABR,497.0
2026-07-30,3040250831,799-1,TRANSDUCER,BANT,REC,,BANT,497.0
2026-07-30,3040250833,9910586-4,FLAP ACTUATOR AND MOTOR ASSEMBLY,ALA 3,REC,,BAMN,497.0
2026-07-30,3040250834,9910586-4,FLAP ACTUATOR AND MOTOR ASSEMBLY,ALA 3,OS concluída,CONDENADO,,
2026-07-30,3040250832,9910338-4,FUEL TOTALIZER INDICATOR,EEAR,REC,,PAMA-LS,497.0
2026-07-30,3040250835,ASG12000-2,ALTERNATOR,ALA 5,REC,REPARADO,V1 PAMA-LS,497.0
2026-07-30,3040250841,C661030-0301,TURN BANK,PAMALS,REC,EM REPARO,LEAP,497.0
2026-07-30,3040250842,C662041-0102,INDICATOR FUEL,ALA 5,REC,,PAMA-LS,497.0
2026-07-30,3040250844,C662041-0102,INDICATOR FUEL,ALA 9,REC,,PAMA-LS,497.0
2026-07-30,3040250843,C662041-0102,INDICATOR FUEL,ALA 10,OS concluída,REPARADO,,
2026-07-30,3040250719,060-0017-00,FLIGHT DIR HOR,PAMALS,REC,,BANT,497.0
2026-07-30,3040250720,060-0017-00,FLIGHT DIR HOR,BABV,OS concluída,REPARADO,,
2026-07-30,3040250722,066-01141-5101,"RECEIVER-TRANSMITTER,RADIO (KT71)",ALA 9,REC,EM REPARO,WILLIAM,497.0
2026-07-30,3040250723,066-01141-5101,"RECEIVER-TRANSMITTER,RADIO (KT71)",CLA,REC,,BABR,497.0
2026-07-30,3040250721,060-0017-00,FLIGHT DIR HOR,BANT,OS concluída,REPARADO,,
2026-07-30,3040250725,066-3046-07,"CONTROL,INDICATOR",ALA 10,OS concluída,REPARADO,,
2026-07-30,3040250724,066-04035-1101,"DISPLAY UNIT,RADAR",PAMALS,REC,,BANT,497.0
2026-07-30,3040250732,069-1025-25,"RECEIVER-TRANSMITTER,RADIO - KX165",PAMALS,REC,EM REPARO,WILLIAM,497.0
2026-07-30,3040250782,2606012-1,INDICATOR-INTER-TURBINE TEMPERATURE,ALA 9,OS concluída,,,
2026-07-30,3040250775,161-11700,INNER WHEEL HALF ASSY,BABE,OS concluída,CONDENADO,,
2026-07-30,3040250773,161-11700,INNER WHEEL HALF ASSY,EEAR,REC,,BACG,497.0
2026-07-30,3040250718,030-18200,MAIN WHEEL BRAKE,BACO,OS concluída,REPARADO,,
2026-07-30,3040250716,030-18200,MAIN WHEEL BRAKE,BABV,REC,EM REPARO,LEAP,497.0
2026-07-30,3040250717,030-18200,MAIN WHEEL BRAKE,BACO,OS concluída,REPARADO,,
2026-07-30,3040250780,162-11800,WHEEL HALF ASSY-OUTER,PAMALS,OS concluída,,,
2026-07-30,3040250781,162-11800,WHEEL HALF ASSY-OUTER,BACG,OS concluída,,,
2026-07-30,3040250778,161-12800,WHEEL HALF ASSY-INNER,BACG,OS concluída,REPARADO,,
2026-07-30,3040250776,161-12800,WHEEL HALF ASSY-INNER,BABE,OS concluída,CONDENADO,,
2026-07-30,3040250790,2643031-7,"FORK ASSY,NOSE GEAR SPRING",BAMN,OS concluída,CONDENADO,,
2026-07-30,3040250791,2643090-1,SHIMMY DAMPENE,BANT,REC,EM REPARO,AV AERONAUTICA,497.0
2026-07-30,3040250792,2643090-1,SHIMMY DAMPENE,BAMN,REC,REPARADO,V1 PAMA-LS,497.0
2026-07-30,3040250789,2641012-14,TRUNNION ASSY-RH-MAIN GEAR,PAMASP,OS concluída,CONDENADO,,
2026-07-30,3040250793,2643099-4,"SUPPORT ASSY FOWARD, NLG SPRING",BAMN,OS concluída,CONDENADO,,
2026-07-30,3040250798,30994-001,BATTERY-MARATHON TSP410 NICAD,BANT,OS concluída,CONDENADO,AMA - VEE ONE,
2026-07-30,3040252191,C611008-0101,ALTERNATOR CONTROL UNIT,PAMALS,REC,,BABR,464.0
2026-07-30,3040252159,011-00916-00,DISPLAY UNIT GDU 1040A,BAMN,REC,,BAMN,464.0
2026-07-30,3040252161,065-0042-03,COMPUTER PA,ALA 10,REC,EM REPARO,WILLIAM,464.0
2026-07-30,3040252162,065-0042-03,COMPUTER PA,EEAR,REC,,BABE,464.0
2026-07-30,3040252164,065-0042-03,COMPUTER PA,EEAR,REC,EM REPARO,WILLIAM,464.0
2026-07-30,3040252165,065-0042-03,COMPUTER PA,PAMALS,OS concluída,,,
2026-07-30,3040252166,065-0059-01,SERVO PITCH,EEAR,REC,EM REPARO,WILLIAM,464.0
2026-07-30,3040252168,066-03064-0005,"ALTIMETER,SERVO CONTROLLED,AUTOMATIC PRESSURE",ALA 9,OS concluída,REPARADO,,
2026-07-30,3040252173,066-03064-0005,"ALTIMETER,SERVO CONTROLLED,AUTOMATIC PRESSURE",BANT,REC,EM REPARO,LEAP,464.0
2026-07-30,3040252172,066-03064-0005,"ALTIMETER,SERVO CONTROLLED,AUTOMATIC PRESSURE",PAMALS,REC,NO ESTADO,VEE ONE,464.0
2026-07-30,3040252170,066-03064-0005,"ALTIMETER,SERVO CONTROLLED,AUTOMATIC PRESSURE",ALA 7,REC,NO ESTADO,VEE ONE,464.0
2026-07-30,3040252178,066-1072-00,RECEIVER ADF (KING KR87),PAMALS,OS concluída,,,
2026-07-30,3040252182,066-1072-04,"RECEIVER,RADIO",ALA 9,OS concluída,REPARADO,,
2026-07-30,3040252181,066-1072-04,"RECEIVER,RADIO",PAMASP,REC,EM REPARO,WILLIAM,464.0
2026-07-30,3040252180,066-1072-04,"RECEIVER,RADIO",ALA 8,OS concluída,,,
2026-07-30,3040252185,066-1072-04,"RECEIVER,RADIO",BAMN,OS concluída,REPARADO,,
2026-07-30,3040252189,9910338-6,"TRANSMITTER,RATE OF FLOW",ALA 8,OS concluída,REPARADO,,
2026-07-30,3040252190,9910338-6,"TRANSMITTER,RATE OF FLOW",BABR,OS concluída,,,
2026-07-30,3040252160,011-01020-10,AFCS MODE CONTROLLER GMC 710,BAMN,OS concluída,,,
2026-07-30,3040252939,C163030-1001,MAIN W BRAKE A,BABV,REC,,BAMN,434.0
2026-07-30,3040252936,030-18200,MAIN WHEEL BRAKE,BACO,REC,,PAMA-LS,434.0
2026-07-30,3040252935,030-18200,MAIN WHEEL BRAKE,BAMN,OS concluída,CONDENADO,,
2026-07-30,3040252940,30-182,MAIN WHEEL BRAKE,BABV,OS concluída,CONDENADO,,
2026-07-30,3040252942,30-182,MAIN WHEEL BRAKE,BAMN,OS concluída,REPARADO,,
2026-07-30,3040252943,30-182,MAIN WHEEL BRAKE,BAMN,OS concluída,REPARADO,,
2026-07-30,3040253170,161-12800,WHEEL HALF ASSY-INNER,BASM,OS concluída,CONDENADO,,
2026-07-30,3040253168,161-12800,WHEEL HALF ASSY-INNER,BASM,REC,REPARADO,VEE ONE,430.0
2026-07-30,3040253172,161-12800,WHEEL HALF ASSY-INNER,PAMALS,REC,,PROCURANDO,430.0
2026-07-30,3040253174,161-12800,WHEEL HALF ASSY-INNER,PAMALS,OS concluída,CONDENADO,,
2026-07-30,3040253173,161-12800,WHEEL HALF ASSY-INNER,PAMALS,REC,EM REPARO,LEAP,430.0
2026-07-30,3040253176,162-10700,OUTER WHEEL HALF ASSY,BABE,OS concluída,CONDENADO,,
2026-07-30,3040253177,162-10700,OUTER WHEEL HALF ASSY,BABV,REC,REPARADO,VEE ONE,430.0
2026-07-30,3040253178,162-10700,OUTER WHEEL HALF ASSY,PAMALS,REC,,PROCURANDO,430.0
2026-07-30,3040253179,162-11800,WHEEL HALF ASSY-OUTER,CLA,OS concluída,CONDENADO,,
2026-07-30,3040253181,162-11800,WHEEL HALF ASSY-OUTER,PAMALS,OS concluída,REPARADO,,
2026-07-30,3040253180,162-11800,WHEEL HALF ASSY-OUTER,BASM,REC,,PROCURANDO,430.0
2026-07-30,3040253182,162-11800,WHEEL HALF ASSY-OUTER,PAMALS,REC,REPARADO,VEE ONE,430.0
2026-07-30,3040253536,2641012-14,TRUNNION ASSY-RH-MAIN GEAR,PAMALS,OS concluída,CONDENADO,,
2026-07-30,3040253529,066-03064-0005,"ALTIMETER,SERVO CONTROLLED,AUTOMATIC PRESSURE",DSM-MN,REC,DEVOLVIDO NO ESTADO,WILLIAM,420.0
2026-07-30,3040253528,066-03064-0005,"ALTIMETER,SERVO CONTROLLED,AUTOMATIC PRESSURE",BANT,OS concluída,REPARADO,,
2026-07-30,3040253532,799-1,TRANSDUCER,PAMALS,REC,,BANT,420.0
2026-07-30,3040253535,2643099-4,"SUPPORT ASSY FOWARD, NLG SPRING",BABE,REC,CONDENADO,VEE ONE,420.0
2026-07-30,3040253531,799-1,TRANSDUCER,BAMN,REC,,VEE ONE,420.0
2026-07-30,3040253530,799-1,TRANSDUCER,BAMN,REC,,BANT,420.0
2026-07-30,3040253526,30994-001,BATTERY-MARATHON TSP410 NICAD,PAMALS,OS concluída,CONDENADO,AMA - VEE ONE,
2026-07-30,3040253527,30994-001,BATTERY-MARATHON TSP410 NICAD,BAPV,OS concluída,CONDENADO,AMA - VEE ONE,
2026-07-30,3040254195,540-1407-4,"VALVE,BLEED,TURBINEENGINE",PAMALS,REC,,BANT,402.0
2026-07-30,3040254201,2643090-3,SHIMMY DAMPER-NOSE GEAR,PAMALS,REC,REPARADO,V1 PAMA-LS,402.0
2026-07-30,3040254203,SE1070-6,SHIMMY DAMPENER ASSY,BACGINAT,OS concluída,,,
2026-07-30,3040254205,C660501-0103,"COMPASS,SPEC",PAMALS,REC,REPARADO,V1 PAMA-LS,402.0
2026-07-30,3040254206,C660501-0103,"COMPASS,SPEC",ALA 8,REC,EM REPARO EM GARANTIA,WILLIAM,402.0
2026-07-30,3040254208,C660501-0103,"COMPASS,SPEC",BABV,REC,REPARADO,V1 PAMA-LS,402.0
2026-07-30,3040254210,799-1,TRANSDUCER,BANT,REC,,BANT,402.0
2026-07-30,3040254792,2606013-1RX,INDICATOR-PERCENT RPM,BABR,REC,,BANT,393.0
2026-07-30,3040254770,069-1025-25,"RECEIVER-TRANSMITTER,RADIO - KX165",ALA 9,REC,EM REPARO,WILLIAM,393.0
2026-07-30,3040254799,453-5000-710,EMERGENCY LOCATOR TRANSMITTER MODEL C406-2,PAMASP,OS concluída,,,
2026-07-30,3040254806,C352TS,"EXTINGUISHER,FIRE",PAMALS,REC,REPARADO,V1 PAMA-LS,393.0
2026-07-30,3040254805,C352TS,"EXTINGUISHER,FIRE",PAMALS,OS concluída,,,
2026-07-30,3040254810,C352TS,"EXTINGUISHER,FIRE",PAMALS,OS concluída,,,
2026-07-30,3040254809,C352TS,"EXTINGUISHER,FIRE",PAMAGL,OS concluída,,,
2026-07-30,3040254803,C352TS,"EXTINGUISHER,FIRE",2 ETA,REC,REPARADO,V1 PAMA-LS,393.0
2026-07-30,3040254808,C352TS,"EXTINGUISHER,FIRE",BABR,REC,REPARADO,V1 PAMA-LS,393.0
2026-07-30,3040254795,D145-00-46-2,FLAP ACTUATOR ASSY,BABE,REC,,PAMA-LS,393.0
2026-07-30,3040254793,D145-00-46-2,FLAP ACTUATOR ASSY,PAMALS,REC,,PAMA-LS,393.0
2026-07-30,3040254815,C482001-0402,VACUUM REGULAT,PAMALS,REC,CONDENADO,VEE ONE,393.0
2026-07-30,3040254816,C482001-0402,VACUUM REGULAT,PAMALS,REC,CONDENADO,VEE ONE,393.0
2026-07-30,3040254820,2641011-5,AXLE-MAIN GEAR,BAMN,OS concluída,REPARADO,,
2026-07-30,3040254817,2641011-5,AXLE-MAIN GEAR,BABE,OS concluída,NO ESTADO,,
2026-07-30,3040254818,2641011-5,AXLE-MAIN GEAR,BABE,OS concluída,,,
2026-07-30,3040254819,2641011-5,AXLE-MAIN GEAR,BANT,OS concluída,REPARADO,,
2026-07-30,3040254796,30994-001,BATTERY-MARATHON TSP410 NICAD,BAMN,OS concluída,REPARADO,,
2026-07-30,3040254789,452-0133,"BATTERY,NONRECHARGEABLE",BAMN,REC,CONDENADO,VEE ONE,393.0
2026-07-30,3040254788,452-0133,"BATTERY,NONRECHARGEABLE",BAMN,REC,CONDENADO,VEE ONE,393.0
2026-07-30,3040254787,452-0133,"BATTERY PACK,AIRCRAFT",DACTA II,REC,CONDENADO,VEE ONE,393.0
2026-07-30,3040254786,452-0133,"BATTERY PACK,AIRCRAFT",BAMN,REC,CONDENADO,VEE ONE,393.0
2026-07-30,3040254785,452-0133,"BATTERY,NONRECHARGEABLE",BAMN,REC,CONDENADO,VEE ONE,393.0
2026-07-30,3040254784,452-0133,"BATTERY,NONRECHARGEABLE",DACTA II,REC,CONDENADO,VEE ONE,393.0
2026-07-30,3040255326,011-00916-00,DISPLAY UNIT GDU 1040A,BAMN,REC,,BAMN,384.0
2026-07-30,3040255319,702801-5,FUEL PUMP,PAMASP,REC,EM REPARO,VEE ONE,384.0
2026-07-30,3040255321,8210-002,"GOVERNOR,CONSTANT SPEED DRIVE",PAMALS,OS concluída,,,
2026-07-30,3040255461,DAAS-A-010-1,ADAS-D PROCESSOR,PAMALS,REC,EM REPARO,VEE ONE,380.0
2026-07-30,3040255589,071-01519-0101,"RECEIVER-EXCITER,RADAR",BANT,REC,,PROCURANDO,378.0
2026-07-30,3040255590,071-01519-0101,"RECEIVER-EXCITER,RADAR",PAMALS,OS concluída,REPARADO,,
2026-07-30,3040255706,C661064-0237,AIRSPEED INDICATOR,BAMN,OS concluída,,,
2026-07-30,3040256114,5934PAD-3,"ALTIMETER,PRESSURE",PAMALS,REC,EM REPARO,VEE ONE,364.0
2026-07-30,3040256119,011-00878-10,GSA-81 TORQUE SERVO,BAPV,REC,EM REPARO,LEAP,364.0
2026-07-30,3040256112,011-00883-20,RADAR GWX 68 WEATHER,BABE,REC,,BAMN,364.0
2026-07-30,3040256115,5934PAD-3,"ALTIMETER,PRESSURE",PAMALS,OS concluída,REPARADO,,
2026-07-30,3040256118,011-00878-10,GSA-81 TORQUE SERVO,BAPV,REC,,BACO,364.0
2026-07-30,3040256120,011-00916-10,"DISPLAY UNIT,FLIGHT INFORMATION",BAMN,OS concluída,,,
2026-07-30,3040256314,066-4010-12,RECEIVER VOR/LOC (KNS81),EEAR,REC,EM REPARO,LEAP,351.0
2026-07-30,3040256311,3121248-03,"VALVE ASSEMBLY,COMPRESSOR BLEED",PAMALS,OS concluída,,,
2026-07-30,3040256704,C661064-0237,AIRSPEED INDICATOR,PAMALS,OS concluída,,,
2026-07-30,3040256707,D210507,"GOVERNOR,OVERSPEED",PAMALS,OS concluída,,,
2026-07-30,3040256708,D210507,"GOVERNOR,OVERSPEED",PAMALS,REC,REPARADO,VEE ONE,342.0
2026-07-30,3040256702,C661064-0237,AIRSPEED INDICATOR,BABR,OS concluída,,,
2026-07-30,3040256703,C661064-0237,AIRSPEED INDICATOR,PAMALS,OS concluída,REPARADO,,
2026-07-30,3040256662,030-18200,MAIN WHEEL BRAKE,BASM,OS concluída,,,
2026-07-30,3040256665,161-11700,INNER WHEEL HALF ASSY,BABV,OS concluída,,,
2026-07-30,3040256666,161-11700,INNER WHEEL HALF ASSY,PAMALS,OS concluída,,,
2026-07-30,3040256667,161-11700,INNER WHEEL HALF ASSY,PAMALS,OS concluída,,,
2026-07-30,3040256668,161-11700,INNER WHEEL HALF ASSY,PAMALS,OS concluída,CONDENADO,,
2026-07-30,3040256669,161-11700,INNER WHEEL HALF ASSY,PAMALS,OS concluída,,,
2026-07-30,3040256670,161-11700,INNER WHEEL HALF ASSY,PAMALS,OS concluída,CONDENADO,,
2026-07-30,3040256671,161-11700,INNER WHEEL HALF ASSY,PAMALS,REC,REPARADO,VEE ONE,342.0
2026-07-30,3040256698,030-18200,MAIN WHEEL BRAKE,PAMASP,REC,,PROCURANDO,342.0
2026-07-30,3040256713,030-18200,MAIN WHEEL BRAKE,ALA 3,REC,,BAMN,342.0
2026-07-30,3040256694,162-11800,WHEEL HALF ASSY-OUTER,BANT,OS concluída,REPARADO,,
2026-07-30,3040256696,162-11800,WHEEL HALF ASSY-OUTER,PAMALS,REC,,PAMA-LS,342.0
2026-07-30,3040256672,161-12800,WHEEL HALF ASSY-INNER,PAMALS,REC,REPARADO,VEE ONE,342.0
2026-07-30,3040256675,161-12800,WHEEL HALF ASSY-INNER,BANT,OS concluída,REPARADO,,
2026-07-30,3040256792,011-00877-00,"GSA-80 SERVO ROL,YAW,SPEC",BAMN,REC,,PROCURANDO,342.0
2026-07-30,3040256787,011-00877-00,"GSA-80 SERVO ROL,YAW,SPEC",PAMALS,REC,EM REPARO,VEE ONE,342.0
2026-07-30,3040256828,011-00883-20,RADAR GWX 68 WEATHER,PAMALS,REC,CONDENADO,V1 PAMA-LS,342.0
2026-07-30,3040256709,3121248-03,"VALVE ASSEMBLY,COMPRESSOR BLEED",PAMASP,REC,,BANT,339.0
2026-07-30,3040256673,161-12800,WHEEL HALF ASSY-INNER,PAMALS,REC,CONDENADO,VEE ONE,339.0
2026-07-30,3040257095,011-01105-01,INTEGRATED AVIONICS UNIT GIA63W,BABE,REC,EM REPARO,VEE ONE,335.0
2026-07-30,3040257096,011-01105-01,INTEGRATED AVIONICS UNIT GIA63W,BABE,REC,,BAMN,335.0
2026-07-30,3040257093,065-00183-0501,AUTOPILOT COMPUTER KFC225,BABE,REC,,BANT,335.0
2026-07-30,3040257094,065-00183-0501,AUTOPILOT COMPUTER KFC225,BABE,REC,,BANT,335.0
2026-07-30,3040257443,161-12800,WHEEL HALF ASSY-INNER,ALA 3,AUT,,NÃO TEVE MOVIMENTAÇÃO,323.0
2026-07-30,3040257442,C163030-1001,MAIN W BRAKE A,BAMN,REC,REPARADO,VEE ONE,316.0
2026-07-30,3040257452,3244809-8,"FUEL CONTROL,MAIN,TURBINE ENGINE",BAPV,OS concluída,REPARADO,,
2026-07-30,3040257454,EA-5172-45-CES,"INDICATOR,AIRSPEED",BACG,OS concluída,,,
2026-07-30,3040257453,EA-5172-45-CES,"INDICATOR,AIRSPEED",ALA 7,REC,DEVOLVIDO NO ESTADO,WILLIAM,316.0
2026-07-30,3040257451,3244809-7,"FUEL CONTROL,MAIN,TURBINE ENGINE",PAMASP,REC,,BANT,316.0
2026-07-30,3040257450,3244809-4,"FUEL CONTROL,MAIN,TURBINE ENGINE",PAMASP,OS concluída,EM REPARO,LEAP,
2026-07-30,3040257438,030-18200,MAIN WHEEL BRAKE,BAMN,REC,REPARADO,VEE ONE,316.0
2026-07-30,3040257444,162-10700,OUTER WHEEL HALF ASSY,PAMALS,OS concluída,CONDENADO,,
2026-07-30,3040257447,162-10700,OUTER WHEEL HALF ASSY,PAMALS,OS concluída,CONDENADO,,
2026-07-30,3040257436,30994-001,BATTERY-MARATHON TSP410 NICAD,PAMALS,OS concluída,CONDENADO,AMA - VEE ONE,
2026-07-30,3040257441,030-18200,MAIN WHEEL BRAKE,BAPV,REC,,BAMN,316.0
2026-07-30,3040257440,030-18200,MAIN WHEEL BRAKE,BANT,REC,CONDENADO,VEE ONE,316.0
2026-07-30,3040257439,030-18200,MAIN WHEEL BRAKE,BAMN,REC,,BAMN,316.0
2026-07-30,3040258306,D210507,"GOVERNOR,OVERSPEED",PAMALS,REC,EM REPARO,LEAP,296.0
2026-07-30,3040258310,D210507,"GOVERNOR,OVERSPEED",BACO,OS concluída,,,
2026-07-30,3040258309,D210507,"GOVERNOR,OVERSPEED",BAMN,REC,EM REPARO,LEAP,296.0
2026-07-30,3040258308,D210507,"GOVERNOR,OVERSPEED",BAMN,OS concluída,REPARADO,,
2026-07-30,3040258307,D210507,"GOVERNOR,OVERSPEED",ALA 5,OS concluída,,,
2026-07-30,3040258303,011-00877-00,"GSA-80 SERVO ROL,YAW,SPEC",DACTA II,REC,EM REPARO,VEE ONE,296.0
2026-07-30,3040258422,2601188-8,COMPRESSOR DRIVE ASSY R134A,PAMASP,REC,,PROCURANDO,294.0
2026-07-30,3040258419,011-00877-00,"GSA-80 SERVO ROL,YAW,SPEC",DACTA II,REC,EM REPARO,VEE ONE,294.0
2026-07-30,3040258420,011-00877-00,"GSA-80 SERVO ROL,YAW,SPEC",BACO,REC,EM REPARO,VEE ONE,294.0
2026-07-30,3040258421,011-00877-00,"GSA-80 SERVO ROL,YAW,SPEC",BABE,REC,,BACO,294.0
2026-07-30,3040258764,069-01034-0102,"NAVIGATION SET,SATELLITE SIGNALS KLN-94",PAMALS,REC,,BANT,287.0
2026-07-30,3040259152,066-01141-5101,"TRANSPONDER,RADAR",BABE,REC,,BANT,268.0
2026-07-30,3040259151,066-01141-5101,"TRANSPONDER,RADAR",BANT,REC,REPARADO,V1 PAMA-LS,268.0
2026-07-30,3040259251,064-1019-05,VHF TRANSCEIVE KY196,EEAR,REC,,EEAR,266.0
2026-07-30,3040259146,1U149-015-15,HORIZ. GYRO-STADBY,PAMALS,REC,EM REPARO,VEE ONE,265.0
2026-07-30,3040259147,162-10700,OUTER WHEEL HALF ASSY,BANT,REC,EM REPARO,AMA - VEE ONE,265.0
2026-07-30,3040259148,3049038-03,"VALVE,COMPRESSOR BLEED",BANT,OS concluída,,,
2026-07-30,3040259316,2606015-4,INDICATOR-OIL TEMP/OIL PRESS,BACG,REC,REPARADO,V1 PAMA-LS,262.0
2026-07-30,3040259564,C414007-0102,BLOWER ASSY,PAMALS,OS concluída,,,
2026-07-30,3040259568,C414007-0102,BLOWER ASSY,ALA 10,OS concluída,,,
2026-07-30,3040259570,C414007-0102,BLOWER ASSY,ALA 10,OS concluída,,,
2026-07-30,3040259694,025323-150,FUEL PUMP,PAMASP,REC,,BACO,254.0
2026-07-30,3040259922,C414007-0102,BLOWER ASSY,BANT,REC,REPARADO,V1 PAMA-LS,247.0
2026-07-30,3040259928,C414007-0102,BLOWER ASSY,PAMALS,REC,EM REPARO,VEE ONE,247.0
2026-07-30,3040259924,C414007-0102,BLOWER ASSY,BACG,REC,EM REPARO,VEE ONE,247.0
2026-07-30,3040259918,C414007-0102,BLOWER ASSY,ALA 10,REC,EM REPARO,VEE ONE,247.0
2026-07-30,3040259950,065-0060-01,"CONTROL,SERVO,AUTOMATIC PILOT",PAMALS,REC,EM REPARO,LEAP,247.0
2026-07-30,3040259949,065-0060-01,"CONTROL,SERVO,AUTOMATIC PILOT",PAMALS,REC,EM REPARO,LEAP,247.0
2026-07-30,3040259947,066-3046-07,"CONTROL,INDICATOR",EEAR,OS concluída,REPARADO,,
2026-07-30,3040259946,066-3046-07,"CONTROL,INDICATOR",BANT,REC,,BANT,247.0
2026-07-30,3040259944,066-3046-07,"CONTROL,INDICATOR",EEAR,REC,,PAMA-LS,247.0
2026-07-30,3040260209,011-00916-00,DISPLAY UNIT GDU 1040A,PAMALS,REC,,BAMN,233.0
2026-07-30,3040260208,324843-W020,HEADSET-MICROPHONE,PAMALS,REC,VAI SER DEVOLVIDO SEM REPARO,WILLIAM,233.0
2026-07-30,3040260204,324843-W020,HEADSET-MICROPHONE,PAMALS,OS concluída,REPARADO,,
2026-07-30,3040260205,324843-W020,HEADSET-MICROPHONE,PAMALS,OS concluída,REPARADO,,
2026-07-30,3040260388,SD5H14C4527,AIR COMPRESSOR,PAMALS,REC,EM REPARO,VEE ONE,226.0
2026-07-30,3040260382,065-00183-0501,AUTOPILOT COMPUTER KFC225,BANT,REC,,BANT,226.0
2026-07-30,3040260389,SD5H14C4527,AIR COMPRESSOR,PAMALS,REC,EM REPARO,VEE ONE,226.0
2026-07-30,3040260517,ASG12000-2,ALTERNATOR,PAMALS,OS concluída,,,
2026-07-30,3040260524,51539-012M,CONTROL UNIT ASSY-GENERATOR,BANT,REC,,BACG,223.0
2026-07-30,3040260516,ASG12000-2,ALTERNATOR,PAMALS,REC,REPARADO,V1 PAMA-LS,223.0
2026-07-30,3040260523,9910592-2,ALTERNADOR,BAMN,REC,REPARADO,V1 PAMA-LS,223.0
2026-07-30,3040260522,9910592-2,ALTERNADOR,BAMN,REC,REPARADO,V1 PAMA-LS,223.0
2026-07-30,3040260547,161-12800,WHEEL HALF ASSY-INNER,EPCAR,OS concluída,REPARADO,VEE ONE,
2026-07-30,3040260545,161-11700,INNER WHEEL HALF ASSY,BACG,REC,REPARADO,VEE ONE,205.0
2026-07-30,3040260544,161-11700,INNER WHEEL HALF ASSY,BANT,REC,REPARADO,VEE ONE,205.0
2026-07-30,3040260546,161-12800,WHEEL HALF ASSY-INNER,PAMALS,REC,REPARADO,VEE ONE,205.0
2026-07-30,3040260548,161-11700,INNER WHEEL HALF ASSY,CLA,REC,REPARADO,VEE ONE,205.0
2026-07-30,3040260549,162-10700,OUTER WHEEL HALF ASSY,BACG,REC,REPARADO,VEE ONE,205.0
2026-07-30,3040260550,162-10700,OUTER WHEEL HALF ASSY,CLA,REC,REPARADO,VEE ONE,205.0
2026-07-30,3040260551,162-11800,WHEEL HALF ASSY-OUTER,BANT,REC,REPARADO,VEE ONE,205.0
2026-07-30,3040260552,30994-001,BATTERY-MARATHON TSP410 NICAD,BABE,OS concluída,CONDENADO,AMA - VEE ONE,
2026-07-30,3040260543,324843-W020,HEADSET-MICROPHONE,PAMALS,REC,VAI SER DEVOLVIDO SEM REPARO,WILLIAM,205.0
2026-07-30,3040260542,324843-W020,HEADSET-MICROPHONE,PAMALS,REC,,BABE,205.0
2026-07-30,3040260541,324843-W020,HEADSET-MICROPHONE,PAMALS,OS concluída,REPARADO,,
2026-07-30,3040260540,324843-W020,HEADSET-MICROPHONE,PAMALS,OS concluída,REPARADO,,
2026-07-30,3040260538,324843-W020,HEADSET-MICROPHONE,PAMALS,REC,,BABE,205.0
2026-07-30,3040260539,324843-W020,HEADSET-MICROPHONE,PAMALS,REC,,BABE,205.0
2026-07-30,3040260595,9910586-4,FLAP ACTUATOR AND MOTOR ASSEMBLY,7 ETA,REC,,BAMN,205.0
2026-07-30,3040260597,9910586-4,FLAP ACTUATOR AND MOTOR ASSEMBLY,BAPV,REC,REPARADO,VEE ONE,205.0
2026-07-30,3040260583,3244897-4,FUEL CONTROL UNIT,PAMALS,OS concluída,,,
2026-07-30,3040260750,3122678-04,FUEL CONTROL UNIT,PAMASP,REC,,BANT,197.0
2026-07-30,3040260752,3244897-4,FUEL CONTROL UNIT,PAMASP,OS concluída,REPARADO,,
2026-07-30,3040260753,3244809-7,"FUEL CONTROL,MAIN,TURBINE ENGINE",PAMASP,OS concluída,REPARADO,,
2026-07-30,3040260754,3244809-1,"FUEL CONTROL,MAIN,TURBINE ENGINE",PAMASP,REC,EM QUARENTENA,LEAP,197.0
2026-07-30,3040254794,C145-350,"MOTOR,DIRECT CURRENT",PAMALS,OS concluída,,,
2026-07-30,3040260913,064-1054-30,RECEIVER-TRANSMITTER SUBASSEMBLY,EPCAR,REC,REPARADO,V1 PAMA-LS,185.0
2026-07-30,3040260915,064-1054-30,RECEIVER-TRANSMITTER SUBASSEMBLY,PAMALS,REC,REPARADO,V1 PAMA-LS,185.0
2026-07-30,3040260811,3034792,BOMBA DE COMBUSTÍVEL,BAPV,REC,,BABR,183.0
2026-07-30,3040260812,3034792,BOMBA DE COMBUSTÍVEL,BACG,OS concluída,,,
2026-07-30,3040260922,162-11800,WHEEL HALF ASSY-OUTER,PAMALS,OS concluída,,,
2026-07-30,3040260923,030-18200,MAIN WHEEL BRAKE,BACO,REC,REPARADO,VEE ONE,183.0
2026-07-30,3040261389,3034792,BOMBA DE COMBUSTÍVEL,PAMASP,REC,REPARADO,V1 PAMA-LS,170.0
2026-07-30,3040261388,3034792,BOMBA DE COMBUSTÍVEL,BABR,OS concluída,REPARADO,,
2026-07-30,3040261387,3034792,BOMBA DE COMBUSTÍVEL,BABR,OS concluída,REPARADO,,
2026-07-30,3040261371,TFF2905-13,FUEL FLOW TRANSDUCER,ALA 8,REC,EM REPARO,WILLIAM,170.0
2026-07-30,3040261375,C661065-0240RX,"INDICATOR, AIRSPEED",BACG,REC,EM REPARO,WILLIAM,170.0
2026-07-30,3040261373,C661065-0240,AIRSPEED INDICATOR,BABE,REC,REPARADO,V1 PAMA-LS,170.0
2026-07-30,3040261322,011-00831-00,"ENGINE INTERFA,SPEC",BAPV,REC,REPARADO,VEE ONE,170.0
2026-07-30,3040261326,011-00882-10,"COMPUTER,AIR DATA",BAMN,OS concluída,,,
2026-07-30,3040261324,011-00882-10,"COMPUTER,AIR DATA",BAMN,OS concluída,,,
2026-07-30,3040261327,064-1054-30,RECEIVER-TRANSMITTER SUBASSEMBLY,PAMASP,REC,REPARADO,V1 PAMA-LS,170.0
2026-07-30,3040261336,066-01141-0101,"RECEIVER,RADIO",BANT,REC,REPARADO,V1 PAMA-LS,170.0
2026-07-30,3040261334,065-0065-01,SELECTOR ALT,BANT,REC,EM REPARO,WILLIAM,170.0
2026-07-30,3040261331,065-0061-36,ACTUATOR TRIM (KS272A),PAMASP,REC,,BABR,170.0
2026-07-30,3040261329,065-0061-36,ACTUATOR TRIM (KS272A),ALA 10,OS concluída,REPARADO,,
2026-07-30,3040261335,065-0065-01,SELECTOR ALT,BANT,REC,EM REPARO,WILLIAM,170.0
2026-07-30,3040261342,066-3084-02,COLOR RADAR INDICATOR,BABV,REC,EM REPARO,WILLIAM,170.0
2026-07-30,3040261340,066-1053-00,"RECEIVER,RADIO",BASM,REC,REPARADO,V1 PAMA-LS,170.0
2026-07-30,3040261377,066-3054-01,INDICATOR RADAR ALTIMETER - TYPE KI250,PAMALS,REC,EM REPARO,WILLIAM,170.0
2026-07-30,3040261376,066-1061-03,RT RADAR ALTIM (KRA10A),PAMALS,REC,PARA REPARO,VEE ONE,170.0
2026-07-30,3040261352,1134380-4,EVAPORATOR MODULE ASSY-RH,BAMN,REC,CONDENADO,VEE ONE,170.0
2026-07-30,3040261347,071-1234-00,ANTENNA ACCESSORY,ALA 1,REC,EM REPARO,WILLIAM,170.0
2026-07-30,3040261344,066-4010-12,RECEIVER VOR/LOC (KNS81),ALA 10,REC,EM REPARO,WILLIAM,170.0
2026-07-30,3040261353,1H75-21,PRESSURE REGULATOR,BAMN,REC,,BAMN,170.0
2026-07-30,3040261357,2682001-1,BRAKE CYL MAST,BABE,OS concluída,REPARADO,,
2026-07-30,3040261356,2670104-2,ANNUNCIATOR PANEL,PAMALS,REC,REPARADO,VEE ONE,170.0
2026-07-30,3040261355,2643100-201,NOSE GEAR STRUT ASSY - TALL FORK,BABR,OS concluída,REPARADO,,
2026-07-30,3040261354,2643100-201,NOSE GEAR STRUT ASSY - TALL FORK,BANT,REC,EM REPARO,AV AERONAUTICA,170.0
2026-07-30,3040261364,8210-002-01,GOVERNOR PROPELLER,PAMASP,REC,REPARADO,VEE ONE,170.0
2026-07-30,3040261627,S3828-1,ALTIMETER,BAMN,REC,EM REPARO,WILLIAM,156.0
2026-07-30,3040261628,S3828-1,ALTIMETER,BABE,REC,REPARADO,V1 PAMA-LS,156.0
2026-07-30,3040261851,51539-012MRX,CONTROL UNIT ASSY-GENERATOR,BABE,REC,EM REPARO,VEE ONE,148.0
2026-07-30,3040261852,51539-012MRX,CONTROL UNIT ASSY-GENERATOR,BABE,REC,EM REPARO,VEE ONE,148.0
2026-07-30,3040261843,3034792,BOMBA DE COMBUSTÍVEL,PAMALS,REC,EM REPARO,VEE ONE,143.0
2026-07-30,3040262245,200SGL119Q-2,STARTER GENERATOR,BAMN,OS concluída,REPARADO,,
2026-07-30,3040262246,200SGL119Q-2,STARTER GENERATOR,BAMN,OS concluída,REPARADO,,
2026-07-30,3040262273,324843-W020,HEADSET-MICROPHONE,BABE,OS concluída,REPARADO,,
2026-07-30,3040262275,324843-W020,HEADSET-MICROPHONE,BANT,OS concluída,REPARADO,,
2026-07-30,3040262363,066-1055-00,AUDIO CONTROL PANEL,ALA 5,OS concluída,,,
2026-07-30,3040262367,066-1055-00,AUDIO CONTROL PANEL,ALA 9,REC,EM REPARO,WILLIAM,126.0
2026-07-30,3040262368,066-1055-00,AUDIO CONTROL PANEL,CLA,OS concluída,,,
2026-07-30,3040262372,51539-012M,CONTROL UNIT ASSY-GENERATOR,BANT,REC,,V1 PAMA-LS,126.0
2026-07-30,3040262371,51539-012N,CONTROL UNIT ASSY-GENERATOR,BANT,REC,REPARADO,V1 PAMA-LS,126.0
2026-07-30,3040262419,065-0061-36,ACTUATOR TRIM (KS272A),ALA 9,REC,EM REPARO,WILLIAM,121.0
2026-07-30,3040262734,C352,PORTABLE HALON FIRE EXTINGUISHERS,ALA 5,REC,EM REPARO,AV AERONAUTICA,108.0
2026-07-30,3040262738,C352TS,"EXTINGUISHER,FIRE",BANT,REC,,PROCURANDO,108.0
2026-07-30,3040262739,C352TS,"EXTINGUISHER,FIRE",BANT,REC,,PROCURANDO,108.0
2026-07-30,3040262740,C352TS,"EXTINGUISHER,FIRE",PAMALS,REC,,PROCURANDO,108.0
2026-07-30,3040262766,011-00883-20,RADAR GWX 68 WEATHER,BAMN,OS concluída,EM REPARO,VEE ONE,
2026-07-30,3040262765,011-00883-20,RADAR GWX 68 WEATHER,BAMN,REC,EM REPARO,VEE ONE,108.0
2026-07-30,3040262772,011-01020-10,AFCS MODE CONTROLLER GMC 710,BAMN,REC,EM REPARO,WILLIAM,108.0
2026-07-30,3040262770,011-01020-10,AFCS MODE CONTROLLER GMC 710,BAMN,REC,EM REPARO,WILLIAM,108.0
2026-07-30,3040262773,011-01020-10,AFCS MODE CONTROLLER GMC 710,BAMN,REC,EM REPARO,WILLIAM,108.0
2026-07-30,3040262746,066-1070-01,TRANSCEIVER DME (KN63),BABE,REC,EM REPARO,WILLIAM,108.0
2026-07-30,3040262745,064-1019-05,VHF TRANSCEIVE KY196,EEAR,REC,EM REPARO,VEE ONE,108.0
2026-07-30,3040262747,066-1072-00,RECEIVER ADF (KING KR87),ALA 7,REC,EM REPARO,WILLIAM,108.0
2026-07-30,3040262748,066-3046-07,"CONTROL,INDICATOR",BABR,REC,,BANT,108.0
2026-07-30,3040262769,066-3046-07,"CONTROL,INDICATOR",BABR,REC,,BANT,108.0
2026-07-30,3040262768,066-3046-07,"CONTROL,INDICATOR",EEAR,REC,EM REPARO,LEAP,108.0
2026-07-30,3040262767,066-3046-07,"CONTROL,INDICATOR",EEAR,REC,EM REPARO,LEAP,108.0
2026-07-30,3040262791,066-3060-00,IND RMI KNI582,BANT,REC,EM REPARO,LEAP,108.0
2026-07-30,3040262630,161-11700,INNER WHEEL HALF ASSY,BANT,REC,REPARADO,VEE ONE,108.0
2026-07-30,3040262792,066-3060-00,IND RMI KNI582,BANT,REC,EM REPARO,LEAP,108.0
2026-07-30,3040262634,162-10700,OUTER WHEEL HALF ASSY,BANT,REC,REPARADO,VEE ONE,108.0
2026-07-30,3040262632,161-12800,WHEEL HALF ASSY-INNER,BANT,OS concluída,REPARADO,VEE ONE,
2026-07-30,3040262633,161-12800,WHEEL HALF ASSY-INNER,BANT,REC,REPARADO,VEE ONE,108.0
2026-07-30,3040262635,162-11800,WHEEL HALF ASSY-OUTER,EPCAR,REC,REPARADO,VEE ONE,108.0
2026-07-30,3040262637,162-11800,WHEEL HALF ASSY-OUTER,BANT,REC,REPARADO,VEE ONE,108.0
2026-07-30,3040262636,162-11800,WHEEL HALF ASSY-OUTER,BANT,REC,REPARADO,VEE ONE,108.0
2026-07-30,3040262646,200SGL119Q,STARTER GENERATOR,PAMASP,OS concluída,,,
2026-07-30,3040262639,200SGL119Q,STARTER GENERATOR,PAMASP,OS concluída,,PAMA-LS,
2026-07-30,3040262638,200SGL119Q,STARTER GENERATOR,PAMALS,REC,EM REPARO,AV AERONAUTICA,108.0
2026-07-30,3040262757,2606015-2,IND OIL TEMP/P,PAMALS,REC,EM REPARO,VEE ONE,108.0
2026-07-30,3040262706,2641011-5,AXLE-MAIN GEAR,BAMN,REC,,BANT,108.0
2026-07-30,3040262707,2641011-5,AXLE-MAIN GEAR,BABV,REC,REPARADO,VEE ONE,108.0
2026-07-30,3040262717,2641011-5,AXLE-MAIN GEAR,BANT,REC,REPARADO,VEE ONE,108.0
2026-07-30,3040262714,2641011-5,AXLE-MAIN GEAR,BAPV,REC,,BANT,108.0
2026-07-30,3040262713,2641011-5,AXLE-MAIN GEAR,BAPV,REC,REPARADO,VEE ONE,108.0
2026-07-30,3040262712,2641011-5,AXLE-MAIN GEAR,BABR,REC,,BANT,108.0
2026-07-30,3040262711,2641011-5,AXLE-MAIN GEAR,BABR,REC,,BANT,108.0
2026-07-30,3040262709,2641011-5,AXLE-MAIN GEAR,PAMALS,REC,,BANT,108.0
2026-07-30,3040262708,2641011-5,AXLE-MAIN GEAR,PAMALS,REC,,BANT,108.0
2026-07-30,3040262744,3244809-1A,F.C.U,PAMALS,REC,EM REPARO,LEAP,108.0
2026-07-30,3040262758,9910338-4,FUEL TOTALIZER INDICATOR,PAMALS,REC,EM REPARO,VEE ONE,108.0
2026-07-30,3040262759,9910338-6,"TRANSMITTER,RATE OF FLOW",BAMN,REC,EM REPARO,WILLIAM,108.0
2026-07-30,3040262760,9910338-6,"TRANSMITTER,RATE OF FLOW",BANT,REC,EM REPARO,VEE ONE,108.0
2026-07-30,3040262966,2682001-1,BRAKE CYL MAST,BACO,OS concluída,,PAMA-LS,
2026-07-30,3040262967,2682001-1,BRAKE CYL MAST,PAMALS,REC,REPARADO,V1 PAMA-LS,106.0
2026-07-30,3040262968,2682001-1,BRAKE CYL MAST,BANT,OS concluída,,PAMA-LS,
2026-07-30,3040262969,2682001-1,BRAKE CYL MAST,BABE,REC,REPARADO,V1 PAMA-LS,106.0
2026-07-30,3040263069,453-5060,ELT C406-N,BABE,OS concluída,,,
2026-07-30,3040263283,D145-00-46-2,FLAP ACTUATOR ASSY,PAMALS,REC,EM REPARO,LEAP,91.0
2026-07-30,3040263284,D145-00-46-2,FLAP ACTUATOR ASSY,BAFL,REC,EM REPARO,LEAP,91.0
2026-07-30,3040263324,069-01033-0101,"RECEIVER-TRANSMITTER,RADIO",PAMALS,REC,EM REPARO,LEAP,91.0
2026-07-30,3040263287,C661065-0237,AIRSPEED INDICATOR,BABR,REC,REPARADO,VEE ONE,91.0
2026-07-30,3040263288,C661065-0237,AIRSPEED INDICATOR,PAMASP,REC,REPARADO,VEE ONE,91.0
2026-07-30,3040263314,060-0017-00,FLIGHT DIR HOR,EEAR,REC,EM REPARO,LEAP,91.0
2026-07-30,3040263319,066-1055-00,AUDIO CONTROL PANEL,BABE,REC,REPARADO,VEE ONE,91.0
2026-07-30,3040263317,060-0017-00,FLIGHT DIR HOR,PAMASP,REC,,BANT,91.0
2026-07-30,3040263316,060-0017-00,FLIGHT DIR HOR,BANT,REC,,BANT,91.0
2026-07-30,3040263320,066-1055-00,AUDIO CONTROL PANEL,PAMALS,REC,EM REPARO,AV AERONAUTICA,91.0
2026-07-30,3040263325,069-01033-0101,"RECEIVER-TRANSMITTER,RADIO",PAMALS,REC,,PROCURANDO,91.0
2026-07-30,3040263335,C611008-0101,ALTERNATOR CONTROL UNIT,PAMALS,REC,EM REPARO,AV AERONAUTICA,91.0
2026-07-30,3040263336,C611008-0101,ALTERNATOR CONTROL UNIT,PAMALS,REC,EM REPARO,AV AERONAUTICA,91.0
2026-07-30,3040263286,C661065-0237,AIRSPEED INDICATOR,BANT,REC,DEVOLVIDO NO ESTADO,WILLIAM,91.0
2026-07-30,3040263322,066-1055-00,AUDIO CONTROL PANEL,ALA 9,REC,EM REPARO,WILLIAM,91.0
2026-07-30,3040263326,069-01033-0101,"RECEIVER-TRANSMITTER,RADIO",PAMALS,REC,,BANT,91.0
2026-07-30,3040263315,060-0017-00,FLIGHT DIR HOR,BACG,OS concluída,,BABR,
2026-07-30,3040263334,011-00916-10,"DISPLAY UNIT,FLIGHT INFORMATION",BACO,REC,VAI SER DEVOLVIDO SEM REPARO,WILLIAM,91.0
2026-07-30,3040263333,011-00916-10,"DISPLAY UNIT,FLIGHT INFORMATION",BACO,REC,EM REPARO,WILLIAM,91.0
2026-07-30,3040263332,011-00916-10,"DISPLAY UNIT,FLIGHT INFORMATION",BAMN,REC,EM REPARO,WILLIAM,91.0
2026-07-30,3040263331,C661064-0237,AIRSPEED INDICATOR,PAMALS,REC,VAI SER DEVOLVIDO SEM REPARO,WILLIAM,91.0
2026-07-30,3040263329,C661064-0237,AIRSPEED INDICATOR,PAMALS,REC,EM REPARO,WILLIAM,91.0
2026-07-30,3040263328,C661064-0237,AIRSPEED INDICATOR,BABR,REC,EM REPARO,WILLIAM,91.0
2026-07-30,3040263327,C661064-0237,AIRSPEED INDICATOR,BABR,REC,EM REPARO,WILLIAM,91.0
2026-07-30,3040263330,C661064-0237,AIRSPEED INDICATOR,PAMALS,REC,EM REPARO,WILLIAM,91.0
2026-07-30,3040263338,C611008-0101,ALTERNATOR CONTROL UNIT,PAMALS,REC,REPARADO,V1 PAMA-LS,91.0
2026-07-30,3040263433,066-03064-0005,"ALTIMETER,SERVO CONTROLLED,AUTOMATIC PRESSURE",BACG,REC,EM REPARO,WILLIAM,85.0
2026-07-30,3040263435,066-03064-0005,"ALTIMETER,SERVO CONTROLLED,AUTOMATIC PRESSURE",BANT,REC,EM REPARO,WILLIAM,85.0
2026-07-30,3040263434,066-03064-0005,"ALTIMETER,SERVO CONTROLLED,AUTOMATIC PRESSURE",PAMASP,REC,VAI SER DEVOLVIDO SEM REPARO,WILLIAM,85.0
2026-07-30,3040263417,069-01033-0101,"RECEIVER-TRANSMITTER,RADIO",PAMALS,REC,EM REPARO,WILLIAM,85.0
2026-07-30,3040263416,069-01033-0101,"RECEIVER-TRANSMITTER,RADIO",BASM,REC,EM REPARO,WILLIAM,85.0
2026-07-30,3040263415,069-01033-0101,"RECEIVER-TRANSMITTER,RADIO",BABR,REC,,BANT,85.0
2026-07-30,3040263447,066-3046-07,"CONTROL,INDICATOR",CLA,REC,,BABR,85.0
2026-07-30,3040263443,3244897-4,FUEL CONTROL UNIT,PAMALS,REC,EM REPARO,LEAP,84.0
2026-07-30,3040263444,3244897-4,FUEL CONTROL UNIT,PAMALS,REC,EM REPARO,LEAP,84.0
2026-07-30,3040263577,060-0015-00,"CONTROL,DIRECTIONAL,AUTOMATIC PILOT",ALA 5,REC,EM REPARO,WILLIAM,79.0
2026-07-30,3040263574,066-1072-04,"RECEIVER,RADIO",BABE,REC,EM REPARO,WILLIAM,79.0
2026-07-30,3040263576,066-1072-04,"RECEIVER,RADIO",BAMN,OS concluída,DEVOLVIDO NO ESTADO,WILLIAM,
2026-07-30,3040263575,066-1072-04,"RECEIVER,RADIO",BABE,REC,EM REPARO,WILLIAM,79.0
2026-07-30,3040263573,066-3084-32,IND RDR 2000 IN-182A,PAMALS,REC,,BABR,79.0
2026-07-30,3040263571,066-3084-32,IND RDR 2000 IN-182A,PAMALS,REC,EM REPARO,WILLIAM,79.0
2026-07-30,3040263572,066-3084-32,IND RDR 2000 IN-182A,PAMALS,REC,EM REPARO,WILLIAM,79.0
2026-07-30,3040263448,2618510-10,ALTERNATOR CONTROL UNIT ASSY,BABE,REC,EM REPARO,WILLIAM,79.0
2026-07-30,3040263449,2618510-10,ALTERNATOR CONTROL UNIT ASSY,PAMALS,REC,EM REPARO,WILLIAM,79.0
2026-07-30,3040263877,2641011-5,AXLE-MAIN GEAR,CLA,REC,EM REPARO,LEAP,69.0
2026-07-30,3040263878,2641011-5,AXLE-MAIN GEAR,CLA,REC,EM REPARO,LEAP,69.0
2026-07-30,3040264243,069-01033-0101,"RECEIVER-TRANSMITTER,RADIO",PAMALS,REC,EM REPARO,WILLIAM,62.0
2026-07-30,3040264244,069-01033-0101,"RECEIVER-TRANSMITTER,RADIO",PAMASP,REC,EM REPARO,WILLIAM,62.0
2026-07-30,3040264246,060-0017-00,FLIGHT DIR HOR,PAMALS,REC,EM REPARO,WILLIAM,62.0
2026-07-30,3040264237,200SGL119Q-2,STARTER GENERATOR,BAMN,REC,EM REPARO,AV AERONAUTICA,62.0
2026-07-30,3040264236,200SGL119Q-2,STARTER GENERATOR,BABE,REC,,BABE,62.0
2026-07-30,3040264121,3244897-4,FUEL CONTROL UNIT,BABE,OS concluída,EM REPARO,LEAP,
2026-07-30,3040264263,9910338-8,"INDICATOR,FUEL FLOW",PAMALS,OS concluída,,BABR,
2026-07-30,3040264262,9910338-8,"INDICATOR,FUEL FLOW",BABV,REC,EM REPARO,WILLIAM,62.0
2026-07-30,3040264242,324843-2020,HEADSET-MICROPHONE,BABE,REC,EM REPARO,WILLIAM,62.0
2026-07-30,3040264264,324843-2020,HEADSET-MICROPHONE,DACTA II,REC,EM REPARO,WILLIAM,62.0
2026-07-30,3040264238,324843-2020,HEADSET-MICROPHONE,DACTA II,REC,EM REPARO,WILLIAM,62.0
2026-07-30,3040264241,324843-2020,HEADSET-MICROPHONE,DACTA II,REC,EM REPARO,WILLIAM,62.0
2026-07-30,3040264240,324843-2020,HEADSET-MICROPHONE,DACTA II,REC,EM REPARO,WILLIAM,62.0
2026-07-30,3040264122,3244809-8,"FUEL CONTROL,MAIN,TURBINE ENGINE",BABE,OS concluída,,BABR,
2026-07-30,3040263797,066-3046-07,"CONTROL,INDICATOR",BABE,REC,EM REPARO,WILLIAM,62.0
2026-07-30,3040263798,066-3046-07,"CONTROL,INDICATOR",PAMASP,REC,EM REPARO,WILLIAM,62.0
2026-07-30,3040263799,066-3046-07,"CONTROL,INDICATOR",PAMASP,REC,EM REPARO,WILLIAM,62.0
2026-07-30,3040263795,071-01519-0101,"RECEIVER-EXCITER,RADAR",PAMALS,REC,,PROCURANDO,62.0
2026-07-30,3040263796,071-01519-0101,"RECEIVER-EXCITER,RADAR",PAMALS,REC,,PROCURANDO,62.0
2026-07-30,3040264579,060-0017-00,FLIGHT DIR HOR,BABR,OS concluída,,,
2026-07-30,3040264577,060-0017-00,FLIGHT DIR HOR,PAMALS,REC,,,50.0
2026-07-30,3040264573,060-0017-00,FLIGHT DIR HOR,BANT,REC,,,50.0
2026-07-30,3040264574,060-0017-00,FLIGHT DIR HOR,BANT,REC,,,50.0
2026-07-30,3040264576,060-0017-00,FLIGHT DIR HOR,PAMALS,REC,,,50.0
2026-07-30,3040264572,060-0017-00,FLIGHT DIR HOR,PAMASP,REC,,,50.0
2026-07-30,3040264647,1H75-21,PRESSURE REGULATOR,BAMN,REC,,,45.0
2026-07-30,3040264646,1H75-21,PRESSURE REGULATOR,PAMASP,REC,,,45.0
2026-07-30,3040264645,1H75-21,PRESSURE REGULATOR,PAMASP,REC,,,45.0
2026-07-30,3040264643,1H75-21,PRESSURE REGULATOR,PAMASP,REC,,,45.0
2026-07-30,3040264707,3244809-7,"FUEL CONTROL,MAIN,TURBINE ENGINE",BABE,REC,,,45.0
2026-07-30,3040264709,540-1407-4,"VALVE,BLEED,TURBINEENGINE",PAMASP,REC,,,45.0
2026-07-30,3040264710,200SGL153Q,"STARTER-GENERATOR,ENGINE,AIRCRAFT",CLA,REC,,,45.0
2026-07-30,3040264711,200SGL153Q,"STARTER-GENERATOR,ENGINE,AIRCRAFT",PAMASP,REC,,,45.0
2026-07-30,3040264712,200SGL153Q,"STARTER-GENERATOR,ENGINE,AIRCRAFT",BACG,REC,,,45.0
2026-07-30,3040264718,9910338-8,"INDICATOR,FUEL FLOW",PAMALS,REC,,,45.0
2026-07-30,3040264719,S3326-2,"INDICATOR,HORIZONTAL SITUATION",ALA 8,REC,,,45.0
2026-07-30,3040264720,S3326-2,"INDICATOR,HORIZONTAL SITUATION",PAMALS,REC,,,45.0
2026-07-30,3040264721,S3326-2,"INDICATOR,HORIZONTAL SITUATION",PAMASP,REC,,,45.0
2026-07-30,3040264724,2606013-1AM,INDICADOR PERCENTUAL RPM,BABV,REC,,,45.0
2026-07-30,3040264725,2606013-1AM,INDICADOR PERCENTUAL RPM,BABR,REC,,,45.0
2026-07-30,3040264726,2606015-4,INDICATOR-OIL TEMP/OIL PRESS,BANT,REC,,,45.0
2026-07-30,3040264727,C661051-0201,GYRO HORIZON,ALA 10,REC,,,45.0
2026-07-30,3040264728,504-0111-906,GYRO HORIZON,PAMALS,REC,,,45.0
2026-07-30,3040264729,504-0111-906,GYRO HORIZON,BACG,REC,,,45.0
2026-07-30,3040264730,8210-003,"GOVERNOR,FUEL CONTROL",PAMASP,REC,,,45.0
2026-07-30,3040264731,8210-002,"GOVERNOR,CONSTANT SPEED DRIVE",PAMASP,REC,,,45.0
2026-07-30,3040264732,8210-002,"GOVERNOR,CONSTANT SPEED DRIVE",BAMN,REC,,,45.0
2026-07-30,3040264733,030-18200,MAIN WHEEL BRAKE,BAMN,REC,,,45.0
2026-07-30,3040264734,030-18200,MAIN WHEEL BRAKE,BAMN,REC,,,45.0
2026-07-30,3040264735,161-11700,INNER WHEEL HALF ASSY,PAMALS,REC,,,45.0
2026-07-30,3040264736,161-12800,WHEEL HALF ASSY-INNER,BABR,REC,,,45.0
2026-07-30,3040264737,161-12800,WHEEL HALF ASSY-INNER,PAMALS,AUT,,,45.0
2026-07-30,3040264738,162-10700,OUTER WHEEL HALF ASSY,BACO,AUT,,,45.0
2026-07-30,3040264807,011-01105-01,INTEGRATED AVIONICS UNIT GIA63W,ALA 8,REC,,,37.0
2026-07-30,3040264808,011-01105-01,INTEGRATED AVIONICS UNIT GIA63W,BAMN,REC,,,37.0
2026-07-30,3040264907,011-00916-10,"DISPLAY UNIT,FLIGHT INFORMATION",BAMN,REC,,,30.0
2026-07-30,3040264908,011-00916-10,"DISPLAY UNIT,FLIGHT INFORMATION",BABV,REC,,,30.0
2026-07-30,3040264974,3244809-8,"FUEL CONTROL,MAIN,TURBINE ENGINE",BAMN,REC,,,28.0
2026-07-30,3040264961,3244897-4,FUEL CONTROL UNIT,CLA,REC,,,28.0
2026-07-30,3040264960,3034792,BOMBA DE COMBUSTÍVEL,CLA,REC,,,28.0
2026-07-30,3040265144,011-01020-10,AFCS MODE CONTROLLER GMC 710,BABE,REC,,,22.0
2026-07-30,3040265140,011-01020-10,AFCS MODE CONTROLLER GMC 710,BABE,REC,,,22.0
2026-07-31,3040249831,066-01141-5101,"RECEIVER-TRANSMITTER,RADIO (KT71)",PAMALS,REC,EM REPARO,LEAP,536.0
2026-07-31,3040250248,452-0133,"BATTERY,NONRECHARGEABLE",BABR,REC,CONDENADO,VEE ONE,520.0
2026-07-31,3040250249,452-0133,"BATTERY,NONRECHARGEABLE",BAMN,REC,CONDENADO,VEE ONE,520.0
2026-07-31,3040250234,3034792,BOMBA DE COMBUSTÍVEL,PAMALS,REC,,BANT,520.0
2026-07-31,3040250816,453-5060,"BEACON,DISTRESS",BAMN,REC,,PAMA-LS,498.0
2026-07-31,3040250830,799-1,TRANSDUCER,BACO,REC,,BANT,498.0
2026-07-31,3040250829,51539-012N,CONTROL UNIT ASSY-GENERATOR,BAMN,OS concluída,,,
2026-07-31,3040250828,51539-012N,CONTROL UNIT ASSY-GENERATOR,BACG,REC,,BABR,498.0
2026-07-31,3040250827,51539-012N,CONTROL UNIT ASSY-GENERATOR,BANT,REC,,BABR,498.0
2026-07-31,3040250831,799-1,TRANSDUCER,BANT,REC,,BANT,498.0
2026-07-31,3040250833,9910586-4,FLAP ACTUATOR AND MOTOR ASSEMBLY,ALA 3,REC,,BAMN,498.0
2026-07-31,3040250834,9910586-4,FLAP ACTUATOR AND MOTOR ASSEMBLY,ALA 3,OS concluída,CONDENADO,,
2026-07-31,3040250832,9910338-4,FUEL TOTALIZER INDICATOR,EEAR,REC,,PAMA-LS,498.0
2026-07-31,3040250835,ASG12000-2,ALTERNATOR,ALA 5,REC,REPARADO,V1 PAMA-LS,498.0
2026-07-31,3040250841,C661030-0301,TURN BANK,PAMALS,REC,EM REPARO,LEAP,498.0
2026-07-31,3040250842,C662041-0102,INDICATOR FUEL,ALA 5,REC,,PAMA-LS,498.0
2026-07-31,3040250844,C662041-0102,INDICATOR FUEL,ALA 9,REC,,PAMA-LS,498.0
2026-07-31,3040250843,C662041-0102,INDICATOR FUEL,ALA 10,OS concluída,REPARADO,,
2026-07-31,3040250719,060-0017-00,FLIGHT DIR HOR,PAMALS,REC,,BANT,498.0
2026-07-31,3040250720,060-0017-00,FLIGHT DIR HOR,BABV,OS concluída,REPARADO,,
2026-07-31,3040250722,066-01141-5101,"RECEIVER-TRANSMITTER,RADIO (KT71)",ALA 9,REC,EM REPARO,WILLIAM,498.0
2026-07-31,3040250723,066-01141-5101,"RECEIVER-TRANSMITTER,RADIO (KT71)",CLA,REC,,BABR,498.0
2026-07-31,3040250721,060-0017-00,FLIGHT DIR HOR,BANT,OS concluída,REPARADO,,
2026-07-31,3040250725,066-3046-07,"CONTROL,INDICATOR",ALA 10,OS concluída,REPARADO,,
2026-07-31,3040250724,066-04035-1101,"DISPLAY UNIT,RADAR",PAMALS,REC,,BANT,498.0
2026-07-31,3040250732,069-1025-25,"RECEIVER-TRANSMITTER,RADIO - KX165",PAMALS,REC,EM REPARO,WILLIAM,498.0
2026-07-31,3040250782,2606012-1,INDICATOR-INTER-TURBINE TEMPERATURE,ALA 9,OS concluída,,,
2026-07-31,3040250775,161-11700,INNER WHEEL HALF ASSY,BABE,OS concluída,CONDENADO,,
2026-07-31,3040250773,161-11700,INNER WHEEL HALF ASSY,EEAR,REC,,BACG,498.0
2026-07-31,3040250718,030-18200,MAIN WHEEL BRAKE,BACO,OS concluída,REPARADO,,
2026-07-31,3040250716,030-18200,MAIN WHEEL BRAKE,BABV,REC,EM REPARO,LEAP,498.0
2026-07-31,3040250717,030-18200,MAIN WHEEL BRAKE,BACO,OS concluída,REPARADO,,
2026-07-31,3040250780,162-11800,WHEEL HALF ASSY-OUTER,PAMALS,OS concluída,,,
2026-07-31,3040250781,162-11800,WHEEL HALF ASSY-OUTER,BACG,OS concluída,,,
2026-07-31,3040250778,161-12800,WHEEL HALF ASSY-INNER,BACG,OS concluída,REPARADO,,
2026-07-31,3040250776,161-12800,WHEEL HALF ASSY-INNER,BABE,OS concluída,CONDENADO,,
2026-07-31,3040250790,2643031-7,"FORK ASSY,NOSE GEAR SPRING",BAMN,OS concluída,CONDENADO,,
2026-07-31,3040250791,2643090-1,SHIMMY DAMPENE,BANT,REC,EM REPARO,AV AERONAUTICA,498.0
2026-07-31,3040250792,2643090-1,SHIMMY DAMPENE,BAMN,REC,REPARADO,V1 PAMA-LS,498.0
2026-07-31,3040250789,2641012-14,TRUNNION ASSY-RH-MAIN GEAR,PAMASP,OS concluída,CONDENADO,,
2026-07-31,3040250793,2643099-4,"SUPPORT ASSY FOWARD, NLG SPRING",BAMN,OS concluída,CONDENADO,,
2026-07-31,3040250798,30994-001,BATTERY-MARATHON TSP410 NICAD,BANT,OS concluída,CONDENADO,AMA - VEE ONE,
2026-07-31,3040252191,C611008-0101,ALTERNATOR CONTROL UNIT,PAMALS,REC,,BABR,465.0
2026-07-31,3040252159,011-00916-00,DISPLAY UNIT GDU 1040A,BAMN,REC,,BAMN,465.0
2026-07-31,3040252161,065-0042-03,COMPUTER PA,ALA 10,REC,EM REPARO,WILLIAM,465.0
2026-07-31,3040252162,065-0042-03,COMPUTER PA,EEAR,REC,,BABE,465.0
2026-07-31,3040252164,065-0042-03,COMPUTER PA,EEAR,REC,EM REPARO,WILLIAM,465.0
2026-07-31,3040252165,065-0042-03,COMPUTER PA,PAMALS,OS concluída,,,
2026-07-31,3040252166,065-0059-01,SERVO PITCH,EEAR,REC,EM REPARO,WILLIAM,465.0
2026-07-31,3040252168,066-03064-0005,"ALTIMETER,SERVO CONTROLLED,AUTOMATIC PRESSURE",ALA 9,OS concluída,REPARADO,,
2026-07-31,3040252173,066-03064-0005,"ALTIMETER,SERVO CONTROLLED,AUTOMATIC PRESSURE",BANT,REC,EM REPARO,LEAP,465.0
2026-07-31,3040252172,066-03064-0005,"ALTIMETER,SERVO CONTROLLED,AUTOMATIC PRESSURE",PAMALS,REC,NO ESTADO,VEE ONE,465.0
2026-07-31,3040252170,066-03064-0005,"ALTIMETER,SERVO CONTROLLED,AUTOMATIC PRESSURE",ALA 7,REC,NO ESTADO,VEE ONE,465.0
2026-07-31,3040252178,066-1072-00,RECEIVER ADF (KING KR87),PAMALS,OS concluída,,,
2026-07-31,3040252182,066-1072-04,"RECEIVER,RADIO",ALA 9,OS concluída,REPARADO,,
2026-07-31,3040252181,066-1072-04,"RECEIVER,RADIO",PAMASP,REC,EM REPARO,WILLIAM,465.0
2026-07-31,3040252180,066-1072-04,"RECEIVER,RADIO",ALA 8,OS concluída,,,
2026-07-31,3040252185,066-1072-04,"RECEIVER,RADIO",BAMN,OS concluída,REPARADO,,
2026-07-31,3040252189,9910338-6,"TRANSMITTER,RATE OF FLOW",ALA 8,OS concluída,REPARADO,,
2026-07-31,3040252190,9910338-6,"TRANSMITTER,RATE OF FLOW",BABR,OS concluída,,,
2026-07-31,3040252160,011-01020-10,AFCS MODE CONTROLLER GMC 710,BAMN,OS concluída,,,
2026-07-31,3040252939,C163030-1001,MAIN W BRAKE A,BABV,REC,,BAMN,435.0
2026-07-31,3040252936,030-18200,MAIN WHEEL BRAKE,BACO,REC,,PAMA-LS,435.0
2026-07-31,3040252935,030-18200,MAIN WHEEL BRAKE,BAMN,OS concluída,CONDENADO,,
2026-07-31,3040252940,30-182,MAIN WHEEL BRAKE,BABV,OS concluída,CONDENADO,,
2026-07-31,3040252942,30-182,MAIN WHEEL BRAKE,BAMN,OS concluída,REPARADO,,
2026-07-31,3040252943,30-182,MAIN WHEEL BRAKE,BAMN,OS concluída,REPARADO,,
2026-07-31,3040253170,161-12800,WHEEL HALF ASSY-INNER,BASM,OS concluída,CONDENADO,,
2026-07-31,3040253168,161-12800,WHEEL HALF ASSY-INNER,BASM,REC,REPARADO,VEE ONE,431.0
2026-07-31,3040253172,161-12800,WHEEL HALF ASSY-INNER,PAMALS,REC,,PROCURANDO,431.0
2026-07-31,3040253174,161-12800,WHEEL HALF ASSY-INNER,PAMALS,OS concluída,CONDENADO,,
2026-07-31,3040253173,161-12800,WHEEL HALF ASSY-INNER,PAMALS,REC,EM REPARO,LEAP,431.0
2026-07-31,3040253176,162-10700,OUTER WHEEL HALF ASSY,BABE,OS concluída,CONDENADO,,
2026-07-31,3040253177,162-10700,OUTER WHEEL HALF ASSY,BABV,REC,REPARADO,VEE ONE,431.0
2026-07-31,3040253178,162-10700,OUTER WHEEL HALF ASSY,PAMALS,REC,,PROCURANDO,431.0
2026-07-31,3040253179,162-11800,WHEEL HALF ASSY-OUTER,CLA,OS concluída,CONDENADO,,
2026-07-31,3040253181,162-11800,WHEEL HALF ASSY-OUTER,PAMALS,OS concluída,REPARADO,,
2026-07-31,3040253180,162-11800,WHEEL HALF ASSY-OUTER,BASM,REC,,PROCURANDO,431.0
2026-07-31,3040253182,162-11800,WHEEL HALF ASSY-OUTER,PAMALS,REC,REPARADO,VEE ONE,431.0
2026-07-31,3040253536,2641012-14,TRUNNION ASSY-RH-MAIN GEAR,PAMALS,OS concluída,CONDENADO,,
2026-07-31,3040253529,066-03064-0005,"ALTIMETER,SERVO CONTROLLED,AUTOMATIC PRESSURE",DSM-MN,REC,DEVOLVIDO NO ESTADO,WILLIAM,421.0
2026-07-31,3040253528,066-03064-0005,"ALTIMETER,SERVO CONTROLLED,AUTOMATIC PRESSURE",BANT,OS concluída,REPARADO,,
2026-07-31,3040253532,799-1,TRANSDUCER,PAMALS,REC,,BANT,421.0
2026-07-31,3040253535,2643099-4,"SUPPORT ASSY FOWARD, NLG SPRING",BABE,REC,CONDENADO,VEE ONE,421.0
2026-07-31,3040253531,799-1,TRANSDUCER,BAMN,REC,,VEE ONE,421.0
2026-07-31,3040253530,799-1,TRANSDUCER,BAMN,REC,,BANT,421.0
2026-07-31,3040253526,30994-001,BATTERY-MARATHON TSP410 NICAD,PAMALS,OS concluída,CONDENADO,AMA - VEE ONE,
2026-07-31,3040253527,30994-001,BATTERY-MARATHON TSP410 NICAD,BAPV,OS concluída,CONDENADO,AMA - VEE ONE,
2026-07-31,3040254195,540-1407-4,"VALVE,BLEED,TURBINEENGINE",PAMALS,REC,,BANT,403.0
2026-07-31,3040254201,2643090-3,SHIMMY DAMPER-NOSE GEAR,PAMALS,REC,REPARADO,V1 PAMA-LS,403.0
2026-07-31,3040254203,SE1070-6,SHIMMY DAMPENER ASSY,BACGINAT,OS concluída,,,
2026-07-31,3040254205,C660501-0103,"COMPASS,SPEC",PAMALS,REC,REPARADO,V1 PAMA-LS,403.0
2026-07-31,3040254206,C660501-0103,"COMPASS,SPEC",ALA 8,REC,EM REPARO EM GARANTIA,WILLIAM,403.0
2026-07-31,3040254208,C660501-0103,"COMPASS,SPEC",BABV,REC,REPARADO,V1 PAMA-LS,403.0
2026-07-31,3040254210,799-1,TRANSDUCER,BANT,REC,,BANT,403.0
2026-07-31,3040254792,2606013-1RX,INDICATOR-PERCENT RPM,BABR,REC,,BANT,394.0
2026-07-31,3040254770,069-1025-25,"RECEIVER-TRANSMITTER,RADIO - KX165",ALA 9,REC,EM REPARO,WILLIAM,394.0
2026-07-31,3040254799,453-5000-710,EMERGENCY LOCATOR TRANSMITTER MODEL C406-2,PAMASP,OS concluída,,,
2026-07-31,3040254806,C352TS,"EXTINGUISHER,FIRE",PAMALS,REC,REPARADO,V1 PAMA-LS,394.0
2026-07-31,3040254805,C352TS,"EXTINGUISHER,FIRE",PAMALS,OS concluída,,,
2026-07-31,3040254810,C352TS,"EXTINGUISHER,FIRE",PAMALS,OS concluída,,,
2026-07-31,3040254809,C352TS,"EXTINGUISHER,FIRE",PAMAGL,OS concluída,,,
2026-07-31,3040254803,C352TS,"EXTINGUISHER,FIRE",2 ETA,REC,REPARADO,V1 PAMA-LS,394.0
2026-07-31,3040254808,C352TS,"EXTINGUISHER,FIRE",BABR,REC,REPARADO,V1 PAMA-LS,394.0
2026-07-31,3040254795,D145-00-46-2,FLAP ACTUATOR ASSY,BABE,REC,,PAMA-LS,394.0
2026-07-31,3040254793,D145-00-46-2,FLAP ACTUATOR ASSY,PAMALS,REC,,PAMA-LS,394.0
2026-07-31,3040254815,C482001-0402,VACUUM REGULAT,PAMALS,REC,CONDENADO,VEE ONE,394.0
2026-07-31,3040254816,C482001-0402,VACUUM REGULAT,PAMALS,REC,CONDENADO,VEE ONE,394.0
2026-07-31,3040254820,2641011-5,AXLE-MAIN GEAR,BAMN,OS concluída,REPARADO,,
2026-07-31,3040254817,2641011-5,AXLE-MAIN GEAR,BABE,OS concluída,NO ESTADO,,
2026-07-31,3040254818,2641011-5,AXLE-MAIN GEAR,BABE,OS concluída,,,
2026-07-31,3040254819,2641011-5,AXLE-MAIN GEAR,BANT,OS concluída,REPARADO,,
2026-07-31,3040254796,30994-001,BATTERY-MARATHON TSP410 NICAD,BAMN,OS concluída,REPARADO,,
2026-07-31,3040254789,452-0133,"BATTERY,NONRECHARGEABLE",BAMN,REC,CONDENADO,VEE ONE,394.0
2026-07-31,3040254788,452-0133,"BATTERY,NONRECHARGEABLE",BAMN,REC,CONDENADO,VEE ONE,394.0
2026-07-31,3040254787,452-0133,"BATTERY PACK,AIRCRAFT",DACTA II,REC,CONDENADO,VEE ONE,394.0
2026-07-31,3040254786,452-0133,"BATTERY PACK,AIRCRAFT",BAMN,REC,CONDENADO,VEE ONE,394.0
2026-07-31,3040254785,452-0133,"BATTERY,NONRECHARGEABLE",BAMN,REC,CONDENADO,VEE ONE,394.0
2026-07-31,3040254784,452-0133,"BATTERY,NONRECHARGEABLE",DACTA II,REC,CONDENADO,VEE ONE,394.0
2026-07-31,3040255326,011-00916-00,DISPLAY UNIT GDU 1040A,BAMN,REC,,BAMN,385.0
2026-07-31,3040255319,702801-5,FUEL PUMP,PAMASP,REC,EM REPARO,VEE ONE,385.0
2026-07-31,3040255321,8210-002,"GOVERNOR,CONSTANT SPEED DRIVE",PAMALS,OS concluída,,,
2026-07-31,3040255461,DAAS-A-010-1,ADAS-D PROCESSOR,PAMALS,REC,EM REPARO,VEE ONE,381.0
2026-07-31,3040255589,071-01519-0101,"RECEIVER-EXCITER,RADAR",BANT,REC,,PROCURANDO,379.0
2026-07-31,3040255590,071-01519-0101,"RECEIVER-EXCITER,RADAR",PAMALS,OS concluída,REPARADO,,
2026-07-31,3040255706,C661064-0237,AIRSPEED INDICATOR,BAMN,OS concluída,,,
2026-07-31,3040256114,5934PAD-3,"ALTIMETER,PRESSURE",PAMALS,REC,EM REPARO,VEE ONE,365.0
2026-07-31,3040256119,011-00878-10,GSA-81 TORQUE SERVO,BAPV,REC,EM REPARO,LEAP,365.0
2026-07-31,3040256112,011-00883-20,RADAR GWX 68 WEATHER,BABE,REC,,BAMN,365.0
2026-07-31,3040256115,5934PAD-3,"ALTIMETER,PRESSURE",PAMALS,OS concluída,REPARADO,,
2026-07-31,3040256118,011-00878-10,GSA-81 TORQUE SERVO,BAPV,REC,,BACO,365.0
2026-07-31,3040256120,011-00916-10,"DISPLAY UNIT,FLIGHT INFORMATION",BAMN,OS concluída,,,
2026-07-31,3040256314,066-4010-12,RECEIVER VOR/LOC (KNS81),EEAR,REC,EM REPARO,LEAP,352.0
2026-07-31,3040256311,3121248-03,"VALVE ASSEMBLY,COMPRESSOR BLEED",PAMALS,OS concluída,,,
2026-07-31,3040256704,C661064-0237,AIRSPEED INDICATOR,PAMALS,OS concluída,,,
2026-07-31,3040256707,D210507,"GOVERNOR,OVERSPEED",PAMALS,OS concluída,,,
2026-07-31,3040256708,D210507,"GOVERNOR,OVERSPEED",PAMALS,REC,REPARADO,VEE ONE,343.0
2026-07-31,3040256702,C661064-0237,AIRSPEED INDICATOR,BABR,OS concluída,,,
2026-07-31,3040256703,C661064-0237,AIRSPEED INDICATOR,PAMALS,OS concluída,REPARADO,,
2026-07-31,3040256662,030-18200,MAIN WHEEL BRAKE,BASM,OS concluída,,,
2026-07-31,3040256665,161-11700,INNER WHEEL HALF ASSY,BABV,OS concluída,,,
2026-07-31,3040256666,161-11700,INNER WHEEL HALF ASSY,PAMALS,OS concluída,,,
2026-07-31,3040256667,161-11700,INNER WHEEL HALF ASSY,PAMALS,OS concluída,,,
2026-07-31,3040256668,161-11700,INNER WHEEL HALF ASSY,PAMALS,OS concluída,CONDENADO,,
2026-07-31,3040256669,161-11700,INNER WHEEL HALF ASSY,PAMALS,OS concluída,,,
2026-07-31,3040256670,161-11700,INNER WHEEL HALF ASSY,PAMALS,OS concluída,CONDENADO,,
2026-07-31,3040256671,161-11700,INNER WHEEL HALF ASSY,PAMALS,REC,REPARADO,VEE ONE,343.0
2026-07-31,3040256698,030-18200,MAIN WHEEL BRAKE,PAMASP,REC,,PROCURANDO,343.0
2026-07-31,3040256713,030-18200,MAIN WHEEL BRAKE,ALA 3,REC,,BAMN,343.0
2026-07-31,3040256694,162-11800,WHEEL HALF ASSY-OUTER,BANT,OS concluída,REPARADO,,
2026-07-31,3040256696,162-11800,WHEEL HALF ASSY-OUTER,PAMALS,REC,,PAMA-LS,343.0
2026-07-31,3040256672,161-12800,WHEEL HALF ASSY-INNER,PAMALS,REC,REPARADO,VEE ONE,343.0
2026-07-31,3040256675,161-12800,WHEEL HALF ASSY-INNER,BANT,OS concluída,REPARADO,,
2026-07-31,3040256792,011-00877-00,"GSA-80 SERVO ROL,YAW,SPEC",BAMN,REC,,PROCURANDO,343.0
2026-07-31,3040256787,011-00877-00,"GSA-80 SERVO ROL,YAW,SPEC",PAMALS,REC,EM REPARO,VEE ONE,343.0
2026-07-31,3040256828,011-00883-20,RADAR GWX 68 WEATHER,PAMALS,REC,CONDENADO,V1 PAMA-LS,343.0
2026-07-31,3040256709,3121248-03,"VALVE ASSEMBLY,COMPRESSOR BLEED",PAMASP,REC,,BANT,340.0
2026-07-31,3040256673,161-12800,WHEEL HALF ASSY-INNER,PAMALS,REC,CONDENADO,VEE ONE,340.0
2026-07-31,3040257095,011-01105-01,INTEGRATED AVIONICS UNIT GIA63W,BABE,REC,EM REPARO,VEE ONE,336.0
2026-07-31,3040257096,011-01105-01,INTEGRATED AVIONICS UNIT GIA63W,BABE,REC,,BAMN,336.0
2026-07-31,3040257093,065-00183-0501,AUTOPILOT COMPUTER KFC225,BABE,REC,,BANT,336.0
2026-07-31,3040257094,065-00183-0501,AUTOPILOT COMPUTER KFC225,BABE,REC,,BANT,336.0
2026-07-31,3040257443,161-12800,WHEEL HALF ASSY-INNER,ALA 3,AUT,,NÃO TEVE MOVIMENTAÇÃO,324.0
2026-07-31,3040257442,C163030-1001,MAIN W BRAKE A,BAMN,REC,REPARADO,VEE ONE,317.0
2026-07-31,3040257452,3244809-8,"FUEL CONTROL,MAIN,TURBINE ENGINE",BAPV,OS concluída,REPARADO,,
2026-07-31,3040257454,EA-5172-45-CES,"INDICATOR,AIRSPEED",BACG,OS concluída,,,
2026-07-31,3040257453,EA-5172-45-CES,"INDICATOR,AIRSPEED",ALA 7,REC,DEVOLVIDO NO ESTADO,WILLIAM,317.0
2026-07-31,3040257451,3244809-7,"FUEL CONTROL,MAIN,TURBINE ENGINE",PAMASP,REC,,BANT,317.0
2026-07-31,3040257450,3244809-4,"FUEL CONTROL,MAIN,TURBINE ENGINE",PAMASP,OS concluída,EM REPARO,LEAP,
2026-07-31,3040257438,030-18200,MAIN WHEEL BRAKE,BAMN,REC,REPARADO,VEE ONE,317.0
2026-07-31,3040257444,162-10700,OUTER WHEEL HALF ASSY,PAMALS,OS concluída,CONDENADO,,
2026-07-31,3040257447,162-10700,OUTER WHEEL HALF ASSY,PAMALS,OS concluída,CONDENADO,,
2026-07-31,3040257436,30994-001,BATTERY-MARATHON TSP410 NICAD,PAMALS,OS concluída,CONDENADO,AMA - VEE ONE,
2026-07-31,3040257441,030-18200,MAIN WHEEL BRAKE,BAPV,REC,,BAMN,317.0
2026-07-31,3040257440,030-18200,MAIN WHEEL BRAKE,BANT,REC,CONDENADO,VEE ONE,317.0
2026-07-31,3040257439,030-18200,MAIN WHEEL BRAKE,BAMN,REC,,BAMN,317.0
2026-07-31,3040258306,D210507,"GOVERNOR,OVERSPEED",PAMALS,REC,EM REPARO,LEAP,297.0
2026-07-31,3040258310,D210507,"GOVERNOR,OVERSPEED",BACO,OS concluída,,,
2026-07-31,3040258309,D210507,"GOVERNOR,OVERSPEED",BAMN,REC,EM REPARO,LEAP,297.0
2026-07-31,3040258308,D210507,"GOVERNOR,OVERSPEED",BAMN,OS concluída,REPARADO,,
2026-07-31,3040258307,D210507,"GOVERNOR,OVERSPEED",ALA 5,OS concluída,,,
2026-07-31,3040258303,011-00877-00,"GSA-80 SERVO ROL,YAW,SPEC",DACTA II,REC,EM REPARO,VEE ONE,297.0
2026-07-31,3040258422,2601188-8,COMPRESSOR DRIVE ASSY R134A,PAMASP,REC,,PROCURANDO,295.0
2026-07-31,3040258419,011-00877-00,"GSA-80 SERVO ROL,YAW,SPEC",DACTA II,REC,EM REPARO,VEE ONE,295.0
2026-07-31,3040258420,011-00877-00,"GSA-80 SERVO ROL,YAW,SPEC",BACO,REC,EM REPARO,VEE ONE,295.0
2026-07-31,3040258421,011-00877-00,"GSA-80 SERVO ROL,YAW,SPEC",BABE,REC,,BACO,295.0
2026-07-31,3040258764,069-01034-0102,"NAVIGATION SET,SATELLITE SIGNALS KLN-94",PAMALS,REC,,BANT,288.0
2026-07-31,3040259152,066-01141-5101,"TRANSPONDER,RADAR",BABE,REC,,BANT,269.0
2026-07-31,3040259151,066-01141-5101,"TRANSPONDER,RADAR",BANT,REC,REPARADO,V1 PAMA-LS,269.0
2026-07-31,3040259251,064-1019-05,VHF TRANSCEIVE KY196,EEAR,REC,,EEAR,267.0
2026-07-31,3040259146,1U149-015-15,HORIZ. GYRO-STADBY,PAMALS,REC,EM REPARO,VEE ONE,266.0
2026-07-31,3040259147,162-10700,OUTER WHEEL HALF ASSY,BANT,REC,EM REPARO,AMA - VEE ONE,266.0
2026-07-31,3040259148,3049038-03,"VALVE,COMPRESSOR BLEED",BANT,OS concluída,,,
2026-07-31,3040259316,2606015-4,INDICATOR-OIL TEMP/OIL PRESS,BACG,REC,REPARADO,V1 PAMA-LS,263.0
2026-07-31,3040259564,C414007-0102,BLOWER ASSY,PAMALS,OS concluída,,,
2026-07-31,3040259568,C414007-0102,BLOWER ASSY,ALA 10,OS concluída,,,
2026-07-31,3040259570,C414007-0102,BLOWER ASSY,ALA 10,OS concluída,,,
2026-07-31,3040259694,025323-150,FUEL PUMP,PAMASP,REC,,BACO,255.0
2026-07-31,3040259922,C414007-0102,BLOWER ASSY,BANT,REC,REPARADO,V1 PAMA-LS,248.0
2026-07-31,3040259928,C414007-0102,BLOWER ASSY,PAMALS,REC,EM REPARO,VEE ONE,248.0
2026-07-31,3040259924,C414007-0102,BLOWER ASSY,BACG,REC,EM REPARO,VEE ONE,248.0
2026-07-31,3040259918,C414007-0102,BLOWER ASSY,ALA 10,REC,EM REPARO,VEE ONE,248.0
2026-07-31,3040259950,065-0060-01,"CONTROL,SERVO,AUTOMATIC PILOT",PAMALS,REC,EM REPARO,LEAP,248.0
2026-07-31,3040259949,065-0060-01,"CONTROL,SERVO,AUTOMATIC PILOT",PAMALS,REC,EM REPARO,LEAP,248.0
2026-07-31,3040259947,066-3046-07,"CONTROL,INDICATOR",EEAR,OS concluída,REPARADO,,
2026-07-31,3040259946,066-3046-07,"CONTROL,INDICATOR",BANT,REC,,BANT,248.0
2026-07-31,3040259944,066-3046-07,"CONTROL,INDICATOR",EEAR,REC,,PAMA-LS,248.0
2026-07-31,3040260209,011-00916-00,DISPLAY UNIT GDU 1040A,PAMALS,REC,,BAMN,234.0
2026-07-31,3040260208,324843-W020,HEADSET-MICROPHONE,PAMALS,REC,VAI SER DEVOLVIDO SEM REPARO,WILLIAM,234.0
2026-07-31,3040260204,324843-W020,HEADSET-MICROPHONE,PAMALS,OS concluída,REPARADO,,
2026-07-31,3040260205,324843-W020,HEADSET-MICROPHONE,PAMALS,OS concluída,REPARADO,,
2026-07-31,3040260388,SD5H14C4527,AIR COMPRESSOR,PAMALS,REC,EM REPARO,VEE ONE,227.0
2026-07-31,3040260382,065-00183-0501,AUTOPILOT COMPUTER KFC225,BANT,REC,,BANT,227.0
2026-07-31,3040260389,SD5H14C4527,AIR COMPRESSOR,PAMALS,REC,EM REPARO,VEE ONE,227.0
2026-07-31,3040260517,ASG12000-2,ALTERNATOR,PAMALS,OS concluída,,,
2026-07-31,3040260524,51539-012M,CONTROL UNIT ASSY-GENERATOR,BANT,REC,,BACG,224.0
2026-07-31,3040260516,ASG12000-2,ALTERNATOR,PAMALS,REC,REPARADO,V1 PAMA-LS,224.0
2026-07-31,3040260523,9910592-2,ALTERNADOR,BAMN,REC,REPARADO,V1 PAMA-LS,224.0
2026-07-31,3040260522,9910592-2,ALTERNADOR,BAMN,REC,REPARADO,V1 PAMA-LS,224.0
2026-07-31,3040260547,161-12800,WHEEL HALF ASSY-INNER,EPCAR,OS concluída,REPARADO,VEE ONE,
2026-07-31,3040260545,161-11700,INNER WHEEL HALF ASSY,BACG,REC,REPARADO,VEE ONE,206.0
2026-07-31,3040260544,161-11700,INNER WHEEL HALF ASSY,BANT,REC,REPARADO,VEE ONE,206.0
2026-07-31,3040260546,161-12800,WHEEL HALF ASSY-INNER,PAMALS,REC,REPARADO,VEE ONE,206.0
2026-07-31,3040260548,161-11700,INNER WHEEL HALF ASSY,CLA,REC,REPARADO,VEE ONE,206.0
2026-07-31,3040260549,162-10700,OUTER WHEEL HALF ASSY,BACG,REC,REPARADO,VEE ONE,206.0
2026-07-31,3040260550,162-10700,OUTER WHEEL HALF ASSY,CLA,REC,REPARADO,VEE ONE,206.0
2026-07-31,3040260551,162-11800,WHEEL HALF ASSY-OUTER,BANT,REC,REPARADO,VEE ONE,206.0
2026-07-31,3040260552,30994-001,BATTERY-MARATHON TSP410 NICAD,BABE,OS concluída,CONDENADO,AMA - VEE ONE,
2026-07-31,3040260543,324843-W020,HEADSET-MICROPHONE,PAMALS,REC,VAI SER DEVOLVIDO SEM REPARO,WILLIAM,206.0
2026-07-31,3040260542,324843-W020,HEADSET-MICROPHONE,PAMALS,REC,,BABE,206.0
2026-07-31,3040260541,324843-W020,HEADSET-MICROPHONE,PAMALS,OS concluída,REPARADO,,
2026-07-31,3040260540,324843-W020,HEADSET-MICROPHONE,PAMALS,OS concluída,REPARADO,,
2026-07-31,3040260538,324843-W020,HEADSET-MICROPHONE,PAMALS,REC,,BABE,206.0
2026-07-31,3040260539,324843-W020,HEADSET-MICROPHONE,PAMALS,REC,,BABE,206.0
2026-07-31,3040260595,9910586-4,FLAP ACTUATOR AND MOTOR ASSEMBLY,7 ETA,REC,,BAMN,206.0
2026-07-31,3040260597,9910586-4,FLAP ACTUATOR AND MOTOR ASSEMBLY,BAPV,REC,REPARADO,VEE ONE,206.0
2026-07-31,3040260583,3244897-4,FUEL CONTROL UNIT,PAMALS,OS concluída,,,
2026-07-31,3040260750,3122678-04,FUEL CONTROL UNIT,PAMASP,REC,,BANT,198.0
2026-07-31,3040260752,3244897-4,FUEL CONTROL UNIT,PAMASP,OS concluída,REPARADO,,
2026-07-31,3040260753,3244809-7,"FUEL CONTROL,MAIN,TURBINE ENGINE",PAMASP,OS concluída,REPARADO,,
2026-07-31,3040260754,3244809-1,"FUEL CONTROL,MAIN,TURBINE ENGINE",PAMASP,REC,EM QUARENTENA,LEAP,198.0
2026-07-31,3040254794,C145-350,"MOTOR,DIRECT CURRENT",PAMALS,OS concluída,,,
2026-07-31,3040260913,064-1054-30,RECEIVER-TRANSMITTER SUBASSEMBLY,EPCAR,REC,REPARADO,V1 PAMA-LS,186.0
2026-07-31,3040260915,064-1054-30,RECEIVER-TRANSMITTER SUBASSEMBLY,PAMALS,REC,REPARADO,V1 PAMA-LS,186.0
2026-07-31,3040260811,3034792,BOMBA DE COMBUSTÍVEL,BAPV,REC,,BABR,184.0
2026-07-31,3040260812,3034792,BOMBA DE COMBUSTÍVEL,BACG,OS concluída,,,
2026-07-31,3040260922,162-11800,WHEEL HALF ASSY-OUTER,PAMALS,OS concluída,,,
2026-07-31,3040260923,030-18200,MAIN WHEEL BRAKE,BACO,REC,REPARADO,VEE ONE,184.0
2026-07-31,3040261389,3034792,BOMBA DE COMBUSTÍVEL,PAMASP,REC,REPARADO,V1 PAMA-LS,171.0
2026-07-31,3040261388,3034792,BOMBA DE COMBUSTÍVEL,BABR,OS concluída,REPARADO,,
2026-07-31,3040261387,3034792,BOMBA DE COMBUSTÍVEL,BABR,OS concluída,REPARADO,,
2026-07-31,3040261371,TFF2905-13,FUEL FLOW TRANSDUCER,ALA 8,REC,EM REPARO,WILLIAM,171.0
2026-07-31,3040261375,C661065-0240RX,"INDICATOR, AIRSPEED",BACG,REC,EM REPARO,WILLIAM,171.0
2026-07-31,3040261373,C661065-0240,AIRSPEED INDICATOR,BABE,REC,REPARADO,V1 PAMA-LS,171.0
2026-07-31,3040261322,011-00831-00,"ENGINE INTERFA,SPEC",BAPV,REC,REPARADO,VEE ONE,171.0
2026-07-31,3040261326,011-00882-10,"COMPUTER,AIR DATA",BAMN,OS concluída,,,
2026-07-31,3040261324,011-00882-10,"COMPUTER,AIR DATA",BAMN,OS concluída,,,
2026-07-31,3040261327,064-1054-30,RECEIVER-TRANSMITTER SUBASSEMBLY,PAMASP,REC,REPARADO,V1 PAMA-LS,171.0
2026-07-31,3040261336,066-01141-0101,"RECEIVER,RADIO",BANT,REC,REPARADO,V1 PAMA-LS,171.0
2026-07-31,3040261334,065-0065-01,SELECTOR ALT,BANT,REC,EM REPARO,WILLIAM,171.0
2026-07-31,3040261331,065-0061-36,ACTUATOR TRIM (KS272A),PAMASP,REC,,BABR,171.0
2026-07-31,3040261329,065-0061-36,ACTUATOR TRIM (KS272A),ALA 10,OS concluída,REPARADO,,
2026-07-31,3040261335,065-0065-01,SELECTOR ALT,BANT,REC,EM REPARO,WILLIAM,171.0
2026-07-31,3040261342,066-3084-02,COLOR RADAR INDICATOR,BABV,REC,EM REPARO,WILLIAM,171.0
2026-07-31,3040261340,066-1053-00,"RECEIVER,RADIO",BASM,REC,REPARADO,V1 PAMA-LS,171.0
2026-07-31,3040261377,066-3054-01,INDICATOR RADAR ALTIMETER - TYPE KI250,PAMALS,REC,EM REPARO,WILLIAM,171.0
2026-07-31,3040261376,066-1061-03,RT RADAR ALTIM (KRA10A),PAMALS,REC,PARA REPARO,VEE ONE,171.0
2026-07-31,3040261352,1134380-4,EVAPORATOR MODULE ASSY-RH,BAMN,REC,CONDENADO,VEE ONE,171.0
2026-07-31,3040261347,071-1234-00,ANTENNA ACCESSORY,ALA 1,REC,EM REPARO,WILLIAM,171.0
2026-07-31,3040261344,066-4010-12,RECEIVER VOR/LOC (KNS81),ALA 10,REC,EM REPARO,WILLIAM,171.0
2026-07-31,3040261353,1H75-21,PRESSURE REGULATOR,BAMN,REC,,BAMN,171.0
2026-07-31,3040261357,2682001-1,BRAKE CYL MAST,BABE,OS concluída,REPARADO,,
2026-07-31,3040261356,2670104-2,ANNUNCIATOR PANEL,PAMALS,REC,REPARADO,VEE ONE,171.0
2026-07-31,3040261355,2643100-201,NOSE GEAR STRUT ASSY - TALL FORK,BABR,OS concluída,REPARADO,,
2026-07-31,3040261354,2643100-201,NOSE GEAR STRUT ASSY - TALL FORK,BANT,REC,EM REPARO,AV AERONAUTICA,171.0
2026-07-31,3040261364,8210-002-01,GOVERNOR PROPELLER,PAMASP,REC,REPARADO,VEE ONE,171.0
2026-07-31,3040261627,S3828-1,ALTIMETER,BAMN,REC,EM REPARO,WILLIAM,157.0
2026-07-31,3040261628,S3828-1,ALTIMETER,BABE,REC,REPARADO,V1 PAMA-LS,157.0
2026-07-31,3040261851,51539-012MRX,CONTROL UNIT ASSY-GENERATOR,BABE,REC,EM REPARO,VEE ONE,149.0
2026-07-31,3040261852,51539-012MRX,CONTROL UNIT ASSY-GENERATOR,BABE,REC,EM REPARO,VEE ONE,149.0
2026-07-31,3040261843,3034792,BOMBA DE COMBUSTÍVEL,PAMALS,REC,EM REPARO,VEE ONE,144.0
2026-07-31,3040262245,200SGL119Q-2,STARTER GENERATOR,BAMN,OS concluída,REPARADO,,
2026-07-31,3040262246,200SGL119Q-2,STARTER GENERATOR,BAMN,OS concluída,REPARADO,,
2026-07-31,3040262273,324843-W020,HEADSET-MICROPHONE,BABE,OS concluída,REPARADO,,
2026-07-31,3040262275,324843-W020,HEADSET-MICROPHONE,BANT,OS concluída,REPARADO,,
2026-07-31,3040262363,066-1055-00,AUDIO CONTROL PANEL,ALA 5,OS concluída,,,
2026-07-31,3040262367,066-1055-00,AUDIO CONTROL PANEL,ALA 9,REC,EM REPARO,WILLIAM,127.0
2026-07-31,3040262368,066-1055-00,AUDIO CONTROL PANEL,CLA,OS concluída,,,
2026-07-31,3040262372,51539-012M,CONTROL UNIT ASSY-GENERATOR,BANT,REC,,V1 PAMA-LS,127.0
2026-07-31,3040262371,51539-012N,CONTROL UNIT ASSY-GENERATOR,BANT,REC,REPARADO,V1 PAMA-LS,127.0
2026-07-31,3040262419,065-0061-36,ACTUATOR TRIM (KS272A),ALA 9,REC,EM REPARO,WILLIAM,122.0
2026-07-31,3040262734,C352,PORTABLE HALON FIRE EXTINGUISHERS,ALA 5,REC,EM REPARO,AV AERONAUTICA,109.0
2026-07-31,3040262738,C352TS,"EXTINGUISHER,FIRE",BANT,REC,,PROCURANDO,109.0
2026-07-31,3040262739,C352TS,"EXTINGUISHER,FIRE",BANT,REC,,PROCURANDO,109.0
2026-07-31,3040262740,C352TS,"EXTINGUISHER,FIRE",PAMALS,REC,,PROCURANDO,109.0
2026-07-31,3040262766,011-00883-20,RADAR GWX 68 WEATHER,BAMN,OS concluída,EM REPARO,VEE ONE,
2026-07-31,3040262765,011-00883-20,RADAR GWX 68 WEATHER,BAMN,REC,EM REPARO,VEE ONE,109.0
2026-07-31,3040262772,011-01020-10,AFCS MODE CONTROLLER GMC 710,BAMN,REC,EM REPARO,WILLIAM,109.0
2026-07-31,3040262770,011-01020-10,AFCS MODE CONTROLLER GMC 710,BAMN,REC,EM REPARO,WILLIAM,109.0
2026-07-31,3040262773,011-01020-10,AFCS MODE CONTROLLER GMC 710,BAMN,REC,EM REPARO,WILLIAM,109.0
2026-07-31,3040262746,066-1070-01,TRANSCEIVER DME (KN63),BABE,REC,EM REPARO,WILLIAM,109.0
2026-07-31,3040262745,064-1019-05,VHF TRANSCEIVE KY196,EEAR,REC,EM REPARO,VEE ONE,109.0
2026-07-31,3040262747,066-1072-00,RECEIVER ADF (KING KR87),ALA 7,REC,EM REPARO,WILLIAM,109.0
2026-07-31,3040262748,066-3046-07,"CONTROL,INDICATOR",BABR,REC,,BANT,109.0
2026-07-31,3040262769,066-3046-07,"CONTROL,INDICATOR",BABR,REC,,BANT,109.0
2026-07-31,3040262768,066-3046-07,"CONTROL,INDICATOR",EEAR,REC,EM REPARO,LEAP,109.0
2026-07-31,3040262767,066-3046-07,"CONTROL,INDICATOR",EEAR,REC,EM REPARO,LEAP,109.0
2026-07-31,3040262791,066-3060-00,IND RMI KNI582,BANT,REC,EM REPARO,LEAP,109.0
2026-07-31,3040262630,161-11700,INNER WHEEL HALF ASSY,BANT,REC,REPARADO,VEE ONE,109.0
2026-07-31,3040262792,066-3060-00,IND RMI KNI582,BANT,REC,EM REPARO,LEAP,109.0
2026-07-31,3040262634,162-10700,OUTER WHEEL HALF ASSY,BANT,REC,REPARADO,VEE ONE,109.0
2026-07-31,3040262632,161-12800,WHEEL HALF ASSY-INNER,BANT,OS concluída,REPARADO,VEE ONE,
2026-07-31,3040262633,161-12800,WHEEL HALF ASSY-INNER,BANT,REC,REPARADO,VEE ONE,109.0
2026-07-31,3040262635,162-11800,WHEEL HALF ASSY-OUTER,EPCAR,REC,REPARADO,VEE ONE,109.0
2026-07-31,3040262637,162-11800,WHEEL HALF ASSY-OUTER,BANT,REC,REPARADO,VEE ONE,109.0
2026-07-31,3040262636,162-11800,WHEEL HALF ASSY-OUTER,BANT,REC,REPARADO,VEE ONE,109.0
2026-07-31,3040262646,200SGL119Q,STARTER GENERATOR,PAMASP,OS concluída,,,
2026-07-31,3040262639,200SGL119Q,STARTER GENERATOR,PAMASP,OS concluída,,PAMA-LS,
2026-07-31,3040262638,200SGL119Q,STARTER GENERATOR,PAMALS,REC,EM REPARO,AV AERONAUTICA,109.0
2026-07-31,3040262757,2606015-2,IND OIL TEMP/P,PAMALS,REC,EM REPARO,VEE ONE,109.0
2026-07-31,3040262706,2641011-5,AXLE-MAIN GEAR,BAMN,REC,,BANT,109.0
2026-07-31,3040262707,2641011-5,AXLE-MAIN GEAR,BABV,REC,REPARADO,VEE ONE,109.0
2026-07-31,3040262717,2641011-5,AXLE-MAIN GEAR,BANT,REC,REPARADO,VEE ONE,109.0
2026-07-31,3040262714,2641011-5,AXLE-MAIN GEAR,BAPV,REC,,BANT,109.0
2026-07-31,3040262713,2641011-5,AXLE-MAIN GEAR,BAPV,REC,REPARADO,VEE ONE,109.0
2026-07-31,3040262712,2641011-5,AXLE-MAIN GEAR,BABR,REC,,BANT,109.0
2026-07-31,3040262711,2641011-5,AXLE-MAIN GEAR,BABR,REC,,BANT,109.0
2026-07-31,3040262709,2641011-5,AXLE-MAIN GEAR,PAMALS,REC,,BANT,109.0
2026-07-31,3040262708,2641011-5,AXLE-MAIN GEAR,PAMALS,REC,,BANT,109.0
2026-07-31,3040262744,3244809-1A,F.C.U,PAMALS,REC,EM REPARO,LEAP,109.0
2026-07-31,3040262758,9910338-4,FUEL TOTALIZER INDICATOR,PAMALS,REC,EM REPARO,VEE ONE,109.0
2026-07-31,3040262759,9910338-6,"TRANSMITTER,RATE OF FLOW",BAMN,REC,EM REPARO,WILLIAM,109.0
2026-07-31,3040262760,9910338-6,"TRANSMITTER,RATE OF FLOW",BANT,REC,EM REPARO,VEE ONE,109.0
2026-07-31,3040262966,2682001-1,BRAKE CYL MAST,BACO,OS concluída,,PAMA-LS,
2026-07-31,3040262967,2682001-1,BRAKE CYL MAST,PAMALS,REC,REPARADO,V1 PAMA-LS,107.0
2026-07-31,3040262968,2682001-1,BRAKE CYL MAST,BANT,OS concluída,,PAMA-LS,
2026-07-31,3040262969,2682001-1,BRAKE CYL MAST,BABE,REC,REPARADO,V1 PAMA-LS,107.0
2026-07-31,3040263069,453-5060,ELT C406-N,BABE,OS concluída,,,
2026-07-31,3040263283,D145-00-46-2,FLAP ACTUATOR ASSY,PAMALS,REC,EM REPARO,LEAP,92.0
2026-07-31,3040263284,D145-00-46-2,FLAP ACTUATOR ASSY,BAFL,REC,EM REPARO,LEAP,92.0
2026-07-31,3040263324,069-01033-0101,"RECEIVER-TRANSMITTER,RADIO",PAMALS,REC,EM REPARO,LEAP,92.0
2026-07-31,3040263287,C661065-0237,AIRSPEED INDICATOR,BABR,REC,REPARADO,VEE ONE,92.0
2026-07-31,3040263288,C661065-0237,AIRSPEED INDICATOR,PAMASP,REC,REPARADO,VEE ONE,92.0
2026-07-31,3040263314,060-0017-00,FLIGHT DIR HOR,EEAR,REC,EM REPARO,LEAP,92.0
2026-07-31,3040263319,066-1055-00,AUDIO CONTROL PANEL,BABE,REC,REPARADO,VEE ONE,92.0
2026-07-31,3040263317,060-0017-00,FLIGHT DIR HOR,PAMASP,REC,,BANT,92.0
2026-07-31,3040263316,060-0017-00,FLIGHT DIR HOR,BANT,REC,,BANT,92.0
2026-07-31,3040263320,066-1055-00,AUDIO CONTROL PANEL,PAMALS,REC,EM REPARO,AV AERONAUTICA,92.0
2026-07-31,3040263325,069-01033-0101,"RECEIVER-TRANSMITTER,RADIO",PAMALS,REC,,PROCURANDO,92.0
2026-07-31,3040263335,C611008-0101,ALTERNATOR CONTROL UNIT,PAMALS,REC,EM REPARO,AV AERONAUTICA,92.0
2026-07-31,3040263336,C611008-0101,ALTERNATOR CONTROL UNIT,PAMALS,REC,EM REPARO,AV AERONAUTICA,92.0
2026-07-31,3040263286,C661065-0237,AIRSPEED INDICATOR,BANT,REC,DEVOLVIDO NO ESTADO,WILLIAM,92.0
2026-07-31,3040263322,066-1055-00,AUDIO CONTROL PANEL,ALA 9,REC,EM REPARO,WILLIAM,92.0
2026-07-31,3040263326,069-01033-0101,"RECEIVER-TRANSMITTER,RADIO",PAMALS,REC,,BANT,92.0
2026-07-31,3040263315,060-0017-00,FLIGHT DIR HOR,BACG,OS concluída,,BABR,
2026-07-31,3040263334,011-00916-10,"DISPLAY UNIT,FLIGHT INFORMATION",BACO,REC,VAI SER DEVOLVIDO SEM REPARO,WILLIAM,92.0
2026-07-31,3040263333,011-00916-10,"DISPLAY UNIT,FLIGHT INFORMATION",BACO,REC,EM REPARO,WILLIAM,92.0
2026-07-31,3040263332,011-00916-10,"DISPLAY UNIT,FLIGHT INFORMATION",BAMN,REC,EM REPARO,WILLIAM,92.0
2026-07-31,3040263331,C661064-0237,AIRSPEED INDICATOR,PAMALS,REC,VAI SER DEVOLVIDO SEM REPARO,WILLIAM,92.0
2026-07-31,3040263329,C661064-0237,AIRSPEED INDICATOR,PAMALS,REC,EM REPARO,WILLIAM,92.0
2026-07-31,3040263328,C661064-0237,AIRSPEED INDICATOR,BABR,REC,EM REPARO,WILLIAM,92.0
2026-07-31,3040263327,C661064-0237,AIRSPEED INDICATOR,BABR,REC,EM REPARO,WILLIAM,92.0
2026-07-31,3040263330,C661064-0237,AIRSPEED INDICATOR,PAMALS,REC,EM REPARO,WILLIAM,92.0
2026-07-31,3040263338,C611008-0101,ALTERNATOR CONTROL UNIT,PAMALS,REC,REPARADO,V1 PAMA-LS,92.0
2026-07-31,3040263433,066-03064-0005,"ALTIMETER,SERVO CONTROLLED,AUTOMATIC PRESSURE",BACG,REC,EM REPARO,WILLIAM,86.0
2026-07-31,3040263435,066-03064-0005,"ALTIMETER,SERVO CONTROLLED,AUTOMATIC PRESSURE",BANT,REC,EM REPARO,WILLIAM,86.0
2026-07-31,3040263434,066-03064-0005,"ALTIMETER,SERVO CONTROLLED,AUTOMATIC PRESSURE",PAMASP,REC,VAI SER DEVOLVIDO SEM REPARO,WILLIAM,86.0
2026-07-31,3040263417,069-01033-0101,"RECEIVER-TRANSMITTER,RADIO",PAMALS,REC,EM REPARO,WILLIAM,86.0
2026-07-31,3040263416,069-01033-0101,"RECEIVER-TRANSMITTER,RADIO",BASM,REC,EM REPARO,WILLIAM,86.0
2026-07-31,3040263415,069-01033-0101,"RECEIVER-TRANSMITTER,RADIO",BABR,REC,,BANT,86.0
2026-07-31,3040263447,066-3046-07,"CONTROL,INDICATOR",CLA,REC,,BABR,86.0
2026-07-31,3040263443,3244897-4,FUEL CONTROL UNIT,PAMALS,REC,EM REPARO,LEAP,85.0
2026-07-31,3040263444,3244897-4,FUEL CONTROL UNIT,PAMALS,REC,EM REPARO,LEAP,85.0
2026-07-31,3040263577,060-0015-00,"CONTROL,DIRECTIONAL,AUTOMATIC PILOT",ALA 5,REC,EM REPARO,WILLIAM,80.0
2026-07-31,3040263574,066-1072-04,"RECEIVER,RADIO",BABE,REC,EM REPARO,WILLIAM,80.0
2026-07-31,3040263576,066-1072-04,"RECEIVER,RADIO",BAMN,OS concluída,DEVOLVIDO NO ESTADO,WILLIAM,
2026-07-31,3040263575,066-1072-04,"RECEIVER,RADIO",BABE,REC,EM REPARO,WILLIAM,80.0
2026-07-31,3040263573,066-3084-32,IND RDR 2000 IN-182A,PAMALS,REC,,BABR,80.0
2026-07-31,3040263571,066-3084-32,IND RDR 2000 IN-182A,PAMALS,REC,EM REPARO,WILLIAM,80.0
2026-07-31,3040263572,066-3084-32,IND RDR 2000 IN-182A,PAMALS,REC,EM REPARO,WILLIAM,80.0
2026-07-31,3040263448,2618510-10,ALTERNATOR CONTROL UNIT ASSY,BABE,REC,EM REPARO,WILLIAM,80.0
2026-07-31,3040263449,2618510-10,ALTERNATOR CONTROL UNIT ASSY,PAMALS,REC,EM REPARO,WILLIAM,80.0
2026-07-31,3040263877,2641011-5,AXLE-MAIN GEAR,CLA,REC,EM REPARO,LEAP,70.0
2026-07-31,3040263878,2641011-5,AXLE-MAIN GEAR,CLA,REC,EM REPARO,LEAP,70.0
2026-07-31,3040264243,069-01033-0101,"RECEIVER-TRANSMITTER,RADIO",PAMALS,REC,EM REPARO,WILLIAM,63.0
2026-07-31,3040264244,069-01033-0101,"RECEIVER-TRANSMITTER,RADIO",PAMASP,REC,EM REPARO,WILLIAM,63.0
2026-07-31,3040264246,060-0017-00,FLIGHT DIR HOR,PAMALS,REC,EM REPARO,WILLIAM,63.0
2026-07-31,3040264237,200SGL119Q-2,STARTER GENERATOR,BAMN,REC,EM REPARO,AV AERONAUTICA,63.0
2026-07-31,3040264236,200SGL119Q-2,STARTER GENERATOR,BABE,REC,,BABE,63.0
2026-07-31,3040264121,3244897-4,FUEL CONTROL UNIT,BABE,OS concluída,EM REPARO,LEAP,
2026-07-31,3040264263,9910338-8,"INDICATOR,FUEL FLOW",PAMALS,OS concluída,,BABR,
2026-07-31,3040264262,9910338-8,"INDICATOR,FUEL FLOW",BABV,REC,EM REPARO,WILLIAM,63.0
2026-07-31,3040264242,324843-2020,HEADSET-MICROPHONE,BABE,REC,EM REPARO,WILLIAM,63.0
2026-07-31,3040264264,324843-2020,HEADSET-MICROPHONE,DACTA II,REC,EM REPARO,WILLIAM,63.0
2026-07-31,3040264238,324843-2020,HEADSET-MICROPHONE,DACTA II,REC,EM REPARO,WILLIAM,63.0
2026-07-31,3040264241,324843-2020,HEADSET-MICROPHONE,DACTA II,REC,EM REPARO,WILLIAM,63.0
2026-07-31,3040264240,324843-2020,HEADSET-MICROPHONE,DACTA II,REC,EM REPARO,WILLIAM,63.0
2026-07-31,3040264122,3244809-8,"FUEL CONTROL,MAIN,TURBINE ENGINE",BABE,OS concluída,,BABR,
2026-07-31,3040263797,066-3046-07,"CONTROL,INDICATOR",BABE,REC,EM REPARO,WILLIAM,63.0
2026-07-31,3040263798,066-3046-07,"CONTROL,INDICATOR",PAMASP,REC,EM REPARO,WILLIAM,63.0
2026-07-31,3040263799,066-3046-07,"CONTROL,INDICATOR",PAMASP,REC,EM REPARO,WILLIAM,63.0
2026-07-31,3040263795,071-01519-0101,"RECEIVER-EXCITER,RADAR",PAMALS,REC,,PROCURANDO,63.0
2026-07-31,3040263796,071-01519-0101,"RECEIVER-EXCITER,RADAR",PAMALS,REC,,PROCURANDO,63.0
2026-07-31,3040264579,060-0017-00,FLIGHT DIR HOR,BABR,OS concluída,,,
2026-07-31,3040264577,060-0017-00,FLIGHT DIR HOR,PAMALS,REC,,,51.0
2026-07-31,3040264573,060-0017-00,FLIGHT DIR HOR,BANT,REC,,,51.0
2026-07-31,3040264574,060-0017-00,FLIGHT DIR HOR,BANT,REC,,,51.0
2026-07-31,3040264576,060-0017-00,FLIGHT DIR HOR,PAMALS,REC,,,51.0
2026-07-31,3040264572,060-0017-00,FLIGHT DIR HOR,PAMASP,REC,,,51.0
2026-07-31,3040264647,1H75-21,PRESSURE REGULATOR,BAMN,REC,,,46.0
2026-07-31,3040264646,1H75-21,PRESSURE REGULATOR,PAMASP,REC,,,46.0
2026-07-31,3040264645,1H75-21,PRESSURE REGULATOR,PAMASP,REC,,,46.0
2026-07-31,3040264643,1H75-21,PRESSURE REGULATOR,PAMASP,REC,,,46.0
2026-07-31,3040264707,3244809-7,"FUEL CONTROL,MAIN,TURBINE ENGINE",BABE,REC,,,46.0
2026-07-31,3040264709,540-1407-4,"VALVE,BLEED,TURBINEENGINE",PAMASP,REC,,,46.0
2026-07-31,3040264710,200SGL153Q,"STARTER-GENERATOR,ENGINE,AIRCRAFT",CLA,REC,,,46.0
2026-07-31,3040264711,200SGL153Q,"STARTER-GENERATOR,ENGINE,AIRCRAFT",PAMASP,REC,,,46.0
2026-07-31,3040264712,200SGL153Q,"STARTER-GENERATOR,ENGINE,AIRCRAFT",BACG,REC,,,46.0
2026-07-31,3040264718,9910338-8,"INDICATOR,FUEL FLOW",PAMALS,REC,,,46.0
2026-07-31,3040264719,S3326-2,"INDICATOR,HORIZONTAL SITUATION",ALA 8,REC,,,46.0
2026-07-31,3040264720,S3326-2,"INDICATOR,HORIZONTAL SITUATION",PAMALS,REC,,,46.0
2026-07-31,3040264721,S3326-2,"INDICATOR,HORIZONTAL SITUATION",PAMASP,REC,,,46.0
2026-07-31,3040264724,2606013-1AM,INDICADOR PERCENTUAL RPM,BABV,REC,,,46.0
2026-07-31,3040264725,2606013-1AM,INDICADOR PERCENTUAL RPM,BABR,REC,,,46.0
2026-07-31,3040264726,2606015-4,INDICATOR-OIL TEMP/OIL PRESS,BANT,REC,,,46.0
2026-07-31,3040264727,C661051-0201,GYRO HORIZON,ALA 10,REC,,,46.0
2026-07-31,3040264728,504-0111-906,GYRO HORIZON,PAMALS,REC,,,46.0
2026-07-31,3040264729,504-0111-906,GYRO HORIZON,BACG,REC,,,46.0
2026-07-31,3040264730,8210-003,"GOVERNOR,FUEL CONTROL",PAMASP,REC,,,46.0
2026-07-31,3040264731,8210-002,"GOVERNOR,CONSTANT SPEED DRIVE",PAMASP,REC,,,46.0
2026-07-31,3040264732,8210-002,"GOVERNOR,CONSTANT SPEED DRIVE",BAMN,REC,,,46.0
2026-07-31,3040264733,030-18200,MAIN WHEEL BRAKE,BAMN,REC,,,46.0
2026-07-31,3040264734,030-18200,MAIN WHEEL BRAKE,BAMN,REC,,,46.0
2026-07-31,3040264735,161-11700,INNER WHEEL HALF ASSY,PAMALS,REC,,,46.0
2026-07-31,3040264736,161-12800,WHEEL HALF ASSY-INNER,BABR,REC,,,46.0
2026-07-31,3040264737,161-12800,WHEEL HALF ASSY-INNER,PAMALS,AUT,,,46.0
2026-07-31,3040264738,162-10700,OUTER WHEEL HALF ASSY,BACO,AUT,,,46.0
2026-07-31,3040264807,011-01105-01,INTEGRATED AVIONICS UNIT GIA63W,ALA 8,REC,,,38.0
2026-07-31,3040264808,011-01105-01,INTEGRATED AVIONICS UNIT GIA63W,BAMN,REC,,,38.0
2026-07-31,3040264907,011-00916-10,"DISPLAY UNIT,FLIGHT INFORMATION",BAMN,REC,,,31.0
2026-07-31,3040264908,011-00916-10,"DISPLAY UNIT,FLIGHT INFORMATION",BABV,REC,,,31.0
2026-07-31,3040264974,3244809-8,"FUEL CONTROL,MAIN,TURBINE ENGINE",BAMN,REC,,,29.0
2026-07-31,3040264961,3244897-4,FUEL CONTROL UNIT,CLA,REC,,,29.0
2026-07-31,3040264960,3034792,BOMBA DE COMBUSTÍVEL,CLA,REC,,,29.0
2026-07-31,3040265144,011-01020-10,AFCS MODE CONTROLLER GMC 710,BABE,REC,,,23.0
2026-07-31,3040265140,011-01020-10,AFCS MODE CONTROLLER GMC 710,BABE,REC,,,23.0
2026-08-03,3040249831,066-01141-5101,"RECEIVER-TRANSMITTER,RADIO (KT71)",PAMALS,REC,EM REPARO,LEAP,539.0
2026-08-03,3040250248,452-0133,"BATTERY,NONRECHARGEABLE",BABR,REC,CONDENADO,VEE ONE,523.0
2026-08-03,3040250249,452-0133,"BATTERY,NONRECHARGEABLE",BAMN,REC,CONDENADO,VEE ONE,523.0
2026-08-03,3040250234,3034792,BOMBA DE COMBUSTÍVEL,PAMALS,REC,,BANT,523.0
2026-08-03,3040250816,453-5060,"BEACON,DISTRESS",BAMN,REC,,PAMA-LS,501.0
2026-08-03,3040250830,799-1,TRANSDUCER,BACO,REC,,BANT,501.0
2026-08-03,3040250829,51539-012N,CONTROL UNIT ASSY-GENERATOR,BAMN,OS concluída,,,
2026-08-03,3040250828,51539-012N,CONTROL UNIT ASSY-GENERATOR,BACG,REC,,BABR,501.0
2026-08-03,3040250827,51539-012N,CONTROL UNIT ASSY-GENERATOR,BANT,REC,,BABR,501.0
2026-08-03,3040250831,799-1,TRANSDUCER,BANT,REC,,BANT,501.0
2026-08-03,3040250833,9910586-4,FLAP ACTUATOR AND MOTOR ASSEMBLY,ALA 3,REC,,BAMN,501.0
2026-08-03,3040250834,9910586-4,FLAP ACTUATOR AND MOTOR ASSEMBLY,ALA 3,OS concluída,CONDENADO,,
2026-08-03,3040250832,9910338-4,FUEL TOTALIZER INDICATOR,EEAR,REC,,PAMA-LS,501.0
2026-08-03,3040250835,ASG12000-2,ALTERNATOR,ALA 5,REC,REPARADO,V1 PAMA-LS,501.0
2026-08-03,3040250841,C661030-0301,TURN BANK,PAMALS,REC,EM REPARO,LEAP,501.0
2026-08-03,3040250842,C662041-0102,INDICATOR FUEL,ALA 5,REC,,PAMA-LS,501.0
2026-08-03,3040250844,C662041-0102,INDICATOR FUEL,ALA 9,REC,,PAMA-LS,501.0
2026-08-03,3040250843,C662041-0102,INDICATOR FUEL,ALA 10,OS concluída,REPARADO,,
2026-08-03,3040250719,060-0017-00,FLIGHT DIR HOR,PAMALS,REC,,BANT,501.0
2026-08-03,3040250720,060-0017-00,FLIGHT DIR HOR,BABV,OS concluída,REPARADO,,
2026-08-03,3040250722,066-01141-5101,"RECEIVER-TRANSMITTER,RADIO (KT71)",ALA 9,REC,EM REPARO,WILLIAM,501.0
2026-08-03,3040250723,066-01141-5101,"RECEIVER-TRANSMITTER,RADIO (KT71)",CLA,REC,,BABR,501.0
2026-08-03,3040250721,060-0017-00,FLIGHT DIR HOR,BANT,OS concluída,REPARADO,,
2026-08-03,3040250725,066-3046-07,"CONTROL,INDICATOR",ALA 10,OS concluída,REPARADO,,
2026-08-03,3040250724,066-04035-1101,"DISPLAY UNIT,RADAR",PAMALS,REC,,BANT,501.0
2026-08-03,3040250732,069-1025-25,"RECEIVER-TRANSMITTER,RADIO - KX165",PAMALS,REC,EM REPARO,WILLIAM,501.0
2026-08-03,3040250782,2606012-1,INDICATOR-INTER-TURBINE TEMPERATURE,ALA 9,OS concluída,,,
2026-08-03,3040250775,161-11700,INNER WHEEL HALF ASSY,BABE,OS concluída,CONDENADO,,
2026-08-03,3040250773,161-11700,INNER WHEEL HALF ASSY,EEAR,REC,,BACG,501.0
2026-08-03,3040250718,030-18200,MAIN WHEEL BRAKE,BACO,OS concluída,REPARADO,,
2026-08-03,3040250716,030-18200,MAIN WHEEL BRAKE,BABV,REC,EM REPARO,LEAP,501.0
2026-08-03,3040250717,030-18200,MAIN WHEEL BRAKE,BACO,OS concluída,REPARADO,,
2026-08-03,3040250780,162-11800,WHEEL HALF ASSY-OUTER,PAMALS,OS concluída,,,
2026-08-03,3040250781,162-11800,WHEEL HALF ASSY-OUTER,BACG,OS concluída,,,
2026-08-03,3040250778,161-12800,WHEEL HALF ASSY-INNER,BACG,OS concluída,REPARADO,,
2026-08-03,3040250776,161-12800,WHEEL HALF ASSY-INNER,BABE,OS concluída,CONDENADO,,
2026-08-03,3040250790,2643031-7,"FORK ASSY,NOSE GEAR SPRING",BAMN,OS concluída,CONDENADO,,
2026-08-03,3040250791,2643090-1,SHIMMY DAMPENE,BANT,REC,EM REPARO,AV AERONAUTICA,501.0
2026-08-03,3040250792,2643090-1,SHIMMY DAMPENE,BAMN,REC,REPARADO,V1 PAMA-LS,501.0
2026-08-03,3040250789,2641012-14,TRUNNION ASSY-RH-MAIN GEAR,PAMASP,OS concluída,CONDENADO,,
2026-08-03,3040250793,2643099-4,"SUPPORT ASSY FOWARD, NLG SPRING",BAMN,OS concluída,CONDENADO,,
2026-08-03,3040250798,30994-001,BATTERY-MARATHON TSP410 NICAD,BANT,OS concluída,CONDENADO,AMA - VEE ONE,
2026-08-03,3040252191,C611008-0101,ALTERNATOR CONTROL UNIT,PAMALS,REC,,BABR,468.0
2026-08-03,3040252159,011-00916-00,DISPLAY UNIT GDU 1040A,BAMN,REC,,BAMN,468.0
2026-08-03,3040252161,065-0042-03,COMPUTER PA,ALA 10,REC,EM REPARO,WILLIAM,468.0
2026-08-03,3040252162,065-0042-03,COMPUTER PA,EEAR,REC,,BABE,468.0
2026-08-03,3040252164,065-0042-03,COMPUTER PA,EEAR,REC,EM REPARO,WILLIAM,468.0
2026-08-03,3040252165,065-0042-03,COMPUTER PA,PAMALS,OS concluída,,,
2026-08-03,3040252166,065-0059-01,SERVO PITCH,EEAR,REC,EM REPARO,WILLIAM,468.0
2026-08-03,3040252168,066-03064-0005,"ALTIMETER,SERVO CONTROLLED,AUTOMATIC PRESSURE",ALA 9,OS concluída,REPARADO,,
2026-08-03,3040252173,066-03064-0005,"ALTIMETER,SERVO CONTROLLED,AUTOMATIC PRESSURE",BANT,REC,EM REPARO,LEAP,468.0
2026-08-03,3040252172,066-03064-0005,"ALTIMETER,SERVO CONTROLLED,AUTOMATIC PRESSURE",PAMALS,REC,NO ESTADO,VEE ONE,468.0
2026-08-03,3040252170,066-03064-0005,"ALTIMETER,SERVO CONTROLLED,AUTOMATIC PRESSURE",ALA 7,REC,NO ESTADO,VEE ONE,468.0
2026-08-03,3040252178,066-1072-00,RECEIVER ADF (KING KR87),PAMALS,OS concluída,,,
2026-08-03,3040252182,066-1072-04,"RECEIVER,RADIO",ALA 9,OS concluída,REPARADO,,
2026-08-03,3040252181,066-1072-04,"RECEIVER,RADIO",PAMASP,REC,EM REPARO,WILLIAM,468.0
2026-08-03,3040252180,066-1072-04,"RECEIVER,RADIO",ALA 8,OS concluída,,,
2026-08-03,3040252185,066-1072-04,"RECEIVER,RADIO",BAMN,OS concluída,REPARADO,,
2026-08-03,3040252189,9910338-6,"TRANSMITTER,RATE OF FLOW",ALA 8,OS concluída,REPARADO,,
2026-08-03,3040252190,9910338-6,"TRANSMITTER,RATE OF FLOW",BABR,OS concluída,,,
2026-08-03,3040252160,011-01020-10,AFCS MODE CONTROLLER GMC 710,BAMN,OS concluída,,,
2026-08-03,3040252939,C163030-1001,MAIN W BRAKE A,BABV,REC,,BAMN,438.0
2026-08-03,3040252936,030-18200,MAIN WHEEL BRAKE,BACO,REC,,PAMA-LS,438.0
2026-08-03,3040252935,030-18200,MAIN WHEEL BRAKE,BAMN,OS concluída,CONDENADO,,
2026-08-03,3040252940,30-182,MAIN WHEEL BRAKE,BABV,OS concluída,CONDENADO,,
2026-08-03,3040252942,30-182,MAIN WHEEL BRAKE,BAMN,OS concluída,REPARADO,,
2026-08-03,3040252943,30-182,MAIN WHEEL BRAKE,BAMN,OS concluída,REPARADO,,
2026-08-03,3040253170,161-12800,WHEEL HALF ASSY-INNER,BASM,OS concluída,CONDENADO,,
2026-08-03,3040253168,161-12800,WHEEL HALF ASSY-INNER,BASM,REC,REPARADO,VEE ONE,434.0
2026-08-03,3040253172,161-12800,WHEEL HALF ASSY-INNER,PAMALS,REC,,PROCURANDO,434.0
2026-08-03,3040253174,161-12800,WHEEL HALF ASSY-INNER,PAMALS,OS concluída,CONDENADO,,
2026-08-03,3040253173,161-12800,WHEEL HALF ASSY-INNER,PAMALS,REC,EM REPARO,LEAP,434.0
2026-08-03,3040253176,162-10700,OUTER WHEEL HALF ASSY,BABE,OS concluída,CONDENADO,,
2026-08-03,3040253177,162-10700,OUTER WHEEL HALF ASSY,BABV,REC,REPARADO,VEE ONE,434.0
2026-08-03,3040253178,162-10700,OUTER WHEEL HALF ASSY,PAMALS,REC,,PROCURANDO,434.0
2026-08-03,3040253179,162-11800,WHEEL HALF ASSY-OUTER,CLA,OS concluída,CONDENADO,,
2026-08-03,3040253181,162-11800,WHEEL HALF ASSY-OUTER,PAMALS,OS concluída,REPARADO,,
2026-08-03,3040253180,162-11800,WHEEL HALF ASSY-OUTER,BASM,REC,,PROCURANDO,434.0
2026-08-03,3040253182,162-11800,WHEEL HALF ASSY-OUTER,PAMALS,REC,REPARADO,VEE ONE,434.0
2026-08-03,3040253536,2641012-14,TRUNNION ASSY-RH-MAIN GEAR,PAMALS,OS concluída,CONDENADO,,
2026-08-03,3040253529,066-03064-0005,"ALTIMETER,SERVO CONTROLLED,AUTOMATIC PRESSURE",DSM-MN,REC,DEVOLVIDO NO ESTADO,WILLIAM,424.0
2026-08-03,3040253528,066-03064-0005,"ALTIMETER,SERVO CONTROLLED,AUTOMATIC PRESSURE",BANT,OS concluída,REPARADO,,
2026-08-03,3040253532,799-1,TRANSDUCER,PAMALS,REC,,BANT,424.0
2026-08-03,3040253535,2643099-4,"SUPPORT ASSY FOWARD, NLG SPRING",BABE,REC,CONDENADO,VEE ONE,424.0
2026-08-03,3040253531,799-1,TRANSDUCER,BAMN,REC,,VEE ONE,424.0
2026-08-03,3040253530,799-1,TRANSDUCER,BAMN,REC,,BANT,424.0
2026-08-03,3040253526,30994-001,BATTERY-MARATHON TSP410 NICAD,PAMALS,OS concluída,CONDENADO,AMA - VEE ONE,
2026-08-03,3040253527,30994-001,BATTERY-MARATHON TSP410 NICAD,BAPV,OS concluída,CONDENADO,AMA - VEE ONE,
2026-08-03,3040254195,540-1407-4,"VALVE,BLEED,TURBINEENGINE",PAMALS,REC,,BANT,406.0
2026-08-03,3040254201,2643090-3,SHIMMY DAMPER-NOSE GEAR,PAMALS,REC,REPARADO,V1 PAMA-LS,406.0
2026-08-03,3040254203,SE1070-6,SHIMMY DAMPENER ASSY,BACGINAT,OS concluída,,,
2026-08-03,3040254205,C660501-0103,"COMPASS,SPEC",PAMALS,REC,REPARADO,V1 PAMA-LS,406.0
2026-08-03,3040254206,C660501-0103,"COMPASS,SPEC",ALA 8,REC,EM REPARO EM GARANTIA,WILLIAM,406.0
2026-08-03,3040254208,C660501-0103,"COMPASS,SPEC",BABV,REC,REPARADO,V1 PAMA-LS,406.0
2026-08-03,3040254210,799-1,TRANSDUCER,BANT,REC,,BANT,406.0
2026-08-03,3040254792,2606013-1RX,INDICATOR-PERCENT RPM,BABR,REC,,BANT,397.0
2026-08-03,3040254770,069-1025-25,"RECEIVER-TRANSMITTER,RADIO - KX165",ALA 9,REC,EM REPARO,WILLIAM,397.0
2026-08-03,3040254799,453-5000-710,EMERGENCY LOCATOR TRANSMITTER MODEL C406-2,PAMASP,OS concluída,,,
2026-08-03,3040254806,C352TS,"EXTINGUISHER,FIRE",PAMALS,REC,REPARADO,V1 PAMA-LS,397.0
2026-08-03,3040254805,C352TS,"EXTINGUISHER,FIRE",PAMALS,OS concluída,,,
2026-08-03,3040254810,C352TS,"EXTINGUISHER,FIRE",PAMALS,OS concluída,,,
2026-08-03,3040254809,C352TS,"EXTINGUISHER,FIRE",PAMAGL,OS concluída,,,
2026-08-03,3040254803,C352TS,"EXTINGUISHER,FIRE",2 ETA,REC,REPARADO,V1 PAMA-LS,397.0
2026-08-03,3040254808,C352TS,"EXTINGUISHER,FIRE",BABR,REC,REPARADO,V1 PAMA-LS,397.0
2026-08-03,3040254795,D145-00-46-2,FLAP ACTUATOR ASSY,BABE,REC,,PAMA-LS,397.0
2026-08-03,3040254793,D145-00-46-2,FLAP ACTUATOR ASSY,PAMALS,REC,,PAMA-LS,397.0
2026-08-03,3040254815,C482001-0402,VACUUM REGULAT,PAMALS,REC,CONDENADO,VEE ONE,397.0
2026-08-03,3040254816,C482001-0402,VACUUM REGULAT,PAMALS,REC,CONDENADO,VEE ONE,397.0
2026-08-03,3040254820,2641011-5,AXLE-MAIN GEAR,BAMN,OS concluída,REPARADO,,
2026-08-03,3040254817,2641011-5,AXLE-MAIN GEAR,BABE,OS concluída,NO ESTADO,,
2026-08-03,3040254818,2641011-5,AXLE-MAIN GEAR,BABE,OS concluída,,,
2026-08-03,3040254819,2641011-5,AXLE-MAIN GEAR,BANT,OS concluída,REPARADO,,
2026-08-03,3040254796,30994-001,BATTERY-MARATHON TSP410 NICAD,BAMN,OS concluída,REPARADO,,
2026-08-03,3040254789,452-0133,"BATTERY,NONRECHARGEABLE",BAMN,REC,CONDENADO,VEE ONE,397.0
2026-08-03,3040254788,452-0133,"BATTERY,NONRECHARGEABLE",BAMN,REC,CONDENADO,VEE ONE,397.0
2026-08-03,3040254787,452-0133,"BATTERY PACK,AIRCRAFT",DACTA II,REC,CONDENADO,VEE ONE,397.0
2026-08-03,3040254786,452-0133,"BATTERY PACK,AIRCRAFT",BAMN,REC,CONDENADO,VEE ONE,397.0
2026-08-03,3040254785,452-0133,"BATTERY,NONRECHARGEABLE",BAMN,REC,CONDENADO,VEE ONE,397.0
2026-08-03,3040254784,452-0133,"BATTERY,NONRECHARGEABLE",DACTA II,REC,CONDENADO,VEE ONE,397.0
2026-08-03,3040255326,011-00916-00,DISPLAY UNIT GDU 1040A,BAMN,REC,,BAMN,388.0
2026-08-03,3040255319,702801-5,FUEL PUMP,PAMASP,REC,EM REPARO,VEE ONE,388.0
2026-08-03,3040255321,8210-002,"GOVERNOR,CONSTANT SPEED DRIVE",PAMALS,OS concluída,,,
2026-08-03,3040255461,DAAS-A-010-1,ADAS-D PROCESSOR,PAMALS,REC,EM REPARO,VEE ONE,384.0
2026-08-03,3040255589,071-01519-0101,"RECEIVER-EXCITER,RADAR",BANT,REC,,PROCURANDO,382.0
2026-08-03,3040255590,071-01519-0101,"RECEIVER-EXCITER,RADAR",PAMALS,OS concluída,REPARADO,,
2026-08-03,3040255706,C661064-0237,AIRSPEED INDICATOR,BAMN,OS concluída,,,
2026-08-03,3040256114,5934PAD-3,"ALTIMETER,PRESSURE",PAMALS,REC,EM REPARO,VEE ONE,368.0
2026-08-03,3040256119,011-00878-10,GSA-81 TORQUE SERVO,BAPV,REC,EM REPARO,LEAP,368.0
2026-08-03,3040256112,011-00883-20,RADAR GWX 68 WEATHER,BABE,REC,,BAMN,368.0
2026-08-03,3040256115,5934PAD-3,"ALTIMETER,PRESSURE",PAMALS,OS concluída,REPARADO,,
2026-08-03,3040256118,011-00878-10,GSA-81 TORQUE SERVO,BAPV,REC,,BACO,368.0
2026-08-03,3040256120,011-00916-10,"DISPLAY UNIT,FLIGHT INFORMATION",BAMN,OS concluída,,,
2026-08-03,3040256314,066-4010-12,RECEIVER VOR/LOC (KNS81),EEAR,REC,EM REPARO,LEAP,355.0
2026-08-03,3040256311,3121248-03,"VALVE ASSEMBLY,COMPRESSOR BLEED",PAMALS,OS concluída,,,
2026-08-03,3040256704,C661064-0237,AIRSPEED INDICATOR,PAMALS,OS concluída,,,
2026-08-03,3040256707,D210507,"GOVERNOR,OVERSPEED",PAMALS,OS concluída,,,
2026-08-03,3040256708,D210507,"GOVERNOR,OVERSPEED",PAMALS,REC,REPARADO,VEE ONE,346.0
2026-08-03,3040256702,C661064-0237,AIRSPEED INDICATOR,BABR,OS concluída,,,
2026-08-03,3040256703,C661064-0237,AIRSPEED INDICATOR,PAMALS,OS concluída,REPARADO,,
2026-08-03,3040256662,030-18200,MAIN WHEEL BRAKE,BASM,OS concluída,,,
2026-08-03,3040256665,161-11700,INNER WHEEL HALF ASSY,BABV,OS concluída,,,
2026-08-03,3040256666,161-11700,INNER WHEEL HALF ASSY,PAMALS,OS concluída,,,
2026-08-03,3040256667,161-11700,INNER WHEEL HALF ASSY,PAMALS,OS concluída,,,
2026-08-03,3040256668,161-11700,INNER WHEEL HALF ASSY,PAMALS,OS concluída,CONDENADO,,
2026-08-03,3040256669,161-11700,INNER WHEEL HALF ASSY,PAMALS,OS concluída,,,
2026-08-03,3040256670,161-11700,INNER WHEEL HALF ASSY,PAMALS,OS concluída,CONDENADO,,
2026-08-03,3040256671,161-11700,INNER WHEEL HALF ASSY,PAMALS,REC,REPARADO,VEE ONE,346.0
2026-08-03,3040256698,030-18200,MAIN WHEEL BRAKE,PAMASP,REC,,PROCURANDO,346.0
2026-08-03,3040256713,030-18200,MAIN WHEEL BRAKE,ALA 3,REC,,BAMN,346.0
2026-08-03,3040256694,162-11800,WHEEL HALF ASSY-OUTER,BANT,OS concluída,REPARADO,,
2026-08-03,3040256696,162-11800,WHEEL HALF ASSY-OUTER,PAMALS,REC,,PAMA-LS,346.0
2026-08-03,3040256672,161-12800,WHEEL HALF ASSY-INNER,PAMALS,REC,REPARADO,VEE ONE,346.0
2026-08-03,3040256675,161-12800,WHEEL HALF ASSY-INNER,BANT,OS concluída,REPARADO,,
2026-08-03,3040256792,011-00877-00,"GSA-80 SERVO ROL,YAW,SPEC",BAMN,REC,,PROCURANDO,346.0
2026-08-03,3040256787,011-00877-00,"GSA-80 SERVO ROL,YAW,SPEC",PAMALS,REC,EM REPARO,VEE ONE,346.0
2026-08-03,3040256828,011-00883-20,RADAR GWX 68 WEATHER,PAMALS,REC,CONDENADO,V1 PAMA-LS,346.0
2026-08-03,3040256709,3121248-03,"VALVE ASSEMBLY,COMPRESSOR BLEED",PAMASP,REC,,BANT,343.0
2026-08-03,3040256673,161-12800,WHEEL HALF ASSY-INNER,PAMALS,REC,CONDENADO,VEE ONE,343.0
2026-08-03,3040257095,011-01105-01,INTEGRATED AVIONICS UNIT GIA63W,BABE,REC,EM REPARO,VEE ONE,339.0
2026-08-03,3040257096,011-01105-01,INTEGRATED AVIONICS UNIT GIA63W,BABE,REC,,BAMN,339.0
2026-08-03,3040257093,065-00183-0501,AUTOPILOT COMPUTER KFC225,BABE,REC,,BANT,339.0
2026-08-03,3040257094,065-00183-0501,AUTOPILOT COMPUTER KFC225,BABE,REC,,BANT,339.0
2026-08-03,3040257443,161-12800,WHEEL HALF ASSY-INNER,ALA 3,AUT,,NÃO TEVE MOVIMENTAÇÃO,327.0
2026-08-03,3040257442,C163030-1001,MAIN W BRAKE A,BAMN,OS concluída,REPARADO,VEE ONE,
2026-08-03,3040257452,3244809-8,"FUEL CONTROL,MAIN,TURBINE ENGINE",BAPV,OS concluída,REPARADO,,
2026-08-03,3040257454,EA-5172-45-CES,"INDICATOR,AIRSPEED",BACG,OS concluída,,,
2026-08-03,3040257453,EA-5172-45-CES,"INDICATOR,AIRSPEED",ALA 7,REC,DEVOLVIDO NO ESTADO,WILLIAM,320.0
2026-08-03,3040257451,3244809-7,"FUEL CONTROL,MAIN,TURBINE ENGINE",PAMASP,REC,,BANT,320.0
2026-08-03,3040257450,3244809-4,"FUEL CONTROL,MAIN,TURBINE ENGINE",PAMASP,OS concluída,EM REPARO,LEAP,
2026-08-03,3040257438,030-18200,MAIN WHEEL BRAKE,BAMN,REC,REPARADO,VEE ONE,320.0
2026-08-03,3040257444,162-10700,OUTER WHEEL HALF ASSY,PAMALS,OS concluída,CONDENADO,,
2026-08-03,3040257447,162-10700,OUTER WHEEL HALF ASSY,PAMALS,OS concluída,CONDENADO,,
2026-08-03,3040257436,30994-001,BATTERY-MARATHON TSP410 NICAD,PAMALS,OS concluída,CONDENADO,AMA - VEE ONE,
2026-08-03,3040257441,030-18200,MAIN WHEEL BRAKE,BAPV,REC,,BAMN,320.0
2026-08-03,3040257440,030-18200,MAIN WHEEL BRAKE,BANT,REC,CONDENADO,VEE ONE,320.0
2026-08-03,3040257439,030-18200,MAIN WHEEL BRAKE,BAMN,REC,,BAMN,320.0
2026-08-03,3040258306,D210507,"GOVERNOR,OVERSPEED",PAMALS,REC,EM REPARO,LEAP,300.0
2026-08-03,3040258310,D210507,"GOVERNOR,OVERSPEED",BACO,OS concluída,,,
2026-08-03,3040258309,D210507,"GOVERNOR,OVERSPEED",BAMN,REC,EM REPARO,LEAP,300.0
2026-08-03,3040258308,D210507,"GOVERNOR,OVERSPEED",BAMN,OS concluída,REPARADO,,
2026-08-03,3040258307,D210507,"GOVERNOR,OVERSPEED",ALA 5,OS concluída,,,
2026-08-03,3040258303,011-00877-00,"GSA-80 SERVO ROL,YAW,SPEC",DACTA II,REC,EM REPARO,VEE ONE,300.0
2026-08-03,3040258422,2601188-8,COMPRESSOR DRIVE ASSY R134A,PAMASP,REC,,PROCURANDO,298.0
2026-08-03,3040258419,011-00877-00,"GSA-80 SERVO ROL,YAW,SPEC",DACTA II,REC,EM REPARO,VEE ONE,298.0
2026-08-03,3040258420,011-00877-00,"GSA-80 SERVO ROL,YAW,SPEC",BACO,REC,EM REPARO,VEE ONE,298.0
2026-08-03,3040258421,011-00877-00,"GSA-80 SERVO ROL,YAW,SPEC",BABE,REC,,BACO,298.0
2026-08-03,3040258764,069-01034-0102,"NAVIGATION SET,SATELLITE SIGNALS KLN-94",PAMALS,REC,,BANT,291.0
2026-08-03,3040259152,066-01141-5101,"TRANSPONDER,RADAR",BABE,REC,,BANT,272.0
2026-08-03,3040259151,066-01141-5101,"TRANSPONDER,RADAR",BANT,REC,REPARADO,V1 PAMA-LS,272.0
2026-08-03,3040259251,064-1019-05,VHF TRANSCEIVE KY196,EEAR,REC,,EEAR,270.0
2026-08-03,3040259146,1U149-015-15,HORIZ. GYRO-STADBY,PAMALS,REC,EM REPARO,VEE ONE,269.0
2026-08-03,3040259147,162-10700,OUTER WHEEL HALF ASSY,BANT,REC,EM REPARO,AMA - VEE ONE,269.0
2026-08-03,3040259148,3049038-03,"VALVE,COMPRESSOR BLEED",BANT,OS concluída,,,
2026-08-03,3040259316,2606015-4,INDICATOR-OIL TEMP/OIL PRESS,BACG,REC,REPARADO,V1 PAMA-LS,266.0
2026-08-03,3040259564,C414007-0102,BLOWER ASSY,PAMALS,OS concluída,,,
2026-08-03,3040259568,C414007-0102,BLOWER ASSY,ALA 10,OS concluída,,,
2026-08-03,3040259570,C414007-0102,BLOWER ASSY,ALA 10,OS concluída,,,
2026-08-03,3040259694,025323-150,FUEL PUMP,PAMASP,REC,,BACO,258.0
2026-08-03,3040259922,C414007-0102,BLOWER ASSY,BANT,REC,REPARADO,V1 PAMA-LS,251.0
2026-08-03,3040259928,C414007-0102,BLOWER ASSY,PAMALS,REC,EM REPARO,VEE ONE,251.0
2026-08-03,3040259924,C414007-0102,BLOWER ASSY,BACG,REC,EM REPARO,VEE ONE,251.0
2026-08-03,3040259918,C414007-0102,BLOWER ASSY,ALA 10,REC,EM REPARO,VEE ONE,251.0
2026-08-03,3040259950,065-0060-01,"CONTROL,SERVO,AUTOMATIC PILOT",PAMALS,REC,EM REPARO,LEAP,251.0
2026-08-03,3040259949,065-0060-01,"CONTROL,SERVO,AUTOMATIC PILOT",PAMALS,REC,EM REPARO,LEAP,251.0
2026-08-03,3040259947,066-3046-07,"CONTROL,INDICATOR",EEAR,OS concluída,REPARADO,,
2026-08-03,3040259946,066-3046-07,"CONTROL,INDICATOR",BANT,REC,,BANT,251.0
2026-08-03,3040259944,066-3046-07,"CONTROL,INDICATOR",EEAR,REC,,PAMA-LS,251.0
2026-08-03,3040260209,011-00916-00,DISPLAY UNIT GDU 1040A,PAMALS,REC,,BAMN,237.0
2026-08-03,3040260208,324843-W020,HEADSET-MICROPHONE,PAMALS,REC,VAI SER DEVOLVIDO SEM REPARO,WILLIAM,237.0
2026-08-03,3040260204,324843-W020,HEADSET-MICROPHONE,PAMALS,OS concluída,REPARADO,,
2026-08-03,3040260205,324843-W020,HEADSET-MICROPHONE,PAMALS,OS concluída,REPARADO,,
2026-08-03,3040260388,SD5H14C4527,AIR COMPRESSOR,PAMALS,REC,EM REPARO,VEE ONE,230.0
2026-08-03,3040260382,065-00183-0501,AUTOPILOT COMPUTER KFC225,BANT,REC,,BANT,230.0
2026-08-03,3040260389,SD5H14C4527,AIR COMPRESSOR,PAMALS,REC,EM REPARO,VEE ONE,230.0
2026-08-03,3040260517,ASG12000-2,ALTERNATOR,PAMALS,OS concluída,,,
2026-08-03,3040260524,51539-012M,CONTROL UNIT ASSY-GENERATOR,BANT,REC,,BACG,227.0
2026-08-03,3040260516,ASG12000-2,ALTERNATOR,PAMALS,REC,REPARADO,V1 PAMA-LS,227.0
2026-08-03,3040260523,9910592-2,ALTERNADOR,BAMN,REC,REPARADO,V1 PAMA-LS,227.0
2026-08-03,3040260522,9910592-2,ALTERNADOR,BAMN,REC,REPARADO,V1 PAMA-LS,227.0
2026-08-03,3040260547,161-12800,WHEEL HALF ASSY-INNER,EPCAR,OS concluída,REPARADO,VEE ONE,
2026-08-03,3040260545,161-11700,INNER WHEEL HALF ASSY,BACG,REC,REPARADO,VEE ONE,209.0
2026-08-03,3040260544,161-11700,INNER WHEEL HALF ASSY,BANT,REC,REPARADO,VEE ONE,209.0
2026-08-03,3040260546,161-12800,WHEEL HALF ASSY-INNER,PAMALS,REC,REPARADO,VEE ONE,209.0
2026-08-03,3040260548,161-11700,INNER WHEEL HALF ASSY,CLA,REC,REPARADO,VEE ONE,209.0
2026-08-03,3040260549,162-10700,OUTER WHEEL HALF ASSY,BACG,REC,REPARADO,VEE ONE,209.0
2026-08-03,3040260550,162-10700,OUTER WHEEL HALF ASSY,CLA,REC,REPARADO,VEE ONE,209.0
2026-08-03,3040260551,162-11800,WHEEL HALF ASSY-OUTER,BANT,REC,REPARADO,VEE ONE,209.0
2026-08-03,3040260552,30994-001,BATTERY-MARATHON TSP410 NICAD,BABE,OS concluída,CONDENADO,AMA - VEE ONE,
2026-08-03,3040260543,324843-W020,HEADSET-MICROPHONE,PAMALS,REC,VAI SER DEVOLVIDO SEM REPARO,WILLIAM,209.0
2026-08-03,3040260542,324843-W020,HEADSET-MICROPHONE,PAMALS,REC,,BABE,209.0
2026-08-03,3040260541,324843-W020,HEADSET-MICROPHONE,PAMALS,OS concluída,REPARADO,,
2026-08-03,3040260540,324843-W020,HEADSET-MICROPHONE,PAMALS,OS concluída,REPARADO,,
2026-08-03,3040260538,324843-W020,HEADSET-MICROPHONE,PAMALS,REC,,BABE,209.0
2026-08-03,3040260539,324843-W020,HEADSET-MICROPHONE,PAMALS,REC,,BABE,209.0
2026-08-03,3040260595,9910586-4,FLAP ACTUATOR AND MOTOR ASSEMBLY,7 ETA,REC,,BAMN,209.0
2026-08-03,3040260597,9910586-4,FLAP ACTUATOR AND MOTOR ASSEMBLY,BAPV,REC,REPARADO,VEE ONE,209.0
2026-08-03,3040260583,3244897-4,FUEL CONTROL UNIT,PAMALS,OS concluída,,,
2026-08-03,3040260750,3122678-04,FUEL CONTROL UNIT,PAMASP,REC,,BANT,201.0
2026-08-03,3040260752,3244897-4,FUEL CONTROL UNIT,PAMASP,OS concluída,REPARADO,,
2026-08-03,3040260753,3244809-7,"FUEL CONTROL,MAIN,TURBINE ENGINE",PAMASP,OS concluída,REPARADO,,
2026-08-03,3040260754,3244809-1,"FUEL CONTROL,MAIN,TURBINE ENGINE",PAMASP,REC,EM QUARENTENA,LEAP,201.0
2026-08-03,3040254794,C145-350,"MOTOR,DIRECT CURRENT",PAMALS,OS concluída,,,
2026-08-03,3040260913,064-1054-30,RECEIVER-TRANSMITTER SUBASSEMBLY,EPCAR,REC,REPARADO,V1 PAMA-LS,189.0
2026-08-03,3040260915,064-1054-30,RECEIVER-TRANSMITTER SUBASSEMBLY,PAMALS,REC,REPARADO,V1 PAMA-LS,189.0
2026-08-03,3040260811,3034792,BOMBA DE COMBUSTÍVEL,BAPV,REC,,BABR,187.0
2026-08-03,3040260812,3034792,BOMBA DE COMBUSTÍVEL,BACG,OS concluída,,,
2026-08-03,3040260922,162-11800,WHEEL HALF ASSY-OUTER,PAMALS,OS concluída,,,
2026-08-03,3040260923,030-18200,MAIN WHEEL BRAKE,BACO,REC,REPARADO,VEE ONE,187.0
2026-08-03,3040261389,3034792,BOMBA DE COMBUSTÍVEL,PAMASP,REC,REPARADO,V1 PAMA-LS,174.0
2026-08-03,3040261388,3034792,BOMBA DE COMBUSTÍVEL,BABR,OS concluída,REPARADO,,
2026-08-03,3040261387,3034792,BOMBA DE COMBUSTÍVEL,BABR,OS concluída,REPARADO,,
2026-08-03,3040261371,TFF2905-13,FUEL FLOW TRANSDUCER,ALA 8,REC,EM REPARO,WILLIAM,174.0
2026-08-03,3040261375,C661065-0240RX,"INDICATOR, AIRSPEED",BACG,REC,EM REPARO,WILLIAM,174.0
2026-08-03,3040261373,C661065-0240,AIRSPEED INDICATOR,BABE,REC,REPARADO,V1 PAMA-LS,174.0
2026-08-03,3040261322,011-00831-00,"ENGINE INTERFA,SPEC",BAPV,REC,REPARADO,VEE ONE,174.0
2026-08-03,3040261326,011-00882-10,"COMPUTER,AIR DATA",BAMN,OS concluída,,,
2026-08-03,3040261324,011-00882-10,"COMPUTER,AIR DATA",BAMN,OS concluída,,,
2026-08-03,3040261327,064-1054-30,RECEIVER-TRANSMITTER SUBASSEMBLY,PAMASP,REC,REPARADO,V1 PAMA-LS,174.0
2026-08-03,3040261336,066-01141-0101,"RECEIVER,RADIO",BANT,REC,REPARADO,V1 PAMA-LS,174.0
2026-08-03,3040261334,065-0065-01,SELECTOR ALT,BANT,REC,EM REPARO,WILLIAM,174.0
2026-08-03,3040261331,065-0061-36,ACTUATOR TRIM (KS272A),PAMASP,REC,,BABR,174.0
2026-08-03,3040261329,065-0061-36,ACTUATOR TRIM (KS272A),ALA 10,OS concluída,REPARADO,,
2026-08-03,3040261335,065-0065-01,SELECTOR ALT,BANT,REC,EM REPARO,WILLIAM,174.0
2026-08-03,3040261342,066-3084-02,COLOR RADAR INDICATOR,BABV,REC,EM REPARO,WILLIAM,174.0
2026-08-03,3040261340,066-1053-00,"RECEIVER,RADIO",BASM,REC,REPARADO,V1 PAMA-LS,174.0
2026-08-03,3040261377,066-3054-01,INDICATOR RADAR ALTIMETER - TYPE KI250,PAMALS,REC,EM REPARO,WILLIAM,174.0
2026-08-03,3040261376,066-1061-03,RT RADAR ALTIM (KRA10A),PAMALS,REC,PARA REPARO,VEE ONE,174.0
2026-08-03,3040261352,1134380-4,EVAPORATOR MODULE ASSY-RH,BAMN,REC,CONDENADO,VEE ONE,174.0
2026-08-03,3040261347,071-1234-00,ANTENNA ACCESSORY,ALA 1,REC,EM REPARO,WILLIAM,174.0
2026-08-03,3040261344,066-4010-12,RECEIVER VOR/LOC (KNS81),ALA 10,REC,EM REPARO,WILLIAM,174.0
2026-08-03,3040261353,1H75-21,PRESSURE REGULATOR,BAMN,REC,,BAMN,174.0
2026-08-03,3040261357,2682001-1,BRAKE CYL MAST,BABE,OS concluída,REPARADO,,
2026-08-03,3040261356,2670104-2,ANNUNCIATOR PANEL,PAMALS,REC,REPARADO,VEE ONE,174.0
2026-08-03,3040261355,2643100-201,NOSE GEAR STRUT ASSY - TALL FORK,BABR,OS concluída,REPARADO,,
2026-08-03,3040261354,2643100-201,NOSE GEAR STRUT ASSY - TALL FORK,BANT,REC,EM REPARO,AV AERONAUTICA,174.0
2026-08-03,3040261364,8210-002-01,GOVERNOR PROPELLER,PAMASP,REC,REPARADO,VEE ONE,174.0
2026-08-03,3040261627,S3828-1,ALTIMETER,BAMN,REC,EM REPARO,WILLIAM,160.0
2026-08-03,3040261628,S3828-1,ALTIMETER,BABE,REC,REPARADO,V1 PAMA-LS,160.0
2026-08-03,3040261851,51539-012MRX,CONTROL UNIT ASSY-GENERATOR,BABE,REC,EM REPARO,VEE ONE,152.0
2026-08-03,3040261852,51539-012MRX,CONTROL UNIT ASSY-GENERATOR,BABE,REC,EM REPARO,VEE ONE,152.0
2026-08-03,3040261843,3034792,BOMBA DE COMBUSTÍVEL,PAMALS,REC,EM REPARO,VEE ONE,147.0
2026-08-03,3040262245,200SGL119Q-2,STARTER GENERATOR,BAMN,OS concluída,REPARADO,,
2026-08-03,3040262246,200SGL119Q-2,STARTER GENERATOR,BAMN,OS concluída,REPARADO,,
2026-08-03,3040262273,324843-W020,HEADSET-MICROPHONE,BABE,OS concluída,REPARADO,,
2026-08-03,3040262275,324843-W020,HEADSET-MICROPHONE,BANT,OS concluída,REPARADO,,
2026-08-03,3040262363,066-1055-00,AUDIO CONTROL PANEL,ALA 5,OS concluída,,,
2026-08-03,3040262367,066-1055-00,AUDIO CONTROL PANEL,ALA 9,REC,EM REPARO,WILLIAM,130.0
2026-08-03,3040262368,066-1055-00,AUDIO CONTROL PANEL,CLA,OS concluída,,,
2026-08-03,3040262372,51539-012M,CONTROL UNIT ASSY-GENERATOR,BANT,REC,,V1 PAMA-LS,130.0
2026-08-03,3040262371,51539-012N,CONTROL UNIT ASSY-GENERATOR,BANT,REC,REPARADO,V1 PAMA-LS,130.0
2026-08-03,3040262419,065-0061-36,ACTUATOR TRIM (KS272A),ALA 9,REC,EM REPARO,WILLIAM,125.0
2026-08-03,3040262734,C352,PORTABLE HALON FIRE EXTINGUISHERS,ALA 5,REC,EM REPARO,AV AERONAUTICA,112.0
2026-08-03,3040262738,C352TS,"EXTINGUISHER,FIRE",BANT,REC,,PROCURANDO,112.0
2026-08-03,3040262739,C352TS,"EXTINGUISHER,FIRE",BANT,REC,,PROCURANDO,112.0
2026-08-03,3040262740,C352TS,"EXTINGUISHER,FIRE",PAMALS,REC,,PROCURANDO,112.0
2026-08-03,3040262766,011-00883-20,RADAR GWX 68 WEATHER,BAMN,OS concluída,EM REPARO,VEE ONE,
2026-08-03,3040262765,011-00883-20,RADAR GWX 68 WEATHER,BAMN,REC,EM REPARO,VEE ONE,112.0
2026-08-03,3040262772,011-01020-10,AFCS MODE CONTROLLER GMC 710,BAMN,REC,EM REPARO,WILLIAM,112.0
2026-08-03,3040262770,011-01020-10,AFCS MODE CONTROLLER GMC 710,BAMN,REC,EM REPARO,WILLIAM,112.0
2026-08-03,3040262773,011-01020-10,AFCS MODE CONTROLLER GMC 710,BAMN,REC,EM REPARO,WILLIAM,112.0
2026-08-03,3040262746,066-1070-01,TRANSCEIVER DME (KN63),BABE,REC,EM REPARO,WILLIAM,112.0
2026-08-03,3040262745,064-1019-05,VHF TRANSCEIVE KY196,EEAR,REC,EM REPARO,VEE ONE,112.0
2026-08-03,3040262747,066-1072-00,RECEIVER ADF (KING KR87),ALA 7,REC,EM REPARO,WILLIAM,112.0
2026-08-03,3040262748,066-3046-07,"CONTROL,INDICATOR",BABR,REC,,BANT,112.0
2026-08-03,3040262769,066-3046-07,"CONTROL,INDICATOR",BABR,REC,,BANT,112.0
2026-08-03,3040262768,066-3046-07,"CONTROL,INDICATOR",EEAR,REC,EM REPARO,LEAP,112.0
2026-08-03,3040262767,066-3046-07,"CONTROL,INDICATOR",EEAR,REC,EM REPARO,LEAP,112.0
2026-08-03,3040262791,066-3060-00,IND RMI KNI582,BANT,REC,EM REPARO,LEAP,112.0
2026-08-03,3040262630,161-11700,INNER WHEEL HALF ASSY,BANT,REC,REPARADO,VEE ONE,112.0
2026-08-03,3040262792,066-3060-00,IND RMI KNI582,BANT,REC,EM REPARO,LEAP,112.0
2026-08-03,3040262634,162-10700,OUTER WHEEL HALF ASSY,BANT,REC,REPARADO,VEE ONE,112.0
2026-08-03,3040262632,161-12800,WHEEL HALF ASSY-INNER,BANT,OS concluída,REPARADO,VEE ONE,
2026-08-03,3040262633,161-12800,WHEEL HALF ASSY-INNER,BANT,REC,REPARADO,VEE ONE,112.0
2026-08-03,3040262635,162-11800,WHEEL HALF ASSY-OUTER,EPCAR,REC,REPARADO,VEE ONE,112.0
2026-08-03,3040262637,162-11800,WHEEL HALF ASSY-OUTER,BANT,REC,REPARADO,VEE ONE,112.0
2026-08-03,3040262636,162-11800,WHEEL HALF ASSY-OUTER,BANT,REC,REPARADO,VEE ONE,112.0
2026-08-03,3040262646,200SGL119Q,STARTER GENERATOR,PAMASP,OS concluída,,,
2026-08-03,3040262639,200SGL119Q,STARTER GENERATOR,PAMASP,OS concluída,,PAMA-LS,
2026-08-03,3040262638,200SGL119Q,STARTER GENERATOR,PAMALS,REC,EM REPARO,AV AERONAUTICA,112.0
2026-08-03,3040262757,2606015-2,IND OIL TEMP/P,PAMALS,REC,EM REPARO,VEE ONE,112.0
2026-08-03,3040262706,2641011-5,AXLE-MAIN GEAR,BAMN,REC,,BANT,112.0
2026-08-03,3040262707,2641011-5,AXLE-MAIN GEAR,BABV,REC,REPARADO,VEE ONE,112.0
2026-08-03,3040262717,2641011-5,AXLE-MAIN GEAR,BANT,REC,REPARADO,VEE ONE,112.0
2026-08-03,3040262714,2641011-5,AXLE-MAIN GEAR,BAPV,REC,,BANT,112.0
2026-08-03,3040262713,2641011-5,AXLE-MAIN GEAR,BAPV,REC,REPARADO,VEE ONE,112.0
2026-08-03,3040262712,2641011-5,AXLE-MAIN GEAR,BABR,REC,,BANT,112.0
2026-08-03,3040262711,2641011-5,AXLE-MAIN GEAR,BABR,REC,,BANT,112.0
2026-08-03,3040262709,2641011-5,AXLE-MAIN GEAR,PAMALS,REC,,BANT,112.0
2026-08-03,3040262708,2641011-5,AXLE-MAIN GEAR,PAMALS,REC,,BANT,112.0
2026-08-03,3040262744,3244809-1A,F.C.U,PAMALS,REC,EM REPARO,LEAP,112.0
2026-08-03,3040262758,9910338-4,FUEL TOTALIZER INDICATOR,PAMALS,REC,EM REPARO,VEE ONE,112.0
2026-08-03,3040262759,9910338-6,"TRANSMITTER,RATE OF FLOW",BAMN,REC,EM REPARO,WILLIAM,112.0
2026-08-03,3040262760,9910338-6,"TRANSMITTER,RATE OF FLOW",BANT,REC,EM REPARO,VEE ONE,112.0
2026-08-03,3040262966,2682001-1,BRAKE CYL MAST,BACO,OS concluída,,PAMA-LS,
2026-08-03,3040262967,2682001-1,BRAKE CYL MAST,PAMALS,REC,REPARADO,V1 PAMA-LS,110.0
2026-08-03,3040262968,2682001-1,BRAKE CYL MAST,BANT,OS concluída,,PAMA-LS,
2026-08-03,3040262969,2682001-1,BRAKE CYL MAST,BABE,REC,REPARADO,V1 PAMA-LS,110.0
2026-08-03,3040263069,453-5060,ELT C406-N,BABE,OS concluída,,,
2026-08-03,3040263283,D145-00-46-2,FLAP ACTUATOR ASSY,PAMALS,REC,EM REPARO,LEAP,95.0
2026-08-03,3040263284,D145-00-46-2,FLAP ACTUATOR ASSY,BAFL,REC,EM REPARO,LEAP,95.0
2026-08-03,3040263324,069-01033-0101,"RECEIVER-TRANSMITTER,RADIO",PAMALS,REC,EM REPARO,LEAP,95.0
2026-08-03,3040263287,C661065-0237,AIRSPEED INDICATOR,BABR,REC,REPARADO,VEE ONE,95.0
2026-08-03,3040263288,C661065-0237,AIRSPEED INDICATOR,PAMASP,REC,REPARADO,VEE ONE,95.0
2026-08-03,3040263314,060-0017-00,FLIGHT DIR HOR,EEAR,REC,EM REPARO,LEAP,95.0
2026-08-03,3040263319,066-1055-00,AUDIO CONTROL PANEL,BABE,REC,REPARADO,VEE ONE,95.0
2026-08-03,3040263317,060-0017-00,FLIGHT DIR HOR,PAMASP,REC,,BANT,95.0
2026-08-03,3040263316,060-0017-00,FLIGHT DIR HOR,BANT,REC,,BANT,95.0
2026-08-03,3040263320,066-1055-00,AUDIO CONTROL PANEL,PAMALS,REC,EM REPARO,AV AERONAUTICA,95.0
2026-08-03,3040263325,069-01033-0101,"RECEIVER-TRANSMITTER,RADIO",PAMALS,REC,,PROCURANDO,95.0
2026-08-03,3040263335,C611008-0101,ALTERNATOR CONTROL UNIT,PAMALS,REC,EM REPARO,AV AERONAUTICA,95.0
2026-08-03,3040263336,C611008-0101,ALTERNATOR CONTROL UNIT,PAMALS,REC,EM REPARO,AV AERONAUTICA,95.0
2026-08-03,3040263286,C661065-0237,AIRSPEED INDICATOR,BANT,REC,DEVOLVIDO NO ESTADO,WILLIAM,95.0
2026-08-03,3040263322,066-1055-00,AUDIO CONTROL PANEL,ALA 9,REC,EM REPARO,WILLIAM,95.0
2026-08-03,3040263326,069-01033-0101,"RECEIVER-TRANSMITTER,RADIO",PAMALS,REC,,BANT,95.0
2026-08-03,3040263315,060-0017-00,FLIGHT DIR HOR,BACG,OS concluída,,BABR,
2026-08-03,3040263334,011-00916-10,"DISPLAY UNIT,FLIGHT INFORMATION",BACO,REC,VAI SER DEVOLVIDO SEM REPARO,WILLIAM,95.0
2026-08-03,3040263333,011-00916-10,"DISPLAY UNIT,FLIGHT INFORMATION",BACO,REC,EM REPARO,WILLIAM,95.0
2026-08-03,3040263332,011-00916-10,"DISPLAY UNIT,FLIGHT INFORMATION",BAMN,OS concluída,EM REPARO,WILLIAM,
2026-08-03,3040263331,C661064-0237,AIRSPEED INDICATOR,PAMALS,REC,VAI SER DEVOLVIDO SEM REPARO,WILLIAM,95.0
2026-08-03,3040263329,C661064-0237,AIRSPEED INDICATOR,PAMALS,REC,EM REPARO,WILLIAM,95.0
2026-08-03,3040263328,C661064-0237,AIRSPEED INDICATOR,BABR,REC,EM REPARO,WILLIAM,95.0
2026-08-03,3040263327,C661064-0237,AIRSPEED INDICATOR,BABR,REC,EM REPARO,WILLIAM,95.0
2026-08-03,3040263330,C661064-0237,AIRSPEED INDICATOR,PAMALS,REC,EM REPARO,WILLIAM,95.0
2026-08-03,3040263338,C611008-0101,ALTERNATOR CONTROL UNIT,PAMALS,REC,REPARADO,V1 PAMA-LS,95.0
2026-08-03,3040263433,066-03064-0005,"ALTIMETER,SERVO CONTROLLED,AUTOMATIC PRESSURE",BACG,REC,EM REPARO,WILLIAM,89.0
2026-08-03,3040263435,066-03064-0005,"ALTIMETER,SERVO CONTROLLED,AUTOMATIC PRESSURE",BANT,REC,EM REPARO,WILLIAM,89.0
2026-08-03,3040263434,066-03064-0005,"ALTIMETER,SERVO CONTROLLED,AUTOMATIC PRESSURE",PAMASP,REC,VAI SER DEVOLVIDO SEM REPARO,WILLIAM,89.0
2026-08-03,3040263417,069-01033-0101,"RECEIVER-TRANSMITTER,RADIO",PAMALS,REC,EM REPARO,WILLIAM,89.0
2026-08-03,3040263416,069-01033-0101,"RECEIVER-TRANSMITTER,RADIO",BASM,REC,EM REPARO,WILLIAM,89.0
2026-08-03,3040263415,069-01033-0101,"RECEIVER-TRANSMITTER,RADIO",BABR,REC,,BANT,89.0
2026-08-03,3040263447,066-3046-07,"CONTROL,INDICATOR",CLA,REC,,BABR,89.0
2026-08-03,3040263443,3244897-4,FUEL CONTROL UNIT,PAMALS,REC,EM REPARO,LEAP,88.0
2026-08-03,3040263444,3244897-4,FUEL CONTROL UNIT,PAMALS,REC,EM REPARO,LEAP,88.0
2026-08-03,3040263577,060-0015-00,"CONTROL,DIRECTIONAL,AUTOMATIC PILOT",ALA 5,REC,EM REPARO,WILLIAM,83.0
2026-08-03,3040263574,066-1072-04,"RECEIVER,RADIO",BABE,REC,EM REPARO,WILLIAM,83.0
2026-08-03,3040263576,066-1072-04,"RECEIVER,RADIO",BAMN,OS concluída,DEVOLVIDO NO ESTADO,WILLIAM,
2026-08-03,3040263575,066-1072-04,"RECEIVER,RADIO",BABE,REC,EM REPARO,WILLIAM,83.0
2026-08-03,3040263573,066-3084-32,IND RDR 2000 IN-182A,PAMALS,REC,,BABR,83.0
2026-08-03,3040263571,066-3084-32,IND RDR 2000 IN-182A,PAMALS,REC,EM REPARO,WILLIAM,83.0
2026-08-03,3040263572,066-3084-32,IND RDR 2000 IN-182A,PAMALS,REC,EM REPARO,WILLIAM,83.0
2026-08-03,3040263448,2618510-10,ALTERNATOR CONTROL UNIT ASSY,BABE,REC,EM REPARO,WILLIAM,83.0
2026-08-03,3040263449,2618510-10,ALTERNATOR CONTROL UNIT ASSY,PAMALS,REC,EM REPARO,WILLIAM,83.0
2026-08-03,3040263877,2641011-5,AXLE-MAIN GEAR,CLA,REC,EM REPARO,LEAP,73.0
2026-08-03,3040263878,2641011-5,AXLE-MAIN GEAR,CLA,REC,EM REPARO,LEAP,73.0
2026-08-03,3040264243,069-01033-0101,"RECEIVER-TRANSMITTER,RADIO",PAMALS,REC,EM REPARO,WILLIAM,66.0
2026-08-03,3040264244,069-01033-0101,"RECEIVER-TRANSMITTER,RADIO",PAMASP,REC,EM REPARO,WILLIAM,66.0
2026-08-03,3040264246,060-0017-00,FLIGHT DIR HOR,PAMALS,REC,EM REPARO,WILLIAM,66.0
2026-08-03,3040264237,200SGL119Q-2,STARTER GENERATOR,BAMN,REC,EM REPARO,AV AERONAUTICA,66.0
2026-08-03,3040264236,200SGL119Q-2,STARTER GENERATOR,BABE,REC,,BABE,66.0
2026-08-03,3040264121,3244897-4,FUEL CONTROL UNIT,BABE,OS concluída,EM REPARO,LEAP,
2026-08-03,3040264263,9910338-8,"INDICATOR,FUEL FLOW",PAMALS,OS concluída,,BABR,
2026-08-03,3040264262,9910338-8,"INDICATOR,FUEL FLOW",BABV,REC,EM REPARO,WILLIAM,66.0
2026-08-03,3040264242,324843-2020,HEADSET-MICROPHONE,BABE,REC,EM REPARO,WILLIAM,66.0
2026-08-03,3040264264,324843-2020,HEADSET-MICROPHONE,DACTA II,REC,EM REPARO,WILLIAM,66.0
2026-08-03,3040264238,324843-2020,HEADSET-MICROPHONE,DACTA II,REC,EM REPARO,WILLIAM,66.0
2026-08-03,3040264241,324843-2020,HEADSET-MICROPHONE,DACTA II,REC,EM REPARO,WILLIAM,66.0
2026-08-03,3040264240,324843-2020,HEADSET-MICROPHONE,DACTA II,REC,EM REPARO,WILLIAM,66.0
2026-08-03,3040264122,3244809-8,"FUEL CONTROL,MAIN,TURBINE ENGINE",BABE,OS concluída,,BABR,
2026-08-03,3040263797,066-3046-07,"CONTROL,INDICATOR",BABE,REC,EM REPARO,WILLIAM,66.0
2026-08-03,3040263798,066-3046-07,"CONTROL,INDICATOR",PAMASP,REC,EM REPARO,WILLIAM,66.0
2026-08-03,3040263799,066-3046-07,"CONTROL,INDICATOR",PAMASP,REC,EM REPARO,WILLIAM,66.0
2026-08-03,3040263795,071-01519-0101,"RECEIVER-EXCITER,RADAR",PAMALS,REC,,PROCURANDO,66.0
2026-08-03,3040263796,071-01519-0101,"RECEIVER-EXCITER,RADAR",PAMALS,REC,,PROCURANDO,66.0
2026-08-03,3040264579,060-0017-00,FLIGHT DIR HOR,BABR,OS concluída,,,
2026-08-03,3040264577,060-0017-00,FLIGHT DIR HOR,PAMALS,REC,,,54.0
2026-08-03,3040264573,060-0017-00,FLIGHT DIR HOR,BANT,REC,,,54.0
2026-08-03,3040264574,060-0017-00,FLIGHT DIR HOR,BANT,REC,,,54.0
2026-08-03,3040264576,060-0017-00,FLIGHT DIR HOR,PAMALS,REC,,,54.0
2026-08-03,3040264572,060-0017-00,FLIGHT DIR HOR,PAMASP,REC,,,54.0
2026-08-03,3040264647,1H75-21,PRESSURE REGULATOR,BAMN,REC,,,49.0
2026-08-03,3040264646,1H75-21,PRESSURE REGULATOR,PAMASP,REC,,,49.0
2026-08-03,3040264645,1H75-21,PRESSURE REGULATOR,PAMASP,REC,,,49.0
2026-08-03,3040264643,1H75-21,PRESSURE REGULATOR,PAMASP,REC,,,49.0
2026-08-03,3040264707,3244809-7,"FUEL CONTROL,MAIN,TURBINE ENGINE",BABE,REC,,,49.0
2026-08-03,3040264709,540-1407-4,"VALVE,BLEED,TURBINEENGINE",PAMASP,REC,,,49.0
2026-08-03,3040264710,200SGL153Q,"STARTER-GENERATOR,ENGINE,AIRCRAFT",CLA,REC,,,49.0
2026-08-03,3040264711,200SGL153Q,"STARTER-GENERATOR,ENGINE,AIRCRAFT",PAMASP,REC,,,49.0
2026-08-03,3040264712,200SGL153Q,"STARTER-GENERATOR,ENGINE,AIRCRAFT",BACG,REC,,,49.0
2026-08-03,3040264718,9910338-8,"INDICATOR,FUEL FLOW",PAMALS,REC,,,49.0
2026-08-03,3040264719,S3326-2,"INDICATOR,HORIZONTAL SITUATION",ALA 8,REC,,,49.0
2026-08-03,3040264720,S3326-2,"INDICATOR,HORIZONTAL SITUATION",PAMALS,REC,,,49.0
2026-08-03,3040264721,S3326-2,"INDICATOR,HORIZONTAL SITUATION",PAMASP,REC,,,49.0
2026-08-03,3040264724,2606013-1AM,INDICADOR PERCENTUAL RPM,BABV,REC,,,49.0
2026-08-03,3040264725,2606013-1AM,INDICADOR PERCENTUAL RPM,BABR,REC,,,49.0
2026-08-03,3040264726,2606015-4,INDICATOR-OIL TEMP/OIL PRESS,BANT,REC,,,49.0
2026-08-03,3040264727,C661051-0201,GYRO HORIZON,ALA 10,REC,,,49.0
2026-08-03,3040264728,504-0111-906,GYRO HORIZON,PAMALS,REC,,,49.0
2026-08-03,3040264729,504-0111-906,GYRO HORIZON,BACG,REC,,,49.0
2026-08-03,3040264730,8210-003,"GOVERNOR,FUEL CONTROL",PAMASP,REC,,,49.0
2026-08-03,3040264731,8210-002,"GOVERNOR,CONSTANT SPEED DRIVE",PAMASP,REC,,,49.0
2026-08-03,3040264732,8210-002,"GOVERNOR,CONSTANT SPEED DRIVE",BAMN,REC,,,49.0
2026-08-03,3040264733,030-18200,MAIN WHEEL BRAKE,BAMN,REC,,,49.0
2026-08-03,3040264734,030-18200,MAIN WHEEL BRAKE,BAMN,REC,,,49.0
2026-08-03,3040264735,161-11700,INNER WHEEL HALF ASSY,PAMALS,REC,,,49.0
2026-08-03,3040264736,161-12800,WHEEL HALF ASSY-INNER,BABR,REC,,,49.0
2026-08-03,3040264737,161-12800,WHEEL HALF ASSY-INNER,PAMALS,AUT,,,49.0
2026-08-03,3040264738,162-10700,OUTER WHEEL HALF ASSY,BACO,AUT,,,49.0
2026-08-03,3040264807,011-01105-01,INTEGRATED AVIONICS UNIT GIA63W,ALA 8,REC,,,41.0
2026-08-03,3040264808,011-01105-01,INTEGRATED AVIONICS UNIT GIA63W,BAMN,REC,,,41.0
2026-08-03,3040264907,011-00916-10,"DISPLAY UNIT,FLIGHT INFORMATION",BAMN,REC,,,34.0
2026-08-03,3040264908,011-00916-10,"DISPLAY UNIT,FLIGHT INFORMATION",BABV,REC,,,34.0
2026-08-03,3040264974,3244809-8,"FUEL CONTROL,MAIN,TURBINE ENGINE",BAMN,REC,,,32.0
2026-08-03,3040264961,3244897-4,FUEL CONTROL UNIT,CLA,REC,,,32.0
2026-08-03,3040264960,3034792,BOMBA DE COMBUSTÍVEL,CLA,REC,,,32.0
2026-08-03,3040265144,011-01020-10,AFCS MODE CONTROLLER GMC 710,BABE,REC,,,26.0
2026-08-03,3040265140,011-01020-10,AFCS MODE CONTROLLER GMC 710,BABE,REC,,,26.0
2026-08-03,3040265482,066-3084-32,IND RDR 2000 IN-182A,BABR,REC,,,11.0
2026-08-03,3040265484,066-3084-32,IND RDR 2000 IN-182A,BANT,REC,,,11.0
2026-08-03,3040265485,066-3084-32,IND RDR 2000 IN-182A,BABR,REC,,,11.0
2026-08-03,3040265526,ASG12000-2,ALTERNATOR,PAMALS,REC,,,7.0
2026-08-03,3040265525,ASG12000-2,ALTERNATOR,BABR,REC,,,7.0
2026-08-03,3040265527,9910592-2,ALTERNADOR,BABR,REC,,,7.0
2026-08-03,3040265533,3122678-04,FUEL CONTROL UNIT,BABR,REC,,,7.0
2026-08-03,3040265532,C611505-0201,ALTERNATOR,BANT,REC,,,7.0
2026-08-03,3040265530,C611505-0201,ALTERNATOR,BABV,REC,,,7.0
2026-08-03,3040265528,9910592-2,ALTERNADOR,BABR,REC,,,7.0
2026-08-03,3040265724,3244897-4,FUEL CONTROL UNIT,CLA,REC,,,6.0
2026-08-03,3040265474,C611008-0101,ALTERNATOR CONTROL UNIT,PAMALS,REC,,,4.0
2026-08-03,3040265475,C611008-0101,ALTERNATOR CONTROL UNIT,BABV,REC,,,4.0
2026-08-03,3040265476,C611008-0101,ALTERNATOR CONTROL UNIT,PAMALS,REC,,,4.0
2026-08-03,3040265477,C611008-0101,ALTERNATOR CONTROL UNIT,PAMALS,REC,,,4.0
2026-08-03,3040265576,011-00916-10,"DISPLAY UNIT,FLIGHT INFORMATION",BAMN,REC,,,3.0
2026-08-03,3040265580,011-00916-00,DISPLAY UNIT GDU 1040A,PAMALS,AUT,,,7.0
2026-08-03,3040265581,011-00916-00,DISPLAY UNIT GDU 1040A,PAMALS,AUT,,,7.0
2026-08-03,3040265589,EA-5175-52-CES,INDICATOR TRUE,BABV,AUT,,,7.0
2026-08-03,3040265590,EA-5175-52-CES,INDICATOR TRUE,BASM,AUT,,,7.0
2026-08-03,3040265591,EA-5175-52-CES,INDICATOR TRUE,BABV,AUT,,,7.0
2026-08-03,3040265592,EA-5175-52-CES,INDICATOR TRUE,BABV,AUT,,,7.0
2026-08-03,3040265668,9910592-2,ALTERNADOR,PAMALS,AUT,,,7.0
2026-08-03,3040265678,9910592-2,ALTERNADOR,BAMN,AUT,,,7.0
2026-08-03,3040265679,C611505-0201,ALTERNATOR,PAMALS,AUT,,,7.0
2026-08-03,3040265680,C611505-0201,ALTERNATOR,ALA 8,AUT,,,7.0
2026-08-03,3040265726,071-01519-0101,"RECEIVER-EXCITER,RADAR",PAMALS,AUT,,,6.0
2026-08-03,3040265727,071-01519-0101,"RECEIVER-EXCITER,RADAR",CLA,AUT,,,6.0
2026-08-03,3040265728,C163030-1001,MAIN W BRAKE A,BAMN,AUT,,,6.0
2026-08-03,3040265731,066-3046-07,"CONTROL,INDICATOR",BABR,AUT,,,6.0
2026-08-03,3040265732,066-3046-07,"CONTROL,INDICATOR",BANT,AUT,,,6.0
2026-08-03,3040265734,066-3046-07,"CONTROL,INDICATOR",EEAR,AUT,,,6.0
2026-08-03,3040265735,066-3046-07,"CONTROL,INDICATOR",CLA,AUT,,,6.0
2026-08-03,3040265736,C611008-0101,ALTERNATOR CONTROL UNIT,BABV,AUT,,,6.0
2026-08-03,3040265737,C611008-0101,ALTERNATOR CONTROL UNIT,EEAR,AUT,,,6.0
2026-08-03,3040265738,C611008-0101,ALTERNATOR CONTROL UNIT,PAMALS,AUT,,,6.0
2026-08-03,3040265739,C611008-0101,ALTERNATOR CONTROL UNIT,BANT,AUT,,,6.0
2026-08-03,3040265740,C611008-0101,ALTERNATOR CONTROL UNIT,BABE,AUT,,,6.0
2026-08-03,3040265741,C611008-0101,ALTERNATOR CONTROL UNIT,BABR,AUT,,,6.0
2026-08-03,3040265742,066-1072-04,"RECEIVER,RADIO",BACG,AUT,,,6.0
2026-08-03,3040265743,066-1072-04,"RECEIVER,RADIO",BAMN,AUT,,,6.0
2026-08-03,3040265744,066-1072-04,"RECEIVER,RADIO",PAMALS,AUT,,,6.0
2026-08-03,3040265745,066-3084-32,IND RDR 2000 IN-182A,PAMALS,AUT,,,6.0
2026-08-03,3040265746,066-3084-32,IND RDR 2000 IN-182A,PAMALS,AUT,,,6.0
2026-08-03,3040265747,30994-001,BATTERY-MARATHON TSP410 NICAD,PAMALS,AUT,,,6.0
2026-08-03,3040265748,30994-001,BATTERY-MARATHON TSP410 NICAD,PAMALS,AUT,,,6.0
2026-08-03,3040265749,30994-001,BATTERY-MARATHON TSP410 NICAD,PAMALS,AUT,,,6.0
2026-08-03,3040265750,30994-001,BATTERY-MARATHON TSP410 NICAD,PAMALS,AUT,,,6.0
2026-08-03,3040265751,30994-001,BATTERY-MARATHON TSP410 NICAD,PAMALS,AUT,,,6.0
2026-08-03,3040265752,2641011-5,AXLE-MAIN GEAR,BAMN,AUT,,,6.0
2026-08-03,3040265753,2641011-5,AXLE-MAIN GEAR,BAMN,AUT,,,6.0
2026-08-03,3040265754,161-11700,INNER WHEEL HALF ASSY,BACO,AUT,,,6.0
2026-08-03,3040265755,161-12800,WHEEL HALF ASSY-INNER,BABE,AUT,,,6.0
2026-08-03,3040265757,066-01141-0101,"RECEIVER,RADIO",PAMALS,AUT,,,6.0
2026-08-03,3040265758,066-01141-0101,"RECEIVER,RADIO",PAMALS,AUT,,,6.0
2026-08-03,3040265759,C660501-0103,"COMPASS,SPEC",DACTA II,AUT,,,6.0
2026-08-03,3040265769,023694-000,BATTERY NICKEL CADMIUM,BAPV,AUT,,,5.0
2026-08-03,3040265771,2651023-23,ENGINE MOUNT ASSEMBLY,PAMALS,AUT,,,5.0
2026-08-03,3040265772,2651023-23,ENGINE MOUNT ASSEMBLY,PAMALS,AUT,,,5.0
2026-08-03,3040265892,324843-0020,HEADSET-MICROPHONE,PAMALS,AUT,,,0.0
2026-08-03,3040265893,324843-0020,HEADSET-MICROPHONE,PAMALS,AUT,,,0.0
2026-08-03,3040265894,324843-0020,HEADSET-MICROPHONE,PAMALS,AUT,,,0.0
2026-08-03,3040265895,324843-0020,HEADSET-MICROPHONE,PAMALS,AUT,,,0.0
2026-08-04,3040249831,066-01141-5101,"RECEIVER-TRANSMITTER,RADIO (KT71)",PAMALS,REC,EM REPARO,LEAP,540.0
2026-08-04,3040250248,452-0133,"BATTERY,NONRECHARGEABLE",BABR,REC,CONDENADO,VEE ONE,524.0
2026-08-04,3040250249,452-0133,"BATTERY,NONRECHARGEABLE",BAMN,REC,CONDENADO,VEE ONE,524.0
2026-08-04,3040250234,3034792,BOMBA DE COMBUSTÍVEL,PAMALS,REC,,BANT,524.0
2026-08-04,3040250816,453-5060,"BEACON,DISTRESS",BAMN,REC,,PAMA-LS,502.0
2026-08-04,3040250830,799-1,TRANSDUCER,BACO,REC,,BANT,502.0
2026-08-04,3040250829,51539-012N,CONTROL UNIT ASSY-GENERATOR,BAMN,OS concluída,,,
2026-08-04,3040250828,51539-012N,CONTROL UNIT ASSY-GENERATOR,BACG,REC,,BABR,502.0
2026-08-04,3040250827,51539-012N,CONTROL UNIT ASSY-GENERATOR,BANT,REC,,BABR,502.0
2026-08-04,3040250831,799-1,TRANSDUCER,BANT,REC,,BANT,502.0
2026-08-04,3040250833,9910586-4,FLAP ACTUATOR AND MOTOR ASSEMBLY,ALA 3,REC,,BAMN,502.0
2026-08-04,3040250834,9910586-4,FLAP ACTUATOR AND MOTOR ASSEMBLY,ALA 3,OS concluída,CONDENADO,,
2026-08-04,3040250832,9910338-4,FUEL TOTALIZER INDICATOR,EEAR,REC,,PAMA-LS,502.0
2026-08-04,3040250835,ASG12000-2,ALTERNATOR,ALA 5,REC,REPARADO,V1 PAMA-LS,502.0
2026-08-04,3040250841,C661030-0301,TURN BANK,PAMALS,REC,EM REPARO,LEAP,502.0
2026-08-04,3040250842,C662041-0102,INDICATOR FUEL,ALA 5,REC,,PAMA-LS,502.0
2026-08-04,3040250844,C662041-0102,INDICATOR FUEL,ALA 9,REC,,PAMA-LS,502.0
2026-08-04,3040250843,C662041-0102,INDICATOR FUEL,ALA 10,OS concluída,REPARADO,,
2026-08-04,3040250719,060-0017-00,FLIGHT DIR HOR,PAMALS,REC,,BANT,502.0
2026-08-04,3040250720,060-0017-00,FLIGHT DIR HOR,BABV,OS concluída,REPARADO,,
2026-08-04,3040250722,066-01141-5101,"RECEIVER-TRANSMITTER,RADIO (KT71)",ALA 9,REC,EM REPARO,WILLIAM,502.0
2026-08-04,3040250723,066-01141-5101,"RECEIVER-TRANSMITTER,RADIO (KT71)",CLA,REC,,BABR,502.0
2026-08-04,3040250721,060-0017-00,FLIGHT DIR HOR,BANT,OS concluída,REPARADO,,
2026-08-04,3040250725,066-3046-07,"CONTROL,INDICATOR",ALA 10,OS concluída,REPARADO,,
2026-08-04,3040250724,066-04035-1101,"DISPLAY UNIT,RADAR",PAMALS,REC,,BANT,502.0
2026-08-04,3040250732,069-1025-25,"RECEIVER-TRANSMITTER,RADIO - KX165",PAMALS,REC,EM REPARO,WILLIAM,502.0
2026-08-04,3040250782,2606012-1,INDICATOR-INTER-TURBINE TEMPERATURE,ALA 9,OS concluída,,,
2026-08-04,3040250775,161-11700,INNER WHEEL HALF ASSY,BABE,OS concluída,CONDENADO,,
2026-08-04,3040250773,161-11700,INNER WHEEL HALF ASSY,EEAR,REC,,BACG,502.0
2026-08-04,3040250718,030-18200,MAIN WHEEL BRAKE,BACO,OS concluída,REPARADO,,
2026-08-04,3040250716,030-18200,MAIN WHEEL BRAKE,BABV,REC,EM REPARO,LEAP,502.0
2026-08-04,3040250717,030-18200,MAIN WHEEL BRAKE,BACO,OS concluída,REPARADO,,
2026-08-04,3040250780,162-11800,WHEEL HALF ASSY-OUTER,PAMALS,OS concluída,,,
2026-08-04,3040250781,162-11800,WHEEL HALF ASSY-OUTER,BACG,OS concluída,,,
2026-08-04,3040250778,161-12800,WHEEL HALF ASSY-INNER,BACG,OS concluída,REPARADO,,
2026-08-04,3040250776,161-12800,WHEEL HALF ASSY-INNER,BABE,OS concluída,CONDENADO,,
2026-08-04,3040250790,2643031-7,"FORK ASSY,NOSE GEAR SPRING",BAMN,OS concluída,CONDENADO,,
2026-08-04,3040250791,2643090-1,SHIMMY DAMPENE,BANT,REC,EM REPARO,AV AERONAUTICA,502.0
2026-08-04,3040250792,2643090-1,SHIMMY DAMPENE,BAMN,REC,REPARADO,V1 PAMA-LS,502.0
2026-08-04,3040250789,2641012-14,TRUNNION ASSY-RH-MAIN GEAR,PAMASP,OS concluída,CONDENADO,,
2026-08-04,3040250793,2643099-4,"SUPPORT ASSY FOWARD, NLG SPRING",BAMN,OS concluída,CONDENADO,,
2026-08-04,3040250798,30994-001,BATTERY-MARATHON TSP410 NICAD,BANT,OS concluída,CONDENADO,AMA - VEE ONE,
2026-08-04,3040252191,C611008-0101,ALTERNATOR CONTROL UNIT,PAMALS,REC,,BABR,469.0
2026-08-04,3040252159,011-00916-00,DISPLAY UNIT GDU 1040A,BAMN,REC,,BAMN,469.0
2026-08-04,3040252161,065-0042-03,COMPUTER PA,ALA 10,REC,EM REPARO,WILLIAM,469.0
2026-08-04,3040252162,065-0042-03,COMPUTER PA,EEAR,REC,,BABE,469.0
2026-08-04,3040252164,065-0042-03,COMPUTER PA,EEAR,REC,EM REPARO,WILLIAM,469.0
2026-08-04,3040252165,065-0042-03,COMPUTER PA,PAMALS,OS concluída,,,
2026-08-04,3040252166,065-0059-01,SERVO PITCH,EEAR,REC,EM REPARO,WILLIAM,469.0
2026-08-04,3040252168,066-03064-0005,"ALTIMETER,SERVO CONTROLLED,AUTOMATIC PRESSURE",ALA 9,OS concluída,REPARADO,,
2026-08-04,3040252173,066-03064-0005,"ALTIMETER,SERVO CONTROLLED,AUTOMATIC PRESSURE",BANT,REC,EM REPARO,LEAP,469.0
2026-08-04,3040252172,066-03064-0005,"ALTIMETER,SERVO CONTROLLED,AUTOMATIC PRESSURE",PAMALS,REC,NO ESTADO,VEE ONE,469.0
2026-08-04,3040252170,066-03064-0005,"ALTIMETER,SERVO CONTROLLED,AUTOMATIC PRESSURE",ALA 7,REC,NO ESTADO,VEE ONE,469.0
2026-08-04,3040252178,066-1072-00,RECEIVER ADF (KING KR87),PAMALS,OS concluída,,,
2026-08-04,3040252182,066-1072-04,"RECEIVER,RADIO",ALA 9,OS concluída,REPARADO,,
2026-08-04,3040252181,066-1072-04,"RECEIVER,RADIO",PAMASP,REC,EM REPARO,WILLIAM,469.0
2026-08-04,3040252180,066-1072-04,"RECEIVER,RADIO",ALA 8,OS concluída,,,
2026-08-04,3040252185,066-1072-04,"RECEIVER,RADIO",BAMN,OS concluída,REPARADO,,
2026-08-04,3040252189,9910338-6,"TRANSMITTER,RATE OF FLOW",ALA 8,OS concluída,REPARADO,,
2026-08-04,3040252190,9910338-6,"TRANSMITTER,RATE OF FLOW",BABR,OS concluída,,,
2026-08-04,3040252160,011-01020-10,AFCS MODE CONTROLLER GMC 710,BAMN,OS concluída,,,
2026-08-04,3040252939,C163030-1001,MAIN W BRAKE A,BABV,REC,,BAMN,439.0
2026-08-04,3040252936,030-18200,MAIN WHEEL BRAKE,BACO,REC,,PAMA-LS,439.0
2026-08-04,3040252935,030-18200,MAIN WHEEL BRAKE,BAMN,OS concluída,CONDENADO,,
2026-08-04,3040252940,30-182,MAIN WHEEL BRAKE,BABV,OS concluída,CONDENADO,,
2026-08-04,3040252942,30-182,MAIN WHEEL BRAKE,BAMN,OS concluída,REPARADO,,
2026-08-04,3040252943,30-182,MAIN WHEEL BRAKE,BAMN,OS concluída,REPARADO,,
2026-08-04,3040253170,161-12800,WHEEL HALF ASSY-INNER,BASM,OS concluída,CONDENADO,,
2026-08-04,3040253168,161-12800,WHEEL HALF ASSY-INNER,BASM,REC,REPARADO,VEE ONE,435.0
2026-08-04,3040253172,161-12800,WHEEL HALF ASSY-INNER,PAMALS,REC,,PROCURANDO,435.0
2026-08-04,3040253174,161-12800,WHEEL HALF ASSY-INNER,PAMALS,OS concluída,CONDENADO,,
2026-08-04,3040253173,161-12800,WHEEL HALF ASSY-INNER,PAMALS,REC,EM REPARO,LEAP,435.0
2026-08-04,3040253176,162-10700,OUTER WHEEL HALF ASSY,BABE,OS concluída,CONDENADO,,
2026-08-04,3040253177,162-10700,OUTER WHEEL HALF ASSY,BABV,REC,REPARADO,VEE ONE,435.0
2026-08-04,3040253178,162-10700,OUTER WHEEL HALF ASSY,PAMALS,REC,,PROCURANDO,435.0
2026-08-04,3040253179,162-11800,WHEEL HALF ASSY-OUTER,CLA,OS concluída,CONDENADO,,
2026-08-04,3040253181,162-11800,WHEEL HALF ASSY-OUTER,PAMALS,OS concluída,REPARADO,,
2026-08-04,3040253180,162-11800,WHEEL HALF ASSY-OUTER,BASM,REC,,PROCURANDO,435.0
2026-08-04,3040253182,162-11800,WHEEL HALF ASSY-OUTER,PAMALS,REC,REPARADO,VEE ONE,435.0
2026-08-04,3040253536,2641012-14,TRUNNION ASSY-RH-MAIN GEAR,PAMALS,OS concluída,CONDENADO,,
2026-08-04,3040253529,066-03064-0005,"ALTIMETER,SERVO CONTROLLED,AUTOMATIC PRESSURE",DSM-MN,REC,DEVOLVIDO NO ESTADO,WILLIAM,425.0
2026-08-04,3040253528,066-03064-0005,"ALTIMETER,SERVO CONTROLLED,AUTOMATIC PRESSURE",BANT,OS concluída,REPARADO,,
2026-08-04,3040253532,799-1,TRANSDUCER,PAMALS,REC,,BANT,425.0
2026-08-04,3040253535,2643099-4,"SUPPORT ASSY FOWARD, NLG SPRING",BABE,REC,CONDENADO,VEE ONE,425.0
2026-08-04,3040253531,799-1,TRANSDUCER,BAMN,REC,,VEE ONE,425.0
2026-08-04,3040253530,799-1,TRANSDUCER,BAMN,REC,,BANT,425.0
2026-08-04,3040253526,30994-001,BATTERY-MARATHON TSP410 NICAD,PAMALS,OS concluída,CONDENADO,AMA - VEE ONE,
2026-08-04,3040253527,30994-001,BATTERY-MARATHON TSP410 NICAD,BAPV,OS concluída,CONDENADO,AMA - VEE ONE,
2026-08-04,3040254195,540-1407-4,"VALVE,BLEED,TURBINEENGINE",PAMALS,REC,,BANT,407.0
2026-08-04,3040254201,2643090-3,SHIMMY DAMPER-NOSE GEAR,PAMALS,REC,REPARADO,V1 PAMA-LS,407.0
2026-08-04,3040254203,SE1070-6,SHIMMY DAMPENER ASSY,BACGINAT,OS concluída,,,
2026-08-04,3040254205,C660501-0103,"COMPASS,SPEC",PAMALS,REC,REPARADO,V1 PAMA-LS,407.0
2026-08-04,3040254206,C660501-0103,"COMPASS,SPEC",ALA 8,REC,EM REPARO EM GARANTIA,WILLIAM,407.0
2026-08-04,3040254208,C660501-0103,"COMPASS,SPEC",BABV,REC,REPARADO,V1 PAMA-LS,407.0
2026-08-04,3040254210,799-1,TRANSDUCER,BANT,REC,,BANT,407.0
2026-08-04,3040254792,2606013-1RX,INDICATOR-PERCENT RPM,BABR,REC,,BANT,398.0
2026-08-04,3040254770,069-1025-25,"RECEIVER-TRANSMITTER,RADIO - KX165",ALA 9,REC,EM REPARO,WILLIAM,398.0
2026-08-04,3040254799,453-5000-710,EMERGENCY LOCATOR TRANSMITTER MODEL C406-2,PAMASP,OS concluída,,,
2026-08-04,3040254806,C352TS,"EXTINGUISHER,FIRE",PAMALS,REC,REPARADO,V1 PAMA-LS,398.0
2026-08-04,3040254805,C352TS,"EXTINGUISHER,FIRE",PAMALS,OS concluída,,,
2026-08-04,3040254810,C352TS,"EXTINGUISHER,FIRE",PAMALS,OS concluída,,,
2026-08-04,3040254809,C352TS,"EXTINGUISHER,FIRE",PAMAGL,OS concluída,,,
2026-08-04,3040254803,C352TS,"EXTINGUISHER,FIRE",2 ETA,REC,REPARADO,V1 PAMA-LS,398.0
2026-08-04,3040254808,C352TS,"EXTINGUISHER,FIRE",BABR,REC,REPARADO,V1 PAMA-LS,398.0
2026-08-04,3040254795,D145-00-46-2,FLAP ACTUATOR ASSY,BABE,REC,,PAMA-LS,398.0
2026-08-04,3040254793,D145-00-46-2,FLAP ACTUATOR ASSY,PAMALS,REC,,PAMA-LS,398.0
2026-08-04,3040254815,C482001-0402,VACUUM REGULAT,PAMALS,REC,CONDENADO,VEE ONE,398.0
2026-08-04,3040254816,C482001-0402,VACUUM REGULAT,PAMALS,REC,CONDENADO,VEE ONE,398.0
2026-08-04,3040254820,2641011-5,AXLE-MAIN GEAR,BAMN,OS concluída,REPARADO,,
2026-08-04,3040254817,2641011-5,AXLE-MAIN GEAR,BABE,OS concluída,NO ESTADO,,
2026-08-04,3040254818,2641011-5,AXLE-MAIN GEAR,BABE,OS concluída,,,
2026-08-04,3040254819,2641011-5,AXLE-MAIN GEAR,BANT,OS concluída,REPARADO,,
2026-08-04,3040254796,30994-001,BATTERY-MARATHON TSP410 NICAD,BAMN,OS concluída,REPARADO,,
2026-08-04,3040254789,452-0133,"BATTERY,NONRECHARGEABLE",BAMN,REC,CONDENADO,VEE ONE,398.0
2026-08-04,3040254788,452-0133,"BATTERY,NONRECHARGEABLE",BAMN,REC,CONDENADO,VEE ONE,398.0
2026-08-04,3040254787,452-0133,"BATTERY PACK,AIRCRAFT",DACTA II,REC,CONDENADO,VEE ONE,398.0
2026-08-04,3040254786,452-0133,"BATTERY PACK,AIRCRAFT",BAMN,REC,CONDENADO,VEE ONE,398.0
2026-08-04,3040254785,452-0133,"BATTERY,NONRECHARGEABLE",BAMN,REC,CONDENADO,VEE ONE,398.0
2026-08-04,3040254784,452-0133,"BATTERY,NONRECHARGEABLE",DACTA II,REC,CONDENADO,VEE ONE,398.0
2026-08-04,3040255326,011-00916-00,DISPLAY UNIT GDU 1040A,BAMN,REC,,BAMN,389.0
2026-08-04,3040255319,702801-5,FUEL PUMP,PAMASP,REC,EM REPARO,VEE ONE,389.0
2026-08-04,3040255321,8210-002,"GOVERNOR,CONSTANT SPEED DRIVE",PAMALS,OS concluída,,,
2026-08-04,3040255461,DAAS-A-010-1,ADAS-D PROCESSOR,PAMALS,REC,EM REPARO,VEE ONE,385.0
2026-08-04,3040255589,071-01519-0101,"RECEIVER-EXCITER,RADAR",BANT,REC,,PROCURANDO,383.0
2026-08-04,3040255590,071-01519-0101,"RECEIVER-EXCITER,RADAR",PAMALS,OS concluída,REPARADO,,
2026-08-04,3040255706,C661064-0237,AIRSPEED INDICATOR,BAMN,OS concluída,,,
2026-08-04,3040256114,5934PAD-3,"ALTIMETER,PRESSURE",PAMALS,REC,EM REPARO,VEE ONE,369.0
2026-08-04,3040256119,011-00878-10,GSA-81 TORQUE SERVO,BAPV,REC,EM REPARO,LEAP,369.0
2026-08-04,3040256112,011-00883-20,RADAR GWX 68 WEATHER,BABE,REC,,BAMN,369.0
2026-08-04,3040256115,5934PAD-3,"ALTIMETER,PRESSURE",PAMALS,OS concluída,REPARADO,,
2026-08-04,3040256118,011-00878-10,GSA-81 TORQUE SERVO,BAPV,REC,,BACO,369.0
2026-08-04,3040256120,011-00916-10,"DISPLAY UNIT,FLIGHT INFORMATION",BAMN,OS concluída,,,
2026-08-04,3040256314,066-4010-12,RECEIVER VOR/LOC (KNS81),EEAR,REC,EM REPARO,LEAP,356.0
2026-08-04,3040256311,3121248-03,"VALVE ASSEMBLY,COMPRESSOR BLEED",PAMALS,OS concluída,,,
2026-08-04,3040256704,C661064-0237,AIRSPEED INDICATOR,PAMALS,OS concluída,,,
2026-08-04,3040256707,D210507,"GOVERNOR,OVERSPEED",PAMALS,OS concluída,,,
2026-08-04,3040256708,D210507,"GOVERNOR,OVERSPEED",PAMALS,REC,REPARADO,VEE ONE,347.0
2026-08-04,3040256702,C661064-0237,AIRSPEED INDICATOR,BABR,OS concluída,,,
2026-08-04,3040256703,C661064-0237,AIRSPEED INDICATOR,PAMALS,OS concluída,REPARADO,,
2026-08-04,3040256662,030-18200,MAIN WHEEL BRAKE,BASM,OS concluída,,,
2026-08-04,3040256665,161-11700,INNER WHEEL HALF ASSY,BABV,OS concluída,,,
2026-08-04,3040256666,161-11700,INNER WHEEL HALF ASSY,PAMALS,OS concluída,,,
2026-08-04,3040256667,161-11700,INNER WHEEL HALF ASSY,PAMALS,OS concluída,,,
2026-08-04,3040256668,161-11700,INNER WHEEL HALF ASSY,PAMALS,OS concluída,CONDENADO,,
2026-08-04,3040256669,161-11700,INNER WHEEL HALF ASSY,PAMALS,OS concluída,,,
2026-08-04,3040256670,161-11700,INNER WHEEL HALF ASSY,PAMALS,OS concluída,CONDENADO,,
2026-08-04,3040256671,161-11700,INNER WHEEL HALF ASSY,PAMALS,REC,REPARADO,VEE ONE,347.0
2026-08-04,3040256698,030-18200,MAIN WHEEL BRAKE,PAMASP,REC,,PROCURANDO,347.0
2026-08-04,3040256713,030-18200,MAIN WHEEL BRAKE,ALA 3,REC,,BAMN,347.0
2026-08-04,3040256694,162-11800,WHEEL HALF ASSY-OUTER,BANT,OS concluída,REPARADO,,
2026-08-04,3040256696,162-11800,WHEEL HALF ASSY-OUTER,PAMALS,REC,,PAMA-LS,347.0
2026-08-04,3040256672,161-12800,WHEEL HALF ASSY-INNER,PAMALS,REC,REPARADO,VEE ONE,347.0
2026-08-04,3040256675,161-12800,WHEEL HALF ASSY-INNER,BANT,OS concluída,REPARADO,,
2026-08-04,3040256792,011-00877-00,"GSA-80 SERVO ROL,YAW,SPEC",BAMN,REC,,PROCURANDO,347.0
2026-08-04,3040256787,011-00877-00,"GSA-80 SERVO ROL,YAW,SPEC",PAMALS,REC,EM REPARO,VEE ONE,347.0
2026-08-04,3040256828,011-00883-20,RADAR GWX 68 WEATHER,PAMALS,REC,CONDENADO,V1 PAMA-LS,347.0
2026-08-04,3040256709,3121248-03,"VALVE ASSEMBLY,COMPRESSOR BLEED",PAMASP,REC,,BANT,344.0
2026-08-04,3040256673,161-12800,WHEEL HALF ASSY-INNER,PAMALS,REC,CONDENADO,VEE ONE,344.0
2026-08-04,3040257095,011-01105-01,INTEGRATED AVIONICS UNIT GIA63W,BABE,REC,EM REPARO,VEE ONE,340.0
2026-08-04,3040257096,011-01105-01,INTEGRATED AVIONICS UNIT GIA63W,BABE,REC,,BAMN,340.0
2026-08-04,3040257093,065-00183-0501,AUTOPILOT COMPUTER KFC225,BABE,REC,,BANT,340.0
2026-08-04,3040257094,065-00183-0501,AUTOPILOT COMPUTER KFC225,BABE,REC,,BANT,340.0
2026-08-04,3040257443,161-12800,WHEEL HALF ASSY-INNER,ALA 3,AUT,,NÃO TEVE MOVIMENTAÇÃO,328.0
2026-08-04,3040257442,C163030-1001,MAIN W BRAKE A,BAMN,OS concluída,REPARADO,VEE ONE,
2026-08-04,3040257452,3244809-8,"FUEL CONTROL,MAIN,TURBINE ENGINE",BAPV,OS concluída,REPARADO,,
2026-08-04,3040257454,EA-5172-45-CES,"INDICATOR,AIRSPEED",BACG,OS concluída,,,
2026-08-04,3040257453,EA-5172-45-CES,"INDICATOR,AIRSPEED",ALA 7,REC,DEVOLVIDO NO ESTADO,WILLIAM,321.0
2026-08-04,3040257451,3244809-7,"FUEL CONTROL,MAIN,TURBINE ENGINE",PAMASP,REC,,BANT,321.0
2026-08-04,3040257450,3244809-4,"FUEL CONTROL,MAIN,TURBINE ENGINE",PAMASP,OS concluída,EM REPARO,LEAP,
2026-08-04,3040257438,030-18200,MAIN WHEEL BRAKE,BAMN,REC,REPARADO,VEE ONE,321.0
2026-08-04,3040257444,162-10700,OUTER WHEEL HALF ASSY,PAMALS,OS concluída,CONDENADO,,
2026-08-04,3040257447,162-10700,OUTER WHEEL HALF ASSY,PAMALS,OS concluída,CONDENADO,,
2026-08-04,3040257436,30994-001,BATTERY-MARATHON TSP410 NICAD,PAMALS,OS concluída,CONDENADO,AMA - VEE ONE,
2026-08-04,3040257441,030-18200,MAIN WHEEL BRAKE,BAPV,REC,,BAMN,321.0
2026-08-04,3040257440,030-18200,MAIN WHEEL BRAKE,BANT,REC,CONDENADO,VEE ONE,321.0
2026-08-04,3040257439,030-18200,MAIN WHEEL BRAKE,BAMN,REC,,BAMN,321.0
2026-08-04,3040258306,D210507,"GOVERNOR,OVERSPEED",PAMALS,REC,EM REPARO,LEAP,301.0
2026-08-04,3040258310,D210507,"GOVERNOR,OVERSPEED",BACO,OS concluída,,,
2026-08-04,3040258309,D210507,"GOVERNOR,OVERSPEED",BAMN,REC,EM REPARO,LEAP,301.0
2026-08-04,3040258308,D210507,"GOVERNOR,OVERSPEED",BAMN,OS concluída,REPARADO,,
2026-08-04,3040258307,D210507,"GOVERNOR,OVERSPEED",ALA 5,OS concluída,,,
2026-08-04,3040258303,011-00877-00,"GSA-80 SERVO ROL,YAW,SPEC",DACTA II,REC,EM REPARO,VEE ONE,301.0
2026-08-04,3040258422,2601188-8,COMPRESSOR DRIVE ASSY R134A,PAMASP,REC,,PROCURANDO,299.0
2026-08-04,3040258419,011-00877-00,"GSA-80 SERVO ROL,YAW,SPEC",DACTA II,REC,EM REPARO,VEE ONE,299.0
2026-08-04,3040258420,011-00877-00,"GSA-80 SERVO ROL,YAW,SPEC",BACO,REC,EM REPARO,VEE ONE,299.0
2026-08-04,3040258421,011-00877-00,"GSA-80 SERVO ROL,YAW,SPEC",BABE,REC,,BACO,299.0
2026-08-04,3040258764,069-01034-0102,"NAVIGATION SET,SATELLITE SIGNALS KLN-94",PAMALS,REC,,BANT,292.0
2026-08-04,3040259152,066-01141-5101,"TRANSPONDER,RADAR",BABE,REC,,BANT,273.0
2026-08-04,3040259151,066-01141-5101,"TRANSPONDER,RADAR",BANT,REC,REPARADO,V1 PAMA-LS,273.0
2026-08-04,3040259251,064-1019-05,VHF TRANSCEIVE KY196,EEAR,REC,,EEAR,271.0
2026-08-04,3040259146,1U149-015-15,HORIZ. GYRO-STADBY,PAMALS,REC,EM REPARO,VEE ONE,270.0
2026-08-04,3040259147,162-10700,OUTER WHEEL HALF ASSY,BANT,REC,EM REPARO,AMA - VEE ONE,270.0
2026-08-04,3040259148,3049038-03,"VALVE,COMPRESSOR BLEED",BANT,OS concluída,,,
2026-08-04,3040259316,2606015-4,INDICATOR-OIL TEMP/OIL PRESS,BACG,REC,REPARADO,V1 PAMA-LS,267.0
2026-08-04,3040259564,C414007-0102,BLOWER ASSY,PAMALS,OS concluída,,,
2026-08-04,3040259568,C414007-0102,BLOWER ASSY,ALA 10,OS concluída,,,
2026-08-04,3040259570,C414007-0102,BLOWER ASSY,ALA 10,OS concluída,,,
2026-08-04,3040259694,025323-150,FUEL PUMP,PAMASP,REC,,BACO,259.0
2026-08-04,3040259922,C414007-0102,BLOWER ASSY,BANT,REC,REPARADO,V1 PAMA-LS,252.0
2026-08-04,3040259928,C414007-0102,BLOWER ASSY,PAMALS,REC,EM REPARO,VEE ONE,252.0
2026-08-04,3040259924,C414007-0102,BLOWER ASSY,BACG,REC,EM REPARO,VEE ONE,252.0
2026-08-04,3040259918,C414007-0102,BLOWER ASSY,ALA 10,REC,EM REPARO,VEE ONE,252.0
2026-08-04,3040259950,065-0060-01,"CONTROL,SERVO,AUTOMATIC PILOT",PAMALS,REC,EM REPARO,LEAP,252.0
2026-08-04,3040259949,065-0060-01,"CONTROL,SERVO,AUTOMATIC PILOT",PAMALS,REC,EM REPARO,LEAP,252.0
2026-08-04,3040259947,066-3046-07,"CONTROL,INDICATOR",EEAR,OS concluída,REPARADO,,
2026-08-04,3040259946,066-3046-07,"CONTROL,INDICATOR",BANT,REC,,BANT,252.0
2026-08-04,3040259944,066-3046-07,"CONTROL,INDICATOR",EEAR,REC,,PAMA-LS,252.0
2026-08-04,3040260209,011-00916-00,DISPLAY UNIT GDU 1040A,PAMALS,REC,,BAMN,238.0
2026-08-04,3040260208,324843-W020,HEADSET-MICROPHONE,PAMALS,REC,VAI SER DEVOLVIDO SEM REPARO,WILLIAM,238.0
2026-08-04,3040260204,324843-W020,HEADSET-MICROPHONE,PAMALS,OS concluída,REPARADO,,
2026-08-04,3040260205,324843-W020,HEADSET-MICROPHONE,PAMALS,OS concluída,REPARADO,,
2026-08-04,3040260388,SD5H14C4527,AIR COMPRESSOR,PAMALS,REC,EM REPARO,VEE ONE,231.0
2026-08-04,3040260382,065-00183-0501,AUTOPILOT COMPUTER KFC225,BANT,REC,,BANT,231.0
2026-08-04,3040260389,SD5H14C4527,AIR COMPRESSOR,PAMALS,REC,EM REPARO,VEE ONE,231.0
2026-08-04,3040260517,ASG12000-2,ALTERNATOR,PAMALS,OS concluída,,,
2026-08-04,3040260524,51539-012M,CONTROL UNIT ASSY-GENERATOR,BANT,REC,,BACG,228.0
2026-08-04,3040260516,ASG12000-2,ALTERNATOR,PAMALS,REC,REPARADO,V1 PAMA-LS,228.0
2026-08-04,3040260523,9910592-2,ALTERNADOR,BAMN,REC,REPARADO,V1 PAMA-LS,228.0
2026-08-04,3040260522,9910592-2,ALTERNADOR,BAMN,REC,REPARADO,V1 PAMA-LS,228.0
2026-08-04,3040260547,161-12800,WHEEL HALF ASSY-INNER,EPCAR,OS concluída,REPARADO,VEE ONE,
2026-08-04,3040260545,161-11700,INNER WHEEL HALF ASSY,BACG,REC,REPARADO,VEE ONE,210.0
2026-08-04,3040260544,161-11700,INNER WHEEL HALF ASSY,BANT,REC,REPARADO,VEE ONE,210.0
2026-08-04,3040260546,161-12800,WHEEL HALF ASSY-INNER,PAMALS,REC,REPARADO,VEE ONE,210.0
2026-08-04,3040260548,161-11700,INNER WHEEL HALF ASSY,CLA,REC,REPARADO,VEE ONE,210.0
2026-08-04,3040260549,162-10700,OUTER WHEEL HALF ASSY,BACG,REC,REPARADO,VEE ONE,210.0
2026-08-04,3040260550,162-10700,OUTER WHEEL HALF ASSY,CLA,REC,REPARADO,VEE ONE,210.0
2026-08-04,3040260551,162-11800,WHEEL HALF ASSY-OUTER,BANT,REC,REPARADO,VEE ONE,210.0
2026-08-04,3040260552,30994-001,BATTERY-MARATHON TSP410 NICAD,BABE,OS concluída,CONDENADO,AMA - VEE ONE,
2026-08-04,3040260543,324843-W020,HEADSET-MICROPHONE,PAMALS,REC,VAI SER DEVOLVIDO SEM REPARO,WILLIAM,210.0
2026-08-04,3040260542,324843-W020,HEADSET-MICROPHONE,PAMALS,REC,,BABE,210.0
2026-08-04,3040260541,324843-W020,HEADSET-MICROPHONE,PAMALS,OS concluída,REPARADO,,
2026-08-04,3040260540,324843-W020,HEADSET-MICROPHONE,PAMALS,OS concluída,REPARADO,,
2026-08-04,3040260538,324843-W020,HEADSET-MICROPHONE,PAMALS,REC,,BABE,210.0
2026-08-04,3040260539,324843-W020,HEADSET-MICROPHONE,PAMALS,REC,,BABE,210.0
2026-08-04,3040260595,9910586-4,FLAP ACTUATOR AND MOTOR ASSEMBLY,7 ETA,REC,,BAMN,210.0
2026-08-04,3040260597,9910586-4,FLAP ACTUATOR AND MOTOR ASSEMBLY,BAPV,REC,REPARADO,VEE ONE,210.0
2026-08-04,3040260583,3244897-4,FUEL CONTROL UNIT,PAMALS,OS concluída,,,
2026-08-04,3040260750,3122678-04,FUEL CONTROL UNIT,PAMASP,REC,,BANT,202.0
2026-08-04,3040260752,3244897-4,FUEL CONTROL UNIT,PAMASP,OS concluída,REPARADO,,
2026-08-04,3040260753,3244809-7,"FUEL CONTROL,MAIN,TURBINE ENGINE",PAMASP,OS concluída,REPARADO,,
2026-08-04,3040260754,3244809-1,"FUEL CONTROL,MAIN,TURBINE ENGINE",PAMASP,REC,EM QUARENTENA,LEAP,202.0
2026-08-04,3040254794,C145-350,"MOTOR,DIRECT CURRENT",PAMALS,OS concluída,,,
2026-08-04,3040260913,064-1054-30,RECEIVER-TRANSMITTER SUBASSEMBLY,EPCAR,REC,REPARADO,V1 PAMA-LS,190.0
2026-08-04,3040260915,064-1054-30,RECEIVER-TRANSMITTER SUBASSEMBLY,PAMALS,REC,REPARADO,V1 PAMA-LS,190.0
2026-08-04,3040260811,3034792,BOMBA DE COMBUSTÍVEL,BAPV,REC,,BABR,188.0
2026-08-04,3040260812,3034792,BOMBA DE COMBUSTÍVEL,BACG,OS concluída,,,
2026-08-04,3040260922,162-11800,WHEEL HALF ASSY-OUTER,PAMALS,OS concluída,,,
2026-08-04,3040260923,030-18200,MAIN WHEEL BRAKE,BACO,REC,REPARADO,VEE ONE,188.0
2026-08-04,3040261389,3034792,BOMBA DE COMBUSTÍVEL,PAMASP,REC,REPARADO,V1 PAMA-LS,175.0
2026-08-04,3040261388,3034792,BOMBA DE COMBUSTÍVEL,BABR,OS concluída,REPARADO,,
2026-08-04,3040261387,3034792,BOMBA DE COMBUSTÍVEL,BABR,OS concluída,REPARADO,,
2026-08-04,3040261371,TFF2905-13,FUEL FLOW TRANSDUCER,ALA 8,REC,EM REPARO,WILLIAM,175.0
2026-08-04,3040261375,C661065-0240RX,"INDICATOR, AIRSPEED",BACG,REC,EM REPARO,WILLIAM,175.0
2026-08-04,3040261373,C661065-0240,AIRSPEED INDICATOR,BABE,REC,REPARADO,V1 PAMA-LS,175.0
2026-08-04,3040261322,011-00831-00,"ENGINE INTERFA,SPEC",BAPV,REC,REPARADO,VEE ONE,175.0
2026-08-04,3040261326,011-00882-10,"COMPUTER,AIR DATA",BAMN,OS concluída,,,
2026-08-04,3040261324,011-00882-10,"COMPUTER,AIR DATA",BAMN,OS concluída,,,
2026-08-04,3040261327,064-1054-30,RECEIVER-TRANSMITTER SUBASSEMBLY,PAMASP,REC,REPARADO,V1 PAMA-LS,175.0
2026-08-04,3040261336,066-01141-0101,"RECEIVER,RADIO",BANT,REC,REPARADO,V1 PAMA-LS,175.0
2026-08-04,3040261334,065-0065-01,SELECTOR ALT,BANT,REC,EM REPARO,WILLIAM,175.0
2026-08-04,3040261331,065-0061-36,ACTUATOR TRIM (KS272A),PAMASP,REC,,BABR,175.0
2026-08-04,3040261329,065-0061-36,ACTUATOR TRIM (KS272A),ALA 10,OS concluída,REPARADO,,
2026-08-04,3040261335,065-0065-01,SELECTOR ALT,BANT,REC,EM REPARO,WILLIAM,175.0
2026-08-04,3040261342,066-3084-02,COLOR RADAR INDICATOR,BABV,REC,EM REPARO,WILLIAM,175.0
2026-08-04,3040261340,066-1053-00,"RECEIVER,RADIO",BASM,REC,REPARADO,V1 PAMA-LS,175.0
2026-08-04,3040261377,066-3054-01,INDICATOR RADAR ALTIMETER - TYPE KI250,PAMALS,REC,EM REPARO,WILLIAM,175.0
2026-08-04,3040261376,066-1061-03,RT RADAR ALTIM (KRA10A),PAMALS,REC,PARA REPARO,VEE ONE,175.0
2026-08-04,3040261352,1134380-4,EVAPORATOR MODULE ASSY-RH,BAMN,REC,CONDENADO,VEE ONE,175.0
2026-08-04,3040261347,071-1234-00,ANTENNA ACCESSORY,ALA 1,REC,EM REPARO,WILLIAM,175.0
2026-08-04,3040261344,066-4010-12,RECEIVER VOR/LOC (KNS81),ALA 10,REC,EM REPARO,WILLIAM,175.0
2026-08-04,3040261353,1H75-21,PRESSURE REGULATOR,BAMN,REC,,BAMN,175.0
2026-08-04,3040261357,2682001-1,BRAKE CYL MAST,BABE,OS concluída,REPARADO,,
2026-08-04,3040261356,2670104-2,ANNUNCIATOR PANEL,PAMALS,REC,REPARADO,VEE ONE,175.0
2026-08-04,3040261355,2643100-201,NOSE GEAR STRUT ASSY - TALL FORK,BABR,OS concluída,REPARADO,,
2026-08-04,3040261354,2643100-201,NOSE GEAR STRUT ASSY - TALL FORK,BANT,REC,EM REPARO,AV AERONAUTICA,175.0
2026-08-04,3040261364,8210-002-01,GOVERNOR PROPELLER,PAMASP,REC,REPARADO,VEE ONE,175.0
2026-08-04,3040261627,S3828-1,ALTIMETER,BAMN,REC,EM REPARO,WILLIAM,161.0
2026-08-04,3040261628,S3828-1,ALTIMETER,BABE,REC,REPARADO,V1 PAMA-LS,161.0
2026-08-04,3040261851,51539-012MRX,CONTROL UNIT ASSY-GENERATOR,BABE,REC,EM REPARO,VEE ONE,153.0
2026-08-04,3040261852,51539-012MRX,CONTROL UNIT ASSY-GENERATOR,BABE,REC,EM REPARO,VEE ONE,153.0
2026-08-04,3040261843,3034792,BOMBA DE COMBUSTÍVEL,PAMALS,REC,EM REPARO,VEE ONE,148.0
2026-08-04,3040262245,200SGL119Q-2,STARTER GENERATOR,BAMN,OS concluída,REPARADO,,
2026-08-04,3040262246,200SGL119Q-2,STARTER GENERATOR,BAMN,OS concluída,REPARADO,,
2026-08-04,3040262273,324843-W020,HEADSET-MICROPHONE,BABE,OS concluída,REPARADO,,
2026-08-04,3040262275,324843-W020,HEADSET-MICROPHONE,BANT,OS concluída,REPARADO,,
2026-08-04,3040262363,066-1055-00,AUDIO CONTROL PANEL,ALA 5,OS concluída,,,
2026-08-04,3040262367,066-1055-00,AUDIO CONTROL PANEL,ALA 9,REC,EM REPARO,WILLIAM,131.0
2026-08-04,3040262368,066-1055-00,AUDIO CONTROL PANEL,CLA,OS concluída,,,
2026-08-04,3040262372,51539-012M,CONTROL UNIT ASSY-GENERATOR,BANT,REC,,V1 PAMA-LS,131.0
2026-08-04,3040262371,51539-012N,CONTROL UNIT ASSY-GENERATOR,BANT,REC,REPARADO,V1 PAMA-LS,131.0
2026-08-04,3040262419,065-0061-36,ACTUATOR TRIM (KS272A),ALA 9,REC,EM REPARO,WILLIAM,126.0
2026-08-04,3040262734,C352,PORTABLE HALON FIRE EXTINGUISHERS,ALA 5,REC,EM REPARO,AV AERONAUTICA,113.0
2026-08-04,3040262738,C352TS,"EXTINGUISHER,FIRE",BANT,REC,,PROCURANDO,113.0
2026-08-04,3040262739,C352TS,"EXTINGUISHER,FIRE",BANT,REC,,PROCURANDO,113.0
2026-08-04,3040262740,C352TS,"EXTINGUISHER,FIRE",PAMALS,REC,,PROCURANDO,113.0
2026-08-04,3040262766,011-00883-20,RADAR GWX 68 WEATHER,BAMN,OS concluída,EM REPARO,VEE ONE,
2026-08-04,3040262765,011-00883-20,RADAR GWX 68 WEATHER,BAMN,REC,EM REPARO,VEE ONE,113.0
2026-08-04,3040262772,011-01020-10,AFCS MODE CONTROLLER GMC 710,BAMN,REC,EM REPARO,WILLIAM,113.0
2026-08-04,3040262770,011-01020-10,AFCS MODE CONTROLLER GMC 710,BAMN,REC,EM REPARO,WILLIAM,113.0
2026-08-04,3040262773,011-01020-10,AFCS MODE CONTROLLER GMC 710,BAMN,REC,EM REPARO,WILLIAM,113.0
2026-08-04,3040262746,066-1070-01,TRANSCEIVER DME (KN63),BABE,REC,EM REPARO,WILLIAM,113.0
2026-08-04,3040262745,064-1019-05,VHF TRANSCEIVE KY196,EEAR,REC,EM REPARO,VEE ONE,113.0
2026-08-04,3040262747,066-1072-00,RECEIVER ADF (KING KR87),ALA 7,REC,EM REPARO,WILLIAM,113.0
2026-08-04,3040262748,066-3046-07,"CONTROL,INDICATOR",BABR,REC,,BANT,113.0
2026-08-04,3040262769,066-3046-07,"CONTROL,INDICATOR",BABR,REC,,BANT,113.0
2026-08-04,3040262768,066-3046-07,"CONTROL,INDICATOR",EEAR,REC,EM REPARO,LEAP,113.0
2026-08-04,3040262767,066-3046-07,"CONTROL,INDICATOR",EEAR,REC,EM REPARO,LEAP,113.0
2026-08-04,3040262791,066-3060-00,IND RMI KNI582,BANT,REC,EM REPARO,LEAP,113.0
2026-08-04,3040262630,161-11700,INNER WHEEL HALF ASSY,BANT,REC,REPARADO,VEE ONE,113.0
2026-08-04,3040262792,066-3060-00,IND RMI KNI582,BANT,REC,EM REPARO,LEAP,113.0
2026-08-04,3040262634,162-10700,OUTER WHEEL HALF ASSY,BANT,REC,REPARADO,VEE ONE,113.0
2026-08-04,3040262632,161-12800,WHEEL HALF ASSY-INNER,BANT,OS concluída,REPARADO,VEE ONE,
2026-08-04,3040262633,161-12800,WHEEL HALF ASSY-INNER,BANT,REC,REPARADO,VEE ONE,113.0
2026-08-04,3040262635,162-11800,WHEEL HALF ASSY-OUTER,EPCAR,REC,REPARADO,VEE ONE,113.0
2026-08-04,3040262637,162-11800,WHEEL HALF ASSY-OUTER,BANT,REC,REPARADO,VEE ONE,113.0
2026-08-04,3040262636,162-11800,WHEEL HALF ASSY-OUTER,BANT,REC,REPARADO,VEE ONE,113.0
2026-08-04,3040262646,200SGL119Q,STARTER GENERATOR,PAMASP,OS concluída,,,
2026-08-04,3040262639,200SGL119Q,STARTER GENERATOR,PAMASP,OS concluída,,PAMA-LS,
2026-08-04,3040262638,200SGL119Q,STARTER GENERATOR,PAMALS,REC,EM REPARO,AV AERONAUTICA,113.0
2026-08-04,3040262757,2606015-2,IND OIL TEMP/P,PAMALS,REC,EM REPARO,VEE ONE,113.0
2026-08-04,3040262706,2641011-5,AXLE-MAIN GEAR,BAMN,REC,,BANT,113.0
2026-08-04,3040262707,2641011-5,AXLE-MAIN GEAR,BABV,REC,REPARADO,VEE ONE,113.0
2026-08-04,3040262717,2641011-5,AXLE-MAIN GEAR,BANT,REC,REPARADO,VEE ONE,113.0
2026-08-04,3040262714,2641011-5,AXLE-MAIN GEAR,BAPV,REC,,BANT,113.0
2026-08-04,3040262713,2641011-5,AXLE-MAIN GEAR,BAPV,REC,REPARADO,VEE ONE,113.0
2026-08-04,3040262712,2641011-5,AXLE-MAIN GEAR,BABR,REC,,BANT,113.0
2026-08-04,3040262711,2641011-5,AXLE-MAIN GEAR,BABR,REC,,BANT,113.0
2026-08-04,3040262709,2641011-5,AXLE-MAIN GEAR,PAMALS,REC,,BANT,113.0
2026-08-04,3040262708,2641011-5,AXLE-MAIN GEAR,PAMALS,REC,,BANT,113.0
2026-08-04,3040262744,3244809-1A,F.C.U,PAMALS,REC,EM REPARO,LEAP,113.0
2026-08-04,3040262758,9910338-4,FUEL TOTALIZER INDICATOR,PAMALS,REC,EM REPARO,VEE ONE,113.0
2026-08-04,3040262759,9910338-6,"TRANSMITTER,RATE OF FLOW",BAMN,REC,EM REPARO,WILLIAM,113.0
2026-08-04,3040262760,9910338-6,"TRANSMITTER,RATE OF FLOW",BANT,REC,EM REPARO,VEE ONE,113.0
2026-08-04,3040262966,2682001-1,BRAKE CYL MAST,BACO,OS concluída,,PAMA-LS,
2026-08-04,3040262967,2682001-1,BRAKE CYL MAST,PAMALS,REC,REPARADO,V1 PAMA-LS,111.0
2026-08-04,3040262968,2682001-1,BRAKE CYL MAST,BANT,OS concluída,,PAMA-LS,
2026-08-04,3040262969,2682001-1,BRAKE CYL MAST,BABE,REC,REPARADO,V1 PAMA-LS,111.0
2026-08-04,3040263069,453-5060,ELT C406-N,BABE,OS concluída,,,
2026-08-04,3040263283,D145-00-46-2,FLAP ACTUATOR ASSY,PAMALS,REC,EM REPARO,LEAP,96.0
2026-08-04,3040263284,D145-00-46-2,FLAP ACTUATOR ASSY,BAFL,REC,EM REPARO,LEAP,96.0
2026-08-04,3040263324,069-01033-0101,"RECEIVER-TRANSMITTER,RADIO",PAMALS,REC,EM REPARO,LEAP,96.0
2026-08-04,3040263287,C661065-0237,AIRSPEED INDICATOR,BABR,REC,REPARADO,VEE ONE,96.0
2026-08-04,3040263288,C661065-0237,AIRSPEED INDICATOR,PAMASP,REC,REPARADO,VEE ONE,96.0
2026-08-04,3040263314,060-0017-00,FLIGHT DIR HOR,EEAR,REC,EM REPARO,LEAP,96.0
2026-08-04,3040263319,066-1055-00,AUDIO CONTROL PANEL,BABE,REC,REPARADO,VEE ONE,96.0
2026-08-04,3040263317,060-0017-00,FLIGHT DIR HOR,PAMASP,REC,,BANT,96.0
2026-08-04,3040263316,060-0017-00,FLIGHT DIR HOR,BANT,REC,,BANT,96.0
2026-08-04,3040263320,066-1055-00,AUDIO CONTROL PANEL,PAMALS,REC,EM REPARO,AV AERONAUTICA,96.0
2026-08-04,3040263325,069-01033-0101,"RECEIVER-TRANSMITTER,RADIO",PAMALS,REC,,PROCURANDO,96.0
2026-08-04,3040263335,C611008-0101,ALTERNATOR CONTROL UNIT,PAMALS,REC,EM REPARO,AV AERONAUTICA,96.0
2026-08-04,3040263336,C611008-0101,ALTERNATOR CONTROL UNIT,PAMALS,REC,EM REPARO,AV AERONAUTICA,96.0
2026-08-04,3040263286,C661065-0237,AIRSPEED INDICATOR,BANT,REC,DEVOLVIDO NO ESTADO,WILLIAM,96.0
2026-08-04,3040263322,066-1055-00,AUDIO CONTROL PANEL,ALA 9,REC,EM REPARO,WILLIAM,96.0
2026-08-04,3040263326,069-01033-0101,"RECEIVER-TRANSMITTER,RADIO",PAMALS,REC,,BANT,96.0
2026-08-04,3040263315,060-0017-00,FLIGHT DIR HOR,BACG,OS concluída,,BABR,
2026-08-04,3040263334,011-00916-10,"DISPLAY UNIT,FLIGHT INFORMATION",BACO,REC,VAI SER DEVOLVIDO SEM REPARO,WILLIAM,96.0
2026-08-04,3040263333,011-00916-10,"DISPLAY UNIT,FLIGHT INFORMATION",BACO,REC,EM REPARO,WILLIAM,96.0
2026-08-04,3040263332,011-00916-10,"DISPLAY UNIT,FLIGHT INFORMATION",BAMN,OS concluída,EM REPARO,WILLIAM,
2026-08-04,3040263331,C661064-0237,AIRSPEED INDICATOR,PAMALS,REC,VAI SER DEVOLVIDO SEM REPARO,WILLIAM,96.0
2026-08-04,3040263329,C661064-0237,AIRSPEED INDICATOR,PAMALS,REC,EM REPARO,WILLIAM,96.0
2026-08-04,3040263328,C661064-0237,AIRSPEED INDICATOR,BABR,REC,EM REPARO,WILLIAM,96.0
2026-08-04,3040263327,C661064-0237,AIRSPEED INDICATOR,BABR,REC,EM REPARO,WILLIAM,96.0
2026-08-04,3040263330,C661064-0237,AIRSPEED INDICATOR,PAMALS,REC,EM REPARO,WILLIAM,96.0
2026-08-04,3040263338,C611008-0101,ALTERNATOR CONTROL UNIT,PAMALS,REC,REPARADO,V1 PAMA-LS,96.0
2026-08-04,3040263433,066-03064-0005,"ALTIMETER,SERVO CONTROLLED,AUTOMATIC PRESSURE",BACG,REC,EM REPARO,WILLIAM,90.0
2026-08-04,3040263435,066-03064-0005,"ALTIMETER,SERVO CONTROLLED,AUTOMATIC PRESSURE",BANT,REC,EM REPARO,WILLIAM,90.0
2026-08-04,3040263434,066-03064-0005,"ALTIMETER,SERVO CONTROLLED,AUTOMATIC PRESSURE",PAMASP,REC,VAI SER DEVOLVIDO SEM REPARO,WILLIAM,90.0
2026-08-04,3040263417,069-01033-0101,"RECEIVER-TRANSMITTER,RADIO",PAMALS,REC,EM REPARO,WILLIAM,90.0
2026-08-04,3040263416,069-01033-0101,"RECEIVER-TRANSMITTER,RADIO",BASM,REC,EM REPARO,WILLIAM,90.0
2026-08-04,3040263415,069-01033-0101,"RECEIVER-TRANSMITTER,RADIO",BABR,REC,,BANT,90.0
2026-08-04,3040263447,066-3046-07,"CONTROL,INDICATOR",CLA,REC,,BABR,90.0
2026-08-04,3040263443,3244897-4,FUEL CONTROL UNIT,PAMALS,REC,EM REPARO,LEAP,89.0
2026-08-04,3040263444,3244897-4,FUEL CONTROL UNIT,PAMALS,REC,EM REPARO,LEAP,89.0
2026-08-04,3040263577,060-0015-00,"CONTROL,DIRECTIONAL,AUTOMATIC PILOT",ALA 5,REC,EM REPARO,WILLIAM,84.0
2026-08-04,3040263574,066-1072-04,"RECEIVER,RADIO",BABE,REC,EM REPARO,WILLIAM,84.0
2026-08-04,3040263576,066-1072-04,"RECEIVER,RADIO",BAMN,OS concluída,DEVOLVIDO NO ESTADO,WILLIAM,
2026-08-04,3040263575,066-1072-04,"RECEIVER,RADIO",BABE,REC,EM REPARO,WILLIAM,84.0
2026-08-04,3040263573,066-3084-32,IND RDR 2000 IN-182A,PAMALS,REC,,BABR,84.0
2026-08-04,3040263571,066-3084-32,IND RDR 2000 IN-182A,PAMALS,REC,EM REPARO,WILLIAM,84.0
2026-08-04,3040263572,066-3084-32,IND RDR 2000 IN-182A,PAMALS,REC,EM REPARO,WILLIAM,84.0
2026-08-04,3040263448,2618510-10,ALTERNATOR CONTROL UNIT ASSY,BABE,REC,EM REPARO,WILLIAM,84.0
2026-08-04,3040263449,2618510-10,ALTERNATOR CONTROL UNIT ASSY,PAMALS,REC,EM REPARO,WILLIAM,84.0
2026-08-04,3040263877,2641011-5,AXLE-MAIN GEAR,CLA,REC,EM REPARO,LEAP,74.0
2026-08-04,3040263878,2641011-5,AXLE-MAIN GEAR,CLA,REC,EM REPARO,LEAP,74.0
2026-08-04,3040264243,069-01033-0101,"RECEIVER-TRANSMITTER,RADIO",PAMALS,REC,EM REPARO,WILLIAM,67.0
2026-08-04,3040264244,069-01033-0101,"RECEIVER-TRANSMITTER,RADIO",PAMASP,REC,EM REPARO,WILLIAM,67.0
2026-08-04,3040264246,060-0017-00,FLIGHT DIR HOR,PAMALS,REC,EM REPARO,WILLIAM,67.0
2026-08-04,3040264237,200SGL119Q-2,STARTER GENERATOR,BAMN,REC,EM REPARO,AV AERONAUTICA,67.0
2026-08-04,3040264236,200SGL119Q-2,STARTER GENERATOR,BABE,REC,,BABE,67.0
2026-08-04,3040264121,3244897-4,FUEL CONTROL UNIT,BABE,OS concluída,EM REPARO,LEAP,
2026-08-04,3040264263,9910338-8,"INDICATOR,FUEL FLOW",PAMALS,OS concluída,,BABR,
2026-08-04,3040264262,9910338-8,"INDICATOR,FUEL FLOW",BABV,REC,EM REPARO,WILLIAM,67.0
2026-08-04,3040264242,324843-2020,HEADSET-MICROPHONE,BABE,REC,EM REPARO,WILLIAM,67.0
2026-08-04,3040264264,324843-2020,HEADSET-MICROPHONE,DACTA II,REC,EM REPARO,WILLIAM,67.0
2026-08-04,3040264238,324843-2020,HEADSET-MICROPHONE,DACTA II,REC,EM REPARO,WILLIAM,67.0
2026-08-04,3040264241,324843-2020,HEADSET-MICROPHONE,DACTA II,REC,EM REPARO,WILLIAM,67.0
2026-08-04,3040264240,324843-2020,HEADSET-MICROPHONE,DACTA II,REC,EM REPARO,WILLIAM,67.0
2026-08-04,3040264122,3244809-8,"FUEL CONTROL,MAIN,TURBINE ENGINE",BABE,OS concluída,,BABR,
2026-08-04,3040263797,066-3046-07,"CONTROL,INDICATOR",BABE,REC,EM REPARO,WILLIAM,67.0
2026-08-04,3040263798,066-3046-07,"CONTROL,INDICATOR",PAMASP,REC,EM REPARO,WILLIAM,67.0
2026-08-04,3040263799,066-3046-07,"CONTROL,INDICATOR",PAMASP,REC,EM REPARO,WILLIAM,67.0
2026-08-04,3040263795,071-01519-0101,"RECEIVER-EXCITER,RADAR",PAMALS,REC,,PROCURANDO,67.0
2026-08-04,3040263796,071-01519-0101,"RECEIVER-EXCITER,RADAR",PAMALS,REC,,PROCURANDO,67.0
2026-08-04,3040264579,060-0017-00,FLIGHT DIR HOR,BABR,OS concluída,,,
2026-08-04,3040264577,060-0017-00,FLIGHT DIR HOR,PAMALS,REC,,,55.0
2026-08-04,3040264573,060-0017-00,FLIGHT DIR HOR,BANT,REC,,,55.0
2026-08-04,3040264574,060-0017-00,FLIGHT DIR HOR,BANT,REC,,,55.0
2026-08-04,3040264576,060-0017-00,FLIGHT DIR HOR,PAMALS,REC,,,55.0
2026-08-04,3040264572,060-0017-00,FLIGHT DIR HOR,PAMASP,REC,,,55.0
2026-08-04,3040264647,1H75-21,PRESSURE REGULATOR,BAMN,REC,,,50.0
2026-08-04,3040264646,1H75-21,PRESSURE REGULATOR,PAMASP,REC,,,50.0
2026-08-04,3040264645,1H75-21,PRESSURE REGULATOR,PAMASP,REC,,,50.0
2026-08-04,3040264643,1H75-21,PRESSURE REGULATOR,PAMASP,REC,,,50.0
2026-08-04,3040264707,3244809-7,"FUEL CONTROL,MAIN,TURBINE ENGINE",BABE,REC,,,50.0
2026-08-04,3040264709,540-1407-4,"VALVE,BLEED,TURBINEENGINE",PAMASP,REC,,,50.0
2026-08-04,3040264710,200SGL153Q,"STARTER-GENERATOR,ENGINE,AIRCRAFT",CLA,REC,,,50.0
2026-08-04,3040264711,200SGL153Q,"STARTER-GENERATOR,ENGINE,AIRCRAFT",PAMASP,REC,,,50.0
2026-08-04,3040264712,200SGL153Q,"STARTER-GENERATOR,ENGINE,AIRCRAFT",BACG,REC,,,50.0
2026-08-04,3040264718,9910338-8,"INDICATOR,FUEL FLOW",PAMALS,REC,,,50.0
2026-08-04,3040264719,S3326-2,"INDICATOR,HORIZONTAL SITUATION",ALA 8,REC,,,50.0
2026-08-04,3040264720,S3326-2,"INDICATOR,HORIZONTAL SITUATION",PAMALS,REC,,,50.0
2026-08-04,3040264721,S3326-2,"INDICATOR,HORIZONTAL SITUATION",PAMASP,REC,,,50.0
2026-08-04,3040264724,2606013-1AM,INDICADOR PERCENTUAL RPM,BABV,REC,,,50.0
2026-08-04,3040264725,2606013-1AM,INDICADOR PERCENTUAL RPM,BABR,REC,,,50.0
2026-08-04,3040264726,2606015-4,INDICATOR-OIL TEMP/OIL PRESS,BANT,REC,,,50.0
2026-08-04,3040264727,C661051-0201,GYRO HORIZON,ALA 10,REC,,,50.0
2026-08-04,3040264728,504-0111-906,GYRO HORIZON,PAMALS,REC,,,50.0
2026-08-04,3040264729,504-0111-906,GYRO HORIZON,BACG,REC,,,50.0
2026-08-04,3040264730,8210-003,"GOVERNOR,FUEL CONTROL",PAMASP,REC,,,50.0
2026-08-04,3040264731,8210-002,"GOVERNOR,CONSTANT SPEED DRIVE",PAMASP,REC,,,50.0
2026-08-04,3040264732,8210-002,"GOVERNOR,CONSTANT SPEED DRIVE",BAMN,REC,,,50.0
2026-08-04,3040264733,030-18200,MAIN WHEEL BRAKE,BAMN,REC,,,50.0
2026-08-04,3040264734,030-18200,MAIN WHEEL BRAKE,BAMN,REC,,,50.0
2026-08-04,3040264735,161-11700,INNER WHEEL HALF ASSY,PAMALS,REC,,,50.0
2026-08-04,3040264736,161-12800,WHEEL HALF ASSY-INNER,BABR,REC,,,50.0
2026-08-04,3040264737,161-12800,WHEEL HALF ASSY-INNER,PAMALS,AUT,,,50.0
2026-08-04,3040264738,162-10700,OUTER WHEEL HALF ASSY,BACO,AUT,,,50.0
2026-08-04,3040264807,011-01105-01,INTEGRATED AVIONICS UNIT GIA63W,ALA 8,REC,,,42.0
2026-08-04,3040264808,011-01105-01,INTEGRATED AVIONICS UNIT GIA63W,BAMN,REC,,,42.0
2026-08-04,3040264907,011-00916-10,"DISPLAY UNIT,FLIGHT INFORMATION",BAMN,REC,,,35.0
2026-08-04,3040264908,011-00916-10,"DISPLAY UNIT,FLIGHT INFORMATION",BABV,REC,,,35.0
2026-08-04,3040264974,3244809-8,"FUEL CONTROL,MAIN,TURBINE ENGINE",BAMN,REC,,,33.0
2026-08-04,3040264961,3244897-4,FUEL CONTROL UNIT,CLA,REC,,,33.0
2026-08-04,3040264960,3034792,BOMBA DE COMBUSTÍVEL,CLA,REC,,,33.0
2026-08-04,3040265144,011-01020-10,AFCS MODE CONTROLLER GMC 710,BABE,REC,,,27.0
2026-08-04,3040265140,011-01020-10,AFCS MODE CONTROLLER GMC 710,BABE,REC,,,27.0
2026-08-04,3040265482,066-3084-32,IND RDR 2000 IN-182A,BABR,REC,,,12.0
2026-08-04,3040265484,066-3084-32,IND RDR 2000 IN-182A,BANT,REC,,,12.0
2026-08-04,3040265485,066-3084-32,IND RDR 2000 IN-182A,BABR,REC,,,12.0
2026-08-04,3040265526,ASG12000-2,ALTERNATOR,PAMALS,REC,,,8.0
2026-08-04,3040265525,ASG12000-2,ALTERNATOR,BABR,REC,,,8.0
2026-08-04,3040265527,9910592-2,ALTERNADOR,BABR,REC,,,8.0
2026-08-04,3040265533,3122678-04,FUEL CONTROL UNIT,BABR,REC,,,8.0
2026-08-04,3040265532,C611505-0201,ALTERNATOR,BANT,REC,,,8.0
2026-08-04,3040265530,C611505-0201,ALTERNATOR,BABV,REC,,,8.0
2026-08-04,3040265528,9910592-2,ALTERNADOR,BABR,REC,,,8.0
2026-08-04,3040265724,3244897-4,FUEL CONTROL UNIT,CLA,REC,,,7.0
2026-08-04,3040265474,C611008-0101,ALTERNATOR CONTROL UNIT,PAMALS,REC,,,5.0
2026-08-04,3040265475,C611008-0101,ALTERNATOR CONTROL UNIT,BABV,REC,,,5.0
2026-08-04,3040265476,C611008-0101,ALTERNATOR CONTROL UNIT,PAMALS,REC,,,5.0
2026-08-04,3040265477,C611008-0101,ALTERNATOR CONTROL UNIT,PAMALS,REC,,,5.0
2026-08-04,3040265576,011-00916-10,"DISPLAY UNIT,FLIGHT INFORMATION",BAMN,REC,,,4.0
2026-08-04,3040265580,011-00916-00,DISPLAY UNIT GDU 1040A,PAMALS,AUT,,,8.0
2026-08-04,3040265581,011-00916-00,DISPLAY UNIT GDU 1040A,PAMALS,AUT,,,8.0
2026-08-04,3040265589,EA-5175-52-CES,INDICATOR TRUE,BABV,AUT,,,8.0
2026-08-04,3040265590,EA-5175-52-CES,INDICATOR TRUE,BASM,AUT,,,8.0
2026-08-04,3040265591,EA-5175-52-CES,INDICATOR TRUE,BABV,AUT,,,8.0
2026-08-04,3040265592,EA-5175-52-CES,INDICATOR TRUE,BABV,AUT,,,8.0
2026-08-04,3040265668,9910592-2,ALTERNADOR,PAMALS,AUT,,,8.0
2026-08-04,3040265678,9910592-2,ALTERNADOR,BAMN,AUT,,,8.0
2026-08-04,3040265679,C611505-0201,ALTERNATOR,PAMALS,AUT,,,8.0
2026-08-04,3040265680,C611505-0201,ALTERNATOR,ALA 8,AUT,,,8.0
2026-08-04,3040265726,071-01519-0101,"RECEIVER-EXCITER,RADAR",PAMALS,AUT,,,7.0
2026-08-04,3040265727,071-01519-0101,"RECEIVER-EXCITER,RADAR",CLA,AUT,,,7.0
2026-08-04,3040265728,C163030-1001,MAIN W BRAKE A,BAMN,AUT,,,7.0
2026-08-04,3040265731,066-3046-07,"CONTROL,INDICATOR",BABR,AUT,,,7.0
2026-08-04,3040265732,066-3046-07,"CONTROL,INDICATOR",BANT,AUT,,,7.0
2026-08-04,3040265734,066-3046-07,"CONTROL,INDICATOR",EEAR,AUT,,,7.0
2026-08-04,3040265735,066-3046-07,"CONTROL,INDICATOR",CLA,AUT,,,7.0
2026-08-04,3040265736,C611008-0101,ALTERNATOR CONTROL UNIT,BABV,AUT,,,7.0
2026-08-04,3040265737,C611008-0101,ALTERNATOR CONTROL UNIT,EEAR,AUT,,,7.0
2026-08-04,3040265738,C611008-0101,ALTERNATOR CONTROL UNIT,PAMALS,AUT,,,7.0
2026-08-04,3040265739,C611008-0101,ALTERNATOR CONTROL UNIT,BANT,AUT,,,7.0
2026-08-04,3040265740,C611008-0101,ALTERNATOR CONTROL UNIT,BABE,AUT,,,7.0
2026-08-04,3040265741,C611008-0101,ALTERNATOR CONTROL UNIT,BABR,AUT,,,7.0
2026-08-04,3040265742,066-1072-04,"RECEIVER,RADIO",BACG,AUT,,,7.0
2026-08-04,3040265743,066-1072-04,"RECEIVER,RADIO",BAMN,AUT,,,7.0
2026-08-04,3040265744,066-1072-04,"RECEIVER,RADIO",PAMALS,AUT,,,7.0
2026-08-04,3040265745,066-3084-32,IND RDR 2000 IN-182A,PAMALS,AUT,,,7.0
2026-08-04,3040265746,066-3084-32,IND RDR 2000 IN-182A,PAMALS,AUT,,,7.0
2026-08-04,3040265747,30994-001,BATTERY-MARATHON TSP410 NICAD,PAMALS,AUT,,,7.0
2026-08-04,3040265748,30994-001,BATTERY-MARATHON TSP410 NICAD,PAMALS,AUT,,,7.0
2026-08-04,3040265749,30994-001,BATTERY-MARATHON TSP410 NICAD,PAMALS,AUT,,,7.0
2026-08-04,3040265750,30994-001,BATTERY-MARATHON TSP410 NICAD,PAMALS,AUT,,,7.0
2026-08-04,3040265751,30994-001,BATTERY-MARATHON TSP410 NICAD,PAMALS,AUT,,,7.0
2026-08-04,3040265752,2641011-5,AXLE-MAIN GEAR,BAMN,AUT,,,7.0
2026-08-04,3040265753,2641011-5,AXLE-MAIN GEAR,BAMN,AUT,,,7.0
2026-08-04,3040265754,161-11700,INNER WHEEL HALF ASSY,BACO,AUT,,,7.0
2026-08-04,3040265755,161-12800,WHEEL HALF ASSY-INNER,BABE,AUT,,,7.0
2026-08-04,3040265757,066-01141-0101,"RECEIVER,RADIO",PAMALS,AUT,,,7.0
2026-08-04,3040265758,066-01141-0101,"RECEIVER,RADIO",PAMALS,AUT,,,7.0
2026-08-04,3040265759,C660501-0103,"COMPASS,SPEC",DACTA II,AUT,,,7.0
2026-08-04,3040265769,023694-000,BATTERY NICKEL CADMIUM,BAPV,AUT,,,6.0
2026-08-04,3040265771,2651023-23,ENGINE MOUNT ASSEMBLY,PAMALS,AUT,,,6.0
2026-08-04,3040265772,2651023-23,ENGINE MOUNT ASSEMBLY,PAMALS,AUT,,,6.0
2026-08-04,3040265892,324843-0020,HEADSET-MICROPHONE,PAMALS,AUT,,,1.0
2026-08-04,3040265893,324843-0020,HEADSET-MICROPHONE,PAMALS,AUT,,,1.0
2026-08-04,3040265894,324843-0020,HEADSET-MICROPHONE,PAMALS,AUT,,,1.0
2026-08-04,3040265895,324843-0020,HEADSET-MICROPHONE,PAMALS,AUT,,,1.0
2026-08-05,3040249831,066-01141-5101,"RECEIVER-TRANSMITTER,RADIO (KT71)",PAMALS,REC,EM REPARO,LEAP,541.0
2026-08-05,3040250248,452-0133,"BATTERY,NONRECHARGEABLE",BABR,REC,CONDENADO,VEE ONE,525.0
2026-08-05,3040250249,452-0133,"BATTERY,NONRECHARGEABLE",BAMN,REC,CONDENADO,VEE ONE,525.0
2026-08-05,3040250234,3034792,BOMBA DE COMBUSTÍVEL,PAMALS,REC,,BANT,525.0
2026-08-05,3040250816,453-5060,"BEACON,DISTRESS",BAMN,REC,,PAMA-LS,503.0
2026-08-05,3040250830,799-1,TRANSDUCER,BACO,REC,,BANT,503.0
2026-08-05,3040250829,51539-012N,CONTROL UNIT ASSY-GENERATOR,BAMN,OS concluída,,,
2026-08-05,3040250828,51539-012N,CONTROL UNIT ASSY-GENERATOR,BACG,REC,,BABR,503.0
2026-08-05,3040250827,51539-012N,CONTROL UNIT ASSY-GENERATOR,BANT,REC,,BABR,503.0
2026-08-05,3040250831,799-1,TRANSDUCER,BANT,REC,,BANT,503.0
2026-08-05,3040250833,9910586-4,FLAP ACTUATOR AND MOTOR ASSEMBLY,ALA 3,REC,,BAMN,503.0
2026-08-05,3040250834,9910586-4,FLAP ACTUATOR AND MOTOR ASSEMBLY,ALA 3,OS concluída,CONDENADO,,
2026-08-05,3040250832,9910338-4,FUEL TOTALIZER INDICATOR,EEAR,REC,,PAMA-LS,503.0
2026-08-05,3040250835,ASG12000-2,ALTERNATOR,ALA 5,REC,REPARADO,V1 PAMA-LS,503.0
2026-08-05,3040250841,C661030-0301,TURN BANK,PAMALS,REC,EM REPARO,LEAP,503.0
2026-08-05,3040250842,C662041-0102,INDICATOR FUEL,ALA 5,REC,,PAMA-LS,503.0
2026-08-05,3040250844,C662041-0102,INDICATOR FUEL,ALA 9,REC,,PAMA-LS,503.0
2026-08-05,3040250843,C662041-0102,INDICATOR FUEL,ALA 10,OS concluída,REPARADO,,
2026-08-05,3040250719,060-0017-00,FLIGHT DIR HOR,PAMALS,REC,,BANT,503.0
2026-08-05,3040250720,060-0017-00,FLIGHT DIR HOR,BABV,OS concluída,REPARADO,,
2026-08-05,3040250722,066-01141-5101,"RECEIVER-TRANSMITTER,RADIO (KT71)",ALA 9,REC,EM REPARO,WILLIAM,503.0
2026-08-05,3040250723,066-01141-5101,"RECEIVER-TRANSMITTER,RADIO (KT71)",CLA,REC,,BABR,503.0
2026-08-05,3040250721,060-0017-00,FLIGHT DIR HOR,BANT,OS concluída,REPARADO,,
2026-08-05,3040250725,066-3046-07,"CONTROL,INDICATOR",ALA 10,OS concluída,REPARADO,,
2026-08-05,3040250724,066-04035-1101,"DISPLAY UNIT,RADAR",PAMALS,REC,,BANT,503.0
2026-08-05,3040250732,069-1025-25,"RECEIVER-TRANSMITTER,RADIO - KX165",PAMALS,REC,EM REPARO,WILLIAM,503.0
2026-08-05,3040250782,2606012-1,INDICATOR-INTER-TURBINE TEMPERATURE,ALA 9,OS concluída,,,
2026-08-05,3040250775,161-11700,INNER WHEEL HALF ASSY,BABE,OS concluída,CONDENADO,,
2026-08-05,3040250773,161-11700,INNER WHEEL HALF ASSY,EEAR,REC,,BACG,503.0
2026-08-05,3040250718,030-18200,MAIN WHEEL BRAKE,BACO,OS concluída,REPARADO,,
2026-08-05,3040250716,030-18200,MAIN WHEEL BRAKE,BABV,REC,EM REPARO,LEAP,503.0
2026-08-05,3040250717,030-18200,MAIN WHEEL BRAKE,BACO,OS concluída,REPARADO,,
2026-08-05,3040250780,162-11800,WHEEL HALF ASSY-OUTER,PAMALS,OS concluída,,,
2026-08-05,3040250781,162-11800,WHEEL HALF ASSY-OUTER,BACG,OS concluída,,,
2026-08-05,3040250778,161-12800,WHEEL HALF ASSY-INNER,BACG,OS concluída,REPARADO,,
2026-08-05,3040250776,161-12800,WHEEL HALF ASSY-INNER,BABE,OS concluída,CONDENADO,,
2026-08-05,3040250790,2643031-7,"FORK ASSY,NOSE GEAR SPRING",BAMN,OS concluída,CONDENADO,,
2026-08-05,3040250791,2643090-1,SHIMMY DAMPENE,BANT,REC,EM REPARO,AV AERONAUTICA,503.0
2026-08-05,3040250792,2643090-1,SHIMMY DAMPENE,BAMN,REC,REPARADO,V1 PAMA-LS,503.0
2026-08-05,3040250789,2641012-14,TRUNNION ASSY-RH-MAIN GEAR,PAMASP,OS concluída,CONDENADO,,
2026-08-05,3040250793,2643099-4,"SUPPORT ASSY FOWARD, NLG SPRING",BAMN,OS concluída,CONDENADO,,
2026-08-05,3040250798,30994-001,BATTERY-MARATHON TSP410 NICAD,BANT,OS concluída,CONDENADO,AMA - VEE ONE,
2026-08-05,3040252191,C611008-0101,ALTERNATOR CONTROL UNIT,PAMALS,REC,,BABR,470.0
2026-08-05,3040252159,011-00916-00,DISPLAY UNIT GDU 1040A,BAMN,REC,,BAMN,470.0
2026-08-05,3040252161,065-0042-03,COMPUTER PA,ALA 10,REC,EM REPARO,WILLIAM,470.0
2026-08-05,3040252162,065-0042-03,COMPUTER PA,EEAR,REC,,BABE,470.0
2026-08-05,3040252164,065-0042-03,COMPUTER PA,EEAR,REC,EM REPARO,WILLIAM,470.0
2026-08-05,3040252165,065-0042-03,COMPUTER PA,PAMALS,OS concluída,,,
2026-08-05,3040252166,065-0059-01,SERVO PITCH,EEAR,REC,EM REPARO,WILLIAM,470.0
2026-08-05,3040252168,066-03064-0005,"ALTIMETER,SERVO CONTROLLED,AUTOMATIC PRESSURE",ALA 9,OS concluída,REPARADO,,
2026-08-05,3040252173,066-03064-0005,"ALTIMETER,SERVO CONTROLLED,AUTOMATIC PRESSURE",BANT,REC,EM REPARO,LEAP,470.0
2026-08-05,3040252172,066-03064-0005,"ALTIMETER,SERVO CONTROLLED,AUTOMATIC PRESSURE",PAMALS,REC,NO ESTADO,VEE ONE,470.0
2026-08-05,3040252170,066-03064-0005,"ALTIMETER,SERVO CONTROLLED,AUTOMATIC PRESSURE",ALA 7,REC,NO ESTADO,VEE ONE,470.0
2026-08-05,3040252178,066-1072-00,RECEIVER ADF (KING KR87),PAMALS,OS concluída,,,
2026-08-05,3040252182,066-1072-04,"RECEIVER,RADIO",ALA 9,OS concluída,REPARADO,,
2026-08-05,3040252181,066-1072-04,"RECEIVER,RADIO",PAMASP,REC,EM REPARO,WILLIAM,470.0
2026-08-05,3040252180,066-1072-04,"RECEIVER,RADIO",ALA 8,OS concluída,,,
2026-08-05,3040252185,066-1072-04,"RECEIVER,RADIO",BAMN,OS concluída,REPARADO,,
2026-08-05,3040252189,9910338-6,"TRANSMITTER,RATE OF FLOW",ALA 8,OS concluída,REPARADO,,
2026-08-05,3040252190,9910338-6,"TRANSMITTER,RATE OF FLOW",BABR,OS concluída,,,
2026-08-05,3040252160,011-01020-10,AFCS MODE CONTROLLER GMC 710,BAMN,OS concluída,,,
2026-08-05,3040252939,C163030-1001,MAIN W BRAKE A,BABV,REC,,BAMN,440.0
2026-08-05,3040252936,030-18200,MAIN WHEEL BRAKE,BACO,REC,,PAMA-LS,440.0
2026-08-05,3040252935,030-18200,MAIN WHEEL BRAKE,BAMN,OS concluída,CONDENADO,,
2026-08-05,3040252940,30-182,MAIN WHEEL BRAKE,BABV,OS concluída,CONDENADO,,
2026-08-05,3040252942,30-182,MAIN WHEEL BRAKE,BAMN,OS concluída,REPARADO,,
2026-08-05,3040252943,30-182,MAIN WHEEL BRAKE,BAMN,OS concluída,REPARADO,,
2026-08-05,3040253170,161-12800,WHEEL HALF ASSY-INNER,BASM,OS concluída,CONDENADO,,
2026-08-05,3040253168,161-12800,WHEEL HALF ASSY-INNER,BASM,REC,REPARADO,VEE ONE,436.0
2026-08-05,3040253172,161-12800,WHEEL HALF ASSY-INNER,PAMALS,REC,,PROCURANDO,436.0
2026-08-05,3040253174,161-12800,WHEEL HALF ASSY-INNER,PAMALS,OS concluída,CONDENADO,,
2026-08-05,3040253173,161-12800,WHEEL HALF ASSY-INNER,PAMALS,REC,EM REPARO,LEAP,436.0
2026-08-05,3040253176,162-10700,OUTER WHEEL HALF ASSY,BABE,OS concluída,CONDENADO,,
2026-08-05,3040253177,162-10700,OUTER WHEEL HALF ASSY,BABV,REC,REPARADO,VEE ONE,436.0
2026-08-05,3040253178,162-10700,OUTER WHEEL HALF ASSY,PAMALS,REC,,PROCURANDO,436.0
2026-08-05,3040253179,162-11800,WHEEL HALF ASSY-OUTER,CLA,OS concluída,CONDENADO,,
2026-08-05,3040253181,162-11800,WHEEL HALF ASSY-OUTER,PAMALS,OS concluída,REPARADO,,
2026-08-05,3040253180,162-11800,WHEEL HALF ASSY-OUTER,BASM,REC,,PROCURANDO,436.0
2026-08-05,3040253182,162-11800,WHEEL HALF ASSY-OUTER,PAMALS,REC,REPARADO,VEE ONE,436.0
2026-08-05,3040253536,2641012-14,TRUNNION ASSY-RH-MAIN GEAR,PAMALS,OS concluída,CONDENADO,,
2026-08-05,3040253529,066-03064-0005,"ALTIMETER,SERVO CONTROLLED,AUTOMATIC PRESSURE",DSM-MN,REC,DEVOLVIDO NO ESTADO,WILLIAM,426.0
2026-08-05,3040253528,066-03064-0005,"ALTIMETER,SERVO CONTROLLED,AUTOMATIC PRESSURE",BANT,OS concluída,REPARADO,,
2026-08-05,3040253532,799-1,TRANSDUCER,PAMALS,REC,,BANT,426.0
2026-08-05,3040253535,2643099-4,"SUPPORT ASSY FOWARD, NLG SPRING",BABE,REC,CONDENADO,VEE ONE,426.0
2026-08-05,3040253531,799-1,TRANSDUCER,BAMN,REC,,VEE ONE,426.0
2026-08-05,3040253530,799-1,TRANSDUCER,BAMN,REC,,BANT,426.0
2026-08-05,3040253526,30994-001,BATTERY-MARATHON TSP410 NICAD,PAMALS,OS concluída,CONDENADO,AMA - VEE ONE,
2026-08-05,3040253527,30994-001,BATTERY-MARATHON TSP410 NICAD,BAPV,OS concluída,CONDENADO,AMA - VEE ONE,
2026-08-05,3040254195,540-1407-4,"VALVE,BLEED,TURBINEENGINE",PAMALS,REC,,BANT,408.0
2026-08-05,3040254201,2643090-3,SHIMMY DAMPER-NOSE GEAR,PAMALS,REC,REPARADO,V1 PAMA-LS,408.0
2026-08-05,3040254203,SE1070-6,SHIMMY DAMPENER ASSY,BACGINAT,OS concluída,,,
2026-08-05,3040254205,C660501-0103,"COMPASS,SPEC",PAMALS,REC,REPARADO,V1 PAMA-LS,408.0
2026-08-05,3040254206,C660501-0103,"COMPASS,SPEC",ALA 8,REC,EM REPARO EM GARANTIA,WILLIAM,408.0
2026-08-05,3040254208,C660501-0103,"COMPASS,SPEC",BABV,REC,REPARADO,V1 PAMA-LS,408.0
2026-08-05,3040254210,799-1,TRANSDUCER,BANT,REC,,BANT,408.0
2026-08-05,3040254792,2606013-1RX,INDICATOR-PERCENT RPM,BABR,REC,,BANT,399.0
2026-08-05,3040254770,069-1025-25,"RECEIVER-TRANSMITTER,RADIO - KX165",ALA 9,REC,EM REPARO,WILLIAM,399.0
2026-08-05,3040254799,453-5000-710,EMERGENCY LOCATOR TRANSMITTER MODEL C406-2,PAMASP,OS concluída,,,
2026-08-05,3040254806,C352TS,"EXTINGUISHER,FIRE",PAMALS,REC,REPARADO,V1 PAMA-LS,399.0
2026-08-05,3040254805,C352TS,"EXTINGUISHER,FIRE",PAMALS,OS concluída,,,
2026-08-05,3040254810,C352TS,"EXTINGUISHER,FIRE",PAMALS,OS concluída,,,
2026-08-05,3040254809,C352TS,"EXTINGUISHER,FIRE",PAMAGL,OS concluída,,,
2026-08-05,3040254803,C352TS,"EXTINGUISHER,FIRE",2 ETA,REC,REPARADO,V1 PAMA-LS,399.0
2026-08-05,3040254808,C352TS,"EXTINGUISHER,FIRE",BABR,REC,REPARADO,V1 PAMA-LS,399.0
2026-08-05,3040254795,D145-00-46-2,FLAP ACTUATOR ASSY,BABE,REC,,PAMA-LS,399.0
2026-08-05,3040254793,D145-00-46-2,FLAP ACTUATOR ASSY,PAMALS,REC,,PAMA-LS,399.0
2026-08-05,3040254815,C482001-0402,VACUUM REGULAT,PAMALS,REC,CONDENADO,VEE ONE,399.0
2026-08-05,3040254816,C482001-0402,VACUUM REGULAT,PAMALS,REC,CONDENADO,VEE ONE,399.0
2026-08-05,3040254820,2641011-5,AXLE-MAIN GEAR,BAMN,OS concluída,REPARADO,,
2026-08-05,3040254817,2641011-5,AXLE-MAIN GEAR,BABE,OS concluída,NO ESTADO,,
2026-08-05,3040254818,2641011-5,AXLE-MAIN GEAR,BABE,OS concluída,,,
2026-08-05,3040254819,2641011-5,AXLE-MAIN GEAR,BANT,OS concluída,REPARADO,,
2026-08-05,3040254796,30994-001,BATTERY-MARATHON TSP410 NICAD,BAMN,OS concluída,REPARADO,,
2026-08-05,3040254789,452-0133,"BATTERY,NONRECHARGEABLE",BAMN,REC,CONDENADO,VEE ONE,399.0
2026-08-05,3040254788,452-0133,"BATTERY,NONRECHARGEABLE",BAMN,REC,CONDENADO,VEE ONE,399.0
2026-08-05,3040254787,452-0133,"BATTERY PACK,AIRCRAFT",DACTA II,REC,CONDENADO,VEE ONE,399.0
2026-08-05,3040254786,452-0133,"BATTERY PACK,AIRCRAFT",BAMN,REC,CONDENADO,VEE ONE,399.0
2026-08-05,3040254785,452-0133,"BATTERY,NONRECHARGEABLE",BAMN,REC,CONDENADO,VEE ONE,399.0
2026-08-05,3040254784,452-0133,"BATTERY,NONRECHARGEABLE",DACTA II,REC,CONDENADO,VEE ONE,399.0
2026-08-05,3040255326,011-00916-00,DISPLAY UNIT GDU 1040A,BAMN,REC,,BAMN,390.0
2026-08-05,3040255319,702801-5,FUEL PUMP,PAMASP,REC,EM REPARO,VEE ONE,390.0
2026-08-05,3040255321,8210-002,"GOVERNOR,CONSTANT SPEED DRIVE",PAMALS,OS concluída,,,
2026-08-05,3040255461,DAAS-A-010-1,ADAS-D PROCESSOR,PAMALS,REC,EM REPARO,VEE ONE,386.0
2026-08-05,3040255589,071-01519-0101,"RECEIVER-EXCITER,RADAR",BANT,REC,,PROCURANDO,384.0
2026-08-05,3040255590,071-01519-0101,"RECEIVER-EXCITER,RADAR",PAMALS,OS concluída,REPARADO,,
2026-08-05,3040255706,C661064-0237,AIRSPEED INDICATOR,BAMN,OS concluída,,,
2026-08-05,3040256114,5934PAD-3,"ALTIMETER,PRESSURE",PAMALS,REC,EM REPARO,VEE ONE,370.0
2026-08-05,3040256119,011-00878-10,GSA-81 TORQUE SERVO,BAPV,REC,EM REPARO,LEAP,370.0
2026-08-05,3040256112,011-00883-20,RADAR GWX 68 WEATHER,BABE,REC,,BAMN,370.0
2026-08-05,3040256115,5934PAD-3,"ALTIMETER,PRESSURE",PAMALS,OS concluída,REPARADO,,
2026-08-05,3040256118,011-00878-10,GSA-81 TORQUE SERVO,BAPV,REC,,BACO,370.0
2026-08-05,3040256120,011-00916-10,"DISPLAY UNIT,FLIGHT INFORMATION",BAMN,OS concluída,,,
2026-08-05,3040256314,066-4010-12,RECEIVER VOR/LOC (KNS81),EEAR,REC,EM REPARO,LEAP,357.0
2026-08-05,3040256311,3121248-03,"VALVE ASSEMBLY,COMPRESSOR BLEED",PAMALS,OS concluída,,,
2026-08-05,3040256704,C661064-0237,AIRSPEED INDICATOR,PAMALS,OS concluída,,,
2026-08-05,3040256707,D210507,"GOVERNOR,OVERSPEED",PAMALS,OS concluída,,,
2026-08-05,3040256708,D210507,"GOVERNOR,OVERSPEED",PAMALS,REC,REPARADO,VEE ONE,348.0
2026-08-05,3040256702,C661064-0237,AIRSPEED INDICATOR,BABR,OS concluída,,,
2026-08-05,3040256703,C661064-0237,AIRSPEED INDICATOR,PAMALS,OS concluída,REPARADO,,
2026-08-05,3040256662,030-18200,MAIN WHEEL BRAKE,BASM,OS concluída,,,
2026-08-05,3040256665,161-11700,INNER WHEEL HALF ASSY,BABV,OS concluída,,,
2026-08-05,3040256666,161-11700,INNER WHEEL HALF ASSY,PAMALS,OS concluída,,,
2026-08-05,3040256667,161-11700,INNER WHEEL HALF ASSY,PAMALS,OS concluída,,,
2026-08-05,3040256668,161-11700,INNER WHEEL HALF ASSY,PAMALS,OS concluída,CONDENADO,,
2026-08-05,3040256669,161-11700,INNER WHEEL HALF ASSY,PAMALS,OS concluída,,,
2026-08-05,3040256670,161-11700,INNER WHEEL HALF ASSY,PAMALS,OS concluída,CONDENADO,,
2026-08-05,3040256671,161-11700,INNER WHEEL HALF ASSY,PAMALS,REC,REPARADO,VEE ONE,348.0
2026-08-05,3040256698,030-18200,MAIN WHEEL BRAKE,PAMASP,REC,,PROCURANDO,348.0
2026-08-05,3040256713,030-18200,MAIN WHEEL BRAKE,ALA 3,REC,,BAMN,348.0
2026-08-05,3040256694,162-11800,WHEEL HALF ASSY-OUTER,BANT,OS concluída,REPARADO,,
2026-08-05,3040256696,162-11800,WHEEL HALF ASSY-OUTER,PAMALS,REC,,PAMA-LS,348.0
2026-08-05,3040256672,161-12800,WHEEL HALF ASSY-INNER,PAMALS,REC,REPARADO,VEE ONE,348.0
2026-08-05,3040256675,161-12800,WHEEL HALF ASSY-INNER,BANT,OS concluída,REPARADO,,
2026-08-05,3040256792,011-00877-00,"GSA-80 SERVO ROL,YAW,SPEC",BAMN,REC,,PROCURANDO,348.0
2026-08-05,3040256787,011-00877-00,"GSA-80 SERVO ROL,YAW,SPEC",PAMALS,REC,EM REPARO,VEE ONE,348.0
2026-08-05,3040256828,011-00883-20,RADAR GWX 68 WEATHER,PAMALS,REC,CONDENADO,V1 PAMA-LS,348.0
2026-08-05,3040256709,3121248-03,"VALVE ASSEMBLY,COMPRESSOR BLEED",PAMASP,REC,,BANT,345.0
2026-08-05,3040256673,161-12800,WHEEL HALF ASSY-INNER,PAMALS,REC,CONDENADO,VEE ONE,345.0
2026-08-05,3040257095,011-01105-01,INTEGRATED AVIONICS UNIT GIA63W,BABE,REC,EM REPARO,VEE ONE,341.0
2026-08-05,3040257096,011-01105-01,INTEGRATED AVIONICS UNIT GIA63W,BABE,REC,,BAMN,341.0
2026-08-05,3040257093,065-00183-0501,AUTOPILOT COMPUTER KFC225,BABE,REC,,BANT,341.0
2026-08-05,3040257094,065-00183-0501,AUTOPILOT COMPUTER KFC225,BABE,REC,,BANT,341.0
2026-08-05,3040257443,161-12800,WHEEL HALF ASSY-INNER,ALA 3,AUT,,NÃO TEVE MOVIMENTAÇÃO,329.0
2026-08-05,3040257442,C163030-1001,MAIN W BRAKE A,BAMN,OS concluída,REPARADO,VEE ONE,
2026-08-05,3040257452,3244809-8,"FUEL CONTROL,MAIN,TURBINE ENGINE",BAPV,OS concluída,REPARADO,,
2026-08-05,3040257454,EA-5172-45-CES,"INDICATOR,AIRSPEED",BACG,OS concluída,,,
2026-08-05,3040257453,EA-5172-45-CES,"INDICATOR,AIRSPEED",ALA 7,REC,DEVOLVIDO NO ESTADO,WILLIAM,322.0
2026-08-05,3040257451,3244809-7,"FUEL CONTROL,MAIN,TURBINE ENGINE",PAMASP,REC,,BANT,322.0
2026-08-05,3040257450,3244809-4,"FUEL CONTROL,MAIN,TURBINE ENGINE",PAMASP,OS concluída,EM REPARO,LEAP,
2026-08-05,3040257438,030-18200,MAIN WHEEL BRAKE,BAMN,REC,REPARADO,VEE ONE,322.0
2026-08-05,3040257444,162-10700,OUTER WHEEL HALF ASSY,PAMALS,OS concluída,CONDENADO,,
2026-08-05,3040257447,162-10700,OUTER WHEEL HALF ASSY,PAMALS,OS concluída,CONDENADO,,
2026-08-05,3040257436,30994-001,BATTERY-MARATHON TSP410 NICAD,PAMALS,OS concluída,CONDENADO,AMA - VEE ONE,
2026-08-05,3040257441,030-18200,MAIN WHEEL BRAKE,BAPV,REC,,BAMN,322.0
2026-08-05,3040257440,030-18200,MAIN WHEEL BRAKE,BANT,REC,CONDENADO,VEE ONE,322.0
2026-08-05,3040257439,030-18200,MAIN WHEEL BRAKE,BAMN,REC,,BAMN,322.0
2026-08-05,3040258306,D210507,"GOVERNOR,OVERSPEED",PAMALS,REC,EM REPARO,LEAP,302.0
2026-08-05,3040258310,D210507,"GOVERNOR,OVERSPEED",BACO,OS concluída,,,
2026-08-05,3040258309,D210507,"GOVERNOR,OVERSPEED",BAMN,REC,EM REPARO,LEAP,302.0
2026-08-05,3040258308,D210507,"GOVERNOR,OVERSPEED",BAMN,OS concluída,REPARADO,,
2026-08-05,3040258307,D210507,"GOVERNOR,OVERSPEED",ALA 5,OS concluída,,,
2026-08-05,3040258303,011-00877-00,"GSA-80 SERVO ROL,YAW,SPEC",DACTA II,REC,EM REPARO,VEE ONE,302.0
2026-08-05,3040258422,2601188-8,COMPRESSOR DRIVE ASSY R134A,PAMASP,REC,,PROCURANDO,300.0
2026-08-05,3040258419,011-00877-00,"GSA-80 SERVO ROL,YAW,SPEC",DACTA II,REC,EM REPARO,VEE ONE,300.0
2026-08-05,3040258420,011-00877-00,"GSA-80 SERVO ROL,YAW,SPEC",BACO,REC,EM REPARO,VEE ONE,300.0
2026-08-05,3040258421,011-00877-00,"GSA-80 SERVO ROL,YAW,SPEC",BABE,REC,,BACO,300.0
2026-08-05,3040258764,069-01034-0102,"NAVIGATION SET,SATELLITE SIGNALS KLN-94",PAMALS,REC,,BANT,293.0
2026-08-05,3040259152,066-01141-5101,"TRANSPONDER,RADAR",BABE,REC,,BANT,274.0
2026-08-05,3040259151,066-01141-5101,"TRANSPONDER,RADAR",BANT,REC,REPARADO,V1 PAMA-LS,274.0
2026-08-05,3040259251,064-1019-05,VHF TRANSCEIVE KY196,EEAR,REC,,EEAR,272.0
2026-08-05,3040259146,1U149-015-15,HORIZ. GYRO-STADBY,PAMALS,REC,EM REPARO,VEE ONE,271.0
2026-08-05,3040259147,162-10700,OUTER WHEEL HALF ASSY,BANT,REC,EM REPARO,AMA - VEE ONE,271.0
2026-08-05,3040259148,3049038-03,"VALVE,COMPRESSOR BLEED",BANT,OS concluída,,,
2026-08-05,3040259316,2606015-4,INDICATOR-OIL TEMP/OIL PRESS,BACG,REC,REPARADO,V1 PAMA-LS,268.0
2026-08-05,3040259564,C414007-0102,BLOWER ASSY,PAMALS,OS concluída,,,
2026-08-05,3040259568,C414007-0102,BLOWER ASSY,ALA 10,OS concluída,,,
2026-08-05,3040259570,C414007-0102,BLOWER ASSY,ALA 10,OS concluída,,,
2026-08-05,3040259694,025323-150,FUEL PUMP,PAMASP,REC,,BACO,260.0
2026-08-05,3040259922,C414007-0102,BLOWER ASSY,BANT,REC,REPARADO,V1 PAMA-LS,253.0
2026-08-05,3040259928,C414007-0102,BLOWER ASSY,PAMALS,REC,EM REPARO,VEE ONE,253.0
2026-08-05,3040259924,C414007-0102,BLOWER ASSY,BACG,REC,EM REPARO,VEE ONE,253.0
2026-08-05,3040259918,C414007-0102,BLOWER ASSY,ALA 10,REC,EM REPARO,VEE ONE,253.0
2026-08-05,3040259950,065-0060-01,"CONTROL,SERVO,AUTOMATIC PILOT",PAMALS,REC,EM REPARO,LEAP,253.0
2026-08-05,3040259949,065-0060-01,"CONTROL,SERVO,AUTOMATIC PILOT",PAMALS,REC,EM REPARO,LEAP,253.0
2026-08-05,3040259947,066-3046-07,"CONTROL,INDICATOR",EEAR,OS concluída,REPARADO,,
2026-08-05,3040259946,066-3046-07,"CONTROL,INDICATOR",BANT,REC,,BANT,253.0
2026-08-05,3040259944,066-3046-07,"CONTROL,INDICATOR",EEAR,REC,,PAMA-LS,253.0
2026-08-05,3040260209,011-00916-00,DISPLAY UNIT GDU 1040A,PAMALS,REC,,BAMN,239.0
2026-08-05,3040260208,324843-W020,HEADSET-MICROPHONE,PAMALS,REC,VAI SER DEVOLVIDO SEM REPARO,WILLIAM,239.0
2026-08-05,3040260204,324843-W020,HEADSET-MICROPHONE,PAMALS,OS concluída,REPARADO,,
2026-08-05,3040260205,324843-W020,HEADSET-MICROPHONE,PAMALS,OS concluída,REPARADO,,
2026-08-05,3040260388,SD5H14C4527,AIR COMPRESSOR,PAMALS,REC,EM REPARO,VEE ONE,232.0
2026-08-05,3040260382,065-00183-0501,AUTOPILOT COMPUTER KFC225,BANT,REC,,BANT,232.0
2026-08-05,3040260389,SD5H14C4527,AIR COMPRESSOR,PAMALS,REC,EM REPARO,VEE ONE,232.0
2026-08-05,3040260517,ASG12000-2,ALTERNATOR,PAMALS,OS concluída,,,
2026-08-05,3040260524,51539-012M,CONTROL UNIT ASSY-GENERATOR,BANT,REC,,BACG,229.0
2026-08-05,3040260516,ASG12000-2,ALTERNATOR,PAMALS,REC,REPARADO,V1 PAMA-LS,229.0
2026-08-05,3040260523,9910592-2,ALTERNADOR,BAMN,REC,REPARADO,V1 PAMA-LS,229.0
2026-08-05,3040260522,9910592-2,ALTERNADOR,BAMN,REC,REPARADO,V1 PAMA-LS,229.0
2026-08-05,3040260547,161-12800,WHEEL HALF ASSY-INNER,EPCAR,OS concluída,REPARADO,VEE ONE,
2026-08-05,3040260545,161-11700,INNER WHEEL HALF ASSY,BACG,REC,REPARADO,VEE ONE,211.0
2026-08-05,3040260544,161-11700,INNER WHEEL HALF ASSY,BANT,REC,REPARADO,VEE ONE,211.0
2026-08-05,3040260546,161-12800,WHEEL HALF ASSY-INNER,PAMALS,REC,REPARADO,VEE ONE,211.0
2026-08-05,3040260548,161-11700,INNER WHEEL HALF ASSY,CLA,REC,REPARADO,VEE ONE,211.0
2026-08-05,3040260549,162-10700,OUTER WHEEL HALF ASSY,BACG,REC,REPARADO,VEE ONE,211.0
2026-08-05,3040260550,162-10700,OUTER WHEEL HALF ASSY,CLA,REC,REPARADO,VEE ONE,211.0
2026-08-05,3040260551,162-11800,WHEEL HALF ASSY-OUTER,BANT,REC,REPARADO,VEE ONE,211.0
2026-08-05,3040260552,30994-001,BATTERY-MARATHON TSP410 NICAD,BABE,OS concluída,CONDENADO,AMA - VEE ONE,
2026-08-05,3040260543,324843-W020,HEADSET-MICROPHONE,PAMALS,REC,VAI SER DEVOLVIDO SEM REPARO,WILLIAM,211.0
2026-08-05,3040260542,324843-W020,HEADSET-MICROPHONE,PAMALS,REC,,BABE,211.0
2026-08-05,3040260541,324843-W020,HEADSET-MICROPHONE,PAMALS,OS concluída,REPARADO,,
2026-08-05,3040260540,324843-W020,HEADSET-MICROPHONE,PAMALS,OS concluída,REPARADO,,
2026-08-05,3040260538,324843-W020,HEADSET-MICROPHONE,PAMALS,REC,,BABE,211.0
2026-08-05,3040260539,324843-W020,HEADSET-MICROPHONE,PAMALS,REC,,BABE,211.0
2026-08-05,3040260595,9910586-4,FLAP ACTUATOR AND MOTOR ASSEMBLY,7 ETA,REC,,BAMN,211.0
2026-08-05,3040260597,9910586-4,FLAP ACTUATOR AND MOTOR ASSEMBLY,BAPV,REC,REPARADO,VEE ONE,211.0
2026-08-05,3040260583,3244897-4,FUEL CONTROL UNIT,PAMALS,OS concluída,,,
2026-08-05,3040260750,3122678-04,FUEL CONTROL UNIT,PAMASP,REC,,BANT,203.0
2026-08-05,3040260752,3244897-4,FUEL CONTROL UNIT,PAMASP,OS concluída,REPARADO,,
2026-08-05,3040260753,3244809-7,"FUEL CONTROL,MAIN,TURBINE ENGINE",PAMASP,OS concluída,REPARADO,,
2026-08-05,3040260754,3244809-1,"FUEL CONTROL,MAIN,TURBINE ENGINE",PAMASP,REC,EM QUARENTENA,LEAP,203.0
2026-08-05,3040254794,C145-350,"MOTOR,DIRECT CURRENT",PAMALS,OS concluída,,,
2026-08-05,3040260913,064-1054-30,RECEIVER-TRANSMITTER SUBASSEMBLY,EPCAR,REC,REPARADO,V1 PAMA-LS,191.0
2026-08-05,3040260915,064-1054-30,RECEIVER-TRANSMITTER SUBASSEMBLY,PAMALS,REC,REPARADO,V1 PAMA-LS,191.0
2026-08-05,3040260811,3034792,BOMBA DE COMBUSTÍVEL,BAPV,REC,,BABR,189.0
2026-08-05,3040260812,3034792,BOMBA DE COMBUSTÍVEL,BACG,OS concluída,,,
2026-08-05,3040260922,162-11800,WHEEL HALF ASSY-OUTER,PAMALS,OS concluída,,,
2026-08-05,3040260923,030-18200,MAIN WHEEL BRAKE,BACO,REC,REPARADO,VEE ONE,189.0
2026-08-05,3040261389,3034792,BOMBA DE COMBUSTÍVEL,PAMASP,REC,REPARADO,V1 PAMA-LS,176.0
2026-08-05,3040261388,3034792,BOMBA DE COMBUSTÍVEL,BABR,OS concluída,REPARADO,,
2026-08-05,3040261387,3034792,BOMBA DE COMBUSTÍVEL,BABR,OS concluída,REPARADO,,
2026-08-05,3040261371,TFF2905-13,FUEL FLOW TRANSDUCER,ALA 8,REC,EM REPARO,WILLIAM,176.0
2026-08-05,3040261375,C661065-0240RX,"INDICATOR, AIRSPEED",BACG,REC,EM REPARO,WILLIAM,176.0
2026-08-05,3040261373,C661065-0240,AIRSPEED INDICATOR,BABE,REC,REPARADO,V1 PAMA-LS,176.0
2026-08-05,3040261322,011-00831-00,"ENGINE INTERFA,SPEC",BAPV,REC,REPARADO,VEE ONE,176.0
2026-08-05,3040261326,011-00882-10,"COMPUTER,AIR DATA",BAMN,OS concluída,,,
2026-08-05,3040261324,011-00882-10,"COMPUTER,AIR DATA",BAMN,OS concluída,,,
2026-08-05,3040261327,064-1054-30,RECEIVER-TRANSMITTER SUBASSEMBLY,PAMASP,REC,REPARADO,V1 PAMA-LS,176.0
2026-08-05,3040261336,066-01141-0101,"RECEIVER,RADIO",BANT,REC,REPARADO,V1 PAMA-LS,176.0
2026-08-05,3040261334,065-0065-01,SELECTOR ALT,BANT,REC,EM REPARO,WILLIAM,176.0
2026-08-05,3040261331,065-0061-36,ACTUATOR TRIM (KS272A),PAMASP,REC,,BABR,176.0
2026-08-05,3040261329,065-0061-36,ACTUATOR TRIM (KS272A),ALA 10,OS concluída,REPARADO,,
2026-08-05,3040261335,065-0065-01,SELECTOR ALT,BANT,REC,EM REPARO,WILLIAM,176.0
2026-08-05,3040261342,066-3084-02,COLOR RADAR INDICATOR,BABV,REC,EM REPARO,WILLIAM,176.0
2026-08-05,3040261340,066-1053-00,"RECEIVER,RADIO",BASM,REC,REPARADO,V1 PAMA-LS,176.0
2026-08-05,3040261377,066-3054-01,INDICATOR RADAR ALTIMETER - TYPE KI250,PAMALS,REC,EM REPARO,WILLIAM,176.0
2026-08-05,3040261376,066-1061-03,RT RADAR ALTIM (KRA10A),PAMALS,REC,PARA REPARO,VEE ONE,176.0
2026-08-05,3040261352,1134380-4,EVAPORATOR MODULE ASSY-RH,BAMN,REC,CONDENADO,VEE ONE,176.0
2026-08-05,3040261347,071-1234-00,ANTENNA ACCESSORY,ALA 1,REC,EM REPARO,WILLIAM,176.0
2026-08-05,3040261344,066-4010-12,RECEIVER VOR/LOC (KNS81),ALA 10,REC,EM REPARO,WILLIAM,176.0
2026-08-05,3040261353,1H75-21,PRESSURE REGULATOR,BAMN,REC,,BAMN,176.0
2026-08-05,3040261357,2682001-1,BRAKE CYL MAST,BABE,OS concluída,REPARADO,,
2026-08-05,3040261356,2670104-2,ANNUNCIATOR PANEL,PAMALS,REC,REPARADO,VEE ONE,176.0
2026-08-05,3040261355,2643100-201,NOSE GEAR STRUT ASSY - TALL FORK,BABR,OS concluída,REPARADO,,
2026-08-05,3040261354,2643100-201,NOSE GEAR STRUT ASSY - TALL FORK,BANT,REC,EM REPARO,AV AERONAUTICA,176.0
2026-08-05,3040261364,8210-002-01,GOVERNOR PROPELLER,PAMASP,REC,REPARADO,VEE ONE,176.0
2026-08-05,3040261627,S3828-1,ALTIMETER,BAMN,REC,EM REPARO,WILLIAM,162.0
2026-08-05,3040261628,S3828-1,ALTIMETER,BABE,REC,REPARADO,V1 PAMA-LS,162.0
2026-08-05,3040261851,51539-012MRX,CONTROL UNIT ASSY-GENERATOR,BABE,REC,EM REPARO,VEE ONE,154.0
2026-08-05,3040261852,51539-012MRX,CONTROL UNIT ASSY-GENERATOR,BABE,REC,EM REPARO,VEE ONE,154.0
2026-08-05,3040261843,3034792,BOMBA DE COMBUSTÍVEL,PAMALS,REC,EM REPARO,VEE ONE,149.0
2026-08-05,3040262245,200SGL119Q-2,STARTER GENERATOR,BAMN,OS concluída,REPARADO,,
2026-08-05,3040262246,200SGL119Q-2,STARTER GENERATOR,BAMN,OS concluída,REPARADO,,
2026-08-05,3040262273,324843-W020,HEADSET-MICROPHONE,BABE,OS concluída,REPARADO,,
2026-08-05,3040262275,324843-W020,HEADSET-MICROPHONE,BANT,OS concluída,REPARADO,,
2026-08-05,3040262363,066-1055-00,AUDIO CONTROL PANEL,ALA 5,OS concluída,,,
2026-08-05,3040262367,066-1055-00,AUDIO CONTROL PANEL,ALA 9,REC,EM REPARO,WILLIAM,132.0
2026-08-05,3040262368,066-1055-00,AUDIO CONTROL PANEL,CLA,OS concluída,,,
2026-08-05,3040262372,51539-012M,CONTROL UNIT ASSY-GENERATOR,BANT,REC,,V1 PAMA-LS,132.0
2026-08-05,3040262371,51539-012N,CONTROL UNIT ASSY-GENERATOR,BANT,REC,REPARADO,V1 PAMA-LS,132.0
2026-08-05,3040262419,065-0061-36,ACTUATOR TRIM (KS272A),ALA 9,REC,EM REPARO,WILLIAM,127.0
2026-08-05,3040262734,C352,PORTABLE HALON FIRE EXTINGUISHERS,ALA 5,REC,EM REPARO,AV AERONAUTICA,114.0
2026-08-05,3040262738,C352TS,"EXTINGUISHER,FIRE",BANT,REC,,PROCURANDO,114.0
2026-08-05,3040262739,C352TS,"EXTINGUISHER,FIRE",BANT,REC,,PROCURANDO,114.0
2026-08-05,3040262740,C352TS,"EXTINGUISHER,FIRE",PAMALS,REC,,PROCURANDO,114.0
2026-08-05,3040262766,011-00883-20,RADAR GWX 68 WEATHER,BAMN,OS concluída,EM REPARO,VEE ONE,
2026-08-05,3040262765,011-00883-20,RADAR GWX 68 WEATHER,BAMN,REC,EM REPARO,VEE ONE,114.0
2026-08-05,3040262772,011-01020-10,AFCS MODE CONTROLLER GMC 710,BAMN,REC,EM REPARO,WILLIAM,114.0
2026-08-05,3040262770,011-01020-10,AFCS MODE CONTROLLER GMC 710,BAMN,REC,EM REPARO,WILLIAM,114.0
2026-08-05,3040262773,011-01020-10,AFCS MODE CONTROLLER GMC 710,BAMN,REC,EM REPARO,WILLIAM,114.0
2026-08-05,3040262746,066-1070-01,TRANSCEIVER DME (KN63),BABE,REC,EM REPARO,WILLIAM,114.0
2026-08-05,3040262745,064-1019-05,VHF TRANSCEIVE KY196,EEAR,REC,EM REPARO,VEE ONE,114.0
2026-08-05,3040262747,066-1072-00,RECEIVER ADF (KING KR87),ALA 7,REC,EM REPARO,WILLIAM,114.0
2026-08-05,3040262748,066-3046-07,"CONTROL,INDICATOR",BABR,REC,,BANT,114.0
2026-08-05,3040262769,066-3046-07,"CONTROL,INDICATOR",BABR,REC,,BANT,114.0
2026-08-05,3040262768,066-3046-07,"CONTROL,INDICATOR",EEAR,REC,EM REPARO,LEAP,114.0
2026-08-05,3040262767,066-3046-07,"CONTROL,INDICATOR",EEAR,REC,EM REPARO,LEAP,114.0
2026-08-05,3040262791,066-3060-00,IND RMI KNI582,BANT,REC,EM REPARO,LEAP,114.0
2026-08-05,3040262630,161-11700,INNER WHEEL HALF ASSY,BANT,REC,REPARADO,VEE ONE,114.0
2026-08-05,3040262792,066-3060-00,IND RMI KNI582,BANT,REC,EM REPARO,LEAP,114.0
2026-08-05,3040262634,162-10700,OUTER WHEEL HALF ASSY,BANT,REC,REPARADO,VEE ONE,114.0
2026-08-05,3040262632,161-12800,WHEEL HALF ASSY-INNER,BANT,OS concluída,REPARADO,VEE ONE,
2026-08-05,3040262633,161-12800,WHEEL HALF ASSY-INNER,BANT,REC,REPARADO,VEE ONE,114.0
2026-08-05,3040262635,162-11800,WHEEL HALF ASSY-OUTER,EPCAR,REC,REPARADO,VEE ONE,114.0
2026-08-05,3040262637,162-11800,WHEEL HALF ASSY-OUTER,BANT,REC,REPARADO,VEE ONE,114.0
2026-08-05,3040262636,162-11800,WHEEL HALF ASSY-OUTER,BANT,REC,REPARADO,VEE ONE,114.0
2026-08-05,3040262646,200SGL119Q,STARTER GENERATOR,PAMASP,OS concluída,,,
2026-08-05,3040262639,200SGL119Q,STARTER GENERATOR,PAMASP,OS concluída,,PAMA-LS,
2026-08-05,3040262638,200SGL119Q,STARTER GENERATOR,PAMALS,REC,EM REPARO,AV AERONAUTICA,114.0
2026-08-05,3040262757,2606015-2,IND OIL TEMP/P,PAMALS,REC,EM REPARO,VEE ONE,114.0
2026-08-05,3040262706,2641011-5,AXLE-MAIN GEAR,BAMN,REC,,BANT,114.0
2026-08-05,3040262707,2641011-5,AXLE-MAIN GEAR,BABV,REC,REPARADO,VEE ONE,114.0
2026-08-05,3040262717,2641011-5,AXLE-MAIN GEAR,BANT,REC,REPARADO,VEE ONE,114.0
2026-08-05,3040262714,2641011-5,AXLE-MAIN GEAR,BAPV,REC,,BANT,114.0
2026-08-05,3040262713,2641011-5,AXLE-MAIN GEAR,BAPV,REC,REPARADO,VEE ONE,114.0
2026-08-05,3040262712,2641011-5,AXLE-MAIN GEAR,BABR,REC,,BANT,114.0
2026-08-05,3040262711,2641011-5,AXLE-MAIN GEAR,BABR,REC,,BANT,114.0
2026-08-05,3040262709,2641011-5,AXLE-MAIN GEAR,PAMALS,REC,,BANT,114.0
2026-08-05,3040262708,2641011-5,AXLE-MAIN GEAR,PAMALS,REC,,BANT,114.0
2026-08-05,3040262744,3244809-1A,F.C.U,PAMALS,REC,EM REPARO,LEAP,114.0
2026-08-05,3040262758,9910338-4,FUEL TOTALIZER INDICATOR,PAMALS,REC,EM REPARO,VEE ONE,114.0
2026-08-05,3040262759,9910338-6,"TRANSMITTER,RATE OF FLOW",BAMN,REC,EM REPARO,WILLIAM,114.0
2026-08-05,3040262760,9910338-6,"TRANSMITTER,RATE OF FLOW",BANT,REC,EM REPARO,VEE ONE,114.0
2026-08-05,3040262966,2682001-1,BRAKE CYL MAST,BACO,OS concluída,,PAMA-LS,
2026-08-05,3040262967,2682001-1,BRAKE CYL MAST,PAMALS,REC,REPARADO,V1 PAMA-LS,112.0
2026-08-05,3040262968,2682001-1,BRAKE CYL MAST,BANT,OS concluída,,PAMA-LS,
2026-08-05,3040262969,2682001-1,BRAKE CYL MAST,BABE,REC,REPARADO,V1 PAMA-LS,112.0
2026-08-05,3040263069,453-5060,ELT C406-N,BABE,OS concluída,,,
2026-08-05,3040263283,D145-00-46-2,FLAP ACTUATOR ASSY,PAMALS,REC,EM REPARO,LEAP,97.0
2026-08-05,3040263284,D145-00-46-2,FLAP ACTUATOR ASSY,BAFL,REC,EM REPARO,LEAP,97.0
2026-08-05,3040263324,069-01033-0101,"RECEIVER-TRANSMITTER,RADIO",PAMALS,REC,EM REPARO,LEAP,97.0
2026-08-05,3040263287,C661065-0237,AIRSPEED INDICATOR,BABR,REC,REPARADO,VEE ONE,97.0
2026-08-05,3040263288,C661065-0237,AIRSPEED INDICATOR,PAMASP,REC,REPARADO,VEE ONE,97.0
2026-08-05,3040263314,060-0017-00,FLIGHT DIR HOR,EEAR,REC,EM REPARO,LEAP,97.0
2026-08-05,3040263319,066-1055-00,AUDIO CONTROL PANEL,BABE,REC,REPARADO,VEE ONE,97.0
2026-08-05,3040263317,060-0017-00,FLIGHT DIR HOR,PAMASP,REC,,BANT,97.0
2026-08-05,3040263316,060-0017-00,FLIGHT DIR HOR,BANT,REC,,BANT,97.0
2026-08-05,3040263320,066-1055-00,AUDIO CONTROL PANEL,PAMALS,REC,EM REPARO,AV AERONAUTICA,97.0
2026-08-05,3040263325,069-01033-0101,"RECEIVER-TRANSMITTER,RADIO",PAMALS,REC,,PROCURANDO,97.0
2026-08-05,3040263335,C611008-0101,ALTERNATOR CONTROL UNIT,PAMALS,REC,EM REPARO,AV AERONAUTICA,97.0
2026-08-05,3040263336,C611008-0101,ALTERNATOR CONTROL UNIT,PAMALS,REC,EM REPARO,AV AERONAUTICA,97.0
2026-08-05,3040263286,C661065-0237,AIRSPEED INDICATOR,BANT,REC,DEVOLVIDO NO ESTADO,WILLIAM,97.0
2026-08-05,3040263322,066-1055-00,AUDIO CONTROL PANEL,ALA 9,REC,EM REPARO,WILLIAM,97.0
2026-08-05,3040263326,069-01033-0101,"RECEIVER-TRANSMITTER,RADIO",PAMALS,REC,,BANT,97.0
2026-08-05,3040263315,060-0017-00,FLIGHT DIR HOR,BACG,OS concluída,,BABR,
2026-08-05,3040263334,011-00916-10,"DISPLAY UNIT,FLIGHT INFORMATION",BACO,REC,VAI SER DEVOLVIDO SEM REPARO,WILLIAM,97.0
2026-08-05,3040263333,011-00916-10,"DISPLAY UNIT,FLIGHT INFORMATION",BACO,REC,EM REPARO,WILLIAM,97.0
2026-08-05,3040263332,011-00916-10,"DISPLAY UNIT,FLIGHT INFORMATION",BAMN,OS concluída,EM REPARO,WILLIAM,
2026-08-05,3040263331,C661064-0237,AIRSPEED INDICATOR,PAMALS,REC,VAI SER DEVOLVIDO SEM REPARO,WILLIAM,97.0
2026-08-05,3040263329,C661064-0237,AIRSPEED INDICATOR,PAMALS,REC,EM REPARO,WILLIAM,97.0
2026-08-05,3040263328,C661064-0237,AIRSPEED INDICATOR,BABR,REC,EM REPARO,WILLIAM,97.0
2026-08-05,3040263327,C661064-0237,AIRSPEED INDICATOR,BABR,REC,EM REPARO,WILLIAM,97.0
2026-08-05,3040263330,C661064-0237,AIRSPEED INDICATOR,PAMALS,REC,EM REPARO,WILLIAM,97.0
2026-08-05,3040263338,C611008-0101,ALTERNATOR CONTROL UNIT,PAMALS,REC,REPARADO,V1 PAMA-LS,97.0
2026-08-05,3040263433,066-03064-0005,"ALTIMETER,SERVO CONTROLLED,AUTOMATIC PRESSURE",BACG,REC,EM REPARO,WILLIAM,91.0
2026-08-05,3040263435,066-03064-0005,"ALTIMETER,SERVO CONTROLLED,AUTOMATIC PRESSURE",BANT,REC,EM REPARO,WILLIAM,91.0
2026-08-05,3040263434,066-03064-0005,"ALTIMETER,SERVO CONTROLLED,AUTOMATIC PRESSURE",PAMASP,REC,VAI SER DEVOLVIDO SEM REPARO,WILLIAM,91.0
2026-08-05,3040263417,069-01033-0101,"RECEIVER-TRANSMITTER,RADIO",PAMALS,REC,EM REPARO,WILLIAM,91.0
2026-08-05,3040263416,069-01033-0101,"RECEIVER-TRANSMITTER,RADIO",BASM,REC,EM REPARO,WILLIAM,91.0
2026-08-05,3040263415,069-01033-0101,"RECEIVER-TRANSMITTER,RADIO",BABR,REC,,BANT,91.0
2026-08-05,3040263447,066-3046-07,"CONTROL,INDICATOR",CLA,REC,,BABR,91.0
2026-08-05,3040263443,3244897-4,FUEL CONTROL UNIT,PAMALS,REC,EM REPARO,LEAP,90.0
2026-08-05,3040263444,3244897-4,FUEL CONTROL UNIT,PAMALS,REC,EM REPARO,LEAP,90.0
2026-08-05,3040263577,060-0015-00,"CONTROL,DIRECTIONAL,AUTOMATIC PILOT",ALA 5,REC,EM REPARO,WILLIAM,85.0
2026-08-05,3040263574,066-1072-04,"RECEIVER,RADIO",BABE,REC,EM REPARO,WILLIAM,85.0
2026-08-05,3040263576,066-1072-04,"RECEIVER,RADIO",BAMN,OS concluída,DEVOLVIDO NO ESTADO,WILLIAM,
2026-08-05,3040263575,066-1072-04,"RECEIVER,RADIO",BABE,REC,EM REPARO,WILLIAM,85.0
2026-08-05,3040263573,066-3084-32,IND RDR 2000 IN-182A,PAMALS,REC,,BABR,85.0
2026-08-05,3040263571,066-3084-32,IND RDR 2000 IN-182A,PAMALS,REC,EM REPARO,WILLIAM,85.0
2026-08-05,3040263572,066-3084-32,IND RDR 2000 IN-182A,PAMALS,REC,EM REPARO,WILLIAM,85.0
2026-08-05,3040263448,2618510-10,ALTERNATOR CONTROL UNIT ASSY,BABE,REC,EM REPARO,WILLIAM,85.0
2026-08-05,3040263449,2618510-10,ALTERNATOR CONTROL UNIT ASSY,PAMALS,REC,EM REPARO,WILLIAM,85.0
2026-08-05,3040263877,2641011-5,AXLE-MAIN GEAR,CLA,REC,EM REPARO,LEAP,75.0
2026-08-05,3040263878,2641011-5,AXLE-MAIN GEAR,CLA,REC,EM REPARO,LEAP,75.0
2026-08-05,3040264243,069-01033-0101,"RECEIVER-TRANSMITTER,RADIO",PAMALS,REC,EM REPARO,WILLIAM,68.0
2026-08-05,3040264244,069-01033-0101,"RECEIVER-TRANSMITTER,RADIO",PAMASP,REC,EM REPARO,WILLIAM,68.0
2026-08-05,3040264246,060-0017-00,FLIGHT DIR HOR,PAMALS,REC,EM REPARO,WILLIAM,68.0
2026-08-05,3040264237,200SGL119Q-2,STARTER GENERATOR,BAMN,REC,EM REPARO,AV AERONAUTICA,68.0
2026-08-05,3040264236,200SGL119Q-2,STARTER GENERATOR,BABE,REC,,BABE,68.0
2026-08-05,3040264121,3244897-4,FUEL CONTROL UNIT,BABE,OS concluída,EM REPARO,LEAP,
2026-08-05,3040264263,9910338-8,"INDICATOR,FUEL FLOW",PAMALS,OS concluída,,BABR,
2026-08-05,3040264262,9910338-8,"INDICATOR,FUEL FLOW",BABV,REC,EM REPARO,WILLIAM,68.0
2026-08-05,3040264242,324843-2020,HEADSET-MICROPHONE,BABE,REC,EM REPARO,WILLIAM,68.0
2026-08-05,3040264264,324843-2020,HEADSET-MICROPHONE,DACTA II,REC,EM REPARO,WILLIAM,68.0
2026-08-05,3040264238,324843-2020,HEADSET-MICROPHONE,DACTA II,REC,EM REPARO,WILLIAM,68.0
2026-08-05,3040264241,324843-2020,HEADSET-MICROPHONE,DACTA II,REC,EM REPARO,WILLIAM,68.0
2026-08-05,3040264240,324843-2020,HEADSET-MICROPHONE,DACTA II,REC,EM REPARO,WILLIAM,68.0
2026-08-05,3040264122,3244809-8,"FUEL CONTROL,MAIN,TURBINE ENGINE",BABE,OS concluída,,BABR,
2026-08-05,3040263797,066-3046-07,"CONTROL,INDICATOR",BABE,REC,EM REPARO,WILLIAM,68.0
2026-08-05,3040263798,066-3046-07,"CONTROL,INDICATOR",PAMASP,REC,EM REPARO,WILLIAM,68.0
2026-08-05,3040263799,066-3046-07,"CONTROL,INDICATOR",PAMASP,REC,EM REPARO,WILLIAM,68.0
2026-08-05,3040263795,071-01519-0101,"RECEIVER-EXCITER,RADAR",PAMALS,REC,,PROCURANDO,68.0
2026-08-05,3040263796,071-01519-0101,"RECEIVER-EXCITER,RADAR",PAMALS,REC,,PROCURANDO,68.0
2026-08-05,3040264579,060-0017-00,FLIGHT DIR HOR,BABR,OS concluída,,,
2026-08-05,3040264577,060-0017-00,FLIGHT DIR HOR,PAMALS,REC,,,56.0
2026-08-05,3040264573,060-0017-00,FLIGHT DIR HOR,BANT,REC,,,56.0
2026-08-05,3040264574,060-0017-00,FLIGHT DIR HOR,BANT,REC,,,56.0
2026-08-05,3040264576,060-0017-00,FLIGHT DIR HOR,PAMALS,REC,,,56.0
2026-08-05,3040264572,060-0017-00,FLIGHT DIR HOR,PAMASP,REC,,,56.0
2026-08-05,3040264647,1H75-21,PRESSURE REGULATOR,BAMN,REC,,,51.0
2026-08-05,3040264646,1H75-21,PRESSURE REGULATOR,PAMASP,REC,,,51.0
2026-08-05,3040264645,1H75-21,PRESSURE REGULATOR,PAMASP,REC,,,51.0
2026-08-05,3040264643,1H75-21,PRESSURE REGULATOR,PAMASP,REC,,,51.0
2026-08-05,3040264707,3244809-7,"FUEL CONTROL,MAIN,TURBINE ENGINE",BABE,REC,,,51.0
2026-08-05,3040264709,540-1407-4,"VALVE,BLEED,TURBINEENGINE",PAMASP,REC,,,51.0
2026-08-05,3040264710,200SGL153Q,"STARTER-GENERATOR,ENGINE,AIRCRAFT",CLA,REC,,,51.0
2026-08-05,3040264711,200SGL153Q,"STARTER-GENERATOR,ENGINE,AIRCRAFT",PAMASP,REC,,,51.0
2026-08-05,3040264712,200SGL153Q,"STARTER-GENERATOR,ENGINE,AIRCRAFT",BACG,REC,,,51.0
2026-08-05,3040264718,9910338-8,"INDICATOR,FUEL FLOW",PAMALS,REC,,,51.0
2026-08-05,3040264719,S3326-2,"INDICATOR,HORIZONTAL SITUATION",ALA 8,REC,,,51.0
2026-08-05,3040264720,S3326-2,"INDICATOR,HORIZONTAL SITUATION",PAMALS,REC,,,51.0
2026-08-05,3040264721,S3326-2,"INDICATOR,HORIZONTAL SITUATION",PAMASP,REC,,,51.0
2026-08-05,3040264724,2606013-1AM,INDICADOR PERCENTUAL RPM,BABV,REC,,,51.0
2026-08-05,3040264725,2606013-1AM,INDICADOR PERCENTUAL RPM,BABR,REC,,,51.0
2026-08-05,3040264726,2606015-4,INDICATOR-OIL TEMP/OIL PRESS,BANT,REC,,,51.0
2026-08-05,3040264727,C661051-0201,GYRO HORIZON,ALA 10,REC,,,51.0
2026-08-05,3040264728,504-0111-906,GYRO HORIZON,PAMALS,REC,,,51.0
2026-08-05,3040264729,504-0111-906,GYRO HORIZON,BACG,REC,,,51.0
2026-08-05,3040264730,8210-003,"GOVERNOR,FUEL CONTROL",PAMASP,REC,,,51.0
2026-08-05,3040264731,8210-002,"GOVERNOR,CONSTANT SPEED DRIVE",PAMASP,REC,,,51.0
2026-08-05,3040264732,8210-002,"GOVERNOR,CONSTANT SPEED DRIVE",BAMN,REC,,,51.0
2026-08-05,3040264733,030-18200,MAIN WHEEL BRAKE,BAMN,REC,,,51.0
2026-08-05,3040264734,030-18200,MAIN WHEEL BRAKE,BAMN,REC,,,51.0
2026-08-05,3040264735,161-11700,INNER WHEEL HALF ASSY,PAMALS,REC,,,51.0
2026-08-05,3040264736,161-12800,WHEEL HALF ASSY-INNER,BABR,REC,,,51.0
2026-08-05,3040264737,161-12800,WHEEL HALF ASSY-INNER,PAMALS,AUT,,,51.0
2026-08-05,3040264738,162-10700,OUTER WHEEL HALF ASSY,BACO,AUT,,,51.0
2026-08-05,3040264807,011-01105-01,INTEGRATED AVIONICS UNIT GIA63W,ALA 8,REC,,,43.0
2026-08-05,3040264808,011-01105-01,INTEGRATED AVIONICS UNIT GIA63W,BAMN,REC,,,43.0
2026-08-05,3040264907,011-00916-10,"DISPLAY UNIT,FLIGHT INFORMATION",BAMN,REC,,,36.0
2026-08-05,3040264908,011-00916-10,"DISPLAY UNIT,FLIGHT INFORMATION",BABV,REC,,,36.0
2026-08-05,3040264974,3244809-8,"FUEL CONTROL,MAIN,TURBINE ENGINE",BAMN,REC,,,34.0
2026-08-05,3040264961,3244897-4,FUEL CONTROL UNIT,CLA,REC,,,34.0
2026-08-05,3040264960,3034792,BOMBA DE COMBUSTÍVEL,CLA,REC,,,34.0
2026-08-05,3040265144,011-01020-10,AFCS MODE CONTROLLER GMC 710,BABE,REC,,,28.0
2026-08-05,3040265140,011-01020-10,AFCS MODE CONTROLLER GMC 710,BABE,REC,,,28.0
2026-08-05,3040265482,066-3084-32,IND RDR 2000 IN-182A,BABR,REC,,,13.0
2026-08-05,3040265484,066-3084-32,IND RDR 2000 IN-182A,BANT,REC,,,13.0
2026-08-05,3040265485,066-3084-32,IND RDR 2000 IN-182A,BABR,REC,,,13.0
2026-08-05,3040265526,ASG12000-2,ALTERNATOR,PAMALS,REC,,,9.0
2026-08-05,3040265525,ASG12000-2,ALTERNATOR,BABR,REC,,,9.0
2026-08-05,3040265527,9910592-2,ALTERNADOR,BABR,REC,,,9.0
2026-08-05,3040265533,3122678-04,FUEL CONTROL UNIT,BABR,REC,,,9.0
2026-08-05,3040265532,C611505-0201,ALTERNATOR,BANT,REC,,,9.0
2026-08-05,3040265530,C611505-0201,ALTERNATOR,BABV,REC,,,9.0
2026-08-05,3040265528,9910592-2,ALTERNADOR,BABR,REC,,,9.0
2026-08-05,3040265724,3244897-4,FUEL CONTROL UNIT,CLA,REC,,,8.0
2026-08-05,3040265474,C611008-0101,ALTERNATOR CONTROL UNIT,PAMALS,REC,,,6.0
2026-08-05,3040265475,C611008-0101,ALTERNATOR CONTROL UNIT,BABV,REC,,,6.0
2026-08-05,3040265476,C611008-0101,ALTERNATOR CONTROL UNIT,PAMALS,REC,,,6.0
2026-08-05,3040265477,C611008-0101,ALTERNATOR CONTROL UNIT,PAMALS,REC,,,6.0
2026-08-05,3040265576,011-00916-10,"DISPLAY UNIT,FLIGHT INFORMATION",BAMN,REC,,,5.0
2026-08-05,3040265580,011-00916-00,DISPLAY UNIT GDU 1040A,PAMALS,AUT,,,9.0
2026-08-05,3040265581,011-00916-00,DISPLAY UNIT GDU 1040A,PAMALS,AUT,,,9.0
2026-08-05,3040265589,EA-5175-52-CES,INDICATOR TRUE,BABV,AUT,,,9.0
2026-08-05,3040265590,EA-5175-52-CES,INDICATOR TRUE,BASM,AUT,,,9.0
2026-08-05,3040265591,EA-5175-52-CES,INDICATOR TRUE,BABV,AUT,,,9.0
2026-08-05,3040265592,EA-5175-52-CES,INDICATOR TRUE,BABV,AUT,,,9.0
2026-08-05,3040265668,9910592-2,ALTERNADOR,PAMALS,AUT,,,9.0
2026-08-05,3040265678,9910592-2,ALTERNADOR,BAMN,AUT,,,9.0
2026-08-05,3040265679,C611505-0201,ALTERNATOR,PAMALS,AUT,,,9.0
2026-08-05,3040265680,C611505-0201,ALTERNATOR,ALA 8,AUT,,,9.0
2026-08-05,3040265726,071-01519-0101,"RECEIVER-EXCITER,RADAR",PAMALS,AUT,,,8.0
2026-08-05,3040265727,071-01519-0101,"RECEIVER-EXCITER,RADAR",CLA,AUT,,,8.0
2026-08-05,3040265728,C163030-1001,MAIN W BRAKE A,BAMN,AUT,,,8.0
2026-08-05,3040265731,066-3046-07,"CONTROL,INDICATOR",BABR,AUT,,,8.0
2026-08-05,3040265732,066-3046-07,"CONTROL,INDICATOR",BANT,AUT,,,8.0
2026-08-05,3040265734,066-3046-07,"CONTROL,INDICATOR",EEAR,AUT,,,8.0
2026-08-05,3040265735,066-3046-07,"CONTROL,INDICATOR",CLA,AUT,,,8.0
2026-08-05,3040265736,C611008-0101,ALTERNATOR CONTROL UNIT,BABV,AUT,,,8.0
2026-08-05,3040265737,C611008-0101,ALTERNATOR CONTROL UNIT,EEAR,AUT,,,8.0
2026-08-05,3040265738,C611008-0101,ALTERNATOR CONTROL UNIT,PAMALS,AUT,,,8.0
2026-08-05,3040265739,C611008-0101,ALTERNATOR CONTROL UNIT,BANT,AUT,,,8.0
2026-08-05,3040265740,C611008-0101,ALTERNATOR CONTROL UNIT,BABE,AUT,,,8.0
2026-08-05,3040265741,C611008-0101,ALTERNATOR CONTROL UNIT,BABR,AUT,,,8.0
2026-08-05,3040265742,066-1072-04,"RECEIVER,RADIO",BACG,AUT,,,8.0
2026-08-05,3040265743,066-1072-04,"RECEIVER,RADIO",BAMN,AUT,,,8.0
2026-08-05,3040265744,066-1072-04,"RECEIVER,RADIO",PAMALS,AUT,,,8.0
2026-08-05,3040265745,066-3084-32,IND RDR 2000 IN-182A,PAMALS,AUT,,,8.0
2026-08-05,3040265746,066-3084-32,IND RDR 2000 IN-182A,PAMALS,AUT,,,8.0
2026-08-05,3040265747,30994-001,BATTERY-MARATHON TSP410 NICAD,PAMALS,AUT,,,8.0
2026-08-05,3040265748,30994-001,BATTERY-MARATHON TSP410 NICAD,PAMALS,AUT,,,8.0
2026-08-05,3040265749,30994-001,BATTERY-MARATHON TSP410 NICAD,PAMALS,AUT,,,8.0
2026-08-05,3040265750,30994-001,BATTERY-MARATHON TSP410 NICAD,PAMALS,AUT,,,8.0
2026-08-05,3040265751,30994-001,BATTERY-MARATHON TSP410 NICAD,PAMALS,AUT,,,8.0
2026-08-05,3040265752,2641011-5,AXLE-MAIN GEAR,BAMN,AUT,,,8.0
2026-08-05,3040265753,2641011-5,AXLE-MAIN GEAR,BAMN,AUT,,,8.0
2026-08-05,3040265754,161-11700,INNER WHEEL HALF ASSY,BACO,AUT,,,8.0
2026-08-05,3040265755,161-12800,WHEEL HALF ASSY-INNER,BABE,AUT,,,8.0
2026-08-05,3040265757,066-01141-0101,"RECEIVER,RADIO",PAMALS,AUT,,,8.0
2026-08-05,3040265758,066-01141-0101,"RECEIVER,RADIO",PAMALS,AUT,,,8.0
2026-08-05,3040265759,C660501-0103,"COMPASS,SPEC",DACTA II,AUT,,,8.0
2026-08-05,3040265769,023694-000,BATTERY NICKEL CADMIUM,BAPV,AUT,,,7.0
2026-08-05,3040265771,2651023-23,ENGINE MOUNT ASSEMBLY,PAMALS,AUT,,,7.0
2026-08-05,3040265772,2651023-23,ENGINE MOUNT ASSEMBLY,PAMALS,AUT,,,7.0
2026-08-05,3040265892,324843-0020,HEADSET-MICROPHONE,PAMALS,AUT,,,2.0
2026-08-05,3040265893,324843-0020,HEADSET-MICROPHONE,PAMALS,AUT,,,2.0
2026-08-05,3040265894,324843-0020,HEADSET-MICROPHONE,PAMALS,AUT,,,2.0
2026-08-05,3040265895,324843-0020,HEADSET-MICROPHONE,PAMALS,AUT,,,2.0
2026-08-06,3040249831,066-01141-5101,"RECEIVER-TRANSMITTER,RADIO (KT71)",PAMALS,REC,EM REPARO,LEAP,542.0
2026-08-06,3040250248,452-0133,"BATTERY,NONRECHARGEABLE",BABR,REC,CONDENADO,VEE ONE,526.0
2026-08-06,3040250249,452-0133,"BATTERY,NONRECHARGEABLE",BAMN,REC,CONDENADO,VEE ONE,526.0
2026-08-06,3040250234,3034792,BOMBA DE COMBUSTÍVEL,PAMALS,REC,,BANT,526.0
2026-08-06,3040250816,453-5060,"BEACON,DISTRESS",BAMN,REC,,PAMA-LS,504.0
2026-08-06,3040250830,799-1,TRANSDUCER,BACO,REC,,BANT,504.0
2026-08-06,3040250829,51539-012N,CONTROL UNIT ASSY-GENERATOR,BAMN,OS concluída,,,
2026-08-06,3040250828,51539-012N,CONTROL UNIT ASSY-GENERATOR,BACG,REC,,BABR,504.0
2026-08-06,3040250827,51539-012N,CONTROL UNIT ASSY-GENERATOR,BANT,REC,,BABR,504.0
2026-08-06,3040250831,799-1,TRANSDUCER,BANT,REC,,BANT,504.0
2026-08-06,3040250833,9910586-4,FLAP ACTUATOR AND MOTOR ASSEMBLY,ALA 3,REC,,BAMN,504.0
2026-08-06,3040250834,9910586-4,FLAP ACTUATOR AND MOTOR ASSEMBLY,ALA 3,OS concluída,CONDENADO,,
2026-08-06,3040250832,9910338-4,FUEL TOTALIZER INDICATOR,EEAR,REC,,PAMA-LS,504.0
2026-08-06,3040250835,ASG12000-2,ALTERNATOR,ALA 5,REC,REPARADO,V1 PAMA-LS,504.0
2026-08-06,3040250841,C661030-0301,TURN BANK,PAMALS,REC,EM REPARO,LEAP,504.0
2026-08-06,3040250842,C662041-0102,INDICATOR FUEL,ALA 5,REC,,PAMA-LS,504.0
2026-08-06,3040250844,C662041-0102,INDICATOR FUEL,ALA 9,REC,,PAMA-LS,504.0
2026-08-06,3040250843,C662041-0102,INDICATOR FUEL,ALA 10,OS concluída,REPARADO,,
2026-08-06,3040250719,060-0017-00,FLIGHT DIR HOR,PAMALS,REC,,BANT,504.0
2026-08-06,3040250720,060-0017-00,FLIGHT DIR HOR,BABV,OS concluída,REPARADO,,
2026-08-06,3040250722,066-01141-5101,"RECEIVER-TRANSMITTER,RADIO (KT71)",ALA 9,REC,EM REPARO,WILLIAM,504.0
2026-08-06,3040250723,066-01141-5101,"RECEIVER-TRANSMITTER,RADIO (KT71)",CLA,REC,,BABR,504.0
2026-08-06,3040250721,060-0017-00,FLIGHT DIR HOR,BANT,OS concluída,REPARADO,,
2026-08-06,3040250725,066-3046-07,"CONTROL,INDICATOR",ALA 10,OS concluída,REPARADO,,
2026-08-06,3040250724,066-04035-1101,"DISPLAY UNIT,RADAR",PAMALS,REC,,BANT,504.0
2026-08-06,3040250732,069-1025-25,"RECEIVER-TRANSMITTER,RADIO - KX165",PAMALS,REC,EM REPARO,WILLIAM,504.0
2026-08-06,3040250782,2606012-1,INDICATOR-INTER-TURBINE TEMPERATURE,ALA 9,OS concluída,,,
2026-08-06,3040250775,161-11700,INNER WHEEL HALF ASSY,BABE,OS concluída,CONDENADO,,
2026-08-06,3040250773,161-11700,INNER WHEEL HALF ASSY,EEAR,REC,,BACG,504.0
2026-08-06,3040250718,030-18200,MAIN WHEEL BRAKE,BACO,OS concluída,REPARADO,,
2026-08-06,3040250716,030-18200,MAIN WHEEL BRAKE,BABV,REC,EM REPARO,LEAP,504.0
2026-08-06,3040250717,030-18200,MAIN WHEEL BRAKE,BACO,OS concluída,REPARADO,,
2026-08-06,3040250780,162-11800,WHEEL HALF ASSY-OUTER,PAMALS,OS concluída,,,
2026-08-06,3040250781,162-11800,WHEEL HALF ASSY-OUTER,BACG,OS concluída,,,
2026-08-06,3040250778,161-12800,WHEEL HALF ASSY-INNER,BACG,OS concluída,REPARADO,,
2026-08-06,3040250776,161-12800,WHEEL HALF ASSY-INNER,BABE,OS concluída,CONDENADO,,
2026-08-06,3040250790,2643031-7,"FORK ASSY,NOSE GEAR SPRING",BAMN,OS concluída,CONDENADO,,
2026-08-06,3040250791,2643090-1,SHIMMY DAMPENE,BANT,REC,EM REPARO,AV AERONAUTICA,504.0
2026-08-06,3040250792,2643090-1,SHIMMY DAMPENE,BAMN,REC,REPARADO,V1 PAMA-LS,504.0
2026-08-06,3040250789,2641012-14,TRUNNION ASSY-RH-MAIN GEAR,PAMASP,OS concluída,CONDENADO,,
2026-08-06,3040250793,2643099-4,"SUPPORT ASSY FOWARD, NLG SPRING",BAMN,OS concluída,CONDENADO,,
2026-08-06,3040250798,30994-001,BATTERY-MARATHON TSP410 NICAD,BANT,OS concluída,CONDENADO,AMA - VEE ONE,
2026-08-06,3040252191,C611008-0101,ALTERNATOR CONTROL UNIT,PAMALS,REC,,BABR,471.0
2026-08-06,3040252159,011-00916-00,DISPLAY UNIT GDU 1040A,BAMN,REC,,BAMN,471.0
2026-08-06,3040252161,065-0042-03,COMPUTER PA,ALA 10,REC,EM REPARO,WILLIAM,471.0
2026-08-06,3040252162,065-0042-03,COMPUTER PA,EEAR,REC,,BABE,471.0
2026-08-06,3040252164,065-0042-03,COMPUTER PA,EEAR,REC,EM REPARO,WILLIAM,471.0
2026-08-06,3040252165,065-0042-03,COMPUTER PA,PAMALS,OS concluída,,,
2026-08-06,3040252166,065-0059-01,SERVO PITCH,EEAR,REC,EM REPARO,WILLIAM,471.0
2026-08-06,3040252168,066-03064-0005,"ALTIMETER,SERVO CONTROLLED,AUTOMATIC PRESSURE",ALA 9,OS concluída,REPARADO,,
2026-08-06,3040252173,066-03064-0005,"ALTIMETER,SERVO CONTROLLED,AUTOMATIC PRESSURE",BANT,REC,EM REPARO,LEAP,471.0
2026-08-06,3040252172,066-03064-0005,"ALTIMETER,SERVO CONTROLLED,AUTOMATIC PRESSURE",PAMALS,REC,NO ESTADO,VEE ONE,471.0
2026-08-06,3040252170,066-03064-0005,"ALTIMETER,SERVO CONTROLLED,AUTOMATIC PRESSURE",ALA 7,REC,NO ESTADO,VEE ONE,471.0
2026-08-06,3040252178,066-1072-00,RECEIVER ADF (KING KR87),PAMALS,OS concluída,,,
2026-08-06,3040252182,066-1072-04,"RECEIVER,RADIO",ALA 9,OS concluída,REPARADO,,
2026-08-06,3040252181,066-1072-04,"RECEIVER,RADIO",PAMASP,REC,EM REPARO,WILLIAM,471.0
2026-08-06,3040252180,066-1072-04,"RECEIVER,RADIO",ALA 8,OS concluída,,,
2026-08-06,3040252185,066-1072-04,"RECEIVER,RADIO",BAMN,OS concluída,REPARADO,,
2026-08-06,3040252189,9910338-6,"TRANSMITTER,RATE OF FLOW",ALA 8,OS concluída,REPARADO,,
2026-08-06,3040252190,9910338-6,"TRANSMITTER,RATE OF FLOW",BABR,OS concluída,,,
2026-08-06,3040252160,011-01020-10,AFCS MODE CONTROLLER GMC 710,BAMN,OS concluída,,,
2026-08-06,3040252939,C163030-1001,MAIN W BRAKE A,BABV,REC,,BAMN,441.0
2026-08-06,3040252936,030-18200,MAIN WHEEL BRAKE,BACO,REC,,PAMA-LS,441.0
2026-08-06,3040252935,030-18200,MAIN WHEEL BRAKE,BAMN,OS concluída,CONDENADO,,
2026-08-06,3040252940,30-182,MAIN WHEEL BRAKE,BABV,OS concluída,CONDENADO,,
2026-08-06,3040252942,30-182,MAIN WHEEL BRAKE,BAMN,OS concluída,REPARADO,,
2026-08-06,3040252943,30-182,MAIN WHEEL BRAKE,BAMN,OS concluída,REPARADO,,
2026-08-06,3040253170,161-12800,WHEEL HALF ASSY-INNER,BASM,OS concluída,CONDENADO,,
2026-08-06,3040253168,161-12800,WHEEL HALF ASSY-INNER,BASM,REC,REPARADO,VEE ONE,437.0
2026-08-06,3040253172,161-12800,WHEEL HALF ASSY-INNER,PAMALS,REC,,PROCURANDO,437.0
2026-08-06,3040253174,161-12800,WHEEL HALF ASSY-INNER,PAMALS,OS concluída,CONDENADO,,
2026-08-06,3040253173,161-12800,WHEEL HALF ASSY-INNER,PAMALS,REC,EM REPARO,LEAP,437.0
2026-08-06,3040253176,162-10700,OUTER WHEEL HALF ASSY,BABE,OS concluída,CONDENADO,,
2026-08-06,3040253177,162-10700,OUTER WHEEL HALF ASSY,BABV,REC,REPARADO,VEE ONE,437.0
2026-08-06,3040253178,162-10700,OUTER WHEEL HALF ASSY,PAMALS,REC,,PROCURANDO,437.0
2026-08-06,3040253179,162-11800,WHEEL HALF ASSY-OUTER,CLA,OS concluída,CONDENADO,,
2026-08-06,3040253181,162-11800,WHEEL HALF ASSY-OUTER,PAMALS,OS concluída,REPARADO,,
2026-08-06,3040253180,162-11800,WHEEL HALF ASSY-OUTER,BASM,REC,,PROCURANDO,437.0
2026-08-06,3040253182,162-11800,WHEEL HALF ASSY-OUTER,PAMALS,REC,REPARADO,VEE ONE,437.0
2026-08-06,3040253536,2641012-14,TRUNNION ASSY-RH-MAIN GEAR,PAMALS,OS concluída,CONDENADO,,
2026-08-06,3040253529,066-03064-0005,"ALTIMETER,SERVO CONTROLLED,AUTOMATIC PRESSURE",DSM-MN,REC,DEVOLVIDO NO ESTADO,WILLIAM,427.0
2026-08-06,3040253528,066-03064-0005,"ALTIMETER,SERVO CONTROLLED,AUTOMATIC PRESSURE",BANT,OS concluída,REPARADO,,
2026-08-06,3040253532,799-1,TRANSDUCER,PAMALS,REC,,BANT,427.0
2026-08-06,3040253535,2643099-4,"SUPPORT ASSY FOWARD, NLG SPRING",BABE,REC,CONDENADO,VEE ONE,427.0
2026-08-06,3040253531,799-1,TRANSDUCER,BAMN,REC,,VEE ONE,427.0
2026-08-06,3040253530,799-1,TRANSDUCER,BAMN,REC,,BANT,427.0
2026-08-06,3040253526,30994-001,BATTERY-MARATHON TSP410 NICAD,PAMALS,OS concluída,CONDENADO,AMA - VEE ONE,
2026-08-06,3040253527,30994-001,BATTERY-MARATHON TSP410 NICAD,BAPV,OS concluída,CONDENADO,AMA - VEE ONE,
2026-08-06,3040254195,540-1407-4,"VALVE,BLEED,TURBINEENGINE",PAMALS,REC,,BANT,409.0
2026-08-06,3040254201,2643090-3,SHIMMY DAMPER-NOSE GEAR,PAMALS,REC,REPARADO,V1 PAMA-LS,409.0
2026-08-06,3040254203,SE1070-6,SHIMMY DAMPENER ASSY,BACGINAT,OS concluída,,,
2026-08-06,3040254205,C660501-0103,"COMPASS,SPEC",PAMALS,REC,REPARADO,V1 PAMA-LS,409.0
2026-08-06,3040254206,C660501-0103,"COMPASS,SPEC",ALA 8,REC,EM REPARO EM GARANTIA,WILLIAM,409.0
2026-08-06,3040254208,C660501-0103,"COMPASS,SPEC",BABV,REC,REPARADO,V1 PAMA-LS,409.0
2026-08-06,3040254210,799-1,TRANSDUCER,BANT,REC,,BANT,409.0
2026-08-06,3040254792,2606013-1RX,INDICATOR-PERCENT RPM,BABR,REC,,BANT,400.0
2026-08-06,3040254770,069-1025-25,"RECEIVER-TRANSMITTER,RADIO - KX165",ALA 9,REC,EM REPARO,WILLIAM,400.0
2026-08-06,3040254799,453-5000-710,EMERGENCY LOCATOR TRANSMITTER MODEL C406-2,PAMASP,OS concluída,,,
2026-08-06,3040254806,C352TS,"EXTINGUISHER,FIRE",PAMALS,REC,REPARADO,V1 PAMA-LS,400.0
2026-08-06,3040254805,C352TS,"EXTINGUISHER,FIRE",PAMALS,OS concluída,,,
2026-08-06,3040254810,C352TS,"EXTINGUISHER,FIRE",PAMALS,OS concluída,,,
2026-08-06,3040254809,C352TS,"EXTINGUISHER,FIRE",PAMAGL,OS concluída,,,
2026-08-06,3040254803,C352TS,"EXTINGUISHER,FIRE",2 ETA,REC,REPARADO,V1 PAMA-LS,400.0
2026-08-06,3040254808,C352TS,"EXTINGUISHER,FIRE",BABR,REC,REPARADO,V1 PAMA-LS,400.0
2026-08-06,3040254795,D145-00-46-2,FLAP ACTUATOR ASSY,BABE,REC,,PAMA-LS,400.0
2026-08-06,3040254793,D145-00-46-2,FLAP ACTUATOR ASSY,PAMALS,REC,,PAMA-LS,400.0
2026-08-06,3040254815,C482001-0402,VACUUM REGULAT,PAMALS,REC,CONDENADO,VEE ONE,400.0
2026-08-06,3040254816,C482001-0402,VACUUM REGULAT,PAMALS,REC,CONDENADO,VEE ONE,400.0
2026-08-06,3040254820,2641011-5,AXLE-MAIN GEAR,BAMN,OS concluída,REPARADO,,
2026-08-06,3040254817,2641011-5,AXLE-MAIN GEAR,BABE,OS concluída,NO ESTADO,,
2026-08-06,3040254818,2641011-5,AXLE-MAIN GEAR,BABE,OS concluída,,,
2026-08-06,3040254819,2641011-5,AXLE-MAIN GEAR,BANT,OS concluída,REPARADO,,
2026-08-06,3040254796,30994-001,BATTERY-MARATHON TSP410 NICAD,BAMN,OS concluída,REPARADO,,
2026-08-06,3040254789,452-0133,"BATTERY,NONRECHARGEABLE",BAMN,REC,CONDENADO,VEE ONE,400.0
2026-08-06,3040254788,452-0133,"BATTERY,NONRECHARGEABLE",BAMN,REC,CONDENADO,VEE ONE,400.0
2026-08-06,3040254787,452-0133,"BATTERY PACK,AIRCRAFT",DACTA II,REC,CONDENADO,VEE ONE,400.0
2026-08-06,3040254786,452-0133,"BATTERY PACK,AIRCRAFT",BAMN,REC,CONDENADO,VEE ONE,400.0
2026-08-06,3040254785,452-0133,"BATTERY,NONRECHARGEABLE",BAMN,REC,CONDENADO,VEE ONE,400.0
2026-08-06,3040254784,452-0133,"BATTERY,NONRECHARGEABLE",DACTA II,REC,CONDENADO,VEE ONE,400.0
2026-08-06,3040255326,011-00916-00,DISPLAY UNIT GDU 1040A,BAMN,REC,,BAMN,391.0
2026-08-06,3040255319,702801-5,FUEL PUMP,PAMASP,REC,EM REPARO,VEE ONE,391.0
2026-08-06,3040255321,8210-002,"GOVERNOR,CONSTANT SPEED DRIVE",PAMALS,OS concluída,,,
2026-08-06,3040255461,DAAS-A-010-1,ADAS-D PROCESSOR,PAMALS,REC,EM REPARO,VEE ONE,387.0
2026-08-06,3040255589,071-01519-0101,"RECEIVER-EXCITER,RADAR",BANT,REC,,PROCURANDO,385.0
2026-08-06,3040255590,071-01519-0101,"RECEIVER-EXCITER,RADAR",PAMALS,OS concluída,REPARADO,,
2026-08-06,3040255706,C661064-0237,AIRSPEED INDICATOR,BAMN,OS concluída,,,
2026-08-06,3040256114,5934PAD-3,"ALTIMETER,PRESSURE",PAMALS,REC,EM REPARO,VEE ONE,371.0
2026-08-06,3040256119,011-00878-10,GSA-81 TORQUE SERVO,BAPV,REC,EM REPARO,LEAP,371.0
2026-08-06,3040256112,011-00883-20,RADAR GWX 68 WEATHER,BABE,REC,,BAMN,371.0
2026-08-06,3040256115,5934PAD-3,"ALTIMETER,PRESSURE",PAMALS,OS concluída,REPARADO,,
2026-08-06,3040256118,011-00878-10,GSA-81 TORQUE SERVO,BAPV,REC,,BACO,371.0
2026-08-06,3040256120,011-00916-10,"DISPLAY UNIT,FLIGHT INFORMATION",BAMN,OS concluída,,,
2026-08-06,3040256314,066-4010-12,RECEIVER VOR/LOC (KNS81),EEAR,REC,EM REPARO,LEAP,358.0
2026-08-06,3040256311,3121248-03,"VALVE ASSEMBLY,COMPRESSOR BLEED",PAMALS,OS concluída,,,
2026-08-06,3040256704,C661064-0237,AIRSPEED INDICATOR,PAMALS,OS concluída,,,
2026-08-06,3040256707,D210507,"GOVERNOR,OVERSPEED",PAMALS,OS concluída,,,
2026-08-06,3040256708,D210507,"GOVERNOR,OVERSPEED",PAMALS,REC,REPARADO,VEE ONE,349.0
2026-08-06,3040256702,C661064-0237,AIRSPEED INDICATOR,BABR,OS concluída,,,
2026-08-06,3040256703,C661064-0237,AIRSPEED INDICATOR,PAMALS,OS concluída,REPARADO,,
2026-08-06,3040256662,030-18200,MAIN WHEEL BRAKE,BASM,OS concluída,,,
2026-08-06,3040256665,161-11700,INNER WHEEL HALF ASSY,BABV,OS concluída,,,
2026-08-06,3040256666,161-11700,INNER WHEEL HALF ASSY,PAMALS,OS concluída,,,
2026-08-06,3040256667,161-11700,INNER WHEEL HALF ASSY,PAMALS,OS concluída,,,
2026-08-06,3040256668,161-11700,INNER WHEEL HALF ASSY,PAMALS,OS concluída,CONDENADO,,
2026-08-06,3040256669,161-11700,INNER WHEEL HALF ASSY,PAMALS,OS concluída,,,
2026-08-06,3040256670,161-11700,INNER WHEEL HALF ASSY,PAMALS,OS concluída,CONDENADO,,
2026-08-06,3040256671,161-11700,INNER WHEEL HALF ASSY,PAMALS,REC,REPARADO,VEE ONE,349.0
2026-08-06,3040256698,030-18200,MAIN WHEEL BRAKE,PAMASP,REC,,PROCURANDO,349.0
2026-08-06,3040256713,030-18200,MAIN WHEEL BRAKE,ALA 3,REC,,BAMN,349.0
2026-08-06,3040256694,162-11800,WHEEL HALF ASSY-OUTER,BANT,OS concluída,REPARADO,,
2026-08-06,3040256696,162-11800,WHEEL HALF ASSY-OUTER,PAMALS,REC,,PAMA-LS,349.0
2026-08-06,3040256672,161-12800,WHEEL HALF ASSY-INNER,PAMALS,REC,REPARADO,VEE ONE,349.0
2026-08-06,3040256675,161-12800,WHEEL HALF ASSY-INNER,BANT,OS concluída,REPARADO,,
2026-08-06,3040256792,011-00877-00,"GSA-80 SERVO ROL,YAW,SPEC",BAMN,REC,,PROCURANDO,349.0
2026-08-06,3040256787,011-00877-00,"GSA-80 SERVO ROL,YAW,SPEC",PAMALS,REC,EM REPARO,VEE ONE,349.0
2026-08-06,3040256828,011-00883-20,RADAR GWX 68 WEATHER,PAMALS,REC,CONDENADO,V1 PAMA-LS,349.0
2026-08-06,3040256709,3121248-03,"VALVE ASSEMBLY,COMPRESSOR BLEED",PAMASP,REC,,BANT,346.0
2026-08-06,3040256673,161-12800,WHEEL HALF ASSY-INNER,PAMALS,REC,CONDENADO,VEE ONE,346.0
2026-08-06,3040257095,011-01105-01,INTEGRATED AVIONICS UNIT GIA63W,BABE,REC,EM REPARO,VEE ONE,342.0
2026-08-06,3040257096,011-01105-01,INTEGRATED AVIONICS UNIT GIA63W,BABE,REC,,BAMN,342.0
2026-08-06,3040257093,065-00183-0501,AUTOPILOT COMPUTER KFC225,BABE,REC,,BANT,342.0
2026-08-06,3040257094,065-00183-0501,AUTOPILOT COMPUTER KFC225,BABE,REC,,BANT,342.0
2026-08-06,3040257443,161-12800,WHEEL HALF ASSY-INNER,ALA 3,AUT,,NÃO TEVE MOVIMENTAÇÃO,330.0
2026-08-06,3040257442,C163030-1001,MAIN W BRAKE A,BAMN,OS concluída,REPARADO,VEE ONE,
2026-08-06,3040257452,3244809-8,"FUEL CONTROL,MAIN,TURBINE ENGINE",BAPV,OS concluída,REPARADO,,
2026-08-06,3040257454,EA-5172-45-CES,"INDICATOR,AIRSPEED",BACG,OS concluída,,,
2026-08-06,3040257453,EA-5172-45-CES,"INDICATOR,AIRSPEED",ALA 7,REC,DEVOLVIDO NO ESTADO,WILLIAM,323.0
2026-08-06,3040257451,3244809-7,"FUEL CONTROL,MAIN,TURBINE ENGINE",PAMASP,REC,,BANT,323.0
2026-08-06,3040257450,3244809-4,"FUEL CONTROL,MAIN,TURBINE ENGINE",PAMASP,OS concluída,EM REPARO,LEAP,
2026-08-06,3040257438,030-18200,MAIN WHEEL BRAKE,BAMN,REC,REPARADO,VEE ONE,323.0
2026-08-06,3040257444,162-10700,OUTER WHEEL HALF ASSY,PAMALS,OS concluída,CONDENADO,,
2026-08-06,3040257447,162-10700,OUTER WHEEL HALF ASSY,PAMALS,OS concluída,CONDENADO,,
2026-08-06,3040257436,30994-001,BATTERY-MARATHON TSP410 NICAD,PAMALS,OS concluída,CONDENADO,AMA - VEE ONE,
2026-08-06,3040257441,030-18200,MAIN WHEEL BRAKE,BAPV,REC,,BAMN,323.0
2026-08-06,3040257440,030-18200,MAIN WHEEL BRAKE,BANT,REC,CONDENADO,VEE ONE,323.0
2026-08-06,3040257439,030-18200,MAIN WHEEL BRAKE,BAMN,REC,,BAMN,323.0
2026-08-06,3040258306,D210507,"GOVERNOR,OVERSPEED",PAMALS,REC,EM REPARO,LEAP,303.0
2026-08-06,3040258310,D210507,"GOVERNOR,OVERSPEED",BACO,OS concluída,,,
2026-08-06,3040258309,D210507,"GOVERNOR,OVERSPEED",BAMN,REC,EM REPARO,LEAP,303.0
2026-08-06,3040258308,D210507,"GOVERNOR,OVERSPEED",BAMN,OS concluída,REPARADO,,
2026-08-06,3040258307,D210507,"GOVERNOR,OVERSPEED",ALA 5,OS concluída,,,
2026-08-06,3040258303,011-00877-00,"GSA-80 SERVO ROL,YAW,SPEC",DACTA II,REC,EM REPARO,VEE ONE,303.0
2026-08-06,3040258422,2601188-8,COMPRESSOR DRIVE ASSY R134A,PAMASP,REC,,PROCURANDO,301.0
2026-08-06,3040258419,011-00877-00,"GSA-80 SERVO ROL,YAW,SPEC",DACTA II,REC,EM REPARO,VEE ONE,301.0
2026-08-06,3040258420,011-00877-00,"GSA-80 SERVO ROL,YAW,SPEC",BACO,REC,EM REPARO,VEE ONE,301.0
2026-08-06,3040258421,011-00877-00,"GSA-80 SERVO ROL,YAW,SPEC",BABE,REC,,BACO,301.0
2026-08-06,3040258764,069-01034-0102,"NAVIGATION SET,SATELLITE SIGNALS KLN-94",PAMALS,REC,,BANT,294.0
2026-08-06,3040259152,066-01141-5101,"TRANSPONDER,RADAR",BABE,REC,,BANT,275.0
2026-08-06,3040259151,066-01141-5101,"TRANSPONDER,RADAR",BANT,REC,REPARADO,V1 PAMA-LS,275.0
2026-08-06,3040259251,064-1019-05,VHF TRANSCEIVE KY196,EEAR,REC,,EEAR,273.0
2026-08-06,3040259146,1U149-015-15,HORIZ. GYRO-STADBY,PAMALS,REC,EM REPARO,VEE ONE,272.0
2026-08-06,3040259147,162-10700,OUTER WHEEL HALF ASSY,BANT,REC,EM REPARO,AMA - VEE ONE,272.0
2026-08-06,3040259148,3049038-03,"VALVE,COMPRESSOR BLEED",BANT,OS concluída,,,
2026-08-06,3040259316,2606015-4,INDICATOR-OIL TEMP/OIL PRESS,BACG,REC,REPARADO,V1 PAMA-LS,269.0
2026-08-06,3040259564,C414007-0102,BLOWER ASSY,PAMALS,OS concluída,,,
2026-08-06,3040259568,C414007-0102,BLOWER ASSY,ALA 10,OS concluída,,,
2026-08-06,3040259570,C414007-0102,BLOWER ASSY,ALA 10,OS concluída,,,
2026-08-06,3040259694,025323-150,FUEL PUMP,PAMASP,REC,,BACO,261.0
2026-08-06,3040259922,C414007-0102,BLOWER ASSY,BANT,REC,REPARADO,V1 PAMA-LS,254.0
2026-08-06,3040259928,C414007-0102,BLOWER ASSY,PAMALS,REC,EM REPARO,VEE ONE,254.0
2026-08-06,3040259924,C414007-0102,BLOWER ASSY,BACG,REC,EM REPARO,VEE ONE,254.0
2026-08-06,3040259918,C414007-0102,BLOWER ASSY,ALA 10,REC,EM REPARO,VEE ONE,254.0
2026-08-06,3040259950,065-0060-01,"CONTROL,SERVO,AUTOMATIC PILOT",PAMALS,REC,EM REPARO,LEAP,254.0
2026-08-06,3040259949,065-0060-01,"CONTROL,SERVO,AUTOMATIC PILOT",PAMALS,REC,EM REPARO,LEAP,254.0
2026-08-06,3040259947,066-3046-07,"CONTROL,INDICATOR",EEAR,OS concluída,REPARADO,,
2026-08-06,3040259946,066-3046-07,"CONTROL,INDICATOR",BANT,REC,,BANT,254.0
2026-08-06,3040259944,066-3046-07,"CONTROL,INDICATOR",EEAR,REC,,PAMA-LS,254.0
2026-08-06,3040260209,011-00916-00,DISPLAY UNIT GDU 1040A,PAMALS,REC,,BAMN,240.0
2026-08-06,3040260208,324843-W020,HEADSET-MICROPHONE,PAMALS,REC,VAI SER DEVOLVIDO SEM REPARO,WILLIAM,240.0
2026-08-06,3040260204,324843-W020,HEADSET-MICROPHONE,PAMALS,OS concluída,REPARADO,,
2026-08-06,3040260205,324843-W020,HEADSET-MICROPHONE,PAMALS,OS concluída,REPARADO,,
2026-08-06,3040260388,SD5H14C4527,AIR COMPRESSOR,PAMALS,REC,EM REPARO,VEE ONE,233.0
2026-08-06,3040260382,065-00183-0501,AUTOPILOT COMPUTER KFC225,BANT,REC,,BANT,233.0
2026-08-06,3040260389,SD5H14C4527,AIR COMPRESSOR,PAMALS,REC,EM REPARO,VEE ONE,233.0
2026-08-06,3040260517,ASG12000-2,ALTERNATOR,PAMALS,OS concluída,,,
2026-08-06,3040260524,51539-012M,CONTROL UNIT ASSY-GENERATOR,BANT,REC,,BACG,230.0
2026-08-06,3040260516,ASG12000-2,ALTERNATOR,PAMALS,REC,REPARADO,V1 PAMA-LS,230.0
2026-08-06,3040260523,9910592-2,ALTERNADOR,BAMN,REC,REPARADO,V1 PAMA-LS,230.0
2026-08-06,3040260522,9910592-2,ALTERNADOR,BAMN,REC,REPARADO,V1 PAMA-LS,230.0
2026-08-06,3040260547,161-12800,WHEEL HALF ASSY-INNER,EPCAR,OS concluída,REPARADO,VEE ONE,
2026-08-06,3040260545,161-11700,INNER WHEEL HALF ASSY,BACG,REC,REPARADO,VEE ONE,212.0
2026-08-06,3040260544,161-11700,INNER WHEEL HALF ASSY,BANT,REC,REPARADO,VEE ONE,212.0
2026-08-06,3040260546,161-12800,WHEEL HALF ASSY-INNER,PAMALS,REC,REPARADO,VEE ONE,212.0
2026-08-06,3040260548,161-11700,INNER WHEEL HALF ASSY,CLA,REC,REPARADO,VEE ONE,212.0
2026-08-06,3040260549,162-10700,OUTER WHEEL HALF ASSY,BACG,REC,REPARADO,VEE ONE,212.0
2026-08-06,3040260550,162-10700,OUTER WHEEL HALF ASSY,CLA,REC,REPARADO,VEE ONE,212.0
2026-08-06,3040260551,162-11800,WHEEL HALF ASSY-OUTER,BANT,REC,REPARADO,VEE ONE,212.0
2026-08-06,3040260552,30994-001,BATTERY-MARATHON TSP410 NICAD,BABE,OS concluída,CONDENADO,AMA - VEE ONE,
2026-08-06,3040260543,324843-W020,HEADSET-MICROPHONE,PAMALS,REC,VAI SER DEVOLVIDO SEM REPARO,WILLIAM,212.0
2026-08-06,3040260542,324843-W020,HEADSET-MICROPHONE,PAMALS,REC,,BABE,212.0
2026-08-06,3040260541,324843-W020,HEADSET-MICROPHONE,PAMALS,OS concluída,REPARADO,,
2026-08-06,3040260540,324843-W020,HEADSET-MICROPHONE,PAMALS,OS concluída,REPARADO,,
2026-08-06,3040260538,324843-W020,HEADSET-MICROPHONE,PAMALS,REC,,BABE,212.0
2026-08-06,3040260539,324843-W020,HEADSET-MICROPHONE,PAMALS,REC,,BABE,212.0
2026-08-06,3040260595,9910586-4,FLAP ACTUATOR AND MOTOR ASSEMBLY,7 ETA,REC,,BAMN,212.0
2026-08-06,3040260597,9910586-4,FLAP ACTUATOR AND MOTOR ASSEMBLY,BAPV,REC,REPARADO,VEE ONE,212.0
2026-08-06,3040260583,3244897-4,FUEL CONTROL UNIT,PAMALS,OS concluída,,,
2026-08-06,3040260750,3122678-04,FUEL CONTROL UNIT,PAMASP,REC,,BANT,204.0
2026-08-06,3040260752,3244897-4,FUEL CONTROL UNIT,PAMASP,OS concluída,REPARADO,,
2026-08-06,3040260753,3244809-7,"FUEL CONTROL,MAIN,TURBINE ENGINE",PAMASP,OS concluída,REPARADO,,
2026-08-06,3040260754,3244809-1,"FUEL CONTROL,MAIN,TURBINE ENGINE",PAMASP,REC,EM QUARENTENA,LEAP,204.0
2026-08-06,3040254794,C145-350,"MOTOR,DIRECT CURRENT",PAMALS,OS concluída,,,
2026-08-06,3040260913,064-1054-30,RECEIVER-TRANSMITTER SUBASSEMBLY,EPCAR,REC,REPARADO,V1 PAMA-LS,192.0
2026-08-06,3040260915,064-1054-30,RECEIVER-TRANSMITTER SUBASSEMBLY,PAMALS,REC,REPARADO,V1 PAMA-LS,192.0
2026-08-06,3040260811,3034792,BOMBA DE COMBUSTÍVEL,BAPV,REC,,BABR,190.0
2026-08-06,3040260812,3034792,BOMBA DE COMBUSTÍVEL,BACG,OS concluída,,,
2026-08-06,3040260922,162-11800,WHEEL HALF ASSY-OUTER,PAMALS,OS concluída,,,
2026-08-06,3040260923,030-18200,MAIN WHEEL BRAKE,BACO,REC,REPARADO,VEE ONE,190.0
2026-08-06,3040261389,3034792,BOMBA DE COMBUSTÍVEL,PAMASP,REC,REPARADO,V1 PAMA-LS,177.0
2026-08-06,3040261388,3034792,BOMBA DE COMBUSTÍVEL,BABR,OS concluída,REPARADO,,
2026-08-06,3040261387,3034792,BOMBA DE COMBUSTÍVEL,BABR,OS concluída,REPARADO,,
2026-08-06,3040261371,TFF2905-13,FUEL FLOW TRANSDUCER,ALA 8,REC,EM REPARO,WILLIAM,177.0
2026-08-06,3040261375,C661065-0240RX,"INDICATOR, AIRSPEED",BACG,REC,EM REPARO,WILLIAM,177.0
2026-08-06,3040261373,C661065-0240,AIRSPEED INDICATOR,BABE,REC,REPARADO,V1 PAMA-LS,177.0
2026-08-06,3040261322,011-00831-00,"ENGINE INTERFA,SPEC",BAPV,REC,REPARADO,VEE ONE,177.0
2026-08-06,3040261326,011-00882-10,"COMPUTER,AIR DATA",BAMN,OS concluída,,,
2026-08-06,3040261324,011-00882-10,"COMPUTER,AIR DATA",BAMN,OS concluída,,,
2026-08-06,3040261327,064-1054-30,RECEIVER-TRANSMITTER SUBASSEMBLY,PAMASP,REC,REPARADO,V1 PAMA-LS,177.0
2026-08-06,3040261336,066-01141-0101,"RECEIVER,RADIO",BANT,REC,REPARADO,V1 PAMA-LS,177.0
2026-08-06,3040261334,065-0065-01,SELECTOR ALT,BANT,REC,EM REPARO,WILLIAM,177.0
2026-08-06,3040261331,065-0061-36,ACTUATOR TRIM (KS272A),PAMASP,REC,,BABR,177.0
2026-08-06,3040261329,065-0061-36,ACTUATOR TRIM (KS272A),ALA 10,OS concluída,REPARADO,,
2026-08-06,3040261335,065-0065-01,SELECTOR ALT,BANT,REC,EM REPARO,WILLIAM,177.0
2026-08-06,3040261342,066-3084-02,COLOR RADAR INDICATOR,BABV,REC,EM REPARO,WILLIAM,177.0
2026-08-06,3040261340,066-1053-00,"RECEIVER,RADIO",BASM,REC,REPARADO,V1 PAMA-LS,177.0
2026-08-06,3040261377,066-3054-01,INDICATOR RADAR ALTIMETER - TYPE KI250,PAMALS,REC,EM REPARO,WILLIAM,177.0
2026-08-06,3040261376,066-1061-03,RT RADAR ALTIM (KRA10A),PAMALS,REC,PARA REPARO,VEE ONE,177.0
2026-08-06,3040261352,1134380-4,EVAPORATOR MODULE ASSY-RH,BAMN,REC,CONDENADO,VEE ONE,177.0
2026-08-06,3040261347,071-1234-00,ANTENNA ACCESSORY,ALA 1,REC,EM REPARO,WILLIAM,177.0
2026-08-06,3040261344,066-4010-12,RECEIVER VOR/LOC (KNS81),ALA 10,REC,EM REPARO,WILLIAM,177.0
2026-08-06,3040261353,1H75-21,PRESSURE REGULATOR,BAMN,REC,,BAMN,177.0
2026-08-06,3040261357,2682001-1,BRAKE CYL MAST,BABE,OS concluída,REPARADO,,
2026-08-06,3040261356,2670104-2,ANNUNCIATOR PANEL,PAMALS,REC,REPARADO,VEE ONE,177.0
2026-08-06,3040261355,2643100-201,NOSE GEAR STRUT ASSY - TALL FORK,BABR,OS concluída,REPARADO,,
2026-08-06,3040261354,2643100-201,NOSE GEAR STRUT ASSY - TALL FORK,BANT,REC,EM REPARO,AV AERONAUTICA,177.0
2026-08-06,3040261364,8210-002-01,GOVERNOR PROPELLER,PAMASP,REC,REPARADO,VEE ONE,177.0
2026-08-06,3040261627,S3828-1,ALTIMETER,BAMN,REC,EM REPARO,WILLIAM,163.0
2026-08-06,3040261628,S3828-1,ALTIMETER,BABE,REC,REPARADO,V1 PAMA-LS,163.0
2026-08-06,3040261851,51539-012MRX,CONTROL UNIT ASSY-GENERATOR,BABE,REC,EM REPARO,VEE ONE,155.0
2026-08-06,3040261852,51539-012MRX,CONTROL UNIT ASSY-GENERATOR,BABE,REC,EM REPARO,VEE ONE,155.0
2026-08-06,3040261843,3034792,BOMBA DE COMBUSTÍVEL,PAMALS,REC,EM REPARO,VEE ONE,150.0
2026-08-06,3040262245,200SGL119Q-2,STARTER GENERATOR,BAMN,OS concluída,REPARADO,,
2026-08-06,3040262246,200SGL119Q-2,STARTER GENERATOR,BAMN,OS concluída,REPARADO,,
2026-08-06,3040262273,324843-W020,HEADSET-MICROPHONE,BABE,OS concluída,REPARADO,,
2026-08-06,3040262275,324843-W020,HEADSET-MICROPHONE,BANT,OS concluída,REPARADO,,
2026-08-06,3040262363,066-1055-00,AUDIO CONTROL PANEL,ALA 5,OS concluída,,,
2026-08-06,3040262367,066-1055-00,AUDIO CONTROL PANEL,ALA 9,REC,EM REPARO,WILLIAM,133.0
2026-08-06,3040262368,066-1055-00,AUDIO CONTROL PANEL,CLA,OS concluída,,,
2026-08-06,3040262372,51539-012M,CONTROL UNIT ASSY-GENERATOR,BANT,REC,,V1 PAMA-LS,133.0
2026-08-06,3040262371,51539-012N,CONTROL UNIT ASSY-GENERATOR,BANT,REC,REPARADO,V1 PAMA-LS,133.0
2026-08-06,3040262419,065-0061-36,ACTUATOR TRIM (KS272A),ALA 9,REC,EM REPARO,WILLIAM,128.0
2026-08-06,3040262734,C352,PORTABLE HALON FIRE EXTINGUISHERS,ALA 5,REC,EM REPARO,AV AERONAUTICA,115.0
2026-08-06,3040262738,C352TS,"EXTINGUISHER,FIRE",BANT,REC,,PROCURANDO,115.0
2026-08-06,3040262739,C352TS,"EXTINGUISHER,FIRE",BANT,REC,,PROCURANDO,115.0
2026-08-06,3040262740,C352TS,"EXTINGUISHER,FIRE",PAMALS,REC,,PROCURANDO,115.0
2026-08-06,3040262766,011-00883-20,RADAR GWX 68 WEATHER,BAMN,OS concluída,EM REPARO,VEE ONE,
2026-08-06,3040262765,011-00883-20,RADAR GWX 68 WEATHER,BAMN,REC,EM REPARO,VEE ONE,115.0
2026-08-06,3040262772,011-01020-10,AFCS MODE CONTROLLER GMC 710,BAMN,REC,EM REPARO,WILLIAM,115.0
2026-08-06,3040262770,011-01020-10,AFCS MODE CONTROLLER GMC 710,BAMN,REC,EM REPARO,WILLIAM,115.0
2026-08-06,3040262773,011-01020-10,AFCS MODE CONTROLLER GMC 710,BAMN,REC,EM REPARO,WILLIAM,115.0
2026-08-06,3040262746,066-1070-01,TRANSCEIVER DME (KN63),BABE,REC,EM REPARO,WILLIAM,115.0
2026-08-06,3040262745,064-1019-05,VHF TRANSCEIVE KY196,EEAR,REC,EM REPARO,VEE ONE,115.0
2026-08-06,3040262747,066-1072-00,RECEIVER ADF (KING KR87),ALA 7,REC,EM REPARO,WILLIAM,115.0
2026-08-06,3040262748,066-3046-07,"CONTROL,INDICATOR",BABR,REC,,BANT,115.0
2026-08-06,3040262769,066-3046-07,"CONTROL,INDICATOR",BABR,REC,,BANT,115.0
2026-08-06,3040262768,066-3046-07,"CONTROL,INDICATOR",EEAR,REC,EM REPARO,LEAP,115.0
2026-08-06,3040262767,066-3046-07,"CONTROL,INDICATOR",EEAR,REC,EM REPARO,LEAP,115.0
2026-08-06,3040262791,066-3060-00,IND RMI KNI582,BANT,REC,EM REPARO,LEAP,115.0
2026-08-06,3040262630,161-11700,INNER WHEEL HALF ASSY,BANT,REC,REPARADO,VEE ONE,115.0
2026-08-06,3040262792,066-3060-00,IND RMI KNI582,BANT,REC,EM REPARO,LEAP,115.0
2026-08-06,3040262634,162-10700,OUTER WHEEL HALF ASSY,BANT,REC,REPARADO,VEE ONE,115.0
2026-08-06,3040262632,161-12800,WHEEL HALF ASSY-INNER,BANT,OS concluída,REPARADO,VEE ONE,
2026-08-06,3040262633,161-12800,WHEEL HALF ASSY-INNER,BANT,REC,REPARADO,VEE ONE,115.0
2026-08-06,3040262635,162-11800,WHEEL HALF ASSY-OUTER,EPCAR,REC,REPARADO,VEE ONE,115.0
2026-08-06,3040262637,162-11800,WHEEL HALF ASSY-OUTER,BANT,REC,REPARADO,VEE ONE,115.0
2026-08-06,3040262636,162-11800,WHEEL HALF ASSY-OUTER,BANT,REC,REPARADO,VEE ONE,115.0
2026-08-06,3040262646,200SGL119Q,STARTER GENERATOR,PAMASP,OS concluída,,,
2026-08-06,3040262639,200SGL119Q,STARTER GENERATOR,PAMASP,OS concluída,,PAMA-LS,
2026-08-06,3040262638,200SGL119Q,STARTER GENERATOR,PAMALS,REC,EM REPARO,AV AERONAUTICA,115.0
2026-08-06,3040262757,2606015-2,IND OIL TEMP/P,PAMALS,REC,EM REPARO,VEE ONE,115.0
2026-08-06,3040262706,2641011-5,AXLE-MAIN GEAR,BAMN,REC,,BANT,115.0
2026-08-06,3040262707,2641011-5,AXLE-MAIN GEAR,BABV,REC,REPARADO,VEE ONE,115.0
2026-08-06,3040262717,2641011-5,AXLE-MAIN GEAR,BANT,REC,REPARADO,VEE ONE,115.0
2026-08-06,3040262714,2641011-5,AXLE-MAIN GEAR,BAPV,REC,,BANT,115.0
2026-08-06,3040262713,2641011-5,AXLE-MAIN GEAR,BAPV,REC,REPARADO,VEE ONE,115.0
2026-08-06,3040262712,2641011-5,AXLE-MAIN GEAR,BABR,REC,,BANT,115.0
2026-08-06,3040262711,2641011-5,AXLE-MAIN GEAR,BABR,REC,,BANT,115.0
2026-08-06,3040262709,2641011-5,AXLE-MAIN GEAR,PAMALS,REC,,BANT,115.0
2026-08-06,3040262708,2641011-5,AXLE-MAIN GEAR,PAMALS,REC,,BANT,115.0
2026-08-06,3040262744,3244809-1A,F.C.U,PAMALS,REC,EM REPARO,LEAP,115.0
2026-08-06,3040262758,9910338-4,FUEL TOTALIZER INDICATOR,PAMALS,REC,EM REPARO,VEE ONE,115.0
2026-08-06,3040262759,9910338-6,"TRANSMITTER,RATE OF FLOW",BAMN,REC,EM REPARO,WILLIAM,115.0
2026-08-06,3040262760,9910338-6,"TRANSMITTER,RATE OF FLOW",BANT,REC,EM REPARO,VEE ONE,115.0
2026-08-06,3040262966,2682001-1,BRAKE CYL MAST,BACO,OS concluída,,PAMA-LS,
2026-08-06,3040262967,2682001-1,BRAKE CYL MAST,PAMALS,REC,REPARADO,V1 PAMA-LS,113.0
2026-08-06,3040262968,2682001-1,BRAKE CYL MAST,BANT,OS concluída,,PAMA-LS,
2026-08-06,3040262969,2682001-1,BRAKE CYL MAST,BABE,REC,REPARADO,V1 PAMA-LS,113.0
2026-08-06,3040263069,453-5060,ELT C406-N,BABE,OS concluída,,,
2026-08-06,3040263283,D145-00-46-2,FLAP ACTUATOR ASSY,PAMALS,REC,EM REPARO,LEAP,98.0
2026-08-06,3040263284,D145-00-46-2,FLAP ACTUATOR ASSY,BAFL,REC,EM REPARO,LEAP,98.0
2026-08-06,3040263324,069-01033-0101,"RECEIVER-TRANSMITTER,RADIO",PAMALS,REC,EM REPARO,LEAP,98.0
2026-08-06,3040263287,C661065-0237,AIRSPEED INDICATOR,BABR,REC,REPARADO,VEE ONE,98.0
2026-08-06,3040263288,C661065-0237,AIRSPEED INDICATOR,PAMASP,REC,REPARADO,VEE ONE,98.0
2026-08-06,3040263314,060-0017-00,FLIGHT DIR HOR,EEAR,REC,EM REPARO,LEAP,98.0
2026-08-06,3040263319,066-1055-00,AUDIO CONTROL PANEL,BABE,REC,REPARADO,VEE ONE,98.0
2026-08-06,3040263317,060-0017-00,FLIGHT DIR HOR,PAMASP,REC,,BANT,98.0
2026-08-06,3040263316,060-0017-00,FLIGHT DIR HOR,BANT,REC,,BANT,98.0
2026-08-06,3040263320,066-1055-00,AUDIO CONTROL PANEL,PAMALS,REC,EM REPARO,AV AERONAUTICA,98.0
2026-08-06,3040263325,069-01033-0101,"RECEIVER-TRANSMITTER,RADIO",PAMALS,REC,,PROCURANDO,98.0
2026-08-06,3040263335,C611008-0101,ALTERNATOR CONTROL UNIT,PAMALS,REC,EM REPARO,AV AERONAUTICA,98.0
2026-08-06,3040263336,C611008-0101,ALTERNATOR CONTROL UNIT,PAMALS,REC,EM REPARO,AV AERONAUTICA,98.0
2026-08-06,3040263286,C661065-0237,AIRSPEED INDICATOR,BANT,REC,DEVOLVIDO NO ESTADO,WILLIAM,98.0
2026-08-06,3040263322,066-1055-00,AUDIO CONTROL PANEL,ALA 9,REC,EM REPARO,WILLIAM,98.0
2026-08-06,3040263326,069-01033-0101,"RECEIVER-TRANSMITTER,RADIO",PAMALS,REC,,BANT,98.0
2026-08-06,3040263315,060-0017-00,FLIGHT DIR HOR,BACG,OS concluída,,BABR,
2026-08-06,3040263334,011-00916-10,"DISPLAY UNIT,FLIGHT INFORMATION",BACO,REC,VAI SER DEVOLVIDO SEM REPARO,WILLIAM,98.0
2026-08-06,3040263333,011-00916-10,"DISPLAY UNIT,FLIGHT INFORMATION",BACO,REC,EM REPARO,WILLIAM,98.0
2026-08-06,3040263332,011-00916-10,"DISPLAY UNIT,FLIGHT INFORMATION",BAMN,OS concluída,EM REPARO,WILLIAM,
2026-08-06,3040263331,C661064-0237,AIRSPEED INDICATOR,PAMALS,REC,VAI SER DEVOLVIDO SEM REPARO,WILLIAM,98.0
2026-08-06,3040263329,C661064-0237,AIRSPEED INDICATOR,PAMALS,REC,EM REPARO,WILLIAM,98.0
2026-08-06,3040263328,C661064-0237,AIRSPEED INDICATOR,BABR,REC,EM REPARO,WILLIAM,98.0
2026-08-06,3040263327,C661064-0237,AIRSPEED INDICATOR,BABR,REC,EM REPARO,WILLIAM,98.0
2026-08-06,3040263330,C661064-0237,AIRSPEED INDICATOR,PAMALS,REC,EM REPARO,WILLIAM,98.0
2026-08-06,3040263338,C611008-0101,ALTERNATOR CONTROL UNIT,PAMALS,REC,REPARADO,V1 PAMA-LS,98.0
2026-08-06,3040263433,066-03064-0005,"ALTIMETER,SERVO CONTROLLED,AUTOMATIC PRESSURE",BACG,REC,EM REPARO,WILLIAM,92.0
2026-08-06,3040263435,066-03064-0005,"ALTIMETER,SERVO CONTROLLED,AUTOMATIC PRESSURE",BANT,REC,EM REPARO,WILLIAM,92.0
2026-08-06,3040263434,066-03064-0005,"ALTIMETER,SERVO CONTROLLED,AUTOMATIC PRESSURE",PAMASP,REC,VAI SER DEVOLVIDO SEM REPARO,WILLIAM,92.0
2026-08-06,3040263417,069-01033-0101,"RECEIVER-TRANSMITTER,RADIO",PAMALS,REC,EM REPARO,WILLIAM,92.0
2026-08-06,3040263416,069-01033-0101,"RECEIVER-TRANSMITTER,RADIO",BASM,REC,EM REPARO,WILLIAM,92.0
2026-08-06,3040263415,069-01033-0101,"RECEIVER-TRANSMITTER,RADIO",BABR,REC,,BANT,92.0
2026-08-06,3040263447,066-3046-07,"CONTROL,INDICATOR",CLA,REC,,BABR,92.0
2026-08-06,3040263443,3244897-4,FUEL CONTROL UNIT,PAMALS,REC,EM REPARO,LEAP,91.0
2026-08-06,3040263444,3244897-4,FUEL CONTROL UNIT,PAMALS,REC,EM REPARO,LEAP,91.0
2026-08-06,3040263577,060-0015-00,"CONTROL,DIRECTIONAL,AUTOMATIC PILOT",ALA 5,REC,EM REPARO,WILLIAM,86.0
2026-08-06,3040263574,066-1072-04,"RECEIVER,RADIO",BABE,REC,EM REPARO,WILLIAM,86.0
2026-08-06,3040263576,066-1072-04,"RECEIVER,RADIO",BAMN,OS concluída,DEVOLVIDO NO ESTADO,WILLIAM,
2026-08-06,3040263575,066-1072-04,"RECEIVER,RADIO",BABE,REC,EM REPARO,WILLIAM,86.0
2026-08-06,3040263573,066-3084-32,IND RDR 2000 IN-182A,PAMALS,REC,,BABR,86.0
2026-08-06,3040263571,066-3084-32,IND RDR 2000 IN-182A,PAMALS,REC,EM REPARO,WILLIAM,86.0
2026-08-06,3040263572,066-3084-32,IND RDR 2000 IN-182A,PAMALS,REC,EM REPARO,WILLIAM,86.0
2026-08-06,3040263448,2618510-10,ALTERNATOR CONTROL UNIT ASSY,BABE,REC,EM REPARO,WILLIAM,86.0
2026-08-06,3040263449,2618510-10,ALTERNATOR CONTROL UNIT ASSY,PAMALS,REC,EM REPARO,WILLIAM,86.0
2026-08-06,3040263877,2641011-5,AXLE-MAIN GEAR,CLA,REC,EM REPARO,LEAP,76.0
2026-08-06,3040263878,2641011-5,AXLE-MAIN GEAR,CLA,REC,EM REPARO,LEAP,76.0
2026-08-06,3040264243,069-01033-0101,"RECEIVER-TRANSMITTER,RADIO",PAMALS,REC,EM REPARO,WILLIAM,69.0
2026-08-06,3040264244,069-01033-0101,"RECEIVER-TRANSMITTER,RADIO",PAMASP,REC,EM REPARO,WILLIAM,69.0
2026-08-06,3040264246,060-0017-00,FLIGHT DIR HOR,PAMALS,REC,EM REPARO,WILLIAM,69.0
2026-08-06,3040264237,200SGL119Q-2,STARTER GENERATOR,BAMN,REC,EM REPARO,AV AERONAUTICA,69.0
2026-08-06,3040264236,200SGL119Q-2,STARTER GENERATOR,BABE,REC,,BABE,69.0
2026-08-06,3040264121,3244897-4,FUEL CONTROL UNIT,BABE,OS concluída,EM REPARO,LEAP,
2026-08-06,3040264263,9910338-8,"INDICATOR,FUEL FLOW",PAMALS,OS concluída,,BABR,
2026-08-06,3040264262,9910338-8,"INDICATOR,FUEL FLOW",BABV,REC,EM REPARO,WILLIAM,69.0
2026-08-06,3040264242,324843-2020,HEADSET-MICROPHONE,BABE,REC,EM REPARO,WILLIAM,69.0
2026-08-06,3040264264,324843-2020,HEADSET-MICROPHONE,DACTA II,REC,EM REPARO,WILLIAM,69.0
2026-08-06,3040264238,324843-2020,HEADSET-MICROPHONE,DACTA II,REC,EM REPARO,WILLIAM,69.0
2026-08-06,3040264241,324843-2020,HEADSET-MICROPHONE,DACTA II,REC,EM REPARO,WILLIAM,69.0
2026-08-06,3040264240,324843-2020,HEADSET-MICROPHONE,DACTA II,REC,EM REPARO,WILLIAM,69.0
2026-08-06,3040264122,3244809-8,"FUEL CONTROL,MAIN,TURBINE ENGINE",BABE,OS concluída,,BABR,
2026-08-06,3040263797,066-3046-07,"CONTROL,INDICATOR",BABE,REC,EM REPARO,WILLIAM,69.0
2026-08-06,3040263798,066-3046-07,"CONTROL,INDICATOR",PAMASP,REC,EM REPARO,WILLIAM,69.0
2026-08-06,3040263799,066-3046-07,"CONTROL,INDICATOR",PAMASP,REC,EM REPARO,WILLIAM,69.0
2026-08-06,3040263795,071-01519-0101,"RECEIVER-EXCITER,RADAR",PAMALS,REC,,PROCURANDO,69.0
2026-08-06,3040263796,071-01519-0101,"RECEIVER-EXCITER,RADAR",PAMALS,REC,,PROCURANDO,69.0
2026-08-06,3040264579,060-0017-00,FLIGHT DIR HOR,BABR,OS concluída,,,
2026-08-06,3040264577,060-0017-00,FLIGHT DIR HOR,PAMALS,REC,,,57.0
2026-08-06,3040264573,060-0017-00,FLIGHT DIR HOR,BANT,REC,,,57.0
2026-08-06,3040264574,060-0017-00,FLIGHT DIR HOR,BANT,REC,,,57.0
2026-08-06,3040264576,060-0017-00,FLIGHT DIR HOR,PAMALS,REC,,,57.0
2026-08-06,3040264572,060-0017-00,FLIGHT DIR HOR,PAMASP,REC,,,57.0
2026-08-06,3040264647,1H75-21,PRESSURE REGULATOR,BAMN,REC,,,52.0
2026-08-06,3040264646,1H75-21,PRESSURE REGULATOR,PAMASP,REC,,,52.0
2026-08-06,3040264645,1H75-21,PRESSURE REGULATOR,PAMASP,REC,,,52.0
2026-08-06,3040264643,1H75-21,PRESSURE REGULATOR,PAMASP,REC,,,52.0
2026-08-06,3040264707,3244809-7,"FUEL CONTROL,MAIN,TURBINE ENGINE",BABE,REC,,,52.0
2026-08-06,3040264709,540-1407-4,"VALVE,BLEED,TURBINEENGINE",PAMASP,REC,,,52.0
2026-08-06,3040264710,200SGL153Q,"STARTER-GENERATOR,ENGINE,AIRCRAFT",CLA,REC,,,52.0
2026-08-06,3040264711,200SGL153Q,"STARTER-GENERATOR,ENGINE,AIRCRAFT",PAMASP,REC,,,52.0
2026-08-06,3040264712,200SGL153Q,"STARTER-GENERATOR,ENGINE,AIRCRAFT",BACG,REC,,,52.0
2026-08-06,3040264718,9910338-8,"INDICATOR,FUEL FLOW",PAMALS,REC,,,52.0
2026-08-06,3040264719,S3326-2,"INDICATOR,HORIZONTAL SITUATION",ALA 8,REC,,,52.0
2026-08-06,3040264720,S3326-2,"INDICATOR,HORIZONTAL SITUATION",PAMALS,REC,,,52.0
2026-08-06,3040264721,S3326-2,"INDICATOR,HORIZONTAL SITUATION",PAMASP,REC,,,52.0
2026-08-06,3040264724,2606013-1AM,INDICADOR PERCENTUAL RPM,BABV,REC,,,52.0
2026-08-06,3040264725,2606013-1AM,INDICADOR PERCENTUAL RPM,BABR,REC,,,52.0
2026-08-06,3040264726,2606015-4,INDICATOR-OIL TEMP/OIL PRESS,BANT,REC,,,52.0
2026-08-06,3040264727,C661051-0201,GYRO HORIZON,ALA 10,REC,,,52.0
2026-08-06,3040264728,504-0111-906,GYRO HORIZON,PAMALS,REC,,,52.0
2026-08-06,3040264729,504-0111-906,GYRO HORIZON,BACG,REC,,,52.0
2026-08-06,3040264730,8210-003,"GOVERNOR,FUEL CONTROL",PAMASP,REC,,,52.0
2026-08-06,3040264731,8210-002,"GOVERNOR,CONSTANT SPEED DRIVE",PAMASP,REC,,,52.0
2026-08-06,3040264732,8210-002,"GOVERNOR,CONSTANT SPEED DRIVE",BAMN,REC,,,52.0
2026-08-06,3040264733,030-18200,MAIN WHEEL BRAKE,BAMN,REC,,,52.0
2026-08-06,3040264734,030-18200,MAIN WHEEL BRAKE,BAMN,REC,,,52.0
2026-08-06,3040264735,161-11700,INNER WHEEL HALF ASSY,PAMALS,REC,,,52.0
2026-08-06,3040264736,161-12800,WHEEL HALF ASSY-INNER,BABR,REC,,,52.0
2026-08-06,3040264737,161-12800,WHEEL HALF ASSY-INNER,PAMALS,AUT,,,52.0
2026-08-06,3040264738,162-10700,OUTER WHEEL HALF ASSY,BACO,AUT,,,52.0
2026-08-06,3040264807,011-01105-01,INTEGRATED AVIONICS UNIT GIA63W,ALA 8,REC,,,44.0
2026-08-06,3040264808,011-01105-01,INTEGRATED AVIONICS UNIT GIA63W,BAMN,REC,,,44.0
2026-08-06,3040264907,011-00916-10,"DISPLAY UNIT,FLIGHT INFORMATION",BAMN,REC,,,37.0
2026-08-06,3040264908,011-00916-10,"DISPLAY UNIT,FLIGHT INFORMATION",BABV,REC,,,37.0
2026-08-06,3040264974,3244809-8,"FUEL CONTROL,MAIN,TURBINE ENGINE",BAMN,REC,,,35.0
2026-08-06,3040264961,3244897-4,FUEL CONTROL UNIT,CLA,REC,,,35.0
2026-08-06,3040264960,3034792,BOMBA DE COMBUSTÍVEL,CLA,REC,,,35.0
2026-08-06,3040265144,011-01020-10,AFCS MODE CONTROLLER GMC 710,BABE,REC,,,29.0
2026-08-06,3040265140,011-01020-10,AFCS MODE CONTROLLER GMC 710,BABE,REC,,,29.0
2026-08-06,3040265482,066-3084-32,IND RDR 2000 IN-182A,BABR,REC,,,14.0
2026-08-06,3040265484,066-3084-32,IND RDR 2000 IN-182A,BANT,REC,,,14.0
2026-08-06,3040265485,066-3084-32,IND RDR 2000 IN-182A,BABR,REC,,,14.0
2026-08-06,3040265526,ASG12000-2,ALTERNATOR,PAMALS,REC,,,10.0
2026-08-06,3040265525,ASG12000-2,ALTERNATOR,BABR,REC,,,10.0
2026-08-06,3040265527,9910592-2,ALTERNADOR,BABR,REC,,,10.0
2026-08-06,3040265533,3122678-04,FUEL CONTROL UNIT,BABR,REC,,,10.0
2026-08-06,3040265532,C611505-0201,ALTERNATOR,BANT,REC,,,10.0
2026-08-06,3040265530,C611505-0201,ALTERNATOR,BABV,REC,,,10.0
2026-08-06,3040265528,9910592-2,ALTERNADOR,BABR,REC,,,10.0
2026-08-06,3040265724,3244897-4,FUEL CONTROL UNIT,CLA,REC,,,9.0
2026-08-06,3040265474,C611008-0101,ALTERNATOR CONTROL UNIT,PAMALS,REC,,,7.0
2026-08-06,3040265475,C611008-0101,ALTERNATOR CONTROL UNIT,BABV,REC,,,7.0
2026-08-06,3040265476,C611008-0101,ALTERNATOR CONTROL UNIT,PAMALS,REC,,,7.0
2026-08-06,3040265477,C611008-0101,ALTERNATOR CONTROL UNIT,PAMALS,REC,,,7.0
2026-08-06,3040265576,011-00916-10,"DISPLAY UNIT,FLIGHT INFORMATION",BAMN,REC,,,6.0
2026-08-06,3040265580,011-00916-00,DISPLAY UNIT GDU 1040A,PAMALS,AUT,,,10.0
2026-08-06,3040265581,011-00916-00,DISPLAY UNIT GDU 1040A,PAMALS,AUT,,,10.0
2026-08-06,3040265589,EA-5175-52-CES,INDICATOR TRUE,BABV,AUT,,,10.0
2026-08-06,3040265590,EA-5175-52-CES,INDICATOR TRUE,BASM,AUT,,,10.0
2026-08-06,3040265591,EA-5175-52-CES,INDICATOR TRUE,BABV,AUT,,,10.0
2026-08-06,3040265592,EA-5175-52-CES,INDICATOR TRUE,BABV,AUT,,,10.0
2026-08-06,3040265668,9910592-2,ALTERNADOR,PAMALS,AUT,,,10.0
2026-08-06,3040265678,9910592-2,ALTERNADOR,BAMN,AUT,,,10.0
2026-08-06,3040265679,C611505-0201,ALTERNATOR,PAMALS,AUT,,,10.0
2026-08-06,3040265680,C611505-0201,ALTERNATOR,ALA 8,AUT,,,10.0
2026-08-06,3040265726,071-01519-0101,"RECEIVER-EXCITER,RADAR",PAMALS,AUT,,,9.0
2026-08-06,3040265727,071-01519-0101,"RECEIVER-EXCITER,RADAR",CLA,AUT,,,9.0
2026-08-06,3040265728,C163030-1001,MAIN W BRAKE A,BAMN,AUT,,,9.0
2026-08-06,3040265731,066-3046-07,"CONTROL,INDICATOR",BABR,AUT,,,9.0
2026-08-06,3040265732,066-3046-07,"CONTROL,INDICATOR",BANT,AUT,,,9.0
2026-08-06,3040265734,066-3046-07,"CONTROL,INDICATOR",EEAR,AUT,,,9.0
2026-08-06,3040265735,066-3046-07,"CONTROL,INDICATOR",CLA,AUT,,,9.0
2026-08-06,3040265736,C611008-0101,ALTERNATOR CONTROL UNIT,BABV,AUT,,,9.0
2026-08-06,3040265737,C611008-0101,ALTERNATOR CONTROL UNIT,EEAR,AUT,,,9.0
2026-08-06,3040265738,C611008-0101,ALTERNATOR CONTROL UNIT,PAMALS,AUT,,,9.0
2026-08-06,3040265739,C611008-0101,ALTERNATOR CONTROL UNIT,BANT,AUT,,,9.0
2026-08-06,3040265740,C611008-0101,ALTERNATOR CONTROL UNIT,BABE,AUT,,,9.0
2026-08-06,3040265741,C611008-0101,ALTERNATOR CONTROL UNIT,BABR,AUT,,,9.0
2026-08-06,3040265742,066-1072-04,"RECEIVER,RADIO",BACG,AUT,,,9.0
2026-08-06,3040265743,066-1072-04,"RECEIVER,RADIO",BAMN,AUT,,,9.0
2026-08-06,3040265744,066-1072-04,"RECEIVER,RADIO",PAMALS,AUT,,,9.0
2026-08-06,3040265745,066-3084-32,IND RDR 2000 IN-182A,PAMALS,AUT,,,9.0
2026-08-06,3040265746,066-3084-32,IND RDR 2000 IN-182A,PAMALS,AUT,,,9.0
2026-08-06,3040265747,30994-001,BATTERY-MARATHON TSP410 NICAD,PAMALS,AUT,,,9.0
2026-08-06,3040265748,30994-001,BATTERY-MARATHON TSP410 NICAD,PAMALS,AUT,,,9.0
2026-08-06,3040265749,30994-001,BATTERY-MARATHON TSP410 NICAD,PAMALS,AUT,,,9.0
2026-08-06,3040265750,30994-001,BATTERY-MARATHON TSP410 NICAD,PAMALS,AUT,,,9.0
2026-08-06,3040265751,30994-001,BATTERY-MARATHON TSP410 NICAD,PAMALS,AUT,,,9.0
2026-08-06,3040265752,2641011-5,AXLE-MAIN GEAR,BAMN,AUT,,,9.0
2026-08-06,3040265753,2641011-5,AXLE-MAIN GEAR,BAMN,AUT,,,9.0
2026-08-06,3040265754,161-11700,INNER WHEEL HALF ASSY,BACO,AUT,,,9.0
2026-08-06,3040265755,161-12800,WHEEL HALF ASSY-INNER,BABE,AUT,,,9.0
2026-08-06,3040265757,066-01141-0101,"RECEIVER,RADIO",PAMALS,AUT,,,9.0
2026-08-06,3040265758,066-01141-0101,"RECEIVER,RADIO",PAMALS,AUT,,,9.0
2026-08-06,3040265759,C660501-0103,"COMPASS,SPEC",DACTA II,AUT,,,9.0
2026-08-06,3040265769,023694-000,BATTERY NICKEL CADMIUM,BAPV,AUT,,,8.0
2026-08-06,3040265771,2651023-23,ENGINE MOUNT ASSEMBLY,PAMALS,AUT,,,8.0
2026-08-06,3040265772,2651023-23,ENGINE MOUNT ASSEMBLY,PAMALS,AUT,,,8.0
2026-08-06,3040265892,324843-0020,HEADSET-MICROPHONE,PAMALS,AUT,,,3.0
2026-08-06,3040265893,324843-0020,HEADSET-MICROPHONE,PAMALS,AUT,,,3.0
2026-08-06,3040265894,324843-0020,HEADSET-MICROPHONE,PAMALS,AUT,,,3.0
2026-08-06,3040265895,324843-0020,HEADSET-MICROPHONE,PAMALS,AUT,,,3.0
2026-08-07,3040249831,066-01141-5101,"RECEIVER-TRANSMITTER,RADIO (KT71)",PAMALS,REC,EM REPARO,LEAP,543.0
2026-08-07,3040250248,452-0133,"BATTERY,NONRECHARGEABLE",BABR,REC,CONDENADO,VEE ONE,527.0
2026-08-07,3040250249,452-0133,"BATTERY,NONRECHARGEABLE",BAMN,REC,CONDENADO,VEE ONE,527.0
2026-08-07,3040250234,3034792,BOMBA DE COMBUSTÍVEL,PAMALS,REC,,BANT,527.0
2026-08-07,3040250816,453-5060,"BEACON,DISTRESS",BAMN,REC,,PAMA-LS,505.0
2026-08-07,3040250830,799-1,TRANSDUCER,BACO,REC,,BANT,505.0
2026-08-07,3040250829,51539-012N,CONTROL UNIT ASSY-GENERATOR,BAMN,OS concluída,,,
2026-08-07,3040250828,51539-012N,CONTROL UNIT ASSY-GENERATOR,BACG,REC,,BABR,505.0
2026-08-07,3040250827,51539-012N,CONTROL UNIT ASSY-GENERATOR,BANT,REC,,BABR,505.0
2026-08-07,3040250831,799-1,TRANSDUCER,BANT,REC,,BANT,505.0
2026-08-07,3040250833,9910586-4,FLAP ACTUATOR AND MOTOR ASSEMBLY,ALA 3,REC,,BAMN,505.0
2026-08-07,3040250834,9910586-4,FLAP ACTUATOR AND MOTOR ASSEMBLY,ALA 3,OS concluída,CONDENADO,,
2026-08-07,3040250832,9910338-4,FUEL TOTALIZER INDICATOR,EEAR,REC,,PAMA-LS,505.0
2026-08-07,3040250835,ASG12000-2,ALTERNATOR,ALA 5,REC,REPARADO,V1 PAMA-LS,505.0
2026-08-07,3040250841,C661030-0301,TURN BANK,PAMALS,REC,EM REPARO,LEAP,505.0
2026-08-07,3040250842,C662041-0102,INDICATOR FUEL,ALA 5,REC,,PAMA-LS,505.0
2026-08-07,3040250844,C662041-0102,INDICATOR FUEL,ALA 9,REC,,PAMA-LS,505.0
2026-08-07,3040250843,C662041-0102,INDICATOR FUEL,ALA 10,OS concluída,REPARADO,,
2026-08-07,3040250719,060-0017-00,FLIGHT DIR HOR,PAMALS,REC,,BANT,505.0
2026-08-07,3040250720,060-0017-00,FLIGHT DIR HOR,BABV,OS concluída,REPARADO,,
2026-08-07,3040250722,066-01141-5101,"RECEIVER-TRANSMITTER,RADIO (KT71)",ALA 9,REC,EM REPARO,WILLIAM,505.0
2026-08-07,3040250723,066-01141-5101,"RECEIVER-TRANSMITTER,RADIO (KT71)",CLA,REC,,BABR,505.0
2026-08-07,3040250721,060-0017-00,FLIGHT DIR HOR,BANT,OS concluída,REPARADO,,
2026-08-07,3040250725,066-3046-07,"CONTROL,INDICATOR",ALA 10,OS concluída,REPARADO,,
2026-08-07,3040250724,066-04035-1101,"DISPLAY UNIT,RADAR",PAMALS,REC,,BANT,505.0
2026-08-07,3040250732,069-1025-25,"RECEIVER-TRANSMITTER,RADIO - KX165",PAMALS,REC,EM REPARO,WILLIAM,505.0
2026-08-07,3040250782,2606012-1,INDICATOR-INTER-TURBINE TEMPERATURE,ALA 9,OS concluída,,,
2026-08-07,3040250775,161-11700,INNER WHEEL HALF ASSY,BABE,OS concluída,CONDENADO,,
2026-08-07,3040250773,161-11700,INNER WHEEL HALF ASSY,EEAR,REC,,BACG,505.0
2026-08-07,3040250718,030-18200,MAIN WHEEL BRAKE,BACO,OS concluída,REPARADO,,
2026-08-07,3040250716,030-18200,MAIN WHEEL BRAKE,BABV,REC,EM REPARO,LEAP,505.0
2026-08-07,3040250717,030-18200,MAIN WHEEL BRAKE,BACO,OS concluída,REPARADO,,
2026-08-07,3040250780,162-11800,WHEEL HALF ASSY-OUTER,PAMALS,OS concluída,,,
2026-08-07,3040250781,162-11800,WHEEL HALF ASSY-OUTER,BACG,OS concluída,,,
2026-08-07,3040250778,161-12800,WHEEL HALF ASSY-INNER,BACG,OS concluída,REPARADO,,
2026-08-07,3040250776,161-12800,WHEEL HALF ASSY-INNER,BABE,OS concluída,CONDENADO,,
2026-08-07,3040250790,2643031-7,"FORK ASSY,NOSE GEAR SPRING",BAMN,OS concluída,CONDENADO,,
2026-08-07,3040250791,2643090-1,SHIMMY DAMPENE,BANT,REC,EM REPARO,AV AERONAUTICA,505.0
2026-08-07,3040250792,2643090-1,SHIMMY DAMPENE,BAMN,REC,REPARADO,V1 PAMA-LS,505.0
2026-08-07,3040250789,2641012-14,TRUNNION ASSY-RH-MAIN GEAR,PAMASP,OS concluída,CONDENADO,,
2026-08-07,3040250793,2643099-4,"SUPPORT ASSY FOWARD, NLG SPRING",BAMN,OS concluída,CONDENADO,,
2026-08-07,3040250798,30994-001,BATTERY-MARATHON TSP410 NICAD,BANT,OS concluída,CONDENADO,AMA - VEE ONE,
2026-08-07,3040252191,C611008-0101,ALTERNATOR CONTROL UNIT,PAMALS,REC,,BABR,472.0
2026-08-07,3040252159,011-00916-00,DISPLAY UNIT GDU 1040A,BAMN,REC,,BAMN,472.0
2026-08-07,3040252161,065-0042-03,COMPUTER PA,ALA 10,REC,EM REPARO,WILLIAM,472.0
2026-08-07,3040252162,065-0042-03,COMPUTER PA,EEAR,REC,,BABE,472.0
2026-08-07,3040252164,065-0042-03,COMPUTER PA,EEAR,REC,EM REPARO,WILLIAM,472.0
2026-08-07,3040252165,065-0042-03,COMPUTER PA,PAMALS,OS concluída,,,
2026-08-07,3040252166,065-0059-01,SERVO PITCH,EEAR,REC,EM REPARO,WILLIAM,472.0
2026-08-07,3040252168,066-03064-0005,"ALTIMETER,SERVO CONTROLLED,AUTOMATIC PRESSURE",ALA 9,OS concluída,REPARADO,,
2026-08-07,3040252173,066-03064-0005,"ALTIMETER,SERVO CONTROLLED,AUTOMATIC PRESSURE",BANT,REC,EM REPARO,LEAP,472.0
2026-08-07,3040252172,066-03064-0005,"ALTIMETER,SERVO CONTROLLED,AUTOMATIC PRESSURE",PAMALS,REC,NO ESTADO,VEE ONE,472.0
2026-08-07,3040252170,066-03064-0005,"ALTIMETER,SERVO CONTROLLED,AUTOMATIC PRESSURE",ALA 7,REC,NO ESTADO,VEE ONE,472.0
2026-08-07,3040252178,066-1072-00,RECEIVER ADF (KING KR87),PAMALS,OS concluída,,,
2026-08-07,3040252182,066-1072-04,"RECEIVER,RADIO",ALA 9,OS concluída,REPARADO,,
2026-08-07,3040252181,066-1072-04,"RECEIVER,RADIO",PAMASP,REC,EM REPARO,WILLIAM,472.0
2026-08-07,3040252180,066-1072-04,"RECEIVER,RADIO",ALA 8,OS concluída,,,
2026-08-07,3040252185,066-1072-04,"RECEIVER,RADIO",BAMN,OS concluída,REPARADO,,
2026-08-07,3040252189,9910338-6,"TRANSMITTER,RATE OF FLOW",ALA 8,OS concluída,REPARADO,,
2026-08-07,3040252190,9910338-6,"TRANSMITTER,RATE OF FLOW",BABR,OS concluída,,,
2026-08-07,3040252160,011-01020-10,AFCS MODE CONTROLLER GMC 710,BAMN,OS concluída,,,
2026-08-07,3040252939,C163030-1001,MAIN W BRAKE A,BABV,REC,,BAMN,442.0
2026-08-07,3040252936,030-18200,MAIN WHEEL BRAKE,BACO,REC,,PAMA-LS,442.0
2026-08-07,3040252935,030-18200,MAIN WHEEL BRAKE,BAMN,OS concluída,CONDENADO,,
2026-08-07,3040252940,30-182,MAIN WHEEL BRAKE,BABV,OS concluída,CONDENADO,,
2026-08-07,3040252942,30-182,MAIN WHEEL BRAKE,BAMN,OS concluída,REPARADO,,
2026-08-07,3040252943,30-182,MAIN WHEEL BRAKE,BAMN,OS concluída,REPARADO,,
2026-08-07,3040253170,161-12800,WHEEL HALF ASSY-INNER,BASM,OS concluída,CONDENADO,,
2026-08-07,3040253168,161-12800,WHEEL HALF ASSY-INNER,BASM,REC,REPARADO,VEE ONE,438.0
2026-08-07,3040253172,161-12800,WHEEL HALF ASSY-INNER,PAMALS,REC,,PROCURANDO,438.0
2026-08-07,3040253174,161-12800,WHEEL HALF ASSY-INNER,PAMALS,OS concluída,CONDENADO,,
2026-08-07,3040253173,161-12800,WHEEL HALF ASSY-INNER,PAMALS,REC,EM REPARO,LEAP,438.0
2026-08-07,3040253176,162-10700,OUTER WHEEL HALF ASSY,BABE,OS concluída,CONDENADO,,
2026-08-07,3040253177,162-10700,OUTER WHEEL HALF ASSY,BABV,REC,REPARADO,VEE ONE,438.0
2026-08-07,3040253178,162-10700,OUTER WHEEL HALF ASSY,PAMALS,REC,,PROCURANDO,438.0
2026-08-07,3040253179,162-11800,WHEEL HALF ASSY-OUTER,CLA,OS concluída,CONDENADO,,
2026-08-07,3040253181,162-11800,WHEEL HALF ASSY-OUTER,PAMALS,OS concluída,REPARADO,,
2026-08-07,3040253180,162-11800,WHEEL HALF ASSY-OUTER,BASM,REC,,PROCURANDO,438.0
2026-08-07,3040253182,162-11800,WHEEL HALF ASSY-OUTER,PAMALS,REC,REPARADO,VEE ONE,438.0
2026-08-07,3040253536,2641012-14,TRUNNION ASSY-RH-MAIN GEAR,PAMALS,OS concluída,CONDENADO,,
2026-08-07,3040253529,066-03064-0005,"ALTIMETER,SERVO CONTROLLED,AUTOMATIC PRESSURE",DSM-MN,REC,DEVOLVIDO NO ESTADO,WILLIAM,428.0
2026-08-07,3040253528,066-03064-0005,"ALTIMETER,SERVO CONTROLLED,AUTOMATIC PRESSURE",BANT,OS concluída,REPARADO,,
2026-08-07,3040253532,799-1,TRANSDUCER,PAMALS,REC,,BANT,428.0
2026-08-07,3040253535,2643099-4,"SUPPORT ASSY FOWARD, NLG SPRING",BABE,REC,CONDENADO,VEE ONE,428.0
2026-08-07,3040253531,799-1,TRANSDUCER,BAMN,REC,,VEE ONE,428.0
2026-08-07,3040253530,799-1,TRANSDUCER,BAMN,REC,,BANT,428.0
2026-08-07,3040253526,30994-001,BATTERY-MARATHON TSP410 NICAD,PAMALS,OS concluída,CONDENADO,AMA - VEE ONE,
2026-08-07,3040253527,30994-001,BATTERY-MARATHON TSP410 NICAD,BAPV,OS concluída,CONDENADO,AMA - VEE ONE,
2026-08-07,3040254195,540-1407-4,"VALVE,BLEED,TURBINEENGINE",PAMALS,REC,,BANT,410.0
2026-08-07,3040254201,2643090-3,SHIMMY DAMPER-NOSE GEAR,PAMALS,REC,REPARADO,V1 PAMA-LS,410.0
2026-08-07,3040254203,SE1070-6,SHIMMY DAMPENER ASSY,BACGINAT,OS concluída,,,
2026-08-07,3040254205,C660501-0103,"COMPASS,SPEC",PAMALS,REC,REPARADO,V1 PAMA-LS,410.0
2026-08-07,3040254206,C660501-0103,"COMPASS,SPEC",ALA 8,REC,EM REPARO EM GARANTIA,WILLIAM,410.0
2026-08-07,3040254208,C660501-0103,"COMPASS,SPEC",BABV,REC,REPARADO,V1 PAMA-LS,410.0
2026-08-07,3040254210,799-1,TRANSDUCER,BANT,REC,,BANT,410.0
2026-08-07,3040254792,2606013-1RX,INDICATOR-PERCENT RPM,BABR,REC,,BANT,401.0
2026-08-07,3040254770,069-1025-25,"RECEIVER-TRANSMITTER,RADIO - KX165",ALA 9,REC,EM REPARO,WILLIAM,401.0
2026-08-07,3040254799,453-5000-710,EMERGENCY LOCATOR TRANSMITTER MODEL C406-2,PAMASP,OS concluída,,,
2026-08-07,3040254806,C352TS,"EXTINGUISHER,FIRE",PAMALS,REC,REPARADO,V1 PAMA-LS,401.0
2026-08-07,3040254805,C352TS,"EXTINGUISHER,FIRE",PAMALS,OS concluída,,,
2026-08-07,3040254810,C352TS,"EXTINGUISHER,FIRE",PAMALS,OS concluída,,,
2026-08-07,3040254809,C352TS,"EXTINGUISHER,FIRE",PAMAGL,OS concluída,,,
2026-08-07,3040254803,C352TS,"EXTINGUISHER,FIRE",2 ETA,REC,REPARADO,V1 PAMA-LS,401.0
2026-08-07,3040254808,C352TS,"EXTINGUISHER,FIRE",BABR,REC,REPARADO,V1 PAMA-LS,401.0
2026-08-07,3040254795,D145-00-46-2,FLAP ACTUATOR ASSY,BABE,REC,,PAMA-LS,401.0
2026-08-07,3040254793,D145-00-46-2,FLAP ACTUATOR ASSY,PAMALS,REC,,PAMA-LS,401.0
2026-08-07,3040254815,C482001-0402,VACUUM REGULAT,PAMALS,REC,CONDENADO,VEE ONE,401.0
2026-08-07,3040254816,C482001-0402,VACUUM REGULAT,PAMALS,REC,CONDENADO,VEE ONE,401.0
2026-08-07,3040254820,2641011-5,AXLE-MAIN GEAR,BAMN,OS concluída,REPARADO,,
2026-08-07,3040254817,2641011-5,AXLE-MAIN GEAR,BABE,OS concluída,NO ESTADO,,
2026-08-07,3040254818,2641011-5,AXLE-MAIN GEAR,BABE,OS concluída,,,
2026-08-07,3040254819,2641011-5,AXLE-MAIN GEAR,BANT,OS concluída,REPARADO,,
2026-08-07,3040254796,30994-001,BATTERY-MARATHON TSP410 NICAD,BAMN,OS concluída,REPARADO,,
2026-08-07,3040254789,452-0133,"BATTERY,NONRECHARGEABLE",BAMN,REC,CONDENADO,VEE ONE,401.0
2026-08-07,3040254788,452-0133,"BATTERY,NONRECHARGEABLE",BAMN,REC,CONDENADO,VEE ONE,401.0
2026-08-07,3040254787,452-0133,"BATTERY PACK,AIRCRAFT",DACTA II,REC,CONDENADO,VEE ONE,401.0
2026-08-07,3040254786,452-0133,"BATTERY PACK,AIRCRAFT",BAMN,REC,CONDENADO,VEE ONE,401.0
2026-08-07,3040254785,452-0133,"BATTERY,NONRECHARGEABLE",BAMN,REC,CONDENADO,VEE ONE,401.0
2026-08-07,3040254784,452-0133,"BATTERY,NONRECHARGEABLE",DACTA II,REC,CONDENADO,VEE ONE,401.0
2026-08-07,3040255326,011-00916-00,DISPLAY UNIT GDU 1040A,BAMN,REC,,BAMN,392.0
2026-08-07,3040255319,702801-5,FUEL PUMP,PAMASP,REC,EM REPARO,VEE ONE,392.0
2026-08-07,3040255321,8210-002,"GOVERNOR,CONSTANT SPEED DRIVE",PAMALS,OS concluída,,,
2026-08-07,3040255461,DAAS-A-010-1,ADAS-D PROCESSOR,PAMALS,REC,EM REPARO,VEE ONE,388.0
2026-08-07,3040255589,071-01519-0101,"RECEIVER-EXCITER,RADAR",BANT,REC,,PROCURANDO,386.0
2026-08-07,3040255590,071-01519-0101,"RECEIVER-EXCITER,RADAR",PAMALS,OS concluída,REPARADO,,
2026-08-07,3040255706,C661064-0237,AIRSPEED INDICATOR,BAMN,OS concluída,,,
2026-08-07,3040256114,5934PAD-3,"ALTIMETER,PRESSURE",PAMALS,REC,EM REPARO,VEE ONE,372.0
2026-08-07,3040256119,011-00878-10,GSA-81 TORQUE SERVO,BAPV,REC,EM REPARO,LEAP,372.0
2026-08-07,3040256112,011-00883-20,RADAR GWX 68 WEATHER,BABE,REC,,BAMN,372.0
2026-08-07,3040256115,5934PAD-3,"ALTIMETER,PRESSURE",PAMALS,OS concluída,REPARADO,,
2026-08-07,3040256118,011-00878-10,GSA-81 TORQUE SERVO,BAPV,REC,,BACO,372.0
2026-08-07,3040256120,011-00916-10,"DISPLAY UNIT,FLIGHT INFORMATION",BAMN,OS concluída,,,
2026-08-07,3040256314,066-4010-12,RECEIVER VOR/LOC (KNS81),EEAR,REC,EM REPARO,LEAP,359.0
2026-08-07,3040256311,3121248-03,"VALVE ASSEMBLY,COMPRESSOR BLEED",PAMALS,OS concluída,,,
2026-08-07,3040256704,C661064-0237,AIRSPEED INDICATOR,PAMALS,OS concluída,,,
2026-08-07,3040256707,D210507,"GOVERNOR,OVERSPEED",PAMALS,OS concluída,,,
2026-08-07,3040256708,D210507,"GOVERNOR,OVERSPEED",PAMALS,REC,REPARADO,VEE ONE,350.0
2026-08-07,3040256702,C661064-0237,AIRSPEED INDICATOR,BABR,OS concluída,,,
2026-08-07,3040256703,C661064-0237,AIRSPEED INDICATOR,PAMALS,OS concluída,REPARADO,,
2026-08-07,3040256662,030-18200,MAIN WHEEL BRAKE,BASM,OS concluída,,,
2026-08-07,3040256665,161-11700,INNER WHEEL HALF ASSY,BABV,OS concluída,,,
2026-08-07,3040256666,161-11700,INNER WHEEL HALF ASSY,PAMALS,OS concluída,,,
2026-08-07,3040256667,161-11700,INNER WHEEL HALF ASSY,PAMALS,OS concluída,,,
2026-08-07,3040256668,161-11700,INNER WHEEL HALF ASSY,PAMALS,OS concluída,CONDENADO,,
2026-08-07,3040256669,161-11700,INNER WHEEL HALF ASSY,PAMALS,OS concluída,,,
2026-08-07,3040256670,161-11700,INNER WHEEL HALF ASSY,PAMALS,OS concluída,CONDENADO,,
2026-08-07,3040256671,161-11700,INNER WHEEL HALF ASSY,PAMALS,REC,REPARADO,VEE ONE,350.0
2026-08-07,3040256698,030-18200,MAIN WHEEL BRAKE,PAMASP,REC,,PROCURANDO,350.0
2026-08-07,3040256713,030-18200,MAIN WHEEL BRAKE,ALA 3,REC,,BAMN,350.0
2026-08-07,3040256694,162-11800,WHEEL HALF ASSY-OUTER,BANT,OS concluída,REPARADO,,
2026-08-07,3040256696,162-11800,WHEEL HALF ASSY-OUTER,PAMALS,REC,,PAMA-LS,350.0
2026-08-07,3040256672,161-12800,WHEEL HALF ASSY-INNER,PAMALS,REC,REPARADO,VEE ONE,350.0
2026-08-07,3040256675,161-12800,WHEEL HALF ASSY-INNER,BANT,OS concluída,REPARADO,,
2026-08-07,3040256792,011-00877-00,"GSA-80 SERVO ROL,YAW,SPEC",BAMN,REC,,PROCURANDO,350.0
2026-08-07,3040256787,011-00877-00,"GSA-80 SERVO ROL,YAW,SPEC",PAMALS,REC,EM REPARO,VEE ONE,350.0
2026-08-07,3040256828,011-00883-20,RADAR GWX 68 WEATHER,PAMALS,REC,CONDENADO,V1 PAMA-LS,350.0
2026-08-07,3040256709,3121248-03,"VALVE ASSEMBLY,COMPRESSOR BLEED",PAMASP,REC,,BANT,347.0
2026-08-07,3040256673,161-12800,WHEEL HALF ASSY-INNER,PAMALS,REC,CONDENADO,VEE ONE,347.0
2026-08-07,3040257095,011-01105-01,INTEGRATED AVIONICS UNIT GIA63W,BABE,REC,EM REPARO,VEE ONE,343.0
2026-08-07,3040257096,011-01105-01,INTEGRATED AVIONICS UNIT GIA63W,BABE,REC,,BAMN,343.0
2026-08-07,3040257093,065-00183-0501,AUTOPILOT COMPUTER KFC225,BABE,REC,,BANT,343.0
2026-08-07,3040257094,065-00183-0501,AUTOPILOT COMPUTER KFC225,BABE,REC,,BANT,343.0
2026-08-07,3040257443,161-12800,WHEEL HALF ASSY-INNER,ALA 3,AUT,,NÃO TEVE MOVIMENTAÇÃO,331.0
2026-08-07,3040257442,C163030-1001,MAIN W BRAKE A,BAMN,OS concluída,REPARADO,VEE ONE,
2026-08-07,3040257452,3244809-8,"FUEL CONTROL,MAIN,TURBINE ENGINE",BAPV,OS concluída,REPARADO,,
2026-08-07,3040257454,EA-5172-45-CES,"INDICATOR,AIRSPEED",BACG,OS concluída,,,
2026-08-07,3040257453,EA-5172-45-CES,"INDICATOR,AIRSPEED",ALA 7,REC,DEVOLVIDO NO ESTADO,WILLIAM,324.0
2026-08-07,3040257451,3244809-7,"FUEL CONTROL,MAIN,TURBINE ENGINE",PAMASP,REC,,BANT,324.0
2026-08-07,3040257450,3244809-4,"FUEL CONTROL,MAIN,TURBINE ENGINE",PAMASP,OS concluída,EM REPARO,LEAP,
2026-08-07,3040257438,030-18200,MAIN WHEEL BRAKE,BAMN,REC,REPARADO,VEE ONE,324.0
2026-08-07,3040257444,162-10700,OUTER WHEEL HALF ASSY,PAMALS,OS concluída,CONDENADO,,
2026-08-07,3040257447,162-10700,OUTER WHEEL HALF ASSY,PAMALS,OS concluída,CONDENADO,,
2026-08-07,3040257436,30994-001,BATTERY-MARATHON TSP410 NICAD,PAMALS,OS concluída,CONDENADO,AMA - VEE ONE,
2026-08-07,3040257441,030-18200,MAIN WHEEL BRAKE,BAPV,REC,,BAMN,324.0
2026-08-07,3040257440,030-18200,MAIN WHEEL BRAKE,BANT,REC,CONDENADO,VEE ONE,324.0
2026-08-07,3040257439,030-18200,MAIN WHEEL BRAKE,BAMN,REC,,BAMN,324.0
2026-08-07,3040258306,D210507,"GOVERNOR,OVERSPEED",PAMALS,REC,EM REPARO,LEAP,304.0
2026-08-07,3040258310,D210507,"GOVERNOR,OVERSPEED",BACO,OS concluída,,,
2026-08-07,3040258309,D210507,"GOVERNOR,OVERSPEED",BAMN,REC,EM REPARO,LEAP,304.0
2026-08-07,3040258308,D210507,"GOVERNOR,OVERSPEED",BAMN,OS concluída,REPARADO,,
2026-08-07,3040258307,D210507,"GOVERNOR,OVERSPEED",ALA 5,OS concluída,,,
2026-08-07,3040258303,011-00877-00,"GSA-80 SERVO ROL,YAW,SPEC",DACTA II,REC,EM REPARO,VEE ONE,304.0
2026-08-07,3040258422,2601188-8,COMPRESSOR DRIVE ASSY R134A,PAMASP,REC,,PROCURANDO,302.0
2026-08-07,3040258419,011-00877-00,"GSA-80 SERVO ROL,YAW,SPEC",DACTA II,REC,EM REPARO,VEE ONE,302.0
2026-08-07,3040258420,011-00877-00,"GSA-80 SERVO ROL,YAW,SPEC",BACO,REC,EM REPARO,VEE ONE,302.0
2026-08-07,3040258421,011-00877-00,"GSA-80 SERVO ROL,YAW,SPEC",BABE,REC,,BACO,302.0
2026-08-07,3040258764,069-01034-0102,"NAVIGATION SET,SATELLITE SIGNALS KLN-94",PAMALS,REC,,BANT,295.0
2026-08-07,3040259152,066-01141-5101,"TRANSPONDER,RADAR",BABE,REC,,BANT,276.0
2026-08-07,3040259151,066-01141-5101,"TRANSPONDER,RADAR",BANT,REC,REPARADO,V1 PAMA-LS,276.0
2026-08-07,3040259251,064-1019-05,VHF TRANSCEIVE KY196,EEAR,REC,,EEAR,274.0
2026-08-07,3040259146,1U149-015-15,HORIZ. GYRO-STADBY,PAMALS,REC,EM REPARO,VEE ONE,273.0
2026-08-07,3040259147,162-10700,OUTER WHEEL HALF ASSY,BANT,REC,EM REPARO,AMA - VEE ONE,273.0
2026-08-07,3040259148,3049038-03,"VALVE,COMPRESSOR BLEED",BANT,OS concluída,,,
2026-08-07,3040259316,2606015-4,INDICATOR-OIL TEMP/OIL PRESS,BACG,REC,REPARADO,V1 PAMA-LS,270.0
2026-08-07,3040259564,C414007-0102,BLOWER ASSY,PAMALS,OS concluída,,,
2026-08-07,3040259568,C414007-0102,BLOWER ASSY,ALA 10,OS concluída,,,
2026-08-07,3040259570,C414007-0102,BLOWER ASSY,ALA 10,OS concluída,,,
2026-08-07,3040259694,025323-150,FUEL PUMP,PAMASP,REC,,BACO,262.0
2026-08-07,3040259922,C414007-0102,BLOWER ASSY,BANT,REC,REPARADO,V1 PAMA-LS,255.0
2026-08-07,3040259928,C414007-0102,BLOWER ASSY,PAMALS,REC,EM REPARO,VEE ONE,255.0
2026-08-07,3040259924,C414007-0102,BLOWER ASSY,BACG,REC,EM REPARO,VEE ONE,255.0
2026-08-07,3040259918,C414007-0102,BLOWER ASSY,ALA 10,REC,EM REPARO,VEE ONE,255.0
2026-08-07,3040259950,065-0060-01,"CONTROL,SERVO,AUTOMATIC PILOT",PAMALS,REC,EM REPARO,LEAP,255.0
2026-08-07,3040259949,065-0060-01,"CONTROL,SERVO,AUTOMATIC PILOT",PAMALS,REC,EM REPARO,LEAP,255.0
2026-08-07,3040259947,066-3046-07,"CONTROL,INDICATOR",EEAR,OS concluída,REPARADO,,
2026-08-07,3040259946,066-3046-07,"CONTROL,INDICATOR",BANT,REC,,BANT,255.0
2026-08-07,3040259944,066-3046-07,"CONTROL,INDICATOR",EEAR,REC,,PAMA-LS,255.0
2026-08-07,3040260209,011-00916-00,DISPLAY UNIT GDU 1040A,PAMALS,REC,,BAMN,241.0
2026-08-07,3040260208,324843-W020,HEADSET-MICROPHONE,PAMALS,REC,VAI SER DEVOLVIDO SEM REPARO,WILLIAM,241.0
2026-08-07,3040260204,324843-W020,HEADSET-MICROPHONE,PAMALS,OS concluída,REPARADO,,
2026-08-07,3040260205,324843-W020,HEADSET-MICROPHONE,PAMALS,OS concluída,REPARADO,,
2026-08-07,3040260388,SD5H14C4527,AIR COMPRESSOR,PAMALS,REC,EM REPARO,VEE ONE,234.0
2026-08-07,3040260382,065-00183-0501,AUTOPILOT COMPUTER KFC225,BANT,REC,,BANT,234.0
2026-08-07,3040260389,SD5H14C4527,AIR COMPRESSOR,PAMALS,REC,EM REPARO,VEE ONE,234.0
2026-08-07,3040260517,ASG12000-2,ALTERNATOR,PAMALS,OS concluída,,,
2026-08-07,3040260524,51539-012M,CONTROL UNIT ASSY-GENERATOR,BANT,REC,,BACG,231.0
2026-08-07,3040260516,ASG12000-2,ALTERNATOR,PAMALS,REC,REPARADO,V1 PAMA-LS,231.0
2026-08-07,3040260523,9910592-2,ALTERNADOR,BAMN,REC,REPARADO,V1 PAMA-LS,231.0
2026-08-07,3040260522,9910592-2,ALTERNADOR,BAMN,REC,REPARADO,V1 PAMA-LS,231.0
2026-08-07,3040260547,161-12800,WHEEL HALF ASSY-INNER,EPCAR,OS concluída,REPARADO,VEE ONE,
2026-08-07,3040260545,161-11700,INNER WHEEL HALF ASSY,BACG,REC,REPARADO,VEE ONE,213.0
2026-08-07,3040260544,161-11700,INNER WHEEL HALF ASSY,BANT,REC,REPARADO,VEE ONE,213.0
2026-08-07,3040260546,161-12800,WHEEL HALF ASSY-INNER,PAMALS,REC,REPARADO,VEE ONE,213.0
2026-08-07,3040260548,161-11700,INNER WHEEL HALF ASSY,CLA,REC,REPARADO,VEE ONE,213.0
2026-08-07,3040260549,162-10700,OUTER WHEEL HALF ASSY,BACG,REC,REPARADO,VEE ONE,213.0
2026-08-07,3040260550,162-10700,OUTER WHEEL HALF ASSY,CLA,REC,REPARADO,VEE ONE,213.0
2026-08-07,3040260551,162-11800,WHEEL HALF ASSY-OUTER,BANT,REC,REPARADO,VEE ONE,213.0
2026-08-07,3040260552,30994-001,BATTERY-MARATHON TSP410 NICAD,BABE,OS concluída,CONDENADO,AMA - VEE ONE,
2026-08-07,3040260543,324843-W020,HEADSET-MICROPHONE,PAMALS,REC,VAI SER DEVOLVIDO SEM REPARO,WILLIAM,213.0
2026-08-07,3040260542,324843-W020,HEADSET-MICROPHONE,PAMALS,REC,,BABE,213.0
2026-08-07,3040260541,324843-W020,HEADSET-MICROPHONE,PAMALS,OS concluída,REPARADO,,
2026-08-07,3040260540,324843-W020,HEADSET-MICROPHONE,PAMALS,OS concluída,REPARADO,,
2026-08-07,3040260538,324843-W020,HEADSET-MICROPHONE,PAMALS,REC,,BABE,213.0
2026-08-07,3040260539,324843-W020,HEADSET-MICROPHONE,PAMALS,REC,,BABE,213.0
2026-08-07,3040260595,9910586-4,FLAP ACTUATOR AND MOTOR ASSEMBLY,7 ETA,REC,,BAMN,213.0
2026-08-07,3040260597,9910586-4,FLAP ACTUATOR AND MOTOR ASSEMBLY,BAPV,REC,REPARADO,VEE ONE,213.0
2026-08-07,3040260583,3244897-4,FUEL CONTROL UNIT,PAMALS,OS concluída,,,
2026-08-07,3040260750,3122678-04,FUEL CONTROL UNIT,PAMASP,REC,,BANT,205.0
2026-08-07,3040260752,3244897-4,FUEL CONTROL UNIT,PAMASP,OS concluída,REPARADO,,
2026-08-07,3040260753,3244809-7,"FUEL CONTROL,MAIN,TURBINE ENGINE",PAMASP,OS concluída,REPARADO,,
2026-08-07,3040260754,3244809-1,"FUEL CONTROL,MAIN,TURBINE ENGINE",PAMASP,REC,EM QUARENTENA,LEAP,205.0
2026-08-07,3040254794,C145-350,"MOTOR,DIRECT CURRENT",PAMALS,OS concluída,,,
2026-08-07,3040260913,064-1054-30,RECEIVER-TRANSMITTER SUBASSEMBLY,EPCAR,REC,REPARADO,V1 PAMA-LS,193.0
2026-08-07,3040260915,064-1054-30,RECEIVER-TRANSMITTER SUBASSEMBLY,PAMALS,REC,REPARADO,V1 PAMA-LS,193.0
2026-08-07,3040260811,3034792,BOMBA DE COMBUSTÍVEL,BAPV,REC,,BABR,191.0
2026-08-07,3040260812,3034792,BOMBA DE COMBUSTÍVEL,BACG,OS concluída,,,
2026-08-07,3040260922,162-11800,WHEEL HALF ASSY-OUTER,PAMALS,OS concluída,,,
2026-08-07,3040260923,030-18200,MAIN WHEEL BRAKE,BACO,REC,REPARADO,VEE ONE,191.0
2026-08-07,3040261389,3034792,BOMBA DE COMBUSTÍVEL,PAMASP,REC,REPARADO,V1 PAMA-LS,178.0
2026-08-07,3040261388,3034792,BOMBA DE COMBUSTÍVEL,BABR,OS concluída,REPARADO,,
2026-08-07,3040261387,3034792,BOMBA DE COMBUSTÍVEL,BABR,OS concluída,REPARADO,,
2026-08-07,3040261371,TFF2905-13,FUEL FLOW TRANSDUCER,ALA 8,REC,EM REPARO,WILLIAM,178.0
2026-08-07,3040261375,C661065-0240RX,"INDICATOR, AIRSPEED",BACG,REC,EM REPARO,WILLIAM,178.0
2026-08-07,3040261373,C661065-0240,AIRSPEED INDICATOR,BABE,REC,REPARADO,V1 PAMA-LS,178.0
2026-08-07,3040261322,011-00831-00,"ENGINE INTERFA,SPEC",BAPV,REC,REPARADO,VEE ONE,178.0
2026-08-07,3040261326,011-00882-10,"COMPUTER,AIR DATA",BAMN,OS concluída,,,
2026-08-07,3040261324,011-00882-10,"COMPUTER,AIR DATA",BAMN,OS concluída,,,
2026-08-07,3040261327,064-1054-30,RECEIVER-TRANSMITTER SUBASSEMBLY,PAMASP,REC,REPARADO,V1 PAMA-LS,178.0
2026-08-07,3040261336,066-01141-0101,"RECEIVER,RADIO",BANT,REC,REPARADO,V1 PAMA-LS,178.0
2026-08-07,3040261334,065-0065-01,SELECTOR ALT,BANT,REC,EM REPARO,WILLIAM,178.0
2026-08-07,3040261331,065-0061-36,ACTUATOR TRIM (KS272A),PAMASP,REC,,BABR,178.0
2026-08-07,3040261329,065-0061-36,ACTUATOR TRIM (KS272A),ALA 10,OS concluída,REPARADO,,
2026-08-07,3040261335,065-0065-01,SELECTOR ALT,BANT,REC,EM REPARO,WILLIAM,178.0
2026-08-07,3040261342,066-3084-02,COLOR RADAR INDICATOR,BABV,REC,EM REPARO,WILLIAM,178.0
2026-08-07,3040261340,066-1053-00,"RECEIVER,RADIO",BASM,REC,REPARADO,V1 PAMA-LS,178.0
2026-08-07,3040261377,066-3054-01,INDICATOR RADAR ALTIMETER - TYPE KI250,PAMALS,REC,EM REPARO,WILLIAM,178.0
2026-08-07,3040261376,066-1061-03,RT RADAR ALTIM (KRA10A),PAMALS,REC,PARA REPARO,VEE ONE,178.0
2026-08-07,3040261352,1134380-4,EVAPORATOR MODULE ASSY-RH,BAMN,REC,CONDENADO,VEE ONE,178.0
2026-08-07,3040261347,071-1234-00,ANTENNA ACCESSORY,ALA 1,REC,EM REPARO,WILLIAM,178.0
2026-08-07,3040261344,066-4010-12,RECEIVER VOR/LOC (KNS81),ALA 10,REC,EM REPARO,WILLIAM,178.0
2026-08-07,3040261353,1H75-21,PRESSURE REGULATOR,BAMN,REC,,BAMN,178.0
2026-08-07,3040261357,2682001-1,BRAKE CYL MAST,BABE,OS concluída,REPARADO,,
2026-08-07,3040261356,2670104-2,ANNUNCIATOR PANEL,PAMALS,REC,REPARADO,VEE ONE,178.0
2026-08-07,3040261355,2643100-201,NOSE GEAR STRUT ASSY - TALL FORK,BABR,OS concluída,REPARADO,,
2026-08-07,3040261354,2643100-201,NOSE GEAR STRUT ASSY - TALL FORK,BANT,REC,EM REPARO,AV AERONAUTICA,178.0
2026-08-07,3040261364,8210-002-01,GOVERNOR PROPELLER,PAMASP,REC,REPARADO,VEE ONE,178.0
2026-08-07,3040261627,S3828-1,ALTIMETER,BAMN,REC,EM REPARO,WILLIAM,164.0
2026-08-07,3040261628,S3828-1,ALTIMETER,BABE,REC,REPARADO,V1 PAMA-LS,164.0
2026-08-07,3040261851,51539-012MRX,CONTROL UNIT ASSY-GENERATOR,BABE,REC,EM REPARO,VEE ONE,156.0
2026-08-07,3040261852,51539-012MRX,CONTROL UNIT ASSY-GENERATOR,BABE,REC,EM REPARO,VEE ONE,156.0
2026-08-07,3040261843,3034792,BOMBA DE COMBUSTÍVEL,PAMALS,REC,EM REPARO,VEE ONE,151.0
2026-08-07,3040262245,200SGL119Q-2,STARTER GENERATOR,BAMN,OS concluída,REPARADO,,
2026-08-07,3040262246,200SGL119Q-2,STARTER GENERATOR,BAMN,OS concluída,REPARADO,,
2026-08-07,3040262273,324843-W020,HEADSET-MICROPHONE,BABE,OS concluída,REPARADO,,
2026-08-07,3040262275,324843-W020,HEADSET-MICROPHONE,BANT,OS concluída,REPARADO,,
2026-08-07,3040262363,066-1055-00,AUDIO CONTROL PANEL,ALA 5,OS concluída,,,
2026-08-07,3040262367,066-1055-00,AUDIO CONTROL PANEL,ALA 9,REC,EM REPARO,WILLIAM,134.0
2026-08-07,3040262368,066-1055-00,AUDIO CONTROL PANEL,CLA,OS concluída,,,
2026-08-07,3040262372,51539-012M,CONTROL UNIT ASSY-GENERATOR,BANT,REC,,V1 PAMA-LS,134.0
2026-08-07,3040262371,51539-012N,CONTROL UNIT ASSY-GENERATOR,BANT,REC,REPARADO,V1 PAMA-LS,134.0
2026-08-07,3040262419,065-0061-36,ACTUATOR TRIM (KS272A),ALA 9,REC,EM REPARO,WILLIAM,129.0
2026-08-07,3040262734,C352,PORTABLE HALON FIRE EXTINGUISHERS,ALA 5,REC,EM REPARO,AV AERONAUTICA,116.0
2026-08-07,3040262738,C352TS,"EXTINGUISHER,FIRE",BANT,REC,,PROCURANDO,116.0
2026-08-07,3040262739,C352TS,"EXTINGUISHER,FIRE",BANT,REC,,PROCURANDO,116.0
2026-08-07,3040262740,C352TS,"EXTINGUISHER,FIRE",PAMALS,REC,,PROCURANDO,116.0
2026-08-07,3040262766,011-00883-20,RADAR GWX 68 WEATHER,BAMN,OS concluída,EM REPARO,VEE ONE,
2026-08-07,3040262765,011-00883-20,RADAR GWX 68 WEATHER,BAMN,REC,EM REPARO,VEE ONE,116.0
2026-08-07,3040262772,011-01020-10,AFCS MODE CONTROLLER GMC 710,BAMN,REC,EM REPARO,WILLIAM,116.0
2026-08-07,3040262770,011-01020-10,AFCS MODE CONTROLLER GMC 710,BAMN,REC,EM REPARO,WILLIAM,116.0
2026-08-07,3040262773,011-01020-10,AFCS MODE CONTROLLER GMC 710,BAMN,REC,EM REPARO,WILLIAM,116.0
2026-08-07,3040262746,066-1070-01,TRANSCEIVER DME (KN63),BABE,REC,EM REPARO,WILLIAM,116.0
2026-08-07,3040262745,064-1019-05,VHF TRANSCEIVE KY196,EEAR,REC,EM REPARO,VEE ONE,116.0
2026-08-07,3040262747,066-1072-00,RECEIVER ADF (KING KR87),ALA 7,REC,EM REPARO,WILLIAM,116.0
2026-08-07,3040262748,066-3046-07,"CONTROL,INDICATOR",BABR,REC,,BANT,116.0
2026-08-07,3040262769,066-3046-07,"CONTROL,INDICATOR",BABR,REC,,BANT,116.0
2026-08-07,3040262768,066-3046-07,"CONTROL,INDICATOR",EEAR,REC,EM REPARO,LEAP,116.0
2026-08-07,3040262767,066-3046-07,"CONTROL,INDICATOR",EEAR,REC,EM REPARO,LEAP,116.0
2026-08-07,3040262791,066-3060-00,IND RMI KNI582,BANT,REC,EM REPARO,LEAP,116.0
2026-08-07,3040262630,161-11700,INNER WHEEL HALF ASSY,BANT,REC,REPARADO,VEE ONE,116.0
2026-08-07,3040262792,066-3060-00,IND RMI KNI582,BANT,REC,EM REPARO,LEAP,116.0
2026-08-07,3040262634,162-10700,OUTER WHEEL HALF ASSY,BANT,REC,REPARADO,VEE ONE,116.0
2026-08-07,3040262632,161-12800,WHEEL HALF ASSY-INNER,BANT,OS concluída,REPARADO,VEE ONE,
2026-08-07,3040262633,161-12800,WHEEL HALF ASSY-INNER,BANT,REC,REPARADO,VEE ONE,116.0
2026-08-07,3040262635,162-11800,WHEEL HALF ASSY-OUTER,EPCAR,REC,REPARADO,VEE ONE,116.0
2026-08-07,3040262637,162-11800,WHEEL HALF ASSY-OUTER,BANT,REC,REPARADO,VEE ONE,116.0
2026-08-07,3040262636,162-11800,WHEEL HALF ASSY-OUTER,BANT,REC,REPARADO,VEE ONE,116.0
2026-08-07,3040262646,200SGL119Q,STARTER GENERATOR,PAMASP,OS concluída,,,
2026-08-07,3040262639,200SGL119Q,STARTER GENERATOR,PAMASP,OS concluída,,PAMA-LS,
2026-08-07,3040262638,200SGL119Q,STARTER GENERATOR,PAMALS,REC,EM REPARO,AV AERONAUTICA,116.0
2026-08-07,3040262757,2606015-2,IND OIL TEMP/P,PAMALS,REC,EM REPARO,VEE ONE,116.0
2026-08-07,3040262706,2641011-5,AXLE-MAIN GEAR,BAMN,REC,,BANT,116.0
2026-08-07,3040262707,2641011-5,AXLE-MAIN GEAR,BABV,REC,REPARADO,VEE ONE,116.0
2026-08-07,3040262717,2641011-5,AXLE-MAIN GEAR,BANT,REC,REPARADO,VEE ONE,116.0
2026-08-07,3040262714,2641011-5,AXLE-MAIN GEAR,BAPV,REC,,BANT,116.0
2026-08-07,3040262713,2641011-5,AXLE-MAIN GEAR,BAPV,REC,REPARADO,VEE ONE,116.0
2026-08-07,3040262712,2641011-5,AXLE-MAIN GEAR,BABR,REC,,BANT,116.0
2026-08-07,3040262711,2641011-5,AXLE-MAIN GEAR,BABR,REC,,BANT,116.0
2026-08-07,3040262709,2641011-5,AXLE-MAIN GEAR,PAMALS,REC,,BANT,116.0
2026-08-07,3040262708,2641011-5,AXLE-MAIN GEAR,PAMALS,REC,,BANT,116.0
2026-08-07,3040262744,3244809-1A,F.C.U,PAMALS,REC,EM REPARO,LEAP,116.0
2026-08-07,3040262758,9910338-4,FUEL TOTALIZER INDICATOR,PAMALS,REC,EM REPARO,VEE ONE,116.0
2026-08-07,3040262759,9910338-6,"TRANSMITTER,RATE OF FLOW",BAMN,REC,EM REPARO,WILLIAM,116.0
2026-08-07,3040262760,9910338-6,"TRANSMITTER,RATE OF FLOW",BANT,REC,EM REPARO,VEE ONE,116.0
2026-08-07,3040262966,2682001-1,BRAKE CYL MAST,BACO,OS concluída,,PAMA-LS,
2026-08-07,3040262967,2682001-1,BRAKE CYL MAST,PAMALS,REC,REPARADO,V1 PAMA-LS,114.0
2026-08-07,3040262968,2682001-1,BRAKE CYL MAST,BANT,OS concluída,,PAMA-LS,
2026-08-07,3040262969,2682001-1,BRAKE CYL MAST,BABE,REC,REPARADO,V1 PAMA-LS,114.0
2026-08-07,3040263069,453-5060,ELT C406-N,BABE,OS concluída,,,
2026-08-07,3040263283,D145-00-46-2,FLAP ACTUATOR ASSY,PAMALS,REC,EM REPARO,LEAP,99.0
2026-08-07,3040263284,D145-00-46-2,FLAP ACTUATOR ASSY,BAFL,REC,EM REPARO,LEAP,99.0
2026-08-07,3040263324,069-01033-0101,"RECEIVER-TRANSMITTER,RADIO",PAMALS,REC,EM REPARO,LEAP,99.0
2026-08-07,3040263287,C661065-0237,AIRSPEED INDICATOR,BABR,REC,REPARADO,VEE ONE,99.0
2026-08-07,3040263288,C661065-0237,AIRSPEED INDICATOR,PAMASP,REC,REPARADO,VEE ONE,99.0
2026-08-07,3040263314,060-0017-00,FLIGHT DIR HOR,EEAR,REC,EM REPARO,LEAP,99.0
2026-08-07,3040263319,066-1055-00,AUDIO CONTROL PANEL,BABE,REC,REPARADO,VEE ONE,99.0
2026-08-07,3040263317,060-0017-00,FLIGHT DIR HOR,PAMASP,REC,,BANT,99.0
2026-08-07,3040263316,060-0017-00,FLIGHT DIR HOR,BANT,REC,,BANT,99.0
2026-08-07,3040263320,066-1055-00,AUDIO CONTROL PANEL,PAMALS,REC,EM REPARO,AV AERONAUTICA,99.0
2026-08-07,3040263325,069-01033-0101,"RECEIVER-TRANSMITTER,RADIO",PAMALS,REC,,PROCURANDO,99.0
2026-08-07,3040263335,C611008-0101,ALTERNATOR CONTROL UNIT,PAMALS,REC,EM REPARO,AV AERONAUTICA,99.0
2026-08-07,3040263336,C611008-0101,ALTERNATOR CONTROL UNIT,PAMALS,REC,EM REPARO,AV AERONAUTICA,99.0
2026-08-07,3040263286,C661065-0237,AIRSPEED INDICATOR,BANT,REC,DEVOLVIDO NO ESTADO,WILLIAM,99.0
2026-08-07,3040263322,066-1055-00,AUDIO CONTROL PANEL,ALA 9,REC,EM REPARO,WILLIAM,99.0
2026-08-07,3040263326,069-01033-0101,"RECEIVER-TRANSMITTER,RADIO",PAMALS,REC,,BANT,99.0
2026-08-07,3040263315,060-0017-00,FLIGHT DIR HOR,BACG,OS concluída,,BABR,
2026-08-07,3040263334,011-00916-10,"DISPLAY UNIT,FLIGHT INFORMATION",BACO,REC,VAI SER DEVOLVIDO SEM REPARO,WILLIAM,99.0
2026-08-07,3040263333,011-00916-10,"DISPLAY UNIT,FLIGHT INFORMATION",BACO,REC,EM REPARO,WILLIAM,99.0
2026-08-07,3040263332,011-00916-10,"DISPLAY UNIT,FLIGHT INFORMATION",BAMN,OS concluída,EM REPARO,WILLIAM,
2026-08-07,3040263331,C661064-0237,AIRSPEED INDICATOR,PAMALS,REC,VAI SER DEVOLVIDO SEM REPARO,WILLIAM,99.0
2026-08-07,3040263329,C661064-0237,AIRSPEED INDICATOR,PAMALS,REC,EM REPARO,WILLIAM,99.0
2026-08-07,3040263328,C661064-0237,AIRSPEED INDICATOR,BABR,REC,EM REPARO,WILLIAM,99.0
2026-08-07,3040263327,C661064-0237,AIRSPEED INDICATOR,BABR,REC,EM REPARO,WILLIAM,99.0
2026-08-07,3040263330,C661064-0237,AIRSPEED INDICATOR,PAMALS,REC,EM REPARO,WILLIAM,99.0
2026-08-07,3040263338,C611008-0101,ALTERNATOR CONTROL UNIT,PAMALS,REC,REPARADO,V1 PAMA-LS,99.0
2026-08-07,3040263433,066-03064-0005,"ALTIMETER,SERVO CONTROLLED,AUTOMATIC PRESSURE",BACG,REC,EM REPARO,WILLIAM,93.0
2026-08-07,3040263435,066-03064-0005,"ALTIMETER,SERVO CONTROLLED,AUTOMATIC PRESSURE",BANT,REC,EM REPARO,WILLIAM,93.0
2026-08-07,3040263434,066-03064-0005,"ALTIMETER,SERVO CONTROLLED,AUTOMATIC PRESSURE",PAMASP,REC,VAI SER DEVOLVIDO SEM REPARO,WILLIAM,93.0
2026-08-07,3040263417,069-01033-0101,"RECEIVER-TRANSMITTER,RADIO",PAMALS,REC,EM REPARO,WILLIAM,93.0
2026-08-07,3040263416,069-01033-0101,"RECEIVER-TRANSMITTER,RADIO",BASM,REC,EM REPARO,WILLIAM,93.0
2026-08-07,3040263415,069-01033-0101,"RECEIVER-TRANSMITTER,RADIO",BABR,REC,,BANT,93.0
2026-08-07,3040263447,066-3046-07,"CONTROL,INDICATOR",CLA,REC,,BABR,93.0
2026-08-07,3040263443,3244897-4,FUEL CONTROL UNIT,PAMALS,REC,EM REPARO,LEAP,92.0
2026-08-07,3040263444,3244897-4,FUEL CONTROL UNIT,PAMALS,REC,EM REPARO,LEAP,92.0
2026-08-07,3040263577,060-0015-00,"CONTROL,DIRECTIONAL,AUTOMATIC PILOT",ALA 5,REC,EM REPARO,WILLIAM,87.0
2026-08-07,3040263574,066-1072-04,"RECEIVER,RADIO",BABE,REC,EM REPARO,WILLIAM,87.0
2026-08-07,3040263576,066-1072-04,"RECEIVER,RADIO",BAMN,OS concluída,DEVOLVIDO NO ESTADO,WILLIAM,
2026-08-07,3040263575,066-1072-04,"RECEIVER,RADIO",BABE,REC,EM REPARO,WILLIAM,87.0
2026-08-07,3040263573,066-3084-32,IND RDR 2000 IN-182A,PAMALS,REC,,BABR,87.0
2026-08-07,3040263571,066-3084-32,IND RDR 2000 IN-182A,PAMALS,REC,EM REPARO,WILLIAM,87.0
2026-08-07,3040263572,066-3084-32,IND RDR 2000 IN-182A,PAMALS,REC,EM REPARO,WILLIAM,87.0
2026-08-07,3040263448,2618510-10,ALTERNATOR CONTROL UNIT ASSY,BABE,REC,EM REPARO,WILLIAM,87.0
2026-08-07,3040263449,2618510-10,ALTERNATOR CONTROL UNIT ASSY,PAMALS,REC,EM REPARO,WILLIAM,87.0
2026-08-07,3040263877,2641011-5,AXLE-MAIN GEAR,CLA,REC,EM REPARO,LEAP,77.0
2026-08-07,3040263878,2641011-5,AXLE-MAIN GEAR,CLA,REC,EM REPARO,LEAP,77.0
2026-08-07,3040264243,069-01033-0101,"RECEIVER-TRANSMITTER,RADIO",PAMALS,REC,EM REPARO,WILLIAM,70.0
2026-08-07,3040264244,069-01033-0101,"RECEIVER-TRANSMITTER,RADIO",PAMASP,REC,EM REPARO,WILLIAM,70.0
2026-08-07,3040264246,060-0017-00,FLIGHT DIR HOR,PAMALS,REC,EM REPARO,WILLIAM,70.0
2026-08-07,3040264237,200SGL119Q-2,STARTER GENERATOR,BAMN,REC,EM REPARO,AV AERONAUTICA,70.0
2026-08-07,3040264236,200SGL119Q-2,STARTER GENERATOR,BABE,REC,,BABE,70.0
2026-08-07,3040264121,3244897-4,FUEL CONTROL UNIT,BABE,OS concluída,EM REPARO,LEAP,
2026-08-07,3040264263,9910338-8,"INDICATOR,FUEL FLOW",PAMALS,OS concluída,,BABR,
2026-08-07,3040264262,9910338-8,"INDICATOR,FUEL FLOW",BABV,REC,EM REPARO,WILLIAM,70.0
2026-08-07,3040264242,324843-2020,HEADSET-MICROPHONE,BABE,REC,EM REPARO,WILLIAM,70.0
2026-08-07,3040264264,324843-2020,HEADSET-MICROPHONE,DACTA II,REC,EM REPARO,WILLIAM,70.0
2026-08-07,3040264238,324843-2020,HEADSET-MICROPHONE,DACTA II,REC,EM REPARO,WILLIAM,70.0
2026-08-07,3040264241,324843-2020,HEADSET-MICROPHONE,DACTA II,REC,EM REPARO,WILLIAM,70.0
2026-08-07,3040264240,324843-2020,HEADSET-MICROPHONE,DACTA II,REC,EM REPARO,WILLIAM,70.0
2026-08-07,3040264122,3244809-8,"FUEL CONTROL,MAIN,TURBINE ENGINE",BABE,OS concluída,,BABR,
2026-08-07,3040263797,066-3046-07,"CONTROL,INDICATOR",BABE,REC,EM REPARO,WILLIAM,70.0
2026-08-07,3040263798,066-3046-07,"CONTROL,INDICATOR",PAMASP,REC,EM REPARO,WILLIAM,70.0
2026-08-07,3040263799,066-3046-07,"CONTROL,INDICATOR",PAMASP,REC,EM REPARO,WILLIAM,70.0
2026-08-07,3040263795,071-01519-0101,"RECEIVER-EXCITER,RADAR",PAMALS,REC,,PROCURANDO,70.0
2026-08-07,3040263796,071-01519-0101,"RECEIVER-EXCITER,RADAR",PAMALS,REC,,PROCURANDO,70.0
2026-08-07,3040264579,060-0017-00,FLIGHT DIR HOR,BABR,OS concluída,,,
2026-08-07,3040264577,060-0017-00,FLIGHT DIR HOR,PAMALS,REC,,,58.0
2026-08-07,3040264573,060-0017-00,FLIGHT DIR HOR,BANT,REC,,,58.0
2026-08-07,3040264574,060-0017-00,FLIGHT DIR HOR,BANT,REC,,,58.0
2026-08-07,3040264576,060-0017-00,FLIGHT DIR HOR,PAMALS,REC,,,58.0
2026-08-07,3040264572,060-0017-00,FLIGHT DIR HOR,PAMASP,REC,,,58.0
2026-08-07,3040264647,1H75-21,PRESSURE REGULATOR,BAMN,REC,,,53.0
2026-08-07,3040264646,1H75-21,PRESSURE REGULATOR,PAMASP,REC,,,53.0
2026-08-07,3040264645,1H75-21,PRESSURE REGULATOR,PAMASP,REC,,,53.0
2026-08-07,3040264643,1H75-21,PRESSURE REGULATOR,PAMASP,REC,,,53.0
2026-08-07,3040264707,3244809-7,"FUEL CONTROL,MAIN,TURBINE ENGINE",BABE,REC,,,53.0
2026-08-07,3040264709,540-1407-4,"VALVE,BLEED,TURBINEENGINE",PAMASP,REC,,,53.0
2026-08-07,3040264710,200SGL153Q,"STARTER-GENERATOR,ENGINE,AIRCRAFT",CLA,REC,,,53.0
2026-08-07,3040264711,200SGL153Q,"STARTER-GENERATOR,ENGINE,AIRCRAFT",PAMASP,REC,,,53.0
2026-08-07,3040264712,200SGL153Q,"STARTER-GENERATOR,ENGINE,AIRCRAFT",BACG,REC,,,53.0
2026-08-07,3040264718,9910338-8,"INDICATOR,FUEL FLOW",PAMALS,REC,,,53.0
2026-08-07,3040264719,S3326-2,"INDICATOR,HORIZONTAL SITUATION",ALA 8,REC,,,53.0
2026-08-07,3040264720,S3326-2,"INDICATOR,HORIZONTAL SITUATION",PAMALS,REC,,,53.0
2026-08-07,3040264721,S3326-2,"INDICATOR,HORIZONTAL SITUATION",PAMASP,REC,,,53.0
2026-08-07,3040264724,2606013-1AM,INDICADOR PERCENTUAL RPM,BABV,REC,,,53.0
2026-08-07,3040264725,2606013-1AM,INDICADOR PERCENTUAL RPM,BABR,REC,,,53.0
2026-08-07,3040264726,2606015-4,INDICATOR-OIL TEMP/OIL PRESS,BANT,REC,,,53.0
2026-08-07,3040264727,C661051-0201,GYRO HORIZON,ALA 10,REC,,,53.0
2026-08-07,3040264728,504-0111-906,GYRO HORIZON,PAMALS,REC,,,53.0
2026-08-07,3040264729,504-0111-906,GYRO HORIZON,BACG,REC,,,53.0
2026-08-07,3040264730,8210-003,"GOVERNOR,FUEL CONTROL",PAMASP,REC,,,53.0
2026-08-07,3040264731,8210-002,"GOVERNOR,CONSTANT SPEED DRIVE",PAMASP,REC,,,53.0
2026-08-07,3040264732,8210-002,"GOVERNOR,CONSTANT SPEED DRIVE",BAMN,REC,,,53.0
2026-08-07,3040264733,030-18200,MAIN WHEEL BRAKE,BAMN,REC,,,53.0
2026-08-07,3040264734,030-18200,MAIN WHEEL BRAKE,BAMN,REC,,,53.0
2026-08-07,3040264735,161-11700,INNER WHEEL HALF ASSY,PAMALS,REC,,,53.0
2026-08-07,3040264736,161-12800,WHEEL HALF ASSY-INNER,BABR,REC,,,53.0
2026-08-07,3040264737,161-12800,WHEEL HALF ASSY-INNER,PAMALS,AUT,,,53.0
2026-08-07,3040264738,162-10700,OUTER WHEEL HALF ASSY,BACO,AUT,,,53.0
2026-08-07,3040264807,011-01105-01,INTEGRATED AVIONICS UNIT GIA63W,ALA 8,REC,,,45.0
2026-08-07,3040264808,011-01105-01,INTEGRATED AVIONICS UNIT GIA63W,BAMN,REC,,,45.0
2026-08-07,3040264907,011-00916-10,"DISPLAY UNIT,FLIGHT INFORMATION",BAMN,REC,,,38.0
2026-08-07,3040264908,011-00916-10,"DISPLAY UNIT,FLIGHT INFORMATION",BABV,REC,,,38.0
2026-08-07,3040264974,3244809-8,"FUEL CONTROL,MAIN,TURBINE ENGINE",BAMN,REC,,,36.0
2026-08-07,3040264961,3244897-4,FUEL CONTROL UNIT,CLA,REC,,,36.0
2026-08-07,3040264960,3034792,BOMBA DE COMBUSTÍVEL,CLA,REC,,,36.0
2026-08-07,3040265144,011-01020-10,AFCS MODE CONTROLLER GMC 710,BABE,REC,,,30.0
2026-08-07,3040265140,011-01020-10,AFCS MODE CONTROLLER GMC 710,BABE,REC,,,30.0
2026-08-07,3040265482,066-3084-32,IND RDR 2000 IN-182A,BABR,REC,,,15.0
2026-08-07,3040265484,066-3084-32,IND RDR 2000 IN-182A,BANT,REC,,,15.0
2026-08-07,3040265485,066-3084-32,IND RDR 2000 IN-182A,BABR,REC,,,15.0
2026-08-07,3040265526,ASG12000-2,ALTERNATOR,PAMALS,REC,,,11.0
2026-08-07,3040265525,ASG12000-2,ALTERNATOR,BABR,REC,,,11.0
2026-08-07,3040265527,9910592-2,ALTERNADOR,BABR,REC,,,11.0
2026-08-07,3040265533,3122678-04,FUEL CONTROL UNIT,BABR,REC,,,11.0
2026-08-07,3040265532,C611505-0201,ALTERNATOR,BANT,REC,,,11.0
2026-08-07,3040265530,C611505-0201,ALTERNATOR,BABV,REC,,,11.0
2026-08-07,3040265528,9910592-2,ALTERNADOR,BABR,REC,,,11.0
2026-08-07,3040265724,3244897-4,FUEL CONTROL UNIT,CLA,REC,,,10.0
2026-08-07,3040265474,C611008-0101,ALTERNATOR CONTROL UNIT,PAMALS,REC,,,8.0
2026-08-07,3040265475,C611008-0101,ALTERNATOR CONTROL UNIT,BABV,REC,,,8.0
2026-08-07,3040265476,C611008-0101,ALTERNATOR CONTROL UNIT,PAMALS,REC,,,8.0
2026-08-07,3040265477,C611008-0101,ALTERNATOR CONTROL UNIT,PAMALS,REC,,,8.0
2026-08-07,3040265576,011-00916-10,"DISPLAY UNIT,FLIGHT INFORMATION",BAMN,REC,,,7.0
2026-08-07,3040265580,011-00916-00,DISPLAY UNIT GDU 1040A,PAMALS,AUT,,,11.0
2026-08-07,3040265581,011-00916-00,DISPLAY UNIT GDU 1040A,PAMALS,AUT,,,11.0
2026-08-07,3040265589,EA-5175-52-CES,INDICATOR TRUE,BABV,AUT,,,11.0
2026-08-07,3040265590,EA-5175-52-CES,INDICATOR TRUE,BASM,AUT,,,11.0
2026-08-07,3040265591,EA-5175-52-CES,INDICATOR TRUE,BABV,AUT,,,11.0
2026-08-07,3040265592,EA-5175-52-CES,INDICATOR TRUE,BABV,AUT,,,11.0
2026-08-07,3040265668,9910592-2,ALTERNADOR,PAMALS,AUT,,,11.0
2026-08-07,3040265678,9910592-2,ALTERNADOR,BAMN,AUT,,,11.0
2026-08-07,3040265679,C611505-0201,ALTERNATOR,PAMALS,AUT,,,11.0
2026-08-07,3040265680,C611505-0201,ALTERNATOR,ALA 8,AUT,,,11.0
2026-08-07,3040265726,071-01519-0101,"RECEIVER-EXCITER,RADAR",PAMALS,AUT,,,10.0
2026-08-07,3040265727,071-01519-0101,"RECEIVER-EXCITER,RADAR",CLA,AUT,,,10.0
2026-08-07,3040265728,C163030-1001,MAIN W BRAKE A,BAMN,AUT,,,10.0
2026-08-07,3040265731,066-3046-07,"CONTROL,INDICATOR",BABR,AUT,,,10.0
2026-08-07,3040265732,066-3046-07,"CONTROL,INDICATOR",BANT,AUT,,,10.0
2026-08-07,3040265734,066-3046-07,"CONTROL,INDICATOR",EEAR,AUT,,,10.0
2026-08-07,3040265735,066-3046-07,"CONTROL,INDICATOR",CLA,AUT,,,10.0
2026-08-07,3040265736,C611008-0101,ALTERNATOR CONTROL UNIT,BABV,AUT,,,10.0
2026-08-07,3040265737,C611008-0101,ALTERNATOR CONTROL UNIT,EEAR,AUT,,,10.0
2026-08-07,3040265738,C611008-0101,ALTERNATOR CONTROL UNIT,PAMALS,AUT,,,10.0
2026-08-07,3040265739,C611008-0101,ALTERNATOR CONTROL UNIT,BANT,AUT,,,10.0
2026-08-07,3040265740,C611008-0101,ALTERNATOR CONTROL UNIT,BABE,AUT,,,10.0
2026-08-07,3040265741,C611008-0101,ALTERNATOR CONTROL UNIT,BABR,AUT,,,10.0
2026-08-07,3040265742,066-1072-04,"RECEIVER,RADIO",BACG,AUT,,,10.0
2026-08-07,3040265743,066-1072-04,"RECEIVER,RADIO",BAMN,AUT,,,10.0
2026-08-07,3040265744,066-1072-04,"RECEIVER,RADIO",PAMALS,AUT,,,10.0
2026-08-07,3040265745,066-3084-32,IND RDR 2000 IN-182A,PAMALS,AUT,,,10.0
2026-08-07,3040265746,066-3084-32,IND RDR 2000 IN-182A,PAMALS,AUT,,,10.0
2026-08-07,3040265747,30994-001,BATTERY-MARATHON TSP410 NICAD,PAMALS,AUT,,,10.0
2026-08-07,3040265748,30994-001,BATTERY-MARATHON TSP410 NICAD,PAMALS,AUT,,,10.0
2026-08-07,3040265749,30994-001,BATTERY-MARATHON TSP410 NICAD,PAMALS,AUT,,,10.0
2026-08-07,3040265750,30994-001,BATTERY-MARATHON TSP410 NICAD,PAMALS,AUT,,,10.0
2026-08-07,3040265751,30994-001,BATTERY-MARATHON TSP410 NICAD,PAMALS,AUT,,,10.0
2026-08-07,3040265752,2641011-5,AXLE-MAIN GEAR,BAMN,AUT,,,10.0
2026-08-07,3040265753,2641011-5,AXLE-MAIN GEAR,BAMN,AUT,,,10.0
2026-08-07,3040265754,161-11700,INNER WHEEL HALF ASSY,BACO,AUT,,,10.0
2026-08-07,3040265755,161-12800,WHEEL HALF ASSY-INNER,BABE,AUT,,,10.0
2026-08-07,3040265757,066-01141-0101,"RECEIVER,RADIO",PAMALS,AUT,,,10.0
2026-08-07,3040265758,066-01141-0101,"RECEIVER,RADIO",PAMALS,AUT,,,10.0
2026-08-07,3040265759,C660501-0103,"COMPASS,SPEC",DACTA II,AUT,,,10.0
2026-08-07,3040265769,023694-000,BATTERY NICKEL CADMIUM,BAPV,AUT,,,9.0
2026-08-07,3040265771,2651023-23,ENGINE MOUNT ASSEMBLY,PAMALS,AUT,,,9.0
2026-08-07,3040265772,2651023-23,ENGINE MOUNT ASSEMBLY,PAMALS,AUT,,,9.0
2026-08-07,3040265892,324843-0020,HEADSET-MICROPHONE,PAMALS,AUT,,,4.0
2026-08-07,3040265893,324843-0020,HEADSET-MICROPHONE,PAMALS,AUT,,,4.0
2026-08-07,3040265894,324843-0020,HEADSET-MICROPHONE,PAMALS,AUT,,,4.0
2026-08-07,3040265895,324843-0020,HEADSET-MICROPHONE,PAMALS,AUT,,,4.0
2026-08-10,3040249831,066-01141-5101,"RECEIVER-TRANSMITTER,RADIO (KT71)",PAMALS,REC,EM REPARO,LEAP,546.0
2026-08-10,3040250248,452-0133,"BATTERY,NONRECHARGEABLE",BABR,REC,CONDENADO,VEE ONE,530.0
2026-08-10,3040250249,452-0133,"BATTERY,NONRECHARGEABLE",BAMN,REC,CONDENADO,VEE ONE,530.0
2026-08-10,3040250234,3034792,BOMBA DE COMBUSTÍVEL,PAMALS,REC,,BANT,530.0
2026-08-10,3040250816,453-5060,"BEACON,DISTRESS",BAMN,REC,,PAMA-LS,508.0
2026-08-10,3040250830,799-1,TRANSDUCER,BACO,REC,,BANT,508.0
2026-08-10,3040250829,51539-012N,CONTROL UNIT ASSY-GENERATOR,BAMN,OS concluída,,,
2026-08-10,3040250828,51539-012N,CONTROL UNIT ASSY-GENERATOR,BACG,REC,,BABR,508.0
2026-08-10,3040250827,51539-012N,CONTROL UNIT ASSY-GENERATOR,BANT,REC,,BABR,508.0
2026-08-10,3040250831,799-1,TRANSDUCER,BANT,REC,,BANT,508.0
2026-08-10,3040250833,9910586-4,FLAP ACTUATOR AND MOTOR ASSEMBLY,ALA 3,REC,,BAMN,508.0
2026-08-10,3040250834,9910586-4,FLAP ACTUATOR AND MOTOR ASSEMBLY,ALA 3,OS concluída,CONDENADO,,
2026-08-10,3040250832,9910338-4,FUEL TOTALIZER INDICATOR,EEAR,REC,,PAMA-LS,508.0
2026-08-10,3040250835,ASG12000-2,ALTERNATOR,ALA 5,REC,REPARADO,V1 PAMA-LS,508.0
2026-08-10,3040250841,C661030-0301,TURN BANK,PAMALS,REC,EM REPARO,LEAP,508.0
2026-08-10,3040250842,C662041-0102,INDICATOR FUEL,ALA 5,REC,,PAMA-LS,508.0
2026-08-10,3040250844,C662041-0102,INDICATOR FUEL,ALA 9,REC,,PAMA-LS,508.0
2026-08-10,3040250843,C662041-0102,INDICATOR FUEL,ALA 10,OS concluída,REPARADO,,
2026-08-10,3040250719,060-0017-00,FLIGHT DIR HOR,PAMALS,REC,,BANT,508.0
2026-08-10,3040250720,060-0017-00,FLIGHT DIR HOR,BABV,OS concluída,REPARADO,,
2026-08-10,3040250722,066-01141-5101,"RECEIVER-TRANSMITTER,RADIO (KT71)",ALA 9,REC,EM REPARO,WILLIAM,508.0
2026-08-10,3040250723,066-01141-5101,"RECEIVER-TRANSMITTER,RADIO (KT71)",CLA,REC,,BABR,508.0
2026-08-10,3040250721,060-0017-00,FLIGHT DIR HOR,BANT,OS concluída,REPARADO,,
2026-08-10,3040250725,066-3046-07,"CONTROL,INDICATOR",ALA 10,OS concluída,REPARADO,,
2026-08-10,3040250724,066-04035-1101,"DISPLAY UNIT,RADAR",PAMALS,REC,,BANT,508.0
2026-08-10,3040250732,069-1025-25,"RECEIVER-TRANSMITTER,RADIO - KX165",PAMALS,REC,EM REPARO,WILLIAM,508.0
2026-08-10,3040250782,2606012-1,INDICATOR-INTER-TURBINE TEMPERATURE,ALA 9,OS concluída,,,
2026-08-10,3040250775,161-11700,INNER WHEEL HALF ASSY,BABE,OS concluída,CONDENADO,,
2026-08-10,3040250773,161-11700,INNER WHEEL HALF ASSY,EEAR,REC,,BACG,508.0
2026-08-10,3040250718,030-18200,MAIN WHEEL BRAKE,BACO,OS concluída,REPARADO,,
2026-08-10,3040250716,030-18200,MAIN WHEEL BRAKE,BABV,REC,EM REPARO,LEAP,508.0
2026-08-10,3040250717,030-18200,MAIN WHEEL BRAKE,BACO,OS concluída,REPARADO,,
2026-08-10,3040250780,162-11800,WHEEL HALF ASSY-OUTER,PAMALS,OS concluída,,,
2026-08-10,3040250781,162-11800,WHEEL HALF ASSY-OUTER,BACG,OS concluída,,,
2026-08-10,3040250778,161-12800,WHEEL HALF ASSY-INNER,BACG,OS concluída,REPARADO,,
2026-08-10,3040250776,161-12800,WHEEL HALF ASSY-INNER,BABE,OS concluída,CONDENADO,,
2026-08-10,3040250790,2643031-7,"FORK ASSY,NOSE GEAR SPRING",BAMN,OS concluída,CONDENADO,,
2026-08-10,3040250791,2643090-1,SHIMMY DAMPENE,BANT,REC,EM REPARO,AV AERONAUTICA,508.0
2026-08-10,3040250792,2643090-1,SHIMMY DAMPENE,BAMN,REC,REPARADO,V1 PAMA-LS,508.0
2026-08-10,3040250789,2641012-14,TRUNNION ASSY-RH-MAIN GEAR,PAMASP,OS concluída,CONDENADO,,
2026-08-10,3040250793,2643099-4,"SUPPORT ASSY FOWARD, NLG SPRING",BAMN,OS concluída,CONDENADO,,
2026-08-10,3040250798,30994-001,BATTERY-MARATHON TSP410 NICAD,BANT,OS concluída,CONDENADO,AMA - VEE ONE,
2026-08-10,3040252191,C611008-0101,ALTERNATOR CONTROL UNIT,PAMALS,REC,,BABR,475.0
2026-08-10,3040252159,011-00916-00,DISPLAY UNIT GDU 1040A,BAMN,REC,,BAMN,475.0
2026-08-10,3040252161,065-0042-03,COMPUTER PA,ALA 10,REC,EM REPARO,WILLIAM,475.0
2026-08-10,3040252162,065-0042-03,COMPUTER PA,EEAR,REC,,BABE,475.0
2026-08-10,3040252164,065-0042-03,COMPUTER PA,EEAR,REC,EM REPARO,WILLIAM,475.0
2026-08-10,3040252165,065-0042-03,COMPUTER PA,PAMALS,OS concluída,,,
2026-08-10,3040252166,065-0059-01,SERVO PITCH,EEAR,REC,EM REPARO,WILLIAM,475.0
2026-08-10,3040252168,066-03064-0005,"ALTIMETER,SERVO CONTROLLED,AUTOMATIC PRESSURE",ALA 9,OS concluída,REPARADO,,
2026-08-10,3040252173,066-03064-0005,"ALTIMETER,SERVO CONTROLLED,AUTOMATIC PRESSURE",BANT,REC,EM REPARO,LEAP,475.0
2026-08-10,3040252172,066-03064-0005,"ALTIMETER,SERVO CONTROLLED,AUTOMATIC PRESSURE",PAMALS,REC,NO ESTADO,VEE ONE,475.0
2026-08-10,3040252170,066-03064-0005,"ALTIMETER,SERVO CONTROLLED,AUTOMATIC PRESSURE",ALA 7,REC,NO ESTADO,VEE ONE,475.0
2026-08-10,3040252178,066-1072-00,RECEIVER ADF (KING KR87),PAMALS,OS concluída,,,
2026-08-10,3040252182,066-1072-04,"RECEIVER,RADIO",ALA 9,OS concluída,REPARADO,,
2026-08-10,3040252181,066-1072-04,"RECEIVER,RADIO",PAMASP,REC,EM REPARO,WILLIAM,475.0
2026-08-10,3040252180,066-1072-04,"RECEIVER,RADIO",ALA 8,OS concluída,,,
2026-08-10,3040252185,066-1072-04,"RECEIVER,RADIO",BAMN,OS concluída,REPARADO,,
2026-08-10,3040252189,9910338-6,"TRANSMITTER,RATE OF FLOW",ALA 8,OS concluída,REPARADO,,
2026-08-10,3040252190,9910338-6,"TRANSMITTER,RATE OF FLOW",BABR,OS concluída,,,
2026-08-10,3040252160,011-01020-10,AFCS MODE CONTROLLER GMC 710,BAMN,OS concluída,,,
2026-08-10,3040252939,C163030-1001,MAIN W BRAKE A,BABV,REC,,BAMN,445.0
2026-08-10,3040252936,030-18200,MAIN WHEEL BRAKE,BACO,REC,,PAMA-LS,445.0
2026-08-10,3040252935,030-18200,MAIN WHEEL BRAKE,BAMN,OS concluída,CONDENADO,,
2026-08-10,3040252940,30-182,MAIN WHEEL BRAKE,BABV,OS concluída,CONDENADO,,
2026-08-10,3040252942,30-182,MAIN WHEEL BRAKE,BAMN,OS concluída,REPARADO,,
2026-08-10,3040252943,30-182,MAIN WHEEL BRAKE,BAMN,OS concluída,REPARADO,,
2026-08-10,3040253170,161-12800,WHEEL HALF ASSY-INNER,BASM,OS concluída,CONDENADO,,
2026-08-10,3040253168,161-12800,WHEEL HALF ASSY-INNER,BASM,REC,REPARADO,VEE ONE,441.0
2026-08-10,3040253172,161-12800,WHEEL HALF ASSY-INNER,PAMALS,REC,,PROCURANDO,441.0
2026-08-10,3040253174,161-12800,WHEEL HALF ASSY-INNER,PAMALS,OS concluída,CONDENADO,,
2026-08-10,3040253173,161-12800,WHEEL HALF ASSY-INNER,PAMALS,REC,EM REPARO,LEAP,441.0
2026-08-10,3040253176,162-10700,OUTER WHEEL HALF ASSY,BABE,OS concluída,CONDENADO,,
2026-08-10,3040253177,162-10700,OUTER WHEEL HALF ASSY,BABV,REC,REPARADO,VEE ONE,441.0
2026-08-10,3040253178,162-10700,OUTER WHEEL HALF ASSY,PAMALS,REC,,PROCURANDO,441.0
2026-08-10,3040253179,162-11800,WHEEL HALF ASSY-OUTER,CLA,OS concluída,CONDENADO,,
2026-08-10,3040253181,162-11800,WHEEL HALF ASSY-OUTER,PAMALS,OS concluída,REPARADO,,
2026-08-10,3040253180,162-11800,WHEEL HALF ASSY-OUTER,BASM,REC,,PROCURANDO,441.0
2026-08-10,3040253182,162-11800,WHEEL HALF ASSY-OUTER,PAMALS,REC,REPARADO,VEE ONE,441.0
2026-08-10,3040253536,2641012-14,TRUNNION ASSY-RH-MAIN GEAR,PAMALS,OS concluída,CONDENADO,,
2026-08-10,3040253529,066-03064-0005,"ALTIMETER,SERVO CONTROLLED,AUTOMATIC PRESSURE",DSM-MN,REC,DEVOLVIDO NO ESTADO,WILLIAM,431.0
2026-08-10,3040253528,066-03064-0005,"ALTIMETER,SERVO CONTROLLED,AUTOMATIC PRESSURE",BANT,OS concluída,REPARADO,,
2026-08-10,3040253532,799-1,TRANSDUCER,PAMALS,REC,,BANT,431.0
2026-08-10,3040253535,2643099-4,"SUPPORT ASSY FOWARD, NLG SPRING",BABE,REC,CONDENADO,VEE ONE,431.0
2026-08-10,3040253531,799-1,TRANSDUCER,BAMN,REC,,VEE ONE,431.0
2026-08-10,3040253530,799-1,TRANSDUCER,BAMN,REC,,BANT,431.0
2026-08-10,3040253526,30994-001,BATTERY-MARATHON TSP410 NICAD,PAMALS,OS concluída,CONDENADO,AMA - VEE ONE,
2026-08-10,3040253527,30994-001,BATTERY-MARATHON TSP410 NICAD,BAPV,OS concluída,CONDENADO,AMA - VEE ONE,
2026-08-10,3040254195,540-1407-4,"VALVE,BLEED,TURBINEENGINE",PAMALS,REC,,BANT,413.0
2026-08-10,3040254201,2643090-3,SHIMMY DAMPER-NOSE GEAR,PAMALS,REC,REPARADO,V1 PAMA-LS,413.0
2026-08-10,3040254203,SE1070-6,SHIMMY DAMPENER ASSY,BACGINAT,OS concluída,,,
2026-08-10,3040254205,C660501-0103,"COMPASS,SPEC",PAMALS,REC,REPARADO,V1 PAMA-LS,413.0
2026-08-10,3040254206,C660501-0103,"COMPASS,SPEC",ALA 8,REC,EM REPARO EM GARANTIA,WILLIAM,413.0
2026-08-10,3040254208,C660501-0103,"COMPASS,SPEC",BABV,REC,REPARADO,V1 PAMA-LS,413.0
2026-08-10,3040254210,799-1,TRANSDUCER,BANT,REC,,BANT,413.0
2026-08-10,3040254792,2606013-1RX,INDICATOR-PERCENT RPM,BABR,REC,,BANT,404.0
2026-08-10,3040254770,069-1025-25,"RECEIVER-TRANSMITTER,RADIO - KX165",ALA 9,REC,EM REPARO,WILLIAM,404.0
2026-08-10,3040254799,453-5000-710,EMERGENCY LOCATOR TRANSMITTER MODEL C406-2,PAMASP,OS concluída,,,
2026-08-10,3040254806,C352TS,"EXTINGUISHER,FIRE",PAMALS,REC,REPARADO,V1 PAMA-LS,404.0
2026-08-10,3040254805,C352TS,"EXTINGUISHER,FIRE",PAMALS,OS concluída,,,
2026-08-10,3040254810,C352TS,"EXTINGUISHER,FIRE",PAMALS,OS concluída,,,
2026-08-10,3040254809,C352TS,"EXTINGUISHER,FIRE",PAMAGL,OS concluída,,,
2026-08-10,3040254803,C352TS,"EXTINGUISHER,FIRE",2 ETA,REC,REPARADO,V1 PAMA-LS,404.0
2026-08-10,3040254808,C352TS,"EXTINGUISHER,FIRE",BABR,REC,REPARADO,V1 PAMA-LS,404.0
2026-08-10,3040254795,D145-00-46-2,FLAP ACTUATOR ASSY,BABE,REC,,PAMA-LS,404.0
2026-08-10,3040254793,D145-00-46-2,FLAP ACTUATOR ASSY,PAMALS,REC,,PAMA-LS,404.0
2026-08-10,3040254815,C482001-0402,VACUUM REGULAT,PAMALS,REC,CONDENADO,VEE ONE,404.0
2026-08-10,3040254816,C482001-0402,VACUUM REGULAT,PAMALS,REC,CONDENADO,VEE ONE,404.0
2026-08-10,3040254820,2641011-5,AXLE-MAIN GEAR,BAMN,OS concluída,REPARADO,,
2026-08-10,3040254817,2641011-5,AXLE-MAIN GEAR,BABE,OS concluída,NO ESTADO,,
2026-08-10,3040254818,2641011-5,AXLE-MAIN GEAR,BABE,OS concluída,,,
2026-08-10,3040254819,2641011-5,AXLE-MAIN GEAR,BANT,OS concluída,REPARADO,,
2026-08-10,3040254796,30994-001,BATTERY-MARATHON TSP410 NICAD,BAMN,OS concluída,REPARADO,,
2026-08-10,3040254789,452-0133,"BATTERY,NONRECHARGEABLE",BAMN,REC,CONDENADO,VEE ONE,404.0
2026-08-10,3040254788,452-0133,"BATTERY,NONRECHARGEABLE",BAMN,REC,CONDENADO,VEE ONE,404.0
2026-08-10,3040254787,452-0133,"BATTERY PACK,AIRCRAFT",DACTA II,REC,CONDENADO,VEE ONE,404.0
2026-08-10,3040254786,452-0133,"BATTERY PACK,AIRCRAFT",BAMN,REC,CONDENADO,VEE ONE,404.0
2026-08-10,3040254785,452-0133,"BATTERY,NONRECHARGEABLE",BAMN,REC,CONDENADO,VEE ONE,404.0
2026-08-10,3040254784,452-0133,"BATTERY,NONRECHARGEABLE",DACTA II,REC,CONDENADO,VEE ONE,404.0
2026-08-10,3040255326,011-00916-00,DISPLAY UNIT GDU 1040A,BAMN,REC,,BAMN,395.0
2026-08-10,3040255319,702801-5,FUEL PUMP,PAMASP,REC,EM REPARO,VEE ONE,395.0
2026-08-10,3040255321,8210-002,"GOVERNOR,CONSTANT SPEED DRIVE",PAMALS,OS concluída,,,
2026-08-10,3040255461,DAAS-A-010-1,ADAS-D PROCESSOR,PAMALS,REC,EM REPARO,VEE ONE,391.0
2026-08-10,3040255589,071-01519-0101,"RECEIVER-EXCITER,RADAR",BANT,REC,,PROCURANDO,389.0
2026-08-10,3040255590,071-01519-0101,"RECEIVER-EXCITER,RADAR",PAMALS,OS concluída,REPARADO,,
2026-08-10,3040255706,C661064-0237,AIRSPEED INDICATOR,BAMN,OS concluída,,,
2026-08-10,3040256114,5934PAD-3,"ALTIMETER,PRESSURE",PAMALS,REC,EM REPARO,VEE ONE,375.0
2026-08-10,3040256119,011-00878-10,GSA-81 TORQUE SERVO,BAPV,REC,EM REPARO,LEAP,375.0
2026-08-10,3040256112,011-00883-20,RADAR GWX 68 WEATHER,BABE,REC,,BAMN,375.0
2026-08-10,3040256115,5934PAD-3,"ALTIMETER,PRESSURE",PAMALS,OS concluída,REPARADO,,
2026-08-10,3040256118,011-00878-10,GSA-81 TORQUE SERVO,BAPV,REC,,BACO,375.0
2026-08-10,3040256120,011-00916-10,"DISPLAY UNIT,FLIGHT INFORMATION",BAMN,OS concluída,,,
2026-08-10,3040256314,066-4010-12,RECEIVER VOR/LOC (KNS81),EEAR,REC,EM REPARO,LEAP,362.0
2026-08-10,3040256311,3121248-03,"VALVE ASSEMBLY,COMPRESSOR BLEED",PAMALS,OS concluída,,,
2026-08-10,3040256704,C661064-0237,AIRSPEED INDICATOR,PAMALS,OS concluída,,,
2026-08-10,3040256707,D210507,"GOVERNOR,OVERSPEED",PAMALS,OS concluída,,,
2026-08-10,3040256708,D210507,"GOVERNOR,OVERSPEED",PAMALS,REC,REPARADO,VEE ONE,353.0
2026-08-10,3040256702,C661064-0237,AIRSPEED INDICATOR,BABR,OS concluída,,,
2026-08-10,3040256703,C661064-0237,AIRSPEED INDICATOR,PAMALS,OS concluída,REPARADO,,
2026-08-10,3040256662,030-18200,MAIN WHEEL BRAKE,BASM,OS concluída,,,
2026-08-10,3040256665,161-11700,INNER WHEEL HALF ASSY,BABV,OS concluída,,,
2026-08-10,3040256666,161-11700,INNER WHEEL HALF ASSY,PAMALS,OS concluída,,,
2026-08-10,3040256667,161-11700,INNER WHEEL HALF ASSY,PAMALS,OS concluída,,,
2026-08-10,3040256668,161-11700,INNER WHEEL HALF ASSY,PAMALS,OS concluída,CONDENADO,,
2026-08-10,3040256669,161-11700,INNER WHEEL HALF ASSY,PAMALS,OS concluída,,,
2026-08-10,3040256670,161-11700,INNER WHEEL HALF ASSY,PAMALS,OS concluída,CONDENADO,,
2026-08-10,3040256671,161-11700,INNER WHEEL HALF ASSY,PAMALS,REC,REPARADO,VEE ONE,353.0
2026-08-10,3040256698,030-18200,MAIN WHEEL BRAKE,PAMASP,REC,,PROCURANDO,353.0
2026-08-10,3040256713,030-18200,MAIN WHEEL BRAKE,ALA 3,REC,,BAMN,353.0
2026-08-10,3040256694,162-11800,WHEEL HALF ASSY-OUTER,BANT,OS concluída,REPARADO,,
2026-08-10,3040256696,162-11800,WHEEL HALF ASSY-OUTER,PAMALS,REC,,PAMA-LS,353.0
2026-08-10,3040256672,161-12800,WHEEL HALF ASSY-INNER,PAMALS,REC,REPARADO,VEE ONE,353.0
2026-08-10,3040256675,161-12800,WHEEL HALF ASSY-INNER,BANT,OS concluída,REPARADO,,
2026-08-10,3040256792,011-00877-00,"GSA-80 SERVO ROL,YAW,SPEC",BAMN,REC,,PROCURANDO,353.0
2026-08-10,3040256787,011-00877-00,"GSA-80 SERVO ROL,YAW,SPEC",PAMALS,REC,EM REPARO,VEE ONE,353.0
2026-08-10,3040256828,011-00883-20,RADAR GWX 68 WEATHER,PAMALS,REC,CONDENADO,V1 PAMA-LS,353.0
2026-08-10,3040256709,3121248-03,"VALVE ASSEMBLY,COMPRESSOR BLEED",PAMASP,REC,,BANT,350.0
2026-08-10,3040256673,161-12800,WHEEL HALF ASSY-INNER,PAMALS,REC,CONDENADO,VEE ONE,350.0
2026-08-10,3040257095,011-01105-01,INTEGRATED AVIONICS UNIT GIA63W,BABE,REC,EM REPARO,VEE ONE,346.0
2026-08-10,3040257096,011-01105-01,INTEGRATED AVIONICS UNIT GIA63W,BABE,REC,,BAMN,346.0
2026-08-10,3040257093,065-00183-0501,AUTOPILOT COMPUTER KFC225,BABE,REC,,BANT,346.0
2026-08-10,3040257094,065-00183-0501,AUTOPILOT COMPUTER KFC225,BABE,REC,,BANT,346.0
2026-08-10,3040257443,161-12800,WHEEL HALF ASSY-INNER,ALA 3,AUT,,NÃO TEVE MOVIMENTAÇÃO,334.0
2026-08-10,3040257442,C163030-1001,MAIN W BRAKE A,BAMN,OS concluída,REPARADO,VEE ONE,
2026-08-10,3040257452,3244809-8,"FUEL CONTROL,MAIN,TURBINE ENGINE",BAPV,OS concluída,REPARADO,,
2026-08-10,3040257454,EA-5172-45-CES,"INDICATOR,AIRSPEED",BACG,OS concluída,,,
2026-08-10,3040257453,EA-5172-45-CES,"INDICATOR,AIRSPEED",ALA 7,REC,DEVOLVIDO NO ESTADO,WILLIAM,327.0
2026-08-10,3040257451,3244809-7,"FUEL CONTROL,MAIN,TURBINE ENGINE",PAMASP,REC,,BANT,327.0
2026-08-10,3040257450,3244809-4,"FUEL CONTROL,MAIN,TURBINE ENGINE",PAMASP,OS concluída,EM REPARO,LEAP,
2026-08-10,3040257438,030-18200,MAIN WHEEL BRAKE,BAMN,REC,REPARADO,VEE ONE,327.0
2026-08-10,3040257444,162-10700,OUTER WHEEL HALF ASSY,PAMALS,OS concluída,CONDENADO,,
2026-08-10,3040257447,162-10700,OUTER WHEEL HALF ASSY,PAMALS,OS concluída,CONDENADO,,
2026-08-10,3040257436,30994-001,BATTERY-MARATHON TSP410 NICAD,PAMALS,OS concluída,CONDENADO,AMA - VEE ONE,
2026-08-10,3040257441,030-18200,MAIN WHEEL BRAKE,BAPV,REC,,BAMN,327.0
2026-08-10,3040257440,030-18200,MAIN WHEEL BRAKE,BANT,REC,CONDENADO,VEE ONE,327.0
2026-08-10,3040257439,030-18200,MAIN WHEEL BRAKE,BAMN,REC,,BAMN,327.0
2026-08-10,3040258306,D210507,"GOVERNOR,OVERSPEED",PAMALS,REC,EM REPARO,LEAP,307.0
2026-08-10,3040258310,D210507,"GOVERNOR,OVERSPEED",BACO,OS concluída,,,
2026-08-10,3040258309,D210507,"GOVERNOR,OVERSPEED",BAMN,REC,EM REPARO,LEAP,307.0
2026-08-10,3040258308,D210507,"GOVERNOR,OVERSPEED",BAMN,OS concluída,REPARADO,,
2026-08-10,3040258307,D210507,"GOVERNOR,OVERSPEED",ALA 5,OS concluída,,,
2026-08-10,3040258303,011-00877-00,"GSA-80 SERVO ROL,YAW,SPEC",DACTA II,REC,EM REPARO,VEE ONE,307.0
2026-08-10,3040258422,2601188-8,COMPRESSOR DRIVE ASSY R134A,PAMASP,REC,,PROCURANDO,305.0
2026-08-10,3040258419,011-00877-00,"GSA-80 SERVO ROL,YAW,SPEC",DACTA II,REC,EM REPARO,VEE ONE,305.0
2026-08-10,3040258420,011-00877-00,"GSA-80 SERVO ROL,YAW,SPEC",BACO,REC,EM REPARO,VEE ONE,305.0
2026-08-10,3040258421,011-00877-00,"GSA-80 SERVO ROL,YAW,SPEC",BABE,REC,,BACO,305.0
2026-08-10,3040258764,069-01034-0102,"NAVIGATION SET,SATELLITE SIGNALS KLN-94",PAMALS,REC,,BANT,298.0
2026-08-10,3040259152,066-01141-5101,"TRANSPONDER,RADAR",BABE,REC,,BANT,279.0
2026-08-10,3040259151,066-01141-5101,"TRANSPONDER,RADAR",BANT,REC,REPARADO,V1 PAMA-LS,279.0
2026-08-10,3040259251,064-1019-05,VHF TRANSCEIVE KY196,EEAR,REC,,EEAR,277.0
2026-08-10,3040259146,1U149-015-15,HORIZ. GYRO-STADBY,PAMALS,REC,EM REPARO,VEE ONE,276.0
2026-08-10,3040259147,162-10700,OUTER WHEEL HALF ASSY,BANT,REC,EM REPARO,AMA - VEE ONE,276.0
2026-08-10,3040259148,3049038-03,"VALVE,COMPRESSOR BLEED",BANT,OS concluída,,,
2026-08-10,3040259316,2606015-4,INDICATOR-OIL TEMP/OIL PRESS,BACG,REC,REPARADO,V1 PAMA-LS,273.0
2026-08-10,3040259564,C414007-0102,BLOWER ASSY,PAMALS,OS concluída,,,
2026-08-10,3040259568,C414007-0102,BLOWER ASSY,ALA 10,OS concluída,,,
2026-08-10,3040259570,C414007-0102,BLOWER ASSY,ALA 10,OS concluída,,,
2026-08-10,3040259694,025323-150,FUEL PUMP,PAMASP,REC,,BACO,265.0
2026-08-10,3040259922,C414007-0102,BLOWER ASSY,BANT,REC,REPARADO,V1 PAMA-LS,258.0
2026-08-10,3040259928,C414007-0102,BLOWER ASSY,PAMALS,REC,EM REPARO,VEE ONE,258.0
2026-08-10,3040259924,C414007-0102,BLOWER ASSY,BACG,REC,EM REPARO,VEE ONE,258.0
2026-08-10,3040259918,C414007-0102,BLOWER ASSY,ALA 10,REC,EM REPARO,VEE ONE,258.0
2026-08-10,3040259950,065-0060-01,"CONTROL,SERVO,AUTOMATIC PILOT",PAMALS,REC,EM REPARO,LEAP,258.0
2026-08-10,3040259949,065-0060-01,"CONTROL,SERVO,AUTOMATIC PILOT",PAMALS,REC,EM REPARO,LEAP,258.0
2026-08-10,3040259947,066-3046-07,"CONTROL,INDICATOR",EEAR,OS concluída,REPARADO,,
2026-08-10,3040259946,066-3046-07,"CONTROL,INDICATOR",BANT,REC,,BANT,258.0
2026-08-10,3040259944,066-3046-07,"CONTROL,INDICATOR",EEAR,REC,,PAMA-LS,258.0
2026-08-10,3040260209,011-00916-00,DISPLAY UNIT GDU 1040A,PAMALS,REC,,BAMN,244.0
2026-08-10,3040260208,324843-W020,HEADSET-MICROPHONE,PAMALS,REC,VAI SER DEVOLVIDO SEM REPARO,WILLIAM,244.0
2026-08-10,3040260204,324843-W020,HEADSET-MICROPHONE,PAMALS,OS concluída,REPARADO,,
2026-08-10,3040260205,324843-W020,HEADSET-MICROPHONE,PAMALS,OS concluída,REPARADO,,
2026-08-10,3040260388,SD5H14C4527,AIR COMPRESSOR,PAMALS,REC,EM REPARO,VEE ONE,237.0
2026-08-10,3040260382,065-00183-0501,AUTOPILOT COMPUTER KFC225,BANT,REC,,BANT,237.0
2026-08-10,3040260389,SD5H14C4527,AIR COMPRESSOR,PAMALS,REC,EM REPARO,VEE ONE,237.0
2026-08-10,3040260517,ASG12000-2,ALTERNATOR,PAMALS,OS concluída,,,
2026-08-10,3040260524,51539-012M,CONTROL UNIT ASSY-GENERATOR,BANT,REC,,BACG,234.0
2026-08-10,3040260516,ASG12000-2,ALTERNATOR,PAMALS,REC,REPARADO,V1 PAMA-LS,234.0
2026-08-10,3040260523,9910592-2,ALTERNADOR,BAMN,REC,REPARADO,V1 PAMA-LS,234.0
2026-08-10,3040260522,9910592-2,ALTERNADOR,BAMN,REC,REPARADO,V1 PAMA-LS,234.0
2026-08-10,3040260547,161-12800,WHEEL HALF ASSY-INNER,EPCAR,OS concluída,REPARADO,VEE ONE,
2026-08-10,3040260545,161-11700,INNER WHEEL HALF ASSY,BACG,REC,REPARADO,VEE ONE,216.0
2026-08-10,3040260544,161-11700,INNER WHEEL HALF ASSY,BANT,REC,REPARADO,VEE ONE,216.0
2026-08-10,3040260546,161-12800,WHEEL HALF ASSY-INNER,PAMALS,REC,REPARADO,VEE ONE,216.0
2026-08-10,3040260548,161-11700,INNER WHEEL HALF ASSY,CLA,REC,REPARADO,VEE ONE,216.0
2026-08-10,3040260549,162-10700,OUTER WHEEL HALF ASSY,BACG,REC,REPARADO,VEE ONE,216.0
2026-08-10,3040260550,162-10700,OUTER WHEEL HALF ASSY,CLA,REC,REPARADO,VEE ONE,216.0
2026-08-10,3040260551,162-11800,WHEEL HALF ASSY-OUTER,BANT,REC,REPARADO,VEE ONE,216.0
2026-08-10,3040260552,30994-001,BATTERY-MARATHON TSP410 NICAD,BABE,OS concluída,CONDENADO,AMA - VEE ONE,
2026-08-10,3040260543,324843-W020,HEADSET-MICROPHONE,PAMALS,REC,VAI SER DEVOLVIDO SEM REPARO,WILLIAM,216.0
2026-08-10,3040260542,324843-W020,HEADSET-MICROPHONE,PAMALS,REC,,BABE,216.0
2026-08-10,3040260541,324843-W020,HEADSET-MICROPHONE,PAMALS,OS concluída,REPARADO,,
2026-08-10,3040260540,324843-W020,HEADSET-MICROPHONE,PAMALS,OS concluída,REPARADO,,
2026-08-10,3040260538,324843-W020,HEADSET-MICROPHONE,PAMALS,REC,,BABE,216.0
2026-08-10,3040260539,324843-W020,HEADSET-MICROPHONE,PAMALS,REC,,BABE,216.0
2026-08-10,3040260595,9910586-4,FLAP ACTUATOR AND MOTOR ASSEMBLY,7 ETA,REC,,BAMN,216.0
2026-08-10,3040260597,9910586-4,FLAP ACTUATOR AND MOTOR ASSEMBLY,BAPV,REC,REPARADO,VEE ONE,216.0
2026-08-10,3040260583,3244897-4,FUEL CONTROL UNIT,PAMALS,OS concluída,,,
2026-08-10,3040260750,3122678-04,FUEL CONTROL UNIT,PAMASP,REC,,BANT,208.0
2026-08-10,3040260752,3244897-4,FUEL CONTROL UNIT,PAMASP,OS concluída,REPARADO,,
2026-08-10,3040260753,3244809-7,"FUEL CONTROL,MAIN,TURBINE ENGINE",PAMASP,OS concluída,REPARADO,,
2026-08-10,3040260754,3244809-1,"FUEL CONTROL,MAIN,TURBINE ENGINE",PAMASP,REC,EM QUARENTENA,LEAP,208.0
2026-08-10,3040254794,C145-350,"MOTOR,DIRECT CURRENT",PAMALS,OS concluída,,,
2026-08-10,3040260913,064-1054-30,RECEIVER-TRANSMITTER SUBASSEMBLY,EPCAR,REC,REPARADO,V1 PAMA-LS,196.0
2026-08-10,3040260915,064-1054-30,RECEIVER-TRANSMITTER SUBASSEMBLY,PAMALS,REC,REPARADO,V1 PAMA-LS,196.0
2026-08-10,3040260811,3034792,BOMBA DE COMBUSTÍVEL,BAPV,REC,,BABR,194.0
2026-08-10,3040260812,3034792,BOMBA DE COMBUSTÍVEL,BACG,OS concluída,,,
2026-08-10,3040260922,162-11800,WHEEL HALF ASSY-OUTER,PAMALS,OS concluída,,,
2026-08-10,3040260923,030-18200,MAIN WHEEL BRAKE,BACO,REC,REPARADO,VEE ONE,194.0
2026-08-10,3040261389,3034792,BOMBA DE COMBUSTÍVEL,PAMASP,REC,REPARADO,V1 PAMA-LS,181.0
2026-08-10,3040261388,3034792,BOMBA DE COMBUSTÍVEL,BABR,OS concluída,REPARADO,,
2026-08-10,3040261387,3034792,BOMBA DE COMBUSTÍVEL,BABR,OS concluída,REPARADO,,
2026-08-10,3040261371,TFF2905-13,FUEL FLOW TRANSDUCER,ALA 8,REC,EM REPARO,WILLIAM,181.0
2026-08-10,3040261375,C661065-0240RX,"INDICATOR, AIRSPEED",BACG,REC,EM REPARO,WILLIAM,181.0
2026-08-10,3040261373,C661065-0240,AIRSPEED INDICATOR,BABE,REC,REPARADO,V1 PAMA-LS,181.0
2026-08-10,3040261322,011-00831-00,"ENGINE INTERFA,SPEC",BAPV,REC,REPARADO,VEE ONE,181.0
2026-08-10,3040261326,011-00882-10,"COMPUTER,AIR DATA",BAMN,OS concluída,,,
2026-08-10,3040261324,011-00882-10,"COMPUTER,AIR DATA",BAMN,OS concluída,,,
2026-08-10,3040261327,064-1054-30,RECEIVER-TRANSMITTER SUBASSEMBLY,PAMASP,REC,REPARADO,V1 PAMA-LS,181.0
2026-08-10,3040261336,066-01141-0101,"RECEIVER,RADIO",BANT,REC,REPARADO,V1 PAMA-LS,181.0
2026-08-10,3040261334,065-0065-01,SELECTOR ALT,BANT,REC,EM REPARO,WILLIAM,181.0
2026-08-10,3040261331,065-0061-36,ACTUATOR TRIM (KS272A),PAMASP,REC,,BABR,181.0
2026-08-10,3040261329,065-0061-36,ACTUATOR TRIM (KS272A),ALA 10,OS concluída,REPARADO,,
2026-08-10,3040261335,065-0065-01,SELECTOR ALT,BANT,REC,EM REPARO,WILLIAM,181.0
2026-08-10,3040261342,066-3084-02,COLOR RADAR INDICATOR,BABV,REC,EM REPARO,WILLIAM,181.0
2026-08-10,3040261340,066-1053-00,"RECEIVER,RADIO",BASM,REC,REPARADO,V1 PAMA-LS,181.0
2026-08-10,3040261377,066-3054-01,INDICATOR RADAR ALTIMETER - TYPE KI250,PAMALS,REC,EM REPARO,WILLIAM,181.0
2026-08-10,3040261376,066-1061-03,RT RADAR ALTIM (KRA10A),PAMALS,REC,PARA REPARO,VEE ONE,181.0
2026-08-10,3040261352,1134380-4,EVAPORATOR MODULE ASSY-RH,BAMN,REC,CONDENADO,VEE ONE,181.0
2026-08-10,3040261347,071-1234-00,ANTENNA ACCESSORY,ALA 1,REC,EM REPARO,WILLIAM,181.0
2026-08-10,3040261344,066-4010-12,RECEIVER VOR/LOC (KNS81),ALA 10,REC,EM REPARO,WILLIAM,181.0
2026-08-10,3040261353,1H75-21,PRESSURE REGULATOR,BAMN,REC,,BAMN,181.0
2026-08-10,3040261357,2682001-1,BRAKE CYL MAST,BABE,OS concluída,REPARADO,,
2026-08-10,3040261356,2670104-2,ANNUNCIATOR PANEL,PAMALS,REC,REPARADO,VEE ONE,181.0
2026-08-10,3040261355,2643100-201,NOSE GEAR STRUT ASSY - TALL FORK,BABR,OS concluída,REPARADO,,
2026-08-10,3040261354,2643100-201,NOSE GEAR STRUT ASSY - TALL FORK,BANT,REC,EM REPARO,AV AERONAUTICA,181.0
2026-08-10,3040261364,8210-002-01,GOVERNOR PROPELLER,PAMASP,REC,REPARADO,VEE ONE,181.0
2026-08-10,3040261627,S3828-1,ALTIMETER,BAMN,REC,EM REPARO,WILLIAM,167.0
2026-08-10,3040261628,S3828-1,ALTIMETER,BABE,REC,REPARADO,V1 PAMA-LS,167.0
2026-08-10,3040261851,51539-012MRX,CONTROL UNIT ASSY-GENERATOR,BABE,REC,EM REPARO,VEE ONE,159.0
2026-08-10,3040261852,51539-012MRX,CONTROL UNIT ASSY-GENERATOR,BABE,REC,EM REPARO,VEE ONE,159.0
2026-08-10,3040261843,3034792,BOMBA DE COMBUSTÍVEL,PAMALS,REC,EM REPARO,VEE ONE,154.0
2026-08-10,3040262245,200SGL119Q-2,STARTER GENERATOR,BAMN,OS concluída,REPARADO,,
2026-08-10,3040262246,200SGL119Q-2,STARTER GENERATOR,BAMN,OS concluída,REPARADO,,
2026-08-10,3040262273,324843-W020,HEADSET-MICROPHONE,BABE,OS concluída,REPARADO,,
2026-08-10,3040262275,324843-W020,HEADSET-MICROPHONE,BANT,OS concluída,REPARADO,,
2026-08-10,3040262363,066-1055-00,AUDIO CONTROL PANEL,ALA 5,OS concluída,,,
2026-08-10,3040262367,066-1055-00,AUDIO CONTROL PANEL,ALA 9,REC,EM REPARO,WILLIAM,137.0
2026-08-10,3040262368,066-1055-00,AUDIO CONTROL PANEL,CLA,OS concluída,,,
2026-08-10,3040262372,51539-012M,CONTROL UNIT ASSY-GENERATOR,BANT,REC,,V1 PAMA-LS,137.0
2026-08-10,3040262371,51539-012N,CONTROL UNIT ASSY-GENERATOR,BANT,REC,REPARADO,V1 PAMA-LS,137.0
2026-08-10,3040262419,065-0061-36,ACTUATOR TRIM (KS272A),ALA 9,REC,EM REPARO,WILLIAM,132.0
2026-08-10,3040262734,C352,PORTABLE HALON FIRE EXTINGUISHERS,ALA 5,REC,EM REPARO,AV AERONAUTICA,119.0
2026-08-10,3040262738,C352TS,"EXTINGUISHER,FIRE",BANT,REC,,PROCURANDO,119.0
2026-08-10,3040262739,C352TS,"EXTINGUISHER,FIRE",BANT,REC,,PROCURANDO,119.0
2026-08-10,3040262740,C352TS,"EXTINGUISHER,FIRE",PAMALS,REC,,PROCURANDO,119.0
2026-08-10,3040262766,011-00883-20,RADAR GWX 68 WEATHER,BAMN,OS concluída,EM REPARO,VEE ONE,
2026-08-10,3040262765,011-00883-20,RADAR GWX 68 WEATHER,BAMN,REC,EM REPARO,VEE ONE,119.0
2026-08-10,3040262772,011-01020-10,AFCS MODE CONTROLLER GMC 710,BAMN,REC,EM REPARO,WILLIAM,119.0
2026-08-10,3040262770,011-01020-10,AFCS MODE CONTROLLER GMC 710,BAMN,REC,EM REPARO,WILLIAM,119.0
2026-08-10,3040262773,011-01020-10,AFCS MODE CONTROLLER GMC 710,BAMN,REC,EM REPARO,WILLIAM,119.0
2026-08-10,3040262746,066-1070-01,TRANSCEIVER DME (KN63),BABE,REC,EM REPARO,WILLIAM,119.0
2026-08-10,3040262745,064-1019-05,VHF TRANSCEIVE KY196,EEAR,REC,EM REPARO,VEE ONE,119.0
2026-08-10,3040262747,066-1072-00,RECEIVER ADF (KING KR87),ALA 7,REC,EM REPARO,WILLIAM,119.0
2026-08-10,3040262748,066-3046-07,"CONTROL,INDICATOR",BABR,REC,,BANT,119.0
2026-08-10,3040262769,066-3046-07,"CONTROL,INDICATOR",BABR,REC,,BANT,119.0
2026-08-10,3040262768,066-3046-07,"CONTROL,INDICATOR",EEAR,REC,EM REPARO,LEAP,119.0
2026-08-10,3040262767,066-3046-07,"CONTROL,INDICATOR",EEAR,REC,EM REPARO,LEAP,119.0
2026-08-10,3040262791,066-3060-00,IND RMI KNI582,BANT,REC,EM REPARO,LEAP,119.0
2026-08-10,3040262630,161-11700,INNER WHEEL HALF ASSY,BANT,REC,REPARADO,VEE ONE,119.0
2026-08-10,3040262792,066-3060-00,IND RMI KNI582,BANT,REC,EM REPARO,LEAP,119.0
2026-08-10,3040262634,162-10700,OUTER WHEEL HALF ASSY,BANT,REC,REPARADO,VEE ONE,119.0
2026-08-10,3040262632,161-12800,WHEEL HALF ASSY-INNER,BANT,OS concluída,REPARADO,VEE ONE,
2026-08-10,3040262633,161-12800,WHEEL HALF ASSY-INNER,BANT,REC,REPARADO,VEE ONE,119.0
2026-08-10,3040262635,162-11800,WHEEL HALF ASSY-OUTER,EPCAR,REC,REPARADO,VEE ONE,119.0
2026-08-10,3040262637,162-11800,WHEEL HALF ASSY-OUTER,BANT,REC,REPARADO,VEE ONE,119.0
2026-08-10,3040262636,162-11800,WHEEL HALF ASSY-OUTER,BANT,REC,REPARADO,VEE ONE,119.0
2026-08-10,3040262646,200SGL119Q,STARTER GENERATOR,PAMASP,OS concluída,,,
2026-08-10,3040262639,200SGL119Q,STARTER GENERATOR,PAMASP,OS concluída,,PAMA-LS,
2026-08-10,3040262638,200SGL119Q,STARTER GENERATOR,PAMALS,REC,EM REPARO,AV AERONAUTICA,119.0
2026-08-10,3040262757,2606015-2,IND OIL TEMP/P,PAMALS,REC,EM REPARO,VEE ONE,119.0
2026-08-10,3040262706,2641011-5,AXLE-MAIN GEAR,BAMN,REC,,BANT,119.0
2026-08-10,3040262707,2641011-5,AXLE-MAIN GEAR,BABV,REC,REPARADO,VEE ONE,119.0
2026-08-10,3040262717,2641011-5,AXLE-MAIN GEAR,BANT,REC,REPARADO,VEE ONE,119.0
2026-08-10,3040262714,2641011-5,AXLE-MAIN GEAR,BAPV,REC,,BANT,119.0
2026-08-10,3040262713,2641011-5,AXLE-MAIN GEAR,BAPV,REC,REPARADO,VEE ONE,119.0
2026-08-10,3040262712,2641011-5,AXLE-MAIN GEAR,BABR,REC,,BANT,119.0
2026-08-10,3040262711,2641011-5,AXLE-MAIN GEAR,BABR,REC,,BANT,119.0
2026-08-10,3040262709,2641011-5,AXLE-MAIN GEAR,PAMALS,REC,,BANT,119.0
2026-08-10,3040262708,2641011-5,AXLE-MAIN GEAR,PAMALS,REC,,BANT,119.0
2026-08-10,3040262744,3244809-1A,F.C.U,PAMALS,REC,EM REPARO,LEAP,119.0
2026-08-10,3040262758,9910338-4,FUEL TOTALIZER INDICATOR,PAMALS,REC,EM REPARO,VEE ONE,119.0
2026-08-10,3040262759,9910338-6,"TRANSMITTER,RATE OF FLOW",BAMN,REC,EM REPARO,WILLIAM,119.0
2026-08-10,3040262760,9910338-6,"TRANSMITTER,RATE OF FLOW",BANT,REC,EM REPARO,VEE ONE,119.0
2026-08-10,3040262966,2682001-1,BRAKE CYL MAST,BACO,OS concluída,,PAMA-LS,
2026-08-10,3040262967,2682001-1,BRAKE CYL MAST,PAMALS,REC,REPARADO,V1 PAMA-LS,117.0
2026-08-10,3040262968,2682001-1,BRAKE CYL MAST,BANT,OS concluída,,PAMA-LS,
2026-08-10,3040262969,2682001-1,BRAKE CYL MAST,BABE,REC,REPARADO,V1 PAMA-LS,117.0
2026-08-10,3040263069,453-5060,ELT C406-N,BABE,OS concluída,,,
2026-08-10,3040263283,D145-00-46-2,FLAP ACTUATOR ASSY,PAMALS,REC,EM REPARO,LEAP,102.0
2026-08-10,3040263284,D145-00-46-2,FLAP ACTUATOR ASSY,BAFL,REC,EM REPARO,LEAP,102.0
2026-08-10,3040263324,069-01033-0101,"RECEIVER-TRANSMITTER,RADIO",PAMALS,REC,EM REPARO,LEAP,102.0
2026-08-10,3040263287,C661065-0237,AIRSPEED INDICATOR,BABR,REC,REPARADO,VEE ONE,102.0
2026-08-10,3040263288,C661065-0237,AIRSPEED INDICATOR,PAMASP,REC,REPARADO,VEE ONE,102.0
2026-08-10,3040263314,060-0017-00,FLIGHT DIR HOR,EEAR,REC,EM REPARO,LEAP,102.0
2026-08-10,3040263319,066-1055-00,AUDIO CONTROL PANEL,BABE,REC,REPARADO,VEE ONE,102.0
2026-08-10,3040263317,060-0017-00,FLIGHT DIR HOR,PAMASP,REC,,BANT,102.0
2026-08-10,3040263316,060-0017-00,FLIGHT DIR HOR,BANT,REC,,BANT,102.0
2026-08-10,3040263320,066-1055-00,AUDIO CONTROL PANEL,PAMALS,REC,EM REPARO,AV AERONAUTICA,102.0
2026-08-10,3040263325,069-01033-0101,"RECEIVER-TRANSMITTER,RADIO",PAMALS,REC,,PROCURANDO,102.0
2026-08-10,3040263335,C611008-0101,ALTERNATOR CONTROL UNIT,PAMALS,REC,EM REPARO,AV AERONAUTICA,102.0
2026-08-10,3040263336,C611008-0101,ALTERNATOR CONTROL UNIT,PAMALS,REC,EM REPARO,AV AERONAUTICA,102.0
2026-08-10,3040263286,C661065-0237,AIRSPEED INDICATOR,BANT,REC,DEVOLVIDO NO ESTADO,WILLIAM,102.0
2026-08-10,3040263322,066-1055-00,AUDIO CONTROL PANEL,ALA 9,REC,EM REPARO,WILLIAM,102.0
2026-08-10,3040263326,069-01033-0101,"RECEIVER-TRANSMITTER,RADIO",PAMALS,REC,,BANT,102.0
2026-08-10,3040263315,060-0017-00,FLIGHT DIR HOR,BACG,OS concluída,,BABR,
2026-08-10,3040263334,011-00916-10,"DISPLAY UNIT,FLIGHT INFORMATION",BACO,REC,VAI SER DEVOLVIDO SEM REPARO,WILLIAM,102.0
2026-08-10,3040263333,011-00916-10,"DISPLAY UNIT,FLIGHT INFORMATION",BACO,REC,EM REPARO,WILLIAM,102.0
2026-08-10,3040263332,011-00916-10,"DISPLAY UNIT,FLIGHT INFORMATION",BAMN,OS concluída,EM REPARO,WILLIAM,
2026-08-10,3040263331,C661064-0237,AIRSPEED INDICATOR,PAMALS,REC,VAI SER DEVOLVIDO SEM REPARO,WILLIAM,102.0
2026-08-10,3040263329,C661064-0237,AIRSPEED INDICATOR,PAMALS,REC,EM REPARO,WILLIAM,102.0
2026-08-10,3040263328,C661064-0237,AIRSPEED INDICATOR,BABR,REC,EM REPARO,WILLIAM,102.0
2026-08-10,3040263327,C661064-0237,AIRSPEED INDICATOR,BABR,REC,EM REPARO,WILLIAM,102.0
2026-08-10,3040263330,C661064-0237,AIRSPEED INDICATOR,PAMALS,REC,EM REPARO,WILLIAM,102.0
2026-08-10,3040263338,C611008-0101,ALTERNATOR CONTROL UNIT,PAMALS,REC,REPARADO,V1 PAMA-LS,102.0
2026-08-10,3040263433,066-03064-0005,"ALTIMETER,SERVO CONTROLLED,AUTOMATIC PRESSURE",BACG,REC,EM REPARO,WILLIAM,96.0
2026-08-10,3040263435,066-03064-0005,"ALTIMETER,SERVO CONTROLLED,AUTOMATIC PRESSURE",BANT,REC,EM REPARO,WILLIAM,96.0
2026-08-10,3040263434,066-03064-0005,"ALTIMETER,SERVO CONTROLLED,AUTOMATIC PRESSURE",PAMASP,REC,VAI SER DEVOLVIDO SEM REPARO,WILLIAM,96.0
2026-08-10,3040263417,069-01033-0101,"RECEIVER-TRANSMITTER,RADIO",PAMALS,REC,EM REPARO,WILLIAM,96.0
2026-08-10,3040263416,069-01033-0101,"RECEIVER-TRANSMITTER,RADIO",BASM,REC,EM REPARO,WILLIAM,96.0
2026-08-10,3040263415,069-01033-0101,"RECEIVER-TRANSMITTER,RADIO",BABR,REC,,BANT,96.0
2026-08-10,3040263447,066-3046-07,"CONTROL,INDICATOR",CLA,REC,,BABR,96.0
2026-08-10,3040263443,3244897-4,FUEL CONTROL UNIT,PAMALS,REC,EM REPARO,LEAP,95.0
2026-08-10,3040263444,3244897-4,FUEL CONTROL UNIT,PAMALS,REC,EM REPARO,LEAP,95.0
2026-08-10,3040263577,060-0015-00,"CONTROL,DIRECTIONAL,AUTOMATIC PILOT",ALA 5,REC,EM REPARO,WILLIAM,90.0
2026-08-10,3040263574,066-1072-04,"RECEIVER,RADIO",BABE,REC,EM REPARO,WILLIAM,90.0
2026-08-10,3040263576,066-1072-04,"RECEIVER,RADIO",BAMN,OS concluída,DEVOLVIDO NO ESTADO,WILLIAM,
2026-08-10,3040263575,066-1072-04,"RECEIVER,RADIO",BABE,REC,EM REPARO,WILLIAM,90.0
2026-08-10,3040263573,066-3084-32,IND RDR 2000 IN-182A,PAMALS,REC,,BABR,90.0
2026-08-10,3040263571,066-3084-32,IND RDR 2000 IN-182A,PAMALS,REC,EM REPARO,WILLIAM,90.0
2026-08-10,3040263572,066-3084-32,IND RDR 2000 IN-182A,PAMALS,REC,EM REPARO,WILLIAM,90.0
2026-08-10,3040263448,2618510-10,ALTERNATOR CONTROL UNIT ASSY,BABE,REC,EM REPARO,WILLIAM,90.0
2026-08-10,3040263449,2618510-10,ALTERNATOR CONTROL UNIT ASSY,PAMALS,REC,EM REPARO,WILLIAM,90.0
2026-08-10,3040263877,2641011-5,AXLE-MAIN GEAR,CLA,REC,EM REPARO,LEAP,80.0
2026-08-10,3040263878,2641011-5,AXLE-MAIN GEAR,CLA,REC,EM REPARO,LEAP,80.0
2026-08-10,3040264243,069-01033-0101,"RECEIVER-TRANSMITTER,RADIO",PAMALS,REC,EM REPARO,WILLIAM,73.0
2026-08-10,3040264244,069-01033-0101,"RECEIVER-TRANSMITTER,RADIO",PAMASP,REC,EM REPARO,WILLIAM,73.0
2026-08-10,3040264246,060-0017-00,FLIGHT DIR HOR,PAMALS,REC,EM REPARO,WILLIAM,73.0
2026-08-10,3040264237,200SGL119Q-2,STARTER GENERATOR,BAMN,REC,EM REPARO,AV AERONAUTICA,73.0
2026-08-10,3040264236,200SGL119Q-2,STARTER GENERATOR,BABE,REC,,BABE,73.0
2026-08-10,3040264121,3244897-4,FUEL CONTROL UNIT,BABE,OS concluída,EM REPARO,LEAP,
2026-08-10,3040264263,9910338-8,"INDICATOR,FUEL FLOW",PAMALS,OS concluída,,BABR,
2026-08-10,3040264262,9910338-8,"INDICATOR,FUEL FLOW",BABV,REC,EM REPARO,WILLIAM,73.0
2026-08-10,3040264242,324843-2020,HEADSET-MICROPHONE,BABE,REC,EM REPARO,WILLIAM,73.0
2026-08-10,3040264264,324843-2020,HEADSET-MICROPHONE,DACTA II,REC,EM REPARO,WILLIAM,73.0
2026-08-10,3040264238,324843-2020,HEADSET-MICROPHONE,DACTA II,REC,EM REPARO,WILLIAM,73.0
2026-08-10,3040264241,324843-2020,HEADSET-MICROPHONE,DACTA II,REC,EM REPARO,WILLIAM,73.0
2026-08-10,3040264240,324843-2020,HEADSET-MICROPHONE,DACTA II,REC,EM REPARO,WILLIAM,73.0
2026-08-10,3040264122,3244809-8,"FUEL CONTROL,MAIN,TURBINE ENGINE",BABE,OS concluída,,BABR,
2026-08-10,3040263797,066-3046-07,"CONTROL,INDICATOR",BABE,REC,EM REPARO,WILLIAM,73.0
2026-08-10,3040263798,066-3046-07,"CONTROL,INDICATOR",PAMASP,REC,EM REPARO,WILLIAM,73.0
2026-08-10,3040263799,066-3046-07,"CONTROL,INDICATOR",PAMASP,REC,EM REPARO,WILLIAM,73.0
2026-08-10,3040263795,071-01519-0101,"RECEIVER-EXCITER,RADAR",PAMALS,REC,,PROCURANDO,73.0
2026-08-10,3040263796,071-01519-0101,"RECEIVER-EXCITER,RADAR",PAMALS,REC,,PROCURANDO,73.0
2026-08-10,3040264579,060-0017-00,FLIGHT DIR HOR,BABR,OS concluída,,,
2026-08-10,3040264577,060-0017-00,FLIGHT DIR HOR,PAMALS,REC,,,61.0
2026-08-10,3040264573,060-0017-00,FLIGHT DIR HOR,BANT,REC,,,61.0
2026-08-10,3040264574,060-0017-00,FLIGHT DIR HOR,BANT,REC,,,61.0
2026-08-10,3040264576,060-0017-00,FLIGHT DIR HOR,PAMALS,REC,,,61.0
2026-08-10,3040264572,060-0017-00,FLIGHT DIR HOR,PAMASP,REC,,,61.0
2026-08-10,3040264647,1H75-21,PRESSURE REGULATOR,BAMN,REC,,,56.0
2026-08-10,3040264646,1H75-21,PRESSURE REGULATOR,PAMASP,REC,,,56.0
2026-08-10,3040264645,1H75-21,PRESSURE REGULATOR,PAMASP,REC,,,56.0
2026-08-10,3040264643,1H75-21,PRESSURE REGULATOR,PAMASP,REC,,,56.0
2026-08-10,3040264707,3244809-7,"FUEL CONTROL,MAIN,TURBINE ENGINE",BABE,REC,,,56.0
2026-08-10,3040264709,540-1407-4,"VALVE,BLEED,TURBINEENGINE",PAMASP,REC,,,56.0
2026-08-10,3040264710,200SGL153Q,"STARTER-GENERATOR,ENGINE,AIRCRAFT",CLA,REC,,,56.0
2026-08-10,3040264711,200SGL153Q,"STARTER-GENERATOR,ENGINE,AIRCRAFT",PAMASP,REC,,,56.0
2026-08-10,3040264712,200SGL153Q,"STARTER-GENERATOR,ENGINE,AIRCRAFT",BACG,REC,,,56.0
2026-08-10,3040264718,9910338-8,"INDICATOR,FUEL FLOW",PAMALS,REC,,,56.0
2026-08-10,3040264719,S3326-2,"INDICATOR,HORIZONTAL SITUATION",ALA 8,REC,,,56.0
2026-08-10,3040264720,S3326-2,"INDICATOR,HORIZONTAL SITUATION",PAMALS,REC,,,56.0
2026-08-10,3040264721,S3326-2,"INDICATOR,HORIZONTAL SITUATION",PAMASP,REC,,,56.0
2026-08-10,3040264724,2606013-1AM,INDICADOR PERCENTUAL RPM,BABV,REC,,,56.0
2026-08-10,3040264725,2606013-1AM,INDICADOR PERCENTUAL RPM,BABR,REC,,,56.0
2026-08-10,3040264726,2606015-4,INDICATOR-OIL TEMP/OIL PRESS,BANT,REC,,,56.0
2026-08-10,3040264727,C661051-0201,GYRO HORIZON,ALA 10,REC,,,56.0
2026-08-10,3040264728,504-0111-906,GYRO HORIZON,PAMALS,REC,,,56.0
2026-08-10,3040264729,504-0111-906,GYRO HORIZON,BACG,REC,,,56.0
2026-08-10,3040264730,8210-003,"GOVERNOR,FUEL CONTROL",PAMASP,REC,,,56.0
2026-08-10,3040264731,8210-002,"GOVERNOR,CONSTANT SPEED DRIVE",PAMASP,REC,,,56.0
2026-08-10,3040264732,8210-002,"GOVERNOR,CONSTANT SPEED DRIVE",BAMN,REC,,,56.0
2026-08-10,3040264733,030-18200,MAIN WHEEL BRAKE,BAMN,REC,,,56.0
2026-08-10,3040264734,030-18200,MAIN WHEEL BRAKE,BAMN,REC,,,56.0
2026-08-10,3040264735,161-11700,INNER WHEEL HALF ASSY,PAMALS,REC,,,56.0
2026-08-10,3040264736,161-12800,WHEEL HALF ASSY-INNER,BABR,REC,,,56.0
2026-08-10,3040264737,161-12800,WHEEL HALF ASSY-INNER,PAMALS,AUT,,,56.0
2026-08-10,3040264738,162-10700,OUTER WHEEL HALF ASSY,BACO,AUT,,,56.0
2026-08-10,3040264807,011-01105-01,INTEGRATED AVIONICS UNIT GIA63W,ALA 8,REC,,,48.0
2026-08-10,3040264808,011-01105-01,INTEGRATED AVIONICS UNIT GIA63W,BAMN,REC,,,48.0
2026-08-10,3040264907,011-00916-10,"DISPLAY UNIT,FLIGHT INFORMATION",BAMN,REC,,,41.0
2026-08-10,3040264908,011-00916-10,"DISPLAY UNIT,FLIGHT INFORMATION",BABV,REC,,,41.0
2026-08-10,3040264974,3244809-8,"FUEL CONTROL,MAIN,TURBINE ENGINE",BAMN,REC,,,39.0
2026-08-10,3040264961,3244897-4,FUEL CONTROL UNIT,CLA,REC,,,39.0
2026-08-10,3040264960,3034792,BOMBA DE COMBUSTÍVEL,CLA,REC,,,39.0
2026-08-10,3040265144,011-01020-10,AFCS MODE CONTROLLER GMC 710,BABE,REC,,,33.0
2026-08-10,3040265140,011-01020-10,AFCS MODE CONTROLLER GMC 710,BABE,REC,,,33.0
2026-08-10,3040265482,066-3084-32,IND RDR 2000 IN-182A,BABR,REC,,,18.0
2026-08-10,3040265484,066-3084-32,IND RDR 2000 IN-182A,BANT,REC,,,18.0
2026-08-10,3040265485,066-3084-32,IND RDR 2000 IN-182A,BABR,REC,,,18.0
2026-08-10,3040265526,ASG12000-2,ALTERNATOR,PAMALS,REC,,,14.0
2026-08-10,3040265525,ASG12000-2,ALTERNATOR,BABR,REC,,,14.0
2026-08-10,3040265527,9910592-2,ALTERNADOR,BABR,REC,,,14.0
2026-08-10,3040265533,3122678-04,FUEL CONTROL UNIT,BABR,REC,,,14.0
2026-08-10,3040265532,C611505-0201,ALTERNATOR,BANT,REC,,,14.0
2026-08-10,3040265530,C611505-0201,ALTERNATOR,BABV,REC,,,14.0
2026-08-10,3040265528,9910592-2,ALTERNADOR,BABR,REC,,,14.0
2026-08-10,3040265724,3244897-4,FUEL CONTROL UNIT,CLA,REC,,,13.0
2026-08-10,3040265474,C611008-0101,ALTERNATOR CONTROL UNIT,PAMALS,REC,,,11.0
2026-08-10,3040265475,C611008-0101,ALTERNATOR CONTROL UNIT,BABV,REC,,,11.0
2026-08-10,3040265476,C611008-0101,ALTERNATOR CONTROL UNIT,PAMALS,REC,,,11.0
2026-08-10,3040265477,C611008-0101,ALTERNATOR CONTROL UNIT,PAMALS,REC,,,11.0
2026-08-10,3040265576,011-00916-10,"DISPLAY UNIT,FLIGHT INFORMATION",BAMN,REC,,,10.0
2026-08-10,3040265580,011-00916-00,DISPLAY UNIT GDU 1040A,PAMALS,AUT,,,14.0
2026-08-10,3040265581,011-00916-00,DISPLAY UNIT GDU 1040A,PAMALS,AUT,,,14.0
2026-08-10,3040265589,EA-5175-52-CES,INDICATOR TRUE,BABV,AUT,,,14.0
2026-08-10,3040265590,EA-5175-52-CES,INDICATOR TRUE,BASM,AUT,,,14.0
2026-08-10,3040265591,EA-5175-52-CES,INDICATOR TRUE,BABV,AUT,,,14.0
2026-08-10,3040265592,EA-5175-52-CES,INDICATOR TRUE,BABV,AUT,,,14.0
2026-08-10,3040265668,9910592-2,ALTERNADOR,PAMALS,AUT,,,14.0
2026-08-10,3040265678,9910592-2,ALTERNADOR,BAMN,AUT,,,14.0
2026-08-10,3040265679,C611505-0201,ALTERNATOR,PAMALS,AUT,,,14.0
2026-08-10,3040265680,C611505-0201,ALTERNATOR,ALA 8,AUT,,,14.0
2026-08-10,3040265726,071-01519-0101,"RECEIVER-EXCITER,RADAR",PAMALS,AUT,,,13.0
2026-08-10,3040265727,071-01519-0101,"RECEIVER-EXCITER,RADAR",CLA,AUT,,,13.0
2026-08-10,3040265728,C163030-1001,MAIN W BRAKE A,BAMN,AUT,,,13.0
2026-08-10,3040265731,066-3046-07,"CONTROL,INDICATOR",BABR,AUT,,,13.0
2026-08-10,3040265732,066-3046-07,"CONTROL,INDICATOR",BANT,AUT,,,13.0
2026-08-10,3040265734,066-3046-07,"CONTROL,INDICATOR",EEAR,AUT,,,13.0
2026-08-10,3040265735,066-3046-07,"CONTROL,INDICATOR",CLA,AUT,,,13.0
2026-08-10,3040265736,C611008-0101,ALTERNATOR CONTROL UNIT,BABV,AUT,,,13.0
2026-08-10,3040265737,C611008-0101,ALTERNATOR CONTROL UNIT,EEAR,AUT,,,13.0
2026-08-10,3040265738,C611008-0101,ALTERNATOR CONTROL UNIT,PAMALS,AUT,,,13.0
2026-08-10,3040265739,C611008-0101,ALTERNATOR CONTROL UNIT,BANT,AUT,,,13.0
2026-08-10,3040265740,C611008-0101,ALTERNATOR CONTROL UNIT,BABE,AUT,,,13.0
2026-08-10,3040265741,C611008-0101,ALTERNATOR CONTROL UNIT,BABR,AUT,,,13.0
2026-08-10,3040265742,066-1072-04,"RECEIVER,RADIO",BACG,AUT,,,13.0
2026-08-10,3040265743,066-1072-04,"RECEIVER,RADIO",BAMN,AUT,,,13.0
2026-08-10,3040265744,066-1072-04,"RECEIVER,RADIO",PAMALS,AUT,,,13.0
2026-08-10,3040265745,066-3084-32,IND RDR 2000 IN-182A,PAMALS,AUT,,,13.0
2026-08-10,3040265746,066-3084-32,IND RDR 2000 IN-182A,PAMALS,AUT,,,13.0
2026-08-10,3040265747,30994-001,BATTERY-MARATHON TSP410 NICAD,PAMALS,AUT,,,13.0
2026-08-10,3040265748,30994-001,BATTERY-MARATHON TSP410 NICAD,PAMALS,AUT,,,13.0
2026-08-10,3040265749,30994-001,BATTERY-MARATHON TSP410 NICAD,PAMALS,AUT,,,13.0
2026-08-10,3040265750,30994-001,BATTERY-MARATHON TSP410 NICAD,PAMALS,AUT,,,13.0
2026-08-10,3040265751,30994-001,BATTERY-MARATHON TSP410 NICAD,PAMALS,AUT,,,13.0
2026-08-10,3040265752,2641011-5,AXLE-MAIN GEAR,BAMN,AUT,,,13.0
2026-08-10,3040265753,2641011-5,AXLE-MAIN GEAR,BAMN,AUT,,,13.0
2026-08-10,3040265754,161-11700,INNER WHEEL HALF ASSY,BACO,AUT,,,13.0
2026-08-10,3040265755,161-12800,WHEEL HALF ASSY-INNER,BABE,AUT,,,13.0
2026-08-10,3040265757,066-01141-0101,"RECEIVER,RADIO",PAMALS,AUT,,,13.0
2026-08-10,3040265758,066-01141-0101,"RECEIVER,RADIO",PAMALS,AUT,,,13.0
2026-08-10,3040265759,C660501-0103,"COMPASS,SPEC",DACTA II,AUT,,,13.0
2026-08-10,3040265769,023694-000,BATTERY NICKEL CADMIUM,BAPV,AUT,,,12.0
2026-08-10,3040265771,2651023-23,ENGINE MOUNT ASSEMBLY,PAMALS,AUT,,,12.0
2026-08-10,3040265772,2651023-23,ENGINE MOUNT ASSEMBLY,PAMALS,AUT,,,12.0
2026-08-10,3040265892,324843-0020,HEADSET-MICROPHONE,PAMALS,AUT,,,7.0
2026-08-10,3040265893,324843-0020,HEADSET-MICROPHONE,PAMALS,AUT,,,7.0
2026-08-10,3040265894,324843-0020,HEADSET-MICROPHONE,PAMALS,AUT,,,7.0
2026-08-10,3040265895,324843-0020,HEADSET-MICROPHONE,PAMALS,AUT,,,7.0
2026-08-11,3040249831,066-01141-5101,"RECEIVER-TRANSMITTER,RADIO (KT71)",PAMALS,REC,EM REPARO,LEAP,547.0
2026-08-11,3040250248,452-0133,"BATTERY,NONRECHARGEABLE",BABR,REC,CONDENADO,VEE ONE,531.0
2026-08-11,3040250249,452-0133,"BATTERY,NONRECHARGEABLE",BAMN,REC,CONDENADO,VEE ONE,531.0
2026-08-11,3040250234,3034792,BOMBA DE COMBUSTÍVEL,PAMALS,REC,,BANT,531.0
2026-08-11,3040250816,453-5060,"BEACON,DISTRESS",BAMN,REC,,PAMA-LS,509.0
2026-08-11,3040250830,799-1,TRANSDUCER,BACO,REC,,BANT,509.0
2026-08-11,3040250829,51539-012N,CONTROL UNIT ASSY-GENERATOR,BAMN,OS concluída,,,
2026-08-11,3040250828,51539-012N,CONTROL UNIT ASSY-GENERATOR,BACG,REC,,BABR,509.0
2026-08-11,3040250827,51539-012N,CONTROL UNIT ASSY-GENERATOR,BANT,REC,,BABR,509.0
2026-08-11,3040250831,799-1,TRANSDUCER,BANT,REC,,BANT,509.0
2026-08-11,3040250833,9910586-4,FLAP ACTUATOR AND MOTOR ASSEMBLY,ALA 3,REC,,BAMN,509.0
2026-08-11,3040250834,9910586-4,FLAP ACTUATOR AND MOTOR ASSEMBLY,ALA 3,OS concluída,CONDENADO,,
2026-08-11,3040250832,9910338-4,FUEL TOTALIZER INDICATOR,EEAR,REC,,PAMA-LS,509.0
2026-08-11,3040250835,ASG12000-2,ALTERNATOR,ALA 5,REC,REPARADO,V1 PAMA-LS,509.0
2026-08-11,3040250841,C661030-0301,TURN BANK,PAMALS,REC,EM REPARO,LEAP,509.0
2026-08-11,3040250842,C662041-0102,INDICATOR FUEL,ALA 5,REC,,PAMA-LS,509.0
2026-08-11,3040250844,C662041-0102,INDICATOR FUEL,ALA 9,REC,,PAMA-LS,509.0
2026-08-11,3040250843,C662041-0102,INDICATOR FUEL,ALA 10,OS concluída,REPARADO,,
2026-08-11,3040250719,060-0017-00,FLIGHT DIR HOR,PAMALS,REC,,BANT,509.0
2026-08-11,3040250720,060-0017-00,FLIGHT DIR HOR,BABV,OS concluída,REPARADO,,
2026-08-11,3040250722,066-01141-5101,"RECEIVER-TRANSMITTER,RADIO (KT71)",ALA 9,REC,EM REPARO,WILLIAM,509.0
2026-08-11,3040250723,066-01141-5101,"RECEIVER-TRANSMITTER,RADIO (KT71)",CLA,REC,,BABR,509.0
2026-08-11,3040250721,060-0017-00,FLIGHT DIR HOR,BANT,OS concluída,REPARADO,,
2026-08-11,3040250725,066-3046-07,"CONTROL,INDICATOR",ALA 10,OS concluída,REPARADO,,
2026-08-11,3040250724,066-04035-1101,"DISPLAY UNIT,RADAR",PAMALS,REC,,BANT,509.0
2026-08-11,3040250732,069-1025-25,"RECEIVER-TRANSMITTER,RADIO - KX165",PAMALS,REC,EM REPARO,WILLIAM,509.0
2026-08-11,3040250782,2606012-1,INDICATOR-INTER-TURBINE TEMPERATURE,ALA 9,OS concluída,,,
2026-08-11,3040250775,161-11700,INNER WHEEL HALF ASSY,BABE,OS concluída,CONDENADO,,
2026-08-11,3040250773,161-11700,INNER WHEEL HALF ASSY,EEAR,REC,,BACG,509.0
2026-08-11,3040250718,030-18200,MAIN WHEEL BRAKE,BACO,OS concluída,REPARADO,,
2026-08-11,3040250716,030-18200,MAIN WHEEL BRAKE,BABV,REC,EM REPARO,LEAP,509.0
2026-08-11,3040250717,030-18200,MAIN WHEEL BRAKE,BACO,OS concluída,REPARADO,,
2026-08-11,3040250780,162-11800,WHEEL HALF ASSY-OUTER,PAMALS,OS concluída,,,
2026-08-11,3040250781,162-11800,WHEEL HALF ASSY-OUTER,BACG,OS concluída,,,
2026-08-11,3040250778,161-12800,WHEEL HALF ASSY-INNER,BACG,OS concluída,REPARADO,,
2026-08-11,3040250776,161-12800,WHEEL HALF ASSY-INNER,BABE,OS concluída,CONDENADO,,
2026-08-11,3040250790,2643031-7,"FORK ASSY,NOSE GEAR SPRING",BAMN,OS concluída,CONDENADO,,
2026-08-11,3040250791,2643090-1,SHIMMY DAMPENE,BANT,REC,EM REPARO,AV AERONAUTICA,509.0
2026-08-11,3040250792,2643090-1,SHIMMY DAMPENE,BAMN,REC,REPARADO,V1 PAMA-LS,509.0
2026-08-11,3040250789,2641012-14,TRUNNION ASSY-RH-MAIN GEAR,PAMASP,OS concluída,CONDENADO,,
2026-08-11,3040250793,2643099-4,"SUPPORT ASSY FOWARD, NLG SPRING",BAMN,OS concluída,CONDENADO,,
2026-08-11,3040250798,30994-001,BATTERY-MARATHON TSP410 NICAD,BANT,OS concluída,CONDENADO,AMA - VEE ONE,
2026-08-11,3040252191,C611008-0101,ALTERNATOR CONTROL UNIT,PAMALS,REC,,BABR,476.0
2026-08-11,3040252159,011-00916-00,DISPLAY UNIT GDU 1040A,BAMN,REC,,BAMN,476.0
2026-08-11,3040252161,065-0042-03,COMPUTER PA,ALA 10,REC,EM REPARO,WILLIAM,476.0
2026-08-11,3040252162,065-0042-03,COMPUTER PA,EEAR,REC,,BABE,476.0
2026-08-11,3040252164,065-0042-03,COMPUTER PA,EEAR,REC,EM REPARO,WILLIAM,476.0
2026-08-11,3040252165,065-0042-03,COMPUTER PA,PAMALS,OS concluída,,,
2026-08-11,3040252166,065-0059-01,SERVO PITCH,EEAR,REC,EM REPARO,WILLIAM,476.0
2026-08-11,3040252168,066-03064-0005,"ALTIMETER,SERVO CONTROLLED,AUTOMATIC PRESSURE",ALA 9,OS concluída,REPARADO,,
2026-08-11,3040252173,066-03064-0005,"ALTIMETER,SERVO CONTROLLED,AUTOMATIC PRESSURE",BANT,REC,EM REPARO,LEAP,476.0
2026-08-11,3040252172,066-03064-0005,"ALTIMETER,SERVO CONTROLLED,AUTOMATIC PRESSURE",PAMALS,REC,NO ESTADO,VEE ONE,476.0
2026-08-11,3040252170,066-03064-0005,"ALTIMETER,SERVO CONTROLLED,AUTOMATIC PRESSURE",ALA 7,REC,NO ESTADO,VEE ONE,476.0
2026-08-11,3040252178,066-1072-00,RECEIVER ADF (KING KR87),PAMALS,OS concluída,,,
2026-08-11,3040252182,066-1072-04,"RECEIVER,RADIO",ALA 9,OS concluída,REPARADO,,
2026-08-11,3040252181,066-1072-04,"RECEIVER,RADIO",PAMASP,REC,EM REPARO,WILLIAM,476.0
2026-08-11,3040252180,066-1072-04,"RECEIVER,RADIO",ALA 8,OS concluída,,,
2026-08-11,3040252185,066-1072-04,"RECEIVER,RADIO",BAMN,OS concluída,REPARADO,,
2026-08-11,3040252189,9910338-6,"TRANSMITTER,RATE OF FLOW",ALA 8,OS concluída,REPARADO,,
2026-08-11,3040252190,9910338-6,"TRANSMITTER,RATE OF FLOW",BABR,OS concluída,,,
2026-08-11,3040252160,011-01020-10,AFCS MODE CONTROLLER GMC 710,BAMN,OS concluída,,,
2026-08-11,3040252939,C163030-1001,MAIN W BRAKE A,BABV,REC,,BAMN,446.0
2026-08-11,3040252936,030-18200,MAIN WHEEL BRAKE,BACO,REC,,PAMA-LS,446.0
2026-08-11,3040252935,030-18200,MAIN WHEEL BRAKE,BAMN,OS concluída,CONDENADO,,
2026-08-11,3040252940,30-182,MAIN WHEEL BRAKE,BABV,OS concluída,CONDENADO,,
2026-08-11,3040252942,30-182,MAIN WHEEL BRAKE,BAMN,OS concluída,REPARADO,,
2026-08-11,3040252943,30-182,MAIN WHEEL BRAKE,BAMN,OS concluída,REPARADO,,
2026-08-11,3040253170,161-12800,WHEEL HALF ASSY-INNER,BASM,OS concluída,CONDENADO,,
2026-08-11,3040253168,161-12800,WHEEL HALF ASSY-INNER,BASM,REC,REPARADO,VEE ONE,442.0
2026-08-11,3040253172,161-12800,WHEEL HALF ASSY-INNER,PAMALS,REC,,PROCURANDO,442.0
2026-08-11,3040253174,161-12800,WHEEL HALF ASSY-INNER,PAMALS,OS concluída,CONDENADO,,
2026-08-11,3040253173,161-12800,WHEEL HALF ASSY-INNER,PAMALS,REC,EM REPARO,LEAP,442.0
2026-08-11,3040253176,162-10700,OUTER WHEEL HALF ASSY,BABE,OS concluída,CONDENADO,,
2026-08-11,3040253177,162-10700,OUTER WHEEL HALF ASSY,BABV,REC,REPARADO,VEE ONE,442.0
2026-08-11,3040253178,162-10700,OUTER WHEEL HALF ASSY,PAMALS,REC,,PROCURANDO,442.0
2026-08-11,3040253179,162-11800,WHEEL HALF ASSY-OUTER,CLA,OS concluída,CONDENADO,,
2026-08-11,3040253181,162-11800,WHEEL HALF ASSY-OUTER,PAMALS,OS concluída,REPARADO,,
2026-08-11,3040253180,162-11800,WHEEL HALF ASSY-OUTER,BASM,REC,,PROCURANDO,442.0
2026-08-11,3040253182,162-11800,WHEEL HALF ASSY-OUTER,PAMALS,REC,REPARADO,VEE ONE,442.0
2026-08-11,3040253536,2641012-14,TRUNNION ASSY-RH-MAIN GEAR,PAMALS,OS concluída,CONDENADO,,
2026-08-11,3040253529,066-03064-0005,"ALTIMETER,SERVO CONTROLLED,AUTOMATIC PRESSURE",DSM-MN,REC,DEVOLVIDO NO ESTADO,WILLIAM,432.0
2026-08-11,3040253528,066-03064-0005,"ALTIMETER,SERVO CONTROLLED,AUTOMATIC PRESSURE",BANT,OS concluída,REPARADO,,
2026-08-11,3040253532,799-1,TRANSDUCER,PAMALS,REC,,BANT,432.0
2026-08-11,3040253535,2643099-4,"SUPPORT ASSY FOWARD, NLG SPRING",BABE,REC,CONDENADO,VEE ONE,432.0
2026-08-11,3040253531,799-1,TRANSDUCER,BAMN,REC,,VEE ONE,432.0
2026-08-11,3040253530,799-1,TRANSDUCER,BAMN,REC,,BANT,432.0
2026-08-11,3040253526,30994-001,BATTERY-MARATHON TSP410 NICAD,PAMALS,OS concluída,CONDENADO,AMA - VEE ONE,
2026-08-11,3040253527,30994-001,BATTERY-MARATHON TSP410 NICAD,BAPV,OS concluída,CONDENADO,AMA - VEE ONE,
2026-08-11,3040254195,540-1407-4,"VALVE,BLEED,TURBINEENGINE",PAMALS,REC,,BANT,414.0
2026-08-11,3040254201,2643090-3,SHIMMY DAMPER-NOSE GEAR,PAMALS,REC,REPARADO,V1 PAMA-LS,414.0
2026-08-11,3040254203,SE1070-6,SHIMMY DAMPENER ASSY,BACGINAT,OS concluída,,,
2026-08-11,3040254205,C660501-0103,"COMPASS,SPEC",PAMALS,REC,REPARADO,V1 PAMA-LS,414.0
2026-08-11,3040254206,C660501-0103,"COMPASS,SPEC",ALA 8,REC,EM REPARO EM GARANTIA,WILLIAM,414.0
2026-08-11,3040254208,C660501-0103,"COMPASS,SPEC",BABV,REC,REPARADO,V1 PAMA-LS,414.0
2026-08-11,3040254210,799-1,TRANSDUCER,BANT,REC,,BANT,414.0
2026-08-11,3040254792,2606013-1RX,INDICATOR-PERCENT RPM,BABR,REC,,BANT,405.0
2026-08-11,3040254770,069-1025-25,"RECEIVER-TRANSMITTER,RADIO - KX165",ALA 9,REC,EM REPARO,WILLIAM,405.0
2026-08-11,3040254799,453-5000-710,EMERGENCY LOCATOR TRANSMITTER MODEL C406-2,PAMASP,OS concluída,,,
2026-08-11,3040254806,C352TS,"EXTINGUISHER,FIRE",PAMALS,REC,REPARADO,V1 PAMA-LS,405.0
2026-08-11,3040254805,C352TS,"EXTINGUISHER,FIRE",PAMALS,OS concluída,,,
2026-08-11,3040254810,C352TS,"EXTINGUISHER,FIRE",PAMALS,OS concluída,,,
2026-08-11,3040254809,C352TS,"EXTINGUISHER,FIRE",PAMAGL,OS concluída,,,
2026-08-11,3040254803,C352TS,"EXTINGUISHER,FIRE",2 ETA,REC,REPARADO,V1 PAMA-LS,405.0
2026-08-11,3040254808,C352TS,"EXTINGUISHER,FIRE",BABR,REC,REPARADO,V1 PAMA-LS,405.0
2026-08-11,3040254795,D145-00-46-2,FLAP ACTUATOR ASSY,BABE,REC,,PAMA-LS,405.0
2026-08-11,3040254793,D145-00-46-2,FLAP ACTUATOR ASSY,PAMALS,REC,,PAMA-LS,405.0
2026-08-11,3040254815,C482001-0402,VACUUM REGULAT,PAMALS,REC,CONDENADO,VEE ONE,405.0
2026-08-11,3040254816,C482001-0402,VACUUM REGULAT,PAMALS,REC,CONDENADO,VEE ONE,405.0
2026-08-11,3040254820,2641011-5,AXLE-MAIN GEAR,BAMN,OS concluída,REPARADO,,
2026-08-11,3040254817,2641011-5,AXLE-MAIN GEAR,BABE,OS concluída,NO ESTADO,,
2026-08-11,3040254818,2641011-5,AXLE-MAIN GEAR,BABE,OS concluída,,,
2026-08-11,3040254819,2641011-5,AXLE-MAIN GEAR,BANT,OS concluída,REPARADO,,
2026-08-11,3040254796,30994-001,BATTERY-MARATHON TSP410 NICAD,BAMN,OS concluída,REPARADO,,
2026-08-11,3040254789,452-0133,"BATTERY,NONRECHARGEABLE",BAMN,REC,CONDENADO,VEE ONE,405.0
2026-08-11,3040254788,452-0133,"BATTERY,NONRECHARGEABLE",BAMN,REC,CONDENADO,VEE ONE,405.0
2026-08-11,3040254787,452-0133,"BATTERY PACK,AIRCRAFT",DACTA II,REC,CONDENADO,VEE ONE,405.0
2026-08-11,3040254786,452-0133,"BATTERY PACK,AIRCRAFT",BAMN,REC,CONDENADO,VEE ONE,405.0
2026-08-11,3040254785,452-0133,"BATTERY,NONRECHARGEABLE",BAMN,REC,CONDENADO,VEE ONE,405.0
2026-08-11,3040254784,452-0133,"BATTERY,NONRECHARGEABLE",DACTA II,REC,CONDENADO,VEE ONE,405.0
2026-08-11,3040255326,011-00916-00,DISPLAY UNIT GDU 1040A,BAMN,REC,,BAMN,396.0
2026-08-11,3040255319,702801-5,FUEL PUMP,PAMASP,REC,EM REPARO,VEE ONE,396.0
2026-08-11,3040255321,8210-002,"GOVERNOR,CONSTANT SPEED DRIVE",PAMALS,OS concluída,,,
2026-08-11,3040255461,DAAS-A-010-1,ADAS-D PROCESSOR,PAMALS,REC,EM REPARO,VEE ONE,392.0
2026-08-11,3040255589,071-01519-0101,"RECEIVER-EXCITER,RADAR",BANT,REC,,PROCURANDO,390.0
2026-08-11,3040255590,071-01519-0101,"RECEIVER-EXCITER,RADAR",PAMALS,OS concluída,REPARADO,,
2026-08-11,3040255706,C661064-0237,AIRSPEED INDICATOR,BAMN,OS concluída,,,
2026-08-11,3040256114,5934PAD-3,"ALTIMETER,PRESSURE",PAMALS,REC,EM REPARO,VEE ONE,376.0
2026-08-11,3040256119,011-00878-10,GSA-81 TORQUE SERVO,BAPV,REC,EM REPARO,LEAP,376.0
2026-08-11,3040256112,011-00883-20,RADAR GWX 68 WEATHER,BABE,REC,,BAMN,376.0
2026-08-11,3040256115,5934PAD-3,"ALTIMETER,PRESSURE",PAMALS,OS concluída,REPARADO,,
2026-08-11,3040256118,011-00878-10,GSA-81 TORQUE SERVO,BAPV,REC,,BACO,376.0
2026-08-11,3040256120,011-00916-10,"DISPLAY UNIT,FLIGHT INFORMATION",BAMN,OS concluída,,,
2026-08-11,3040256314,066-4010-12,RECEIVER VOR/LOC (KNS81),EEAR,REC,EM REPARO,LEAP,363.0
2026-08-11,3040256311,3121248-03,"VALVE ASSEMBLY,COMPRESSOR BLEED",PAMALS,OS concluída,,,
2026-08-11,3040256704,C661064-0237,AIRSPEED INDICATOR,PAMALS,OS concluída,,,
2026-08-11,3040256707,D210507,"GOVERNOR,OVERSPEED",PAMALS,OS concluída,,,
2026-08-11,3040256708,D210507,"GOVERNOR,OVERSPEED",PAMALS,REC,REPARADO,VEE ONE,354.0
2026-08-11,3040256702,C661064-0237,AIRSPEED INDICATOR,BABR,OS concluída,,,
2026-08-11,3040256703,C661064-0237,AIRSPEED INDICATOR,PAMALS,OS concluída,REPARADO,,
2026-08-11,3040256662,030-18200,MAIN WHEEL BRAKE,BASM,OS concluída,,,
2026-08-11,3040256665,161-11700,INNER WHEEL HALF ASSY,BABV,OS concluída,,,
2026-08-11,3040256666,161-11700,INNER WHEEL HALF ASSY,PAMALS,OS concluída,,,
2026-08-11,3040256667,161-11700,INNER WHEEL HALF ASSY,PAMALS,OS concluída,,,
2026-08-11,3040256668,161-11700,INNER WHEEL HALF ASSY,PAMALS,OS concluída,CONDENADO,,
2026-08-11,3040256669,161-11700,INNER WHEEL HALF ASSY,PAMALS,OS concluída,,,
2026-08-11,3040256670,161-11700,INNER WHEEL HALF ASSY,PAMALS,OS concluída,CONDENADO,,
2026-08-11,3040256671,161-11700,INNER WHEEL HALF ASSY,PAMALS,REC,REPARADO,VEE ONE,354.0
2026-08-11,3040256698,030-18200,MAIN WHEEL BRAKE,PAMASP,REC,,PROCURANDO,354.0
2026-08-11,3040256713,030-18200,MAIN WHEEL BRAKE,ALA 3,REC,,BAMN,354.0
2026-08-11,3040256694,162-11800,WHEEL HALF ASSY-OUTER,BANT,OS concluída,REPARADO,,
2026-08-11,3040256696,162-11800,WHEEL HALF ASSY-OUTER,PAMALS,REC,,PAMA-LS,354.0
2026-08-11,3040256672,161-12800,WHEEL HALF ASSY-INNER,PAMALS,REC,REPARADO,VEE ONE,354.0
2026-08-11,3040256675,161-12800,WHEEL HALF ASSY-INNER,BANT,OS concluída,REPARADO,,
2026-08-11,3040256792,011-00877-00,"GSA-80 SERVO ROL,YAW,SPEC",BAMN,REC,,PROCURANDO,354.0
2026-08-11,3040256787,011-00877-00,"GSA-80 SERVO ROL,YAW,SPEC",PAMALS,REC,EM REPARO,VEE ONE,354.0
2026-08-11,3040256828,011-00883-20,RADAR GWX 68 WEATHER,PAMALS,REC,CONDENADO,V1 PAMA-LS,354.0
2026-08-11,3040256709,3121248-03,"VALVE ASSEMBLY,COMPRESSOR BLEED",PAMASP,REC,,BANT,351.0
2026-08-11,3040256673,161-12800,WHEEL HALF ASSY-INNER,PAMALS,REC,CONDENADO,VEE ONE,351.0
2026-08-11,3040257095,011-01105-01,INTEGRATED AVIONICS UNIT GIA63W,BABE,REC,EM REPARO,VEE ONE,347.0
2026-08-11,3040257096,011-01105-01,INTEGRATED AVIONICS UNIT GIA63W,BABE,REC,,BAMN,347.0
2026-08-11,3040257093,065-00183-0501,AUTOPILOT COMPUTER KFC225,BABE,REC,,BANT,347.0
2026-08-11,3040257094,065-00183-0501,AUTOPILOT COMPUTER KFC225,BABE,REC,,BANT,347.0
2026-08-11,3040257443,161-12800,WHEEL HALF ASSY-INNER,ALA 3,AUT,,NÃO TEVE MOVIMENTAÇÃO,335.0
2026-08-11,3040257442,C163030-1001,MAIN W BRAKE A,BAMN,OS concluída,REPARADO,VEE ONE,
2026-08-11,3040257452,3244809-8,"FUEL CONTROL,MAIN,TURBINE ENGINE",BAPV,OS concluída,REPARADO,,
2026-08-11,3040257454,EA-5172-45-CES,"INDICATOR,AIRSPEED",BACG,OS concluída,,,
2026-08-11,3040257453,EA-5172-45-CES,"INDICATOR,AIRSPEED",ALA 7,REC,DEVOLVIDO NO ESTADO,WILLIAM,328.0
2026-08-11,3040257451,3244809-7,"FUEL CONTROL,MAIN,TURBINE ENGINE",PAMASP,REC,,BANT,328.0
2026-08-11,3040257450,3244809-4,"FUEL CONTROL,MAIN,TURBINE ENGINE",PAMASP,OS concluída,EM REPARO,LEAP,
2026-08-11,3040257438,030-18200,MAIN WHEEL BRAKE,BAMN,REC,REPARADO,VEE ONE,328.0
2026-08-11,3040257444,162-10700,OUTER WHEEL HALF ASSY,PAMALS,OS concluída,CONDENADO,,
2026-08-11,3040257447,162-10700,OUTER WHEEL HALF ASSY,PAMALS,OS concluída,CONDENADO,,
2026-08-11,3040257436,30994-001,BATTERY-MARATHON TSP410 NICAD,PAMALS,OS concluída,CONDENADO,AMA - VEE ONE,
2026-08-11,3040257441,030-18200,MAIN WHEEL BRAKE,BAPV,REC,,BAMN,328.0
2026-08-11,3040257440,030-18200,MAIN WHEEL BRAKE,BANT,REC,CONDENADO,VEE ONE,328.0
2026-08-11,3040257439,030-18200,MAIN WHEEL BRAKE,BAMN,REC,,BAMN,328.0
2026-08-11,3040258306,D210507,"GOVERNOR,OVERSPEED",PAMALS,REC,EM REPARO,LEAP,308.0
2026-08-11,3040258310,D210507,"GOVERNOR,OVERSPEED",BACO,OS concluída,,,
2026-08-11,3040258309,D210507,"GOVERNOR,OVERSPEED",BAMN,REC,EM REPARO,LEAP,308.0
2026-08-11,3040258308,D210507,"GOVERNOR,OVERSPEED",BAMN,OS concluída,REPARADO,,
2026-08-11,3040258307,D210507,"GOVERNOR,OVERSPEED",ALA 5,OS concluída,,,
2026-08-11,3040258303,011-00877-00,"GSA-80 SERVO ROL,YAW,SPEC",DACTA II,REC,EM REPARO,VEE ONE,308.0
2026-08-11,3040258422,2601188-8,COMPRESSOR DRIVE ASSY R134A,PAMASP,REC,,PROCURANDO,306.0
2026-08-11,3040258419,011-00877-00,"GSA-80 SERVO ROL,YAW,SPEC",DACTA II,REC,EM REPARO,VEE ONE,306.0
2026-08-11,3040258420,011-00877-00,"GSA-80 SERVO ROL,YAW,SPEC",BACO,REC,EM REPARO,VEE ONE,306.0
2026-08-11,3040258421,011-00877-00,"GSA-80 SERVO ROL,YAW,SPEC",BABE,REC,,BACO,306.0
2026-08-11,3040258764,069-01034-0102,"NAVIGATION SET,SATELLITE SIGNALS KLN-94",PAMALS,REC,,BANT,299.0
2026-08-11,3040259152,066-01141-5101,"TRANSPONDER,RADAR",BABE,REC,,BANT,280.0
2026-08-11,3040259151,066-01141-5101,"TRANSPONDER,RADAR",BANT,REC,REPARADO,V1 PAMA-LS,280.0
2026-08-11,3040259251,064-1019-05,VHF TRANSCEIVE KY196,EEAR,REC,,EEAR,278.0
2026-08-11,3040259146,1U149-015-15,HORIZ. GYRO-STADBY,PAMALS,REC,EM REPARO,VEE ONE,277.0
2026-08-11,3040259147,162-10700,OUTER WHEEL HALF ASSY,BANT,REC,EM REPARO,AMA - VEE ONE,277.0
2026-08-11,3040259148,3049038-03,"VALVE,COMPRESSOR BLEED",BANT,OS concluída,,,
2026-08-11,3040259316,2606015-4,INDICATOR-OIL TEMP/OIL PRESS,BACG,REC,REPARADO,V1 PAMA-LS,274.0
2026-08-11,3040259564,C414007-0102,BLOWER ASSY,PAMALS,OS concluída,,,
2026-08-11,3040259568,C414007-0102,BLOWER ASSY,ALA 10,OS concluída,,,
2026-08-11,3040259570,C414007-0102,BLOWER ASSY,ALA 10,OS concluída,,,
2026-08-11,3040259694,025323-150,FUEL PUMP,PAMASP,REC,,BACO,266.0
2026-08-11,3040259922,C414007-0102,BLOWER ASSY,BANT,REC,REPARADO,V1 PAMA-LS,259.0
2026-08-11,3040259928,C414007-0102,BLOWER ASSY,PAMALS,REC,EM REPARO,VEE ONE,259.0
2026-08-11,3040259924,C414007-0102,BLOWER ASSY,BACG,REC,EM REPARO,VEE ONE,259.0
2026-08-11,3040259918,C414007-0102,BLOWER ASSY,ALA 10,REC,EM REPARO,VEE ONE,259.0
2026-08-11,3040259950,065-0060-01,"CONTROL,SERVO,AUTOMATIC PILOT",PAMALS,REC,EM REPARO,LEAP,259.0
2026-08-11,3040259949,065-0060-01,"CONTROL,SERVO,AUTOMATIC PILOT",PAMALS,REC,EM REPARO,LEAP,259.0
2026-08-11,3040259947,066-3046-07,"CONTROL,INDICATOR",EEAR,OS concluída,REPARADO,,
2026-08-11,3040259946,066-3046-07,"CONTROL,INDICATOR",BANT,REC,,BANT,259.0
2026-08-11,3040259944,066-3046-07,"CONTROL,INDICATOR",EEAR,REC,,PAMA-LS,259.0
2026-08-11,3040260209,011-00916-00,DISPLAY UNIT GDU 1040A,PAMALS,REC,,BAMN,245.0
2026-08-11,3040260208,324843-W020,HEADSET-MICROPHONE,PAMALS,REC,VAI SER DEVOLVIDO SEM REPARO,WILLIAM,245.0
2026-08-11,3040260204,324843-W020,HEADSET-MICROPHONE,PAMALS,OS concluída,REPARADO,,
2026-08-11,3040260205,324843-W020,HEADSET-MICROPHONE,PAMALS,OS concluída,REPARADO,,
2026-08-11,3040260388,SD5H14C4527,AIR COMPRESSOR,PAMALS,REC,EM REPARO,VEE ONE,238.0
2026-08-11,3040260382,065-00183-0501,AUTOPILOT COMPUTER KFC225,BANT,REC,,BANT,238.0
2026-08-11,3040260389,SD5H14C4527,AIR COMPRESSOR,PAMALS,REC,EM REPARO,VEE ONE,238.0
2026-08-11,3040260517,ASG12000-2,ALTERNATOR,PAMALS,OS concluída,,,
2026-08-11,3040260524,51539-012M,CONTROL UNIT ASSY-GENERATOR,BANT,REC,,BACG,235.0
2026-08-11,3040260516,ASG12000-2,ALTERNATOR,PAMALS,REC,REPARADO,V1 PAMA-LS,235.0
2026-08-11,3040260523,9910592-2,ALTERNADOR,BAMN,REC,REPARADO,V1 PAMA-LS,235.0
2026-08-11,3040260522,9910592-2,ALTERNADOR,BAMN,REC,REPARADO,V1 PAMA-LS,235.0
2026-08-11,3040260547,161-12800,WHEEL HALF ASSY-INNER,EPCAR,OS concluída,REPARADO,VEE ONE,
2026-08-11,3040260545,161-11700,INNER WHEEL HALF ASSY,BACG,REC,REPARADO,VEE ONE,217.0
2026-08-11,3040260544,161-11700,INNER WHEEL HALF ASSY,BANT,REC,REPARADO,VEE ONE,217.0
2026-08-11,3040260546,161-12800,WHEEL HALF ASSY-INNER,PAMALS,REC,REPARADO,VEE ONE,217.0
2026-08-11,3040260548,161-11700,INNER WHEEL HALF ASSY,CLA,REC,REPARADO,VEE ONE,217.0
2026-08-11,3040260549,162-10700,OUTER WHEEL HALF ASSY,BACG,REC,REPARADO,VEE ONE,217.0
2026-08-11,3040260550,162-10700,OUTER WHEEL HALF ASSY,CLA,REC,REPARADO,VEE ONE,217.0
2026-08-11,3040260551,162-11800,WHEEL HALF ASSY-OUTER,BANT,REC,REPARADO,VEE ONE,217.0
2026-08-11,3040260552,30994-001,BATTERY-MARATHON TSP410 NICAD,BABE,OS concluída,CONDENADO,AMA - VEE ONE,
2026-08-11,3040260543,324843-W020,HEADSET-MICROPHONE,PAMALS,REC,VAI SER DEVOLVIDO SEM REPARO,WILLIAM,217.0
2026-08-11,3040260542,324843-W020,HEADSET-MICROPHONE,PAMALS,REC,,BABE,217.0
2026-08-11,3040260541,324843-W020,HEADSET-MICROPHONE,PAMALS,OS concluída,REPARADO,,
2026-08-11,3040260540,324843-W020,HEADSET-MICROPHONE,PAMALS,OS concluída,REPARADO,,
2026-08-11,3040260538,324843-W020,HEADSET-MICROPHONE,PAMALS,REC,,BABE,217.0
2026-08-11,3040260539,324843-W020,HEADSET-MICROPHONE,PAMALS,REC,,BABE,217.0
2026-08-11,3040260595,9910586-4,FLAP ACTUATOR AND MOTOR ASSEMBLY,7 ETA,REC,,BAMN,217.0
2026-08-11,3040260597,9910586-4,FLAP ACTUATOR AND MOTOR ASSEMBLY,BAPV,REC,REPARADO,VEE ONE,217.0
2026-08-11,3040260583,3244897-4,FUEL CONTROL UNIT,PAMALS,OS concluída,,,
2026-08-11,3040260750,3122678-04,FUEL CONTROL UNIT,PAMASP,REC,,BANT,209.0
2026-08-11,3040260752,3244897-4,FUEL CONTROL UNIT,PAMASP,OS concluída,REPARADO,,
2026-08-11,3040260753,3244809-7,"FUEL CONTROL,MAIN,TURBINE ENGINE",PAMASP,OS concluída,REPARADO,,
2026-08-11,3040260754,3244809-1,"FUEL CONTROL,MAIN,TURBINE ENGINE",PAMASP,REC,EM QUARENTENA,LEAP,209.0
2026-08-11,3040254794,C145-350,"MOTOR,DIRECT CURRENT",PAMALS,OS concluída,,,
2026-08-11,3040260913,064-1054-30,RECEIVER-TRANSMITTER SUBASSEMBLY,EPCAR,REC,REPARADO,V1 PAMA-LS,197.0
2026-08-11,3040260915,064-1054-30,RECEIVER-TRANSMITTER SUBASSEMBLY,PAMALS,REC,REPARADO,V1 PAMA-LS,197.0
2026-08-11,3040260811,3034792,BOMBA DE COMBUSTÍVEL,BAPV,REC,,BABR,195.0
2026-08-11,3040260812,3034792,BOMBA DE COMBUSTÍVEL,BACG,OS concluída,,,
2026-08-11,3040260922,162-11800,WHEEL HALF ASSY-OUTER,PAMALS,OS concluída,,,
2026-08-11,3040260923,030-18200,MAIN WHEEL BRAKE,BACO,REC,REPARADO,VEE ONE,195.0
2026-08-11,3040261389,3034792,BOMBA DE COMBUSTÍVEL,PAMASP,REC,REPARADO,V1 PAMA-LS,182.0
2026-08-11,3040261388,3034792,BOMBA DE COMBUSTÍVEL,BABR,OS concluída,REPARADO,,
2026-08-11,3040261387,3034792,BOMBA DE COMBUSTÍVEL,BABR,OS concluída,REPARADO,,
2026-08-11,3040261371,TFF2905-13,FUEL FLOW TRANSDUCER,ALA 8,REC,EM REPARO,WILLIAM,182.0
2026-08-11,3040261375,C661065-0240RX,"INDICATOR, AIRSPEED",BACG,REC,EM REPARO,WILLIAM,182.0
2026-08-11,3040261373,C661065-0240,AIRSPEED INDICATOR,BABE,REC,REPARADO,V1 PAMA-LS,182.0
2026-08-11,3040261322,011-00831-00,"ENGINE INTERFA,SPEC",BAPV,REC,REPARADO,VEE ONE,182.0
2026-08-11,3040261326,011-00882-10,"COMPUTER,AIR DATA",BAMN,OS concluída,,,
2026-08-11,3040261324,011-00882-10,"COMPUTER,AIR DATA",BAMN,OS concluída,,,
2026-08-11,3040261327,064-1054-30,RECEIVER-TRANSMITTER SUBASSEMBLY,PAMASP,REC,REPARADO,V1 PAMA-LS,182.0
2026-08-11,3040261336,066-01141-0101,"RECEIVER,RADIO",BANT,REC,REPARADO,V1 PAMA-LS,182.0
2026-08-11,3040261334,065-0065-01,SELECTOR ALT,BANT,REC,EM REPARO,WILLIAM,182.0
2026-08-11,3040261331,065-0061-36,ACTUATOR TRIM (KS272A),PAMASP,REC,,BABR,182.0
2026-08-11,3040261329,065-0061-36,ACTUATOR TRIM (KS272A),ALA 10,OS concluída,REPARADO,,
2026-08-11,3040261335,065-0065-01,SELECTOR ALT,BANT,REC,EM REPARO,WILLIAM,182.0
2026-08-11,3040261342,066-3084-02,COLOR RADAR INDICATOR,BABV,REC,EM REPARO,WILLIAM,182.0
2026-08-11,3040261340,066-1053-00,"RECEIVER,RADIO",BASM,REC,REPARADO,V1 PAMA-LS,182.0
2026-08-11,3040261377,066-3054-01,INDICATOR RADAR ALTIMETER - TYPE KI250,PAMALS,REC,EM REPARO,WILLIAM,182.0
2026-08-11,3040261376,066-1061-03,RT RADAR ALTIM (KRA10A),PAMALS,REC,PARA REPARO,VEE ONE,182.0
2026-08-11,3040261352,1134380-4,EVAPORATOR MODULE ASSY-RH,BAMN,REC,CONDENADO,VEE ONE,182.0
2026-08-11,3040261347,071-1234-00,ANTENNA ACCESSORY,ALA 1,REC,EM REPARO,WILLIAM,182.0
2026-08-11,3040261344,066-4010-12,RECEIVER VOR/LOC (KNS81),ALA 10,REC,EM REPARO,WILLIAM,182.0
2026-08-11,3040261353,1H75-21,PRESSURE REGULATOR,BAMN,REC,,BAMN,182.0
2026-08-11,3040261357,2682001-1,BRAKE CYL MAST,BABE,OS concluída,REPARADO,,
2026-08-11,3040261356,2670104-2,ANNUNCIATOR PANEL,PAMALS,REC,REPARADO,VEE ONE,182.0
2026-08-11,3040261355,2643100-201,NOSE GEAR STRUT ASSY - TALL FORK,BABR,OS concluída,REPARADO,,
2026-08-11,3040261354,2643100-201,NOSE GEAR STRUT ASSY - TALL FORK,BANT,REC,EM REPARO,AV AERONAUTICA,182.0
2026-08-11,3040261364,8210-002-01,GOVERNOR PROPELLER,PAMASP,REC,REPARADO,VEE ONE,182.0
2026-08-11,3040261627,S3828-1,ALTIMETER,BAMN,REC,EM REPARO,WILLIAM,168.0
2026-08-11,3040261628,S3828-1,ALTIMETER,BABE,REC,REPARADO,V1 PAMA-LS,168.0
2026-08-11,3040261851,51539-012MRX,CONTROL UNIT ASSY-GENERATOR,BABE,REC,EM REPARO,VEE ONE,160.0
2026-08-11,3040261852,51539-012MRX,CONTROL UNIT ASSY-GENERATOR,BABE,REC,EM REPARO,VEE ONE,160.0
2026-08-11,3040261843,3034792,BOMBA DE COMBUSTÍVEL,PAMALS,REC,EM REPARO,VEE ONE,155.0
2026-08-11,3040262245,200SGL119Q-2,STARTER GENERATOR,BAMN,OS concluída,REPARADO,,
2026-08-11,3040262246,200SGL119Q-2,STARTER GENERATOR,BAMN,OS concluída,REPARADO,,
2026-08-11,3040262273,324843-W020,HEADSET-MICROPHONE,BABE,OS concluída,REPARADO,,
2026-08-11,3040262275,324843-W020,HEADSET-MICROPHONE,BANT,OS concluída,REPARADO,,
2026-08-11,3040262363,066-1055-00,AUDIO CONTROL PANEL,ALA 5,OS concluída,,,
2026-08-11,3040262367,066-1055-00,AUDIO CONTROL PANEL,ALA 9,REC,EM REPARO,WILLIAM,138.0
2026-08-11,3040262368,066-1055-00,AUDIO CONTROL PANEL,CLA,OS concluída,,,
2026-08-11,3040262372,51539-012M,CONTROL UNIT ASSY-GENERATOR,BANT,REC,,V1 PAMA-LS,138.0
2026-08-11,3040262371,51539-012N,CONTROL UNIT ASSY-GENERATOR,BANT,REC,REPARADO,V1 PAMA-LS,138.0
2026-08-11,3040262419,065-0061-36,ACTUATOR TRIM (KS272A),ALA 9,REC,EM REPARO,WILLIAM,133.0
2026-08-11,3040262734,C352,PORTABLE HALON FIRE EXTINGUISHERS,ALA 5,REC,EM REPARO,AV AERONAUTICA,120.0
2026-08-11,3040262738,C352TS,"EXTINGUISHER,FIRE",BANT,REC,,PROCURANDO,120.0
2026-08-11,3040262739,C352TS,"EXTINGUISHER,FIRE",BANT,REC,,PROCURANDO,120.0
2026-08-11,3040262740,C352TS,"EXTINGUISHER,FIRE",PAMALS,REC,,PROCURANDO,120.0
2026-08-11,3040262766,011-00883-20,RADAR GWX 68 WEATHER,BAMN,OS concluída,EM REPARO,VEE ONE,
2026-08-11,3040262765,011-00883-20,RADAR GWX 68 WEATHER,BAMN,REC,EM REPARO,VEE ONE,120.0
2026-08-11,3040262772,011-01020-10,AFCS MODE CONTROLLER GMC 710,BAMN,REC,EM REPARO,WILLIAM,120.0
2026-08-11,3040262770,011-01020-10,AFCS MODE CONTROLLER GMC 710,BAMN,REC,EM REPARO,WILLIAM,120.0
2026-08-11,3040262773,011-01020-10,AFCS MODE CONTROLLER GMC 710,BAMN,REC,EM REPARO,WILLIAM,120.0
2026-08-11,3040262746,066-1070-01,TRANSCEIVER DME (KN63),BABE,REC,EM REPARO,WILLIAM,120.0
2026-08-11,3040262745,064-1019-05,VHF TRANSCEIVE KY196,EEAR,REC,EM REPARO,VEE ONE,120.0
2026-08-11,3040262747,066-1072-00,RECEIVER ADF (KING KR87),ALA 7,REC,EM REPARO,WILLIAM,120.0
2026-08-11,3040262748,066-3046-07,"CONTROL,INDICATOR",BABR,REC,,BANT,120.0
2026-08-11,3040262769,066-3046-07,"CONTROL,INDICATOR",BABR,REC,,BANT,120.0
2026-08-11,3040262768,066-3046-07,"CONTROL,INDICATOR",EEAR,REC,EM REPARO,LEAP,120.0
2026-08-11,3040262767,066-3046-07,"CONTROL,INDICATOR",EEAR,REC,EM REPARO,LEAP,120.0
2026-08-11,3040262791,066-3060-00,IND RMI KNI582,BANT,REC,EM REPARO,LEAP,120.0
2026-08-11,3040262630,161-11700,INNER WHEEL HALF ASSY,BANT,REC,REPARADO,VEE ONE,120.0
2026-08-11,3040262792,066-3060-00,IND RMI KNI582,BANT,REC,EM REPARO,LEAP,120.0
2026-08-11,3040262634,162-10700,OUTER WHEEL HALF ASSY,BANT,REC,REPARADO,VEE ONE,120.0
2026-08-11,3040262632,161-12800,WHEEL HALF ASSY-INNER,BANT,OS concluída,REPARADO,VEE ONE,
2026-08-11,3040262633,161-12800,WHEEL HALF ASSY-INNER,BANT,REC,REPARADO,VEE ONE,120.0
2026-08-11,3040262635,162-11800,WHEEL HALF ASSY-OUTER,EPCAR,REC,REPARADO,VEE ONE,120.0
2026-08-11,3040262637,162-11800,WHEEL HALF ASSY-OUTER,BANT,REC,REPARADO,VEE ONE,120.0
2026-08-11,3040262636,162-11800,WHEEL HALF ASSY-OUTER,BANT,REC,REPARADO,VEE ONE,120.0
2026-08-11,3040262646,200SGL119Q,STARTER GENERATOR,PAMASP,OS concluída,,,
2026-08-11,3040262639,200SGL119Q,STARTER GENERATOR,PAMASP,OS concluída,,PAMA-LS,
2026-08-11,3040262638,200SGL119Q,STARTER GENERATOR,PAMALS,REC,EM REPARO,AV AERONAUTICA,120.0
2026-08-11,3040262757,2606015-2,IND OIL TEMP/P,PAMALS,REC,EM REPARO,VEE ONE,120.0
2026-08-11,3040262706,2641011-5,AXLE-MAIN GEAR,BAMN,REC,,BANT,120.0
2026-08-11,3040262707,2641011-5,AXLE-MAIN GEAR,BABV,REC,REPARADO,VEE ONE,120.0
2026-08-11,3040262717,2641011-5,AXLE-MAIN GEAR,BANT,REC,REPARADO,VEE ONE,120.0
2026-08-11,3040262714,2641011-5,AXLE-MAIN GEAR,BAPV,REC,,BANT,120.0
2026-08-11,3040262713,2641011-5,AXLE-MAIN GEAR,BAPV,REC,REPARADO,VEE ONE,120.0
2026-08-11,3040262712,2641011-5,AXLE-MAIN GEAR,BABR,REC,,BANT,120.0
2026-08-11,3040262711,2641011-5,AXLE-MAIN GEAR,BABR,REC,,BANT,120.0
2026-08-11,3040262709,2641011-5,AXLE-MAIN GEAR,PAMALS,REC,,BANT,120.0
2026-08-11,3040262708,2641011-5,AXLE-MAIN GEAR,PAMALS,REC,,BANT,120.0
2026-08-11,3040262744,3244809-1A,F.C.U,PAMALS,REC,EM REPARO,LEAP,120.0
2026-08-11,3040262758,9910338-4,FUEL TOTALIZER INDICATOR,PAMALS,REC,EM REPARO,VEE ONE,120.0
2026-08-11,3040262759,9910338-6,"TRANSMITTER,RATE OF FLOW",BAMN,REC,EM REPARO,WILLIAM,120.0
2026-08-11,3040262760,9910338-6,"TRANSMITTER,RATE OF FLOW",BANT,REC,EM REPARO,VEE ONE,120.0
2026-08-11,3040262966,2682001-1,BRAKE CYL MAST,BACO,OS concluída,,PAMA-LS,
2026-08-11,3040262967,2682001-1,BRAKE CYL MAST,PAMALS,REC,REPARADO,V1 PAMA-LS,118.0
2026-08-11,3040262968,2682001-1,BRAKE CYL MAST,BANT,OS concluída,,PAMA-LS,
2026-08-11,3040262969,2682001-1,BRAKE CYL MAST,BABE,REC,REPARADO,V1 PAMA-LS,118.0
2026-08-11,3040263069,453-5060,ELT C406-N,BABE,OS concluída,,,
2026-08-11,3040263283,D145-00-46-2,FLAP ACTUATOR ASSY,PAMALS,REC,EM REPARO,LEAP,103.0
2026-08-11,3040263284,D145-00-46-2,FLAP ACTUATOR ASSY,BAFL,REC,EM REPARO,LEAP,103.0
2026-08-11,3040263324,069-01033-0101,"RECEIVER-TRANSMITTER,RADIO",PAMALS,REC,EM REPARO,LEAP,103.0
2026-08-11,3040263287,C661065-0237,AIRSPEED INDICATOR,BABR,REC,REPARADO,VEE ONE,103.0
2026-08-11,3040263288,C661065-0237,AIRSPEED INDICATOR,PAMASP,REC,REPARADO,VEE ONE,103.0
2026-08-11,3040263314,060-0017-00,FLIGHT DIR HOR,EEAR,REC,EM REPARO,LEAP,103.0
2026-08-11,3040263319,066-1055-00,AUDIO CONTROL PANEL,BABE,REC,REPARADO,VEE ONE,103.0
2026-08-11,3040263317,060-0017-00,FLIGHT DIR HOR,PAMASP,REC,,BANT,103.0
2026-08-11,3040263316,060-0017-00,FLIGHT DIR HOR,BANT,REC,,BANT,103.0
2026-08-11,3040263320,066-1055-00,AUDIO CONTROL PANEL,PAMALS,REC,EM REPARO,AV AERONAUTICA,103.0
2026-08-11,3040263325,069-01033-0101,"RECEIVER-TRANSMITTER,RADIO",PAMALS,REC,,PROCURANDO,103.0
2026-08-11,3040263335,C611008-0101,ALTERNATOR CONTROL UNIT,PAMALS,REC,EM REPARO,AV AERONAUTICA,103.0
2026-08-11,3040263336,C611008-0101,ALTERNATOR CONTROL UNIT,PAMALS,REC,EM REPARO,AV AERONAUTICA,103.0
2026-08-11,3040263286,C661065-0237,AIRSPEED INDICATOR,BANT,REC,DEVOLVIDO NO ESTADO,WILLIAM,103.0
2026-08-11,3040263322,066-1055-00,AUDIO CONTROL PANEL,ALA 9,REC,EM REPARO,WILLIAM,103.0
2026-08-11,3040263326,069-01033-0101,"RECEIVER-TRANSMITTER,RADIO",PAMALS,REC,,BANT,103.0
2026-08-11,3040263315,060-0017-00,FLIGHT DIR HOR,BACG,OS concluída,,BABR,
2026-08-11,3040263334,011-00916-10,"DISPLAY UNIT,FLIGHT INFORMATION",BACO,REC,VAI SER DEVOLVIDO SEM REPARO,WILLIAM,103.0
2026-08-11,3040263333,011-00916-10,"DISPLAY UNIT,FLIGHT INFORMATION",BACO,REC,EM REPARO,WILLIAM,103.0
2026-08-11,3040263332,011-00916-10,"DISPLAY UNIT,FLIGHT INFORMATION",BAMN,OS concluída,EM REPARO,WILLIAM,
2026-08-11,3040263331,C661064-0237,AIRSPEED INDICATOR,PAMALS,REC,VAI SER DEVOLVIDO SEM REPARO,WILLIAM,103.0
2026-08-11,3040263329,C661064-0237,AIRSPEED INDICATOR,PAMALS,REC,EM REPARO,WILLIAM,103.0
2026-08-11,3040263328,C661064-0237,AIRSPEED INDICATOR,BABR,REC,EM REPARO,WILLIAM,103.0
2026-08-11,3040263327,C661064-0237,AIRSPEED INDICATOR,BABR,REC,EM REPARO,WILLIAM,103.0
2026-08-11,3040263330,C661064-0237,AIRSPEED INDICATOR,PAMALS,REC,EM REPARO,WILLIAM,103.0
2026-08-11,3040263338,C611008-0101,ALTERNATOR CONTROL UNIT,PAMALS,REC,REPARADO,V1 PAMA-LS,103.0
2026-08-11,3040263433,066-03064-0005,"ALTIMETER,SERVO CONTROLLED,AUTOMATIC PRESSURE",BACG,REC,EM REPARO,WILLIAM,97.0
2026-08-11,3040263435,066-03064-0005,"ALTIMETER,SERVO CONTROLLED,AUTOMATIC PRESSURE",BANT,REC,EM REPARO,WILLIAM,97.0
2026-08-11,3040263434,066-03064-0005,"ALTIMETER,SERVO CONTROLLED,AUTOMATIC PRESSURE",PAMASP,REC,VAI SER DEVOLVIDO SEM REPARO,WILLIAM,97.0
2026-08-11,3040263417,069-01033-0101,"RECEIVER-TRANSMITTER,RADIO",PAMALS,REC,EM REPARO,WILLIAM,97.0
2026-08-11,3040263416,069-01033-0101,"RECEIVER-TRANSMITTER,RADIO",BASM,REC,EM REPARO,WILLIAM,97.0
2026-08-11,3040263415,069-01033-0101,"RECEIVER-TRANSMITTER,RADIO",BABR,REC,,BANT,97.0
2026-08-11,3040263447,066-3046-07,"CONTROL,INDICATOR",CLA,REC,,BABR,97.0
2026-08-11,3040263443,3244897-4,FUEL CONTROL UNIT,PAMALS,REC,EM REPARO,LEAP,96.0
2026-08-11,3040263444,3244897-4,FUEL CONTROL UNIT,PAMALS,REC,EM REPARO,LEAP,96.0
2026-08-11,3040263577,060-0015-00,"CONTROL,DIRECTIONAL,AUTOMATIC PILOT",ALA 5,REC,EM REPARO,WILLIAM,91.0
2026-08-11,3040263574,066-1072-04,"RECEIVER,RADIO",BABE,REC,EM REPARO,WILLIAM,91.0
2026-08-11,3040263576,066-1072-04,"RECEIVER,RADIO",BAMN,OS concluída,DEVOLVIDO NO ESTADO,WILLIAM,
2026-08-11,3040263575,066-1072-04,"RECEIVER,RADIO",BABE,REC,EM REPARO,WILLIAM,91.0
2026-08-11,3040263573,066-3084-32,IND RDR 2000 IN-182A,PAMALS,REC,,BABR,91.0
2026-08-11,3040263571,066-3084-32,IND RDR 2000 IN-182A,PAMALS,REC,EM REPARO,WILLIAM,91.0
2026-08-11,3040263572,066-3084-32,IND RDR 2000 IN-182A,PAMALS,REC,EM REPARO,WILLIAM,91.0
2026-08-11,3040263448,2618510-10,ALTERNATOR CONTROL UNIT ASSY,BABE,REC,EM REPARO,WILLIAM,91.0
2026-08-11,3040263449,2618510-10,ALTERNATOR CONTROL UNIT ASSY,PAMALS,REC,EM REPARO,WILLIAM,91.0
2026-08-11,3040263877,2641011-5,AXLE-MAIN GEAR,CLA,REC,EM REPARO,LEAP,81.0
2026-08-11,3040263878,2641011-5,AXLE-MAIN GEAR,CLA,REC,EM REPARO,LEAP,81.0
2026-08-11,3040264243,069-01033-0101,"RECEIVER-TRANSMITTER,RADIO",PAMALS,REC,EM REPARO,WILLIAM,74.0
2026-08-11,3040264244,069-01033-0101,"RECEIVER-TRANSMITTER,RADIO",PAMASP,REC,EM REPARO,WILLIAM,74.0
2026-08-11,3040264246,060-0017-00,FLIGHT DIR HOR,PAMALS,REC,EM REPARO,WILLIAM,74.0
2026-08-11,3040264237,200SGL119Q-2,STARTER GENERATOR,BAMN,REC,EM REPARO,AV AERONAUTICA,74.0
2026-08-11,3040264236,200SGL119Q-2,STARTER GENERATOR,BABE,REC,,BABE,74.0
2026-08-11,3040264121,3244897-4,FUEL CONTROL UNIT,BABE,OS concluída,EM REPARO,LEAP,
2026-08-11,3040264263,9910338-8,"INDICATOR,FUEL FLOW",PAMALS,OS concluída,,BABR,
2026-08-11,3040264262,9910338-8,"INDICATOR,FUEL FLOW",BABV,REC,EM REPARO,WILLIAM,74.0
2026-08-11,3040264242,324843-2020,HEADSET-MICROPHONE,BABE,REC,EM REPARO,WILLIAM,74.0
2026-08-11,3040264264,324843-2020,HEADSET-MICROPHONE,DACTA II,REC,EM REPARO,WILLIAM,74.0
2026-08-11,3040264238,324843-2020,HEADSET-MICROPHONE,DACTA II,REC,EM REPARO,WILLIAM,74.0
2026-08-11,3040264241,324843-2020,HEADSET-MICROPHONE,DACTA II,REC,EM REPARO,WILLIAM,74.0
2026-08-11,3040264240,324843-2020,HEADSET-MICROPHONE,DACTA II,REC,EM REPARO,WILLIAM,74.0
2026-08-11,3040264122,3244809-8,"FUEL CONTROL,MAIN,TURBINE ENGINE",BABE,OS concluída,,BABR,
2026-08-11,3040263797,066-3046-07,"CONTROL,INDICATOR",BABE,REC,EM REPARO,WILLIAM,74.0
2026-08-11,3040263798,066-3046-07,"CONTROL,INDICATOR",PAMASP,REC,EM REPARO,WILLIAM,74.0
2026-08-11,3040263799,066-3046-07,"CONTROL,INDICATOR",PAMASP,REC,EM REPARO,WILLIAM,74.0
2026-08-11,3040263795,071-01519-0101,"RECEIVER-EXCITER,RADAR",PAMALS,REC,,PROCURANDO,74.0
2026-08-11,3040263796,071-01519-0101,"RECEIVER-EXCITER,RADAR",PAMALS,REC,,PROCURANDO,74.0
2026-08-11,3040264579,060-0017-00,FLIGHT DIR HOR,BABR,OS concluída,,,
2026-08-11,3040264577,060-0017-00,FLIGHT DIR HOR,PAMALS,REC,,,62.0
2026-08-11,3040264573,060-0017-00,FLIGHT DIR HOR,BANT,REC,,,62.0
2026-08-11,3040264574,060-0017-00,FLIGHT DIR HOR,BANT,REC,,,62.0
2026-08-11,3040264576,060-0017-00,FLIGHT DIR HOR,PAMALS,REC,,,62.0
2026-08-11,3040264572,060-0017-00,FLIGHT DIR HOR,PAMASP,REC,,,62.0
2026-08-11,3040264647,1H75-21,PRESSURE REGULATOR,BAMN,REC,,,57.0
2026-08-11,3040264646,1H75-21,PRESSURE REGULATOR,PAMASP,REC,,,57.0
2026-08-11,3040264645,1H75-21,PRESSURE REGULATOR,PAMASP,REC,,,57.0
2026-08-11,3040264643,1H75-21,PRESSURE REGULATOR,PAMASP,REC,,,57.0
2026-08-11,3040264707,3244809-7,"FUEL CONTROL,MAIN,TURBINE ENGINE",BABE,REC,,,57.0
2026-08-11,3040264709,540-1407-4,"VALVE,BLEED,TURBINEENGINE",PAMASP,REC,,,57.0
2026-08-11,3040264710,200SGL153Q,"STARTER-GENERATOR,ENGINE,AIRCRAFT",CLA,REC,,,57.0
2026-08-11,3040264711,200SGL153Q,"STARTER-GENERATOR,ENGINE,AIRCRAFT",PAMASP,REC,,,57.0
2026-08-11,3040264712,200SGL153Q,"STARTER-GENERATOR,ENGINE,AIRCRAFT",BACG,REC,,,57.0
2026-08-11,3040264718,9910338-8,"INDICATOR,FUEL FLOW",PAMALS,REC,,,57.0
2026-08-11,3040264719,S3326-2,"INDICATOR,HORIZONTAL SITUATION",ALA 8,REC,,,57.0
2026-08-11,3040264720,S3326-2,"INDICATOR,HORIZONTAL SITUATION",PAMALS,REC,,,57.0
2026-08-11,3040264721,S3326-2,"INDICATOR,HORIZONTAL SITUATION",PAMASP,REC,,,57.0
2026-08-11,3040264724,2606013-1AM,INDICADOR PERCENTUAL RPM,BABV,REC,,,57.0
2026-08-11,3040264725,2606013-1AM,INDICADOR PERCENTUAL RPM,BABR,REC,,,57.0
2026-08-11,3040264726,2606015-4,INDICATOR-OIL TEMP/OIL PRESS,BANT,REC,,,57.0
2026-08-11,3040264727,C661051-0201,GYRO HORIZON,ALA 10,REC,,,57.0
2026-08-11,3040264728,504-0111-906,GYRO HORIZON,PAMALS,REC,,,57.0
2026-08-11,3040264729,504-0111-906,GYRO HORIZON,BACG,REC,,,57.0
2026-08-11,3040264730,8210-003,"GOVERNOR,FUEL CONTROL",PAMASP,REC,,,57.0
2026-08-11,3040264731,8210-002,"GOVERNOR,CONSTANT SPEED DRIVE",PAMASP,REC,,,57.0
2026-08-11,3040264732,8210-002,"GOVERNOR,CONSTANT SPEED DRIVE",BAMN,REC,,,57.0
2026-08-11,3040264733,030-18200,MAIN WHEEL BRAKE,BAMN,REC,,,57.0
2026-08-11,3040264734,030-18200,MAIN WHEEL BRAKE,BAMN,REC,,,57.0
2026-08-11,3040264735,161-11700,INNER WHEEL HALF ASSY,PAMALS,REC,,,57.0
2026-08-11,3040264736,161-12800,WHEEL HALF ASSY-INNER,BABR,REC,,,57.0
2026-08-11,3040264737,161-12800,WHEEL HALF ASSY-INNER,PAMALS,AUT,,,57.0
2026-08-11,3040264738,162-10700,OUTER WHEEL HALF ASSY,BACO,AUT,,,57.0
2026-08-11,3040264807,011-01105-01,INTEGRATED AVIONICS UNIT GIA63W,ALA 8,REC,,,49.0
2026-08-11,3040264808,011-01105-01,INTEGRATED AVIONICS UNIT GIA63W,BAMN,REC,,,49.0
2026-08-11,3040264907,011-00916-10,"DISPLAY UNIT,FLIGHT INFORMATION",BAMN,REC,,,42.0
2026-08-11,3040264908,011-00916-10,"DISPLAY UNIT,FLIGHT INFORMATION",BABV,REC,,,42.0
2026-08-11,3040264974,3244809-8,"FUEL CONTROL,MAIN,TURBINE ENGINE",BAMN,REC,,,40.0
2026-08-11,3040264961,3244897-4,FUEL CONTROL UNIT,CLA,REC,,,40.0
2026-08-11,3040264960,3034792,BOMBA DE COMBUSTÍVEL,CLA,REC,,,40.0
2026-08-11,3040265144,011-01020-10,AFCS MODE CONTROLLER GMC 710,BABE,REC,,,34.0
2026-08-11,3040265140,011-01020-10,AFCS MODE CONTROLLER GMC 710,BABE,REC,,,34.0
2026-08-11,3040265482,066-3084-32,IND RDR 2000 IN-182A,BABR,REC,,,19.0
2026-08-11,3040265484,066-3084-32,IND RDR 2000 IN-182A,BANT,REC,,,19.0
2026-08-11,3040265485,066-3084-32,IND RDR 2000 IN-182A,BABR,REC,,,19.0
2026-08-11,3040265526,ASG12000-2,ALTERNATOR,PAMALS,REC,,,15.0
2026-08-11,3040265525,ASG12000-2,ALTERNATOR,BABR,REC,,,15.0
2026-08-11,3040265527,9910592-2,ALTERNADOR,BABR,REC,,,15.0
2026-08-11,3040265533,3122678-04,FUEL CONTROL UNIT,BABR,REC,,,15.0
2026-08-11,3040265532,C611505-0201,ALTERNATOR,BANT,REC,,,15.0
2026-08-11,3040265530,C611505-0201,ALTERNATOR,BABV,REC,,,15.0
2026-08-11,3040265528,9910592-2,ALTERNADOR,BABR,REC,,,15.0
2026-08-11,3040265724,3244897-4,FUEL CONTROL UNIT,CLA,REC,,,14.0
2026-08-11,3040265474,C611008-0101,ALTERNATOR CONTROL UNIT,PAMALS,REC,,,12.0
2026-08-11,3040265475,C611008-0101,ALTERNATOR CONTROL UNIT,BABV,REC,,,12.0
2026-08-11,3040265476,C611008-0101,ALTERNATOR CONTROL UNIT,PAMALS,REC,,,12.0
2026-08-11,3040265477,C611008-0101,ALTERNATOR CONTROL UNIT,PAMALS,REC,,,12.0
2026-08-11,3040265576,011-00916-10,"DISPLAY UNIT,FLIGHT INFORMATION",BAMN,REC,,,11.0
2026-08-11,3040265580,011-00916-00,DISPLAY UNIT GDU 1040A,PAMALS,AUT,,,15.0
2026-08-11,3040265581,011-00916-00,DISPLAY UNIT GDU 1040A,PAMALS,AUT,,,15.0
2026-08-11,3040265589,EA-5175-52-CES,INDICATOR TRUE,BABV,AUT,,,15.0
2026-08-11,3040265590,EA-5175-52-CES,INDICATOR TRUE,BASM,AUT,,,15.0
2026-08-11,3040265591,EA-5175-52-CES,INDICATOR TRUE,BABV,AUT,,,15.0
2026-08-11,3040265592,EA-5175-52-CES,INDICATOR TRUE,BABV,AUT,,,15.0
2026-08-11,3040265668,9910592-2,ALTERNADOR,PAMALS,AUT,,,15.0
2026-08-11,3040265678,9910592-2,ALTERNADOR,BAMN,AUT,,,15.0
2026-08-11,3040265679,C611505-0201,ALTERNATOR,PAMALS,AUT,,,15.0
2026-08-11,3040265680,C611505-0201,ALTERNATOR,ALA 8,AUT,,,15.0
2026-08-11,3040265726,071-01519-0101,"RECEIVER-EXCITER,RADAR",PAMALS,AUT,,,14.0
2026-08-11,3040265727,071-01519-0101,"RECEIVER-EXCITER,RADAR",CLA,AUT,,,14.0
2026-08-11,3040265728,C163030-1001,MAIN W BRAKE A,BAMN,AUT,,,14.0
2026-08-11,3040265731,066-3046-07,"CONTROL,INDICATOR",BABR,AUT,,,14.0
2026-08-11,3040265732,066-3046-07,"CONTROL,INDICATOR",BANT,AUT,,,14.0
2026-08-11,3040265734,066-3046-07,"CONTROL,INDICATOR",EEAR,AUT,,,14.0
2026-08-11,3040265735,066-3046-07,"CONTROL,INDICATOR",CLA,AUT,,,14.0
2026-08-11,3040265736,C611008-0101,ALTERNATOR CONTROL UNIT,BABV,AUT,,,14.0
2026-08-11,3040265737,C611008-0101,ALTERNATOR CONTROL UNIT,EEAR,AUT,,,14.0
2026-08-11,3040265738,C611008-0101,ALTERNATOR CONTROL UNIT,PAMALS,AUT,,,14.0
2026-08-11,3040265739,C611008-0101,ALTERNATOR CONTROL UNIT,BANT,AUT,,,14.0
2026-08-11,3040265740,C611008-0101,ALTERNATOR CONTROL UNIT,BABE,AUT,,,14.0
2026-08-11,3040265741,C611008-0101,ALTERNATOR CONTROL UNIT,BABR,AUT,,,14.0
2026-08-11,3040265742,066-1072-04,"RECEIVER,RADIO",BACG,AUT,,,14.0
2026-08-11,3040265743,066-1072-04,"RECEIVER,RADIO",BAMN,AUT,,,14.0
2026-08-11,3040265744,066-1072-04,"RECEIVER,RADIO",PAMALS,AUT,,,14.0
2026-08-11,3040265745,066-3084-32,IND RDR 2000 IN-182A,PAMALS,AUT,,,14.0
2026-08-11,3040265746,066-3084-32,IND RDR 2000 IN-182A,PAMALS,AUT,,,14.0
2026-08-11,3040265747,30994-001,BATTERY-MARATHON TSP410 NICAD,PAMALS,AUT,,,14.0
2026-08-11,3040265748,30994-001,BATTERY-MARATHON TSP410 NICAD,PAMALS,AUT,,,14.0
2026-08-11,3040265749,30994-001,BATTERY-MARATHON TSP410 NICAD,PAMALS,AUT,,,14.0
2026-08-11,3040265750,30994-001,BATTERY-MARATHON TSP410 NICAD,PAMALS,AUT,,,14.0
2026-08-11,3040265751,30994-001,BATTERY-MARATHON TSP410 NICAD,PAMALS,AUT,,,14.0
2026-08-11,3040265752,2641011-5,AXLE-MAIN GEAR,BAMN,AUT,,,14.0
2026-08-11,3040265753,2641011-5,AXLE-MAIN GEAR,BAMN,AUT,,,14.0
2026-08-11,3040265754,161-11700,INNER WHEEL HALF ASSY,BACO,AUT,,,14.0
2026-08-11,3040265755,161-12800,WHEEL HALF ASSY-INNER,BABE,AUT,,,14.0
2026-08-11,3040265757,066-01141-0101,"RECEIVER,RADIO",PAMALS,AUT,,,14.0
2026-08-11,3040265758,066-01141-0101,"RECEIVER,RADIO",PAMALS,AUT,,,14.0
2026-08-11,3040265759,C660501-0103,"COMPASS,SPEC",DACTA II,AUT,,,14.0
2026-08-11,3040265769,023694-000,BATTERY NICKEL CADMIUM,BAPV,AUT,,,13.0
2026-08-11,3040265771,2651023-23,ENGINE MOUNT ASSEMBLY,PAMALS,AUT,,,13.0
2026-08-11,3040265772,2651023-23,ENGINE MOUNT ASSEMBLY,PAMALS,AUT,,,13.0
2026-08-11,3040265892,324843-0020,HEADSET-MICROPHONE,PAMALS,AUT,,,8.0
2026-08-11,3040265893,324843-0020,HEADSET-MICROPHONE,PAMALS,AUT,,,8.0
2026-08-11,3040265894,324843-0020,HEADSET-MICROPHONE,PAMALS,AUT,,,8.0
2026-08-11,3040265895,324843-0020,HEADSET-MICROPHONE,PAMALS,AUT,,,8.0
2026-08-12,3040249831,066-01141-5101,"RECEIVER-TRANSMITTER,RADIO (KT71)",PAMALS,REC,EM REPARO,LEAP,548.0
2026-08-12,3040250248,452-0133,"BATTERY,NONRECHARGEABLE",BABR,REC,CONDENADO,VEE ONE,532.0
2026-08-12,3040250249,452-0133,"BATTERY,NONRECHARGEABLE",BAMN,REC,CONDENADO,VEE ONE,532.0
2026-08-12,3040250234,3034792,BOMBA DE COMBUSTÍVEL,PAMALS,REC,,BANT,532.0
2026-08-12,3040250816,453-5060,"BEACON,DISTRESS",BAMN,REC,,PAMA-LS,510.0
2026-08-12,3040250830,799-1,TRANSDUCER,BACO,REC,,BANT,510.0
2026-08-12,3040250829,51539-012N,CONTROL UNIT ASSY-GENERATOR,BAMN,OS concluída,,,
2026-08-12,3040250828,51539-012N,CONTROL UNIT ASSY-GENERATOR,BACG,REC,,BABR,510.0
2026-08-12,3040250827,51539-012N,CONTROL UNIT ASSY-GENERATOR,BANT,REC,,BABR,510.0
2026-08-12,3040250831,799-1,TRANSDUCER,BANT,REC,,BANT,510.0
2026-08-12,3040250833,9910586-4,FLAP ACTUATOR AND MOTOR ASSEMBLY,ALA 3,REC,,BAMN,510.0
2026-08-12,3040250834,9910586-4,FLAP ACTUATOR AND MOTOR ASSEMBLY,ALA 3,OS concluída,,,
2026-08-12,3040250832,9910338-4,FUEL TOTALIZER INDICATOR,EEAR,REC,,PAMA-LS,510.0
2026-08-12,3040250835,ASG12000-2,ALTERNATOR,ALA 5,REC,REPARADO,V1 PAMA-LS,510.0
2026-08-12,3040250841,C661030-0301,TURN BANK,PAMALS,REC,EM REPARO,LEAP,510.0
2026-08-12,3040250842,C662041-0102,INDICATOR FUEL,ALA 5,REC,,PAMA-LS,510.0
2026-08-12,3040250844,C662041-0102,INDICATOR FUEL,ALA 9,REC,,PAMA-LS,510.0
2026-08-12,3040250843,C662041-0102,INDICATOR FUEL,ALA 10,OS concluída,,,
2026-08-12,3040250719,060-0017-00,FLIGHT DIR HOR,PAMALS,REC,,BANT,510.0
2026-08-12,3040250720,060-0017-00,FLIGHT DIR HOR,BABV,OS concluída,,,
2026-08-12,3040250722,066-01141-5101,"RECEIVER-TRANSMITTER,RADIO (KT71)",ALA 9,REC,EM REPARO,WILLIAM,510.0
2026-08-12,3040250723,066-01141-5101,"RECEIVER-TRANSMITTER,RADIO (KT71)",CLA,REC,,BABR,510.0
2026-08-12,3040250721,060-0017-00,FLIGHT DIR HOR,BANT,OS concluída,,,
2026-08-12,3040250725,066-3046-07,"CONTROL,INDICATOR",ALA 10,OS concluída,,,
2026-08-12,3040250724,066-04035-1101,"DISPLAY UNIT,RADAR",PAMALS,REC,,BANT,510.0
2026-08-12,3040250732,069-1025-25,"RECEIVER-TRANSMITTER,RADIO - KX165",PAMALS,REC,EM REPARO,WILLIAM,510.0
2026-08-12,3040250782,2606012-1,INDICATOR-INTER-TURBINE TEMPERATURE,ALA 9,OS concluída,,,
2026-08-12,3040250775,161-11700,INNER WHEEL HALF ASSY,BABE,OS concluída,,,
2026-08-12,3040250773,161-11700,INNER WHEEL HALF ASSY,EEAR,REC,,BACG,510.0
2026-08-12,3040250718,030-18200,MAIN WHEEL BRAKE,BACO,OS concluída,,,
2026-08-12,3040250716,030-18200,MAIN WHEEL BRAKE,BABV,REC,EM REPARO,LEAP,510.0
2026-08-12,3040250717,030-18200,MAIN WHEEL BRAKE,BACO,OS concluída,,,
2026-08-12,3040250780,162-11800,WHEEL HALF ASSY-OUTER,PAMALS,OS concluída,,,
2026-08-12,3040250781,162-11800,WHEEL HALF ASSY-OUTER,BACG,OS concluída,,,
2026-08-12,3040250778,161-12800,WHEEL HALF ASSY-INNER,BACG,OS concluída,,,
2026-08-12,3040250776,161-12800,WHEEL HALF ASSY-INNER,BABE,OS concluída,,,
2026-08-12,3040250790,2643031-7,"FORK ASSY,NOSE GEAR SPRING",BAMN,OS concluída,,,
2026-08-12,3040250791,2643090-1,SHIMMY DAMPENE,BANT,REC,EM REPARO,AV AERONAUTICA,510.0
2026-08-12,3040250792,2643090-1,SHIMMY DAMPENE,BAMN,REC,REPARADO,V1 PAMA-LS,510.0
2026-08-12,3040250789,2641012-14,TRUNNION ASSY-RH-MAIN GEAR,PAMASP,OS concluída,,,
2026-08-12,3040250793,2643099-4,"SUPPORT ASSY FOWARD, NLG SPRING",BAMN,OS concluída,,,
2026-08-12,3040250798,30994-001,BATTERY-MARATHON TSP410 NICAD,BANT,OS concluída,CONDENADO,AMA - VEE ONE,
2026-08-12,3040252191,C611008-0101,ALTERNATOR CONTROL UNIT,PAMALS,REC,,BABR,477.0
2026-08-12,3040252159,011-00916-00,DISPLAY UNIT GDU 1040A,BAMN,REC,,BAMN,477.0
2026-08-12,3040252161,065-0042-03,COMPUTER PA,ALA 10,REC,EM REPARO,WILLIAM,477.0
2026-08-12,3040252162,065-0042-03,COMPUTER PA,EEAR,REC,,BABE,477.0
2026-08-12,3040252164,065-0042-03,COMPUTER PA,EEAR,REC,EM REPARO,WILLIAM,477.0
2026-08-12,3040252165,065-0042-03,COMPUTER PA,PAMALS,OS concluída,,,
2026-08-12,3040252166,065-0059-01,SERVO PITCH,EEAR,REC,EM REPARO,WILLIAM,477.0
2026-08-12,3040252168,066-03064-0005,"ALTIMETER,SERVO CONTROLLED,AUTOMATIC PRESSURE",ALA 9,OS concluída,,,
2026-08-12,3040252173,066-03064-0005,"ALTIMETER,SERVO CONTROLLED,AUTOMATIC PRESSURE",BANT,REC,EM REPARO,LEAP,477.0
2026-08-12,3040252172,066-03064-0005,"ALTIMETER,SERVO CONTROLLED,AUTOMATIC PRESSURE",PAMALS,REC,NO ESTADO,VEE ONE,477.0
2026-08-12,3040252170,066-03064-0005,"ALTIMETER,SERVO CONTROLLED,AUTOMATIC PRESSURE",ALA 7,REC,NO ESTADO,VEE ONE,477.0
2026-08-12,3040252178,066-1072-00,RECEIVER ADF (KING KR87),PAMALS,OS concluída,,,
2026-08-12,3040252182,066-1072-04,"RECEIVER,RADIO",ALA 9,OS concluída,,,
2026-08-12,3040252181,066-1072-04,"RECEIVER,RADIO",PAMASP,REC,EM REPARO,WILLIAM,477.0
2026-08-12,3040252180,066-1072-04,"RECEIVER,RADIO",ALA 8,OS concluída,,,
2026-08-12,3040252185,066-1072-04,"RECEIVER,RADIO",BAMN,OS concluída,,,
2026-08-12,3040252189,9910338-6,"TRANSMITTER,RATE OF FLOW",ALA 8,OS concluída,,,
2026-08-12,3040252190,9910338-6,"TRANSMITTER,RATE OF FLOW",BABR,OS concluída,,,
2026-08-12,3040252160,011-01020-10,AFCS MODE CONTROLLER GMC 710,BAMN,OS concluída,,,
2026-08-12,3040252939,C163030-1001,MAIN W BRAKE A,BABV,REC,,BAMN,447.0
2026-08-12,3040252936,030-18200,MAIN WHEEL BRAKE,BACO,REC,,PAMA-LS,447.0
2026-08-12,3040252935,030-18200,MAIN WHEEL BRAKE,BAMN,OS concluída,,,
2026-08-12,3040252940,30-182,MAIN WHEEL BRAKE,BABV,OS concluída,,,
2026-08-12,3040252942,30-182,MAIN WHEEL BRAKE,BAMN,OS concluída,,,
2026-08-12,3040252943,30-182,MAIN WHEEL BRAKE,BAMN,OS concluída,,,
2026-08-12,3040253170,161-12800,WHEEL HALF ASSY-INNER,BASM,OS concluída,,,
2026-08-12,3040253168,161-12800,WHEEL HALF ASSY-INNER,BASM,REC,REPARADO,VEE ONE,443.0
2026-08-12,3040253172,161-12800,WHEEL HALF ASSY-INNER,PAMALS,REC,,PROCURANDO,443.0
2026-08-12,3040253174,161-12800,WHEEL HALF ASSY-INNER,PAMALS,OS concluída,,,
2026-08-12,3040253173,161-12800,WHEEL HALF ASSY-INNER,PAMALS,REC,EM REPARO,LEAP,443.0
2026-08-12,3040253176,162-10700,OUTER WHEEL HALF ASSY,BABE,OS concluída,,,
2026-08-12,3040253177,162-10700,OUTER WHEEL HALF ASSY,BABV,REC,REPARADO,VEE ONE,443.0
2026-08-12,3040253178,162-10700,OUTER WHEEL HALF ASSY,PAMALS,REC,,PROCURANDO,443.0
2026-08-12,3040253179,162-11800,WHEEL HALF ASSY-OUTER,CLA,OS concluída,,,
2026-08-12,3040253181,162-11800,WHEEL HALF ASSY-OUTER,PAMALS,OS concluída,,,
2026-08-12,3040253180,162-11800,WHEEL HALF ASSY-OUTER,BASM,REC,,PROCURANDO,443.0
2026-08-12,3040253182,162-11800,WHEEL HALF ASSY-OUTER,PAMALS,REC,REPARADO,VEE ONE,443.0
2026-08-12,3040253536,2641012-14,TRUNNION ASSY-RH-MAIN GEAR,PAMALS,OS concluída,,,
2026-08-12,3040253529,066-03064-0005,"ALTIMETER,SERVO CONTROLLED,AUTOMATIC PRESSURE",DSM-MN,REC,DEVOLVIDO NO ESTADO,WILLIAM,433.0
2026-08-12,3040253528,066-03064-0005,"ALTIMETER,SERVO CONTROLLED,AUTOMATIC PRESSURE",BANT,OS concluída,,,
2026-08-12,3040253532,799-1,TRANSDUCER,PAMALS,REC,,BANT,433.0
2026-08-12,3040253535,2643099-4,"SUPPORT ASSY FOWARD, NLG SPRING",BABE,REC,CONDENADO,VEE ONE,433.0
2026-08-12,3040253531,799-1,TRANSDUCER,BAMN,REC,,VEE ONE,433.0
2026-08-12,3040253530,799-1,TRANSDUCER,BAMN,REC,,BANT,433.0
2026-08-12,3040253526,30994-001,BATTERY-MARATHON TSP410 NICAD,PAMALS,OS concluída,CONDENADO,AMA - VEE ONE,
2026-08-12,3040253527,30994-001,BATTERY-MARATHON TSP410 NICAD,BAPV,OS concluída,CONDENADO,AMA - VEE ONE,
2026-08-12,3040254195,540-1407-4,"VALVE,BLEED,TURBINEENGINE",PAMALS,REC,,BANT,415.0
2026-08-12,3040254201,2643090-3,SHIMMY DAMPER-NOSE GEAR,PAMALS,REC,REPARADO,V1 PAMA-LS,415.0
2026-08-12,3040254203,SE1070-6,SHIMMY DAMPENER ASSY,BACGINAT,OS concluída,,,
2026-08-12,3040254205,C660501-0103,"COMPASS,SPEC",PAMALS,REC,REPARADO,V1 PAMA-LS,415.0
2026-08-12,3040254206,C660501-0103,"COMPASS,SPEC",ALA 8,REC,EM REPARO EM GARANTIA,WILLIAM,415.0
2026-08-12,3040254208,C660501-0103,"COMPASS,SPEC",BABV,REC,REPARADO,V1 PAMA-LS,415.0
2026-08-12,3040254210,799-1,TRANSDUCER,BANT,REC,,BANT,415.0
2026-08-12,3040254792,2606013-1RX,INDICATOR-PERCENT RPM,BABR,REC,,BANT,406.0
2026-08-12,3040254770,069-1025-25,"RECEIVER-TRANSMITTER,RADIO - KX165",ALA 9,REC,EM REPARO,WILLIAM,406.0
2026-08-12,3040254799,453-5000-710,EMERGENCY LOCATOR TRANSMITTER MODEL C406-2,PAMASP,OS concluída,,,
2026-08-12,3040254806,C352TS,"EXTINGUISHER,FIRE",PAMALS,REC,REPARADO,V1 PAMA-LS,406.0
2026-08-12,3040254805,C352TS,"EXTINGUISHER,FIRE",PAMALS,OS concluída,,,
2026-08-12,3040254810,C352TS,"EXTINGUISHER,FIRE",PAMALS,OS concluída,,,
2026-08-12,3040254809,C352TS,"EXTINGUISHER,FIRE",PAMAGL,OS concluída,,,
2026-08-12,3040254803,C352TS,"EXTINGUISHER,FIRE",2 ETA,REC,REPARADO,V1 PAMA-LS,406.0
2026-08-12,3040254808,C352TS,"EXTINGUISHER,FIRE",BABR,REC,REPARADO,V1 PAMA-LS,406.0
2026-08-12,3040254795,D145-00-46-2,FLAP ACTUATOR ASSY,BABE,REC,,PAMA-LS,406.0
2026-08-12,3040254793,D145-00-46-2,FLAP ACTUATOR ASSY,PAMALS,REC,,PAMA-LS,406.0
2026-08-12,3040254815,C482001-0402,VACUUM REGULAT,PAMALS,REC,CONDENADO,VEE ONE,406.0
2026-08-12,3040254816,C482001-0402,VACUUM REGULAT,PAMALS,REC,CONDENADO,VEE ONE,406.0
2026-08-12,3040254820,2641011-5,AXLE-MAIN GEAR,BAMN,OS concluída,,,
2026-08-12,3040254817,2641011-5,AXLE-MAIN GEAR,BABE,OS concluída,,,
2026-08-12,3040254818,2641011-5,AXLE-MAIN GEAR,BABE,OS concluída,,,
2026-08-12,3040254819,2641011-5,AXLE-MAIN GEAR,BANT,OS concluída,,,
2026-08-12,3040254796,30994-001,BATTERY-MARATHON TSP410 NICAD,BAMN,OS concluída,,,
2026-08-12,3040254789,452-0133,"BATTERY,NONRECHARGEABLE",BAMN,REC,CONDENADO,VEE ONE,406.0
2026-08-12,3040254788,452-0133,"BATTERY,NONRECHARGEABLE",BAMN,REC,CONDENADO,VEE ONE,406.0
2026-08-12,3040254787,452-0133,"BATTERY PACK,AIRCRAFT",DACTA II,REC,CONDENADO,VEE ONE,406.0
2026-08-12,3040254786,452-0133,"BATTERY PACK,AIRCRAFT",BAMN,REC,CONDENADO,VEE ONE,406.0
2026-08-12,3040254785,452-0133,"BATTERY,NONRECHARGEABLE",BAMN,REC,CONDENADO,VEE ONE,406.0
2026-08-12,3040254784,452-0133,"BATTERY,NONRECHARGEABLE",DACTA II,REC,CONDENADO,VEE ONE,406.0
2026-08-12,3040255326,011-00916-00,DISPLAY UNIT GDU 1040A,BAMN,REC,,BAMN,397.0
2026-08-12,3040255319,702801-5,FUEL PUMP,PAMASP,REC,EM REPARO,VEE ONE,397.0
2026-08-12,3040255321,8210-002,"GOVERNOR,CONSTANT SPEED DRIVE",PAMALS,OS concluída,,,
2026-08-12,3040255461,DAAS-A-010-1,ADAS-D PROCESSOR,PAMALS,REC,EM REPARO,VEE ONE,393.0
2026-08-12,3040255589,071-01519-0101,"RECEIVER-EXCITER,RADAR",BANT,REC,,PROCURANDO,391.0
2026-08-12,3040255590,071-01519-0101,"RECEIVER-EXCITER,RADAR",PAMALS,OS concluída,,,
2026-08-12,3040255706,C661064-0237,AIRSPEED INDICATOR,BAMN,OS concluída,,,
2026-08-12,3040256114,5934PAD-3,"ALTIMETER,PRESSURE",PAMALS,REC,EM REPARO,VEE ONE,377.0
2026-08-12,3040256119,011-00878-10,GSA-81 TORQUE SERVO,BAPV,REC,EM REPARO,LEAP,377.0
2026-08-12,3040256112,011-00883-20,RADAR GWX 68 WEATHER,BABE,REC,,BAMN,377.0
2026-08-12,3040256115,5934PAD-3,"ALTIMETER,PRESSURE",PAMALS,OS concluída,,,
2026-08-12,3040256118,011-00878-10,GSA-81 TORQUE SERVO,BAPV,REC,,BACO,377.0
2026-08-12,3040256120,011-00916-10,"DISPLAY UNIT,FLIGHT INFORMATION",BAMN,OS concluída,,,
2026-08-12,3040256314,066-4010-12,RECEIVER VOR/LOC (KNS81),EEAR,REC,EM REPARO,LEAP,364.0
2026-08-12,3040256311,3121248-03,"VALVE ASSEMBLY,COMPRESSOR BLEED",PAMALS,OS concluída,,,
2026-08-12,3040256704,C661064-0237,AIRSPEED INDICATOR,PAMALS,OS concluída,,,
2026-08-12,3040256707,D210507,"GOVERNOR,OVERSPEED",PAMALS,OS concluída,,,
2026-08-12,3040256708,D210507,"GOVERNOR,OVERSPEED",PAMALS,REC,REPARADO,VEE ONE,355.0
2026-08-12,3040256702,C661064-0237,AIRSPEED INDICATOR,BABR,OS concluída,,,
2026-08-12,3040256703,C661064-0237,AIRSPEED INDICATOR,PAMALS,OS concluída,,,
2026-08-12,3040256662,030-18200,MAIN WHEEL BRAKE,BASM,OS concluída,,,
2026-08-12,3040256665,161-11700,INNER WHEEL HALF ASSY,BABV,OS concluída,,,
2026-08-12,3040256666,161-11700,INNER WHEEL HALF ASSY,PAMALS,OS concluída,,,
2026-08-12,3040256667,161-11700,INNER WHEEL HALF ASSY,PAMALS,OS concluída,,,
2026-08-12,3040256668,161-11700,INNER WHEEL HALF ASSY,PAMALS,OS concluída,,,
2026-08-12,3040256669,161-11700,INNER WHEEL HALF ASSY,PAMALS,OS concluída,,,
2026-08-12,3040256670,161-11700,INNER WHEEL HALF ASSY,PAMALS,OS concluída,,,
2026-08-12,3040256671,161-11700,INNER WHEEL HALF ASSY,PAMALS,REC,REPARADO,VEE ONE,355.0
2026-08-12,3040256698,030-18200,MAIN WHEEL BRAKE,PAMASP,REC,,PROCURANDO,355.0
2026-08-12,3040256713,030-18200,MAIN WHEEL BRAKE,ALA 3,REC,,BAMN,355.0
2026-08-12,3040256694,162-11800,WHEEL HALF ASSY-OUTER,BANT,OS concluída,,,
2026-08-12,3040256696,162-11800,WHEEL HALF ASSY-OUTER,PAMALS,REC,,PAMA-LS,355.0
2026-08-12,3040256672,161-12800,WHEEL HALF ASSY-INNER,PAMALS,REC,REPARADO,VEE ONE,355.0
2026-08-12,3040256675,161-12800,WHEEL HALF ASSY-INNER,BANT,OS concluída,,,
2026-08-12,3040256792,011-00877-00,"GSA-80 SERVO ROL,YAW,SPEC",BAMN,REC,,PROCURANDO,355.0
2026-08-12,3040256787,011-00877-00,"GSA-80 SERVO ROL,YAW,SPEC",PAMALS,REC,EM REPARO,VEE ONE,355.0
2026-08-12,3040256828,011-00883-20,RADAR GWX 68 WEATHER,PAMALS,REC,CONDENADO,V1 PAMA-LS,355.0
2026-08-12,3040256709,3121248-03,"VALVE ASSEMBLY,COMPRESSOR BLEED",PAMASP,REC,,BANT,352.0
2026-08-12,3040256673,161-12800,WHEEL HALF ASSY-INNER,PAMALS,REC,CONDENADO,VEE ONE,352.0
2026-08-12,3040257095,011-01105-01,INTEGRATED AVIONICS UNIT GIA63W,BABE,REC,EM REPARO,VEE ONE,348.0
2026-08-12,3040257096,011-01105-01,INTEGRATED AVIONICS UNIT GIA63W,BABE,REC,,BAMN,348.0
2026-08-12,3040257093,065-00183-0501,AUTOPILOT COMPUTER KFC225,BABE,REC,,BANT,348.0
2026-08-12,3040257094,065-00183-0501,AUTOPILOT COMPUTER KFC225,BABE,REC,,BANT,348.0
2026-08-12,3040257443,161-12800,WHEEL HALF ASSY-INNER,ALA 3,AUT,,NÃO TEVE MOVIMENTAÇÃO,336.0
2026-08-12,3040257442,C163030-1001,MAIN W BRAKE A,BAMN,OS concluída,REPARADO,VEE ONE,
2026-08-12,3040257452,3244809-8,"FUEL CONTROL,MAIN,TURBINE ENGINE",BAPV,OS concluída,,,
2026-08-12,3040257454,EA-5172-45-CES,"INDICATOR,AIRSPEED",BACG,OS concluída,,,
2026-08-12,3040257453,EA-5172-45-CES,"INDICATOR,AIRSPEED",ALA 7,REC,DEVOLVIDO NO ESTADO,WILLIAM,329.0
2026-08-12,3040257451,3244809-7,"FUEL CONTROL,MAIN,TURBINE ENGINE",PAMASP,REC,,BANT,329.0
2026-08-12,3040257450,3244809-4,"FUEL CONTROL,MAIN,TURBINE ENGINE",PAMASP,OS concluída,EM REPARO,LEAP,
2026-08-12,3040257438,030-18200,MAIN WHEEL BRAKE,BAMN,REC,REPARADO,VEE ONE,329.0
2026-08-12,3040257444,162-10700,OUTER WHEEL HALF ASSY,PAMALS,OS concluída,,,
2026-08-12,3040257447,162-10700,OUTER WHEEL HALF ASSY,PAMALS,OS concluída,,,
2026-08-12,3040257436,30994-001,BATTERY-MARATHON TSP410 NICAD,PAMALS,OS concluída,CONDENADO,AMA - VEE ONE,
2026-08-12,3040257441,030-18200,MAIN WHEEL BRAKE,BAPV,REC,,BAMN,329.0
2026-08-12,3040257440,030-18200,MAIN WHEEL BRAKE,BANT,REC,CONDENADO,VEE ONE,329.0
2026-08-12,3040257439,030-18200,MAIN WHEEL BRAKE,BAMN,REC,,BAMN,329.0
2026-08-12,3040258306,D210507,"GOVERNOR,OVERSPEED",PAMALS,REC,EM REPARO,LEAP,309.0
2026-08-12,3040258310,D210507,"GOVERNOR,OVERSPEED",BACO,OS concluída,,,
2026-08-12,3040258309,D210507,"GOVERNOR,OVERSPEED",BAMN,REC,EM REPARO,LEAP,309.0
2026-08-12,3040258308,D210507,"GOVERNOR,OVERSPEED",BAMN,OS concluída,,,
2026-08-12,3040258307,D210507,"GOVERNOR,OVERSPEED",ALA 5,OS concluída,,,
2026-08-12,3040258303,011-00877-00,"GSA-80 SERVO ROL,YAW,SPEC",DACTA II,REC,EM REPARO,VEE ONE,309.0
2026-08-12,3040258422,2601188-8,COMPRESSOR DRIVE ASSY R134A,PAMASP,REC,,PROCURANDO,307.0
2026-08-12,3040258419,011-00877-00,"GSA-80 SERVO ROL,YAW,SPEC",DACTA II,REC,EM REPARO,VEE ONE,307.0
2026-08-12,3040258420,011-00877-00,"GSA-80 SERVO ROL,YAW,SPEC",BACO,REC,EM REPARO,VEE ONE,307.0
2026-08-12,3040258421,011-00877-00,"GSA-80 SERVO ROL,YAW,SPEC",BABE,REC,,BACO,307.0
2026-08-12,3040258764,069-01034-0102,"NAVIGATION SET,SATELLITE SIGNALS KLN-94",PAMALS,REC,,BANT,300.0
2026-08-12,3040259152,066-01141-5101,"TRANSPONDER,RADAR",BABE,REC,,BANT,281.0
2026-08-12,3040259151,066-01141-5101,"TRANSPONDER,RADAR",BANT,REC,REPARADO,V1 PAMA-LS,281.0
2026-08-12,3040259251,064-1019-05,VHF TRANSCEIVE KY196,EEAR,REC,,EEAR,279.0
2026-08-12,3040259146,1U149-015-15,HORIZ. GYRO-STADBY,PAMALS,REC,EM REPARO,VEE ONE,278.0
2026-08-12,3040259147,162-10700,OUTER WHEEL HALF ASSY,BANT,REC,EM REPARO,AMA - VEE ONE,278.0
2026-08-12,3040259148,3049038-03,"VALVE,COMPRESSOR BLEED",BANT,OS concluída,,,
2026-08-12,3040259316,2606015-4,INDICATOR-OIL TEMP/OIL PRESS,BACG,REC,REPARADO,V1 PAMA-LS,275.0
2026-08-12,3040259564,C414007-0102,BLOWER ASSY,PAMALS,OS concluída,,,
2026-08-12,3040259568,C414007-0102,BLOWER ASSY,ALA 10,OS concluída,,,
2026-08-12,3040259570,C414007-0102,BLOWER ASSY,ALA 10,OS concluída,,,
2026-08-12,3040259694,025323-150,FUEL PUMP,PAMASP,REC,,BACO,267.0
2026-08-12,3040259922,C414007-0102,BLOWER ASSY,BANT,REC,REPARADO,V1 PAMA-LS,260.0
2026-08-12,3040259928,C414007-0102,BLOWER ASSY,PAMALS,REC,EM REPARO,VEE ONE,260.0
2026-08-12,3040259924,C414007-0102,BLOWER ASSY,BACG,REC,EM REPARO,VEE ONE,260.0
2026-08-12,3040259918,C414007-0102,BLOWER ASSY,ALA 10,REC,EM REPARO,VEE ONE,260.0
2026-08-12,3040259950,065-0060-01,"CONTROL,SERVO,AUTOMATIC PILOT",PAMALS,REC,EM REPARO,LEAP,260.0
2026-08-12,3040259949,065-0060-01,"CONTROL,SERVO,AUTOMATIC PILOT",PAMALS,REC,EM REPARO,LEAP,260.0
2026-08-12,3040259947,066-3046-07,"CONTROL,INDICATOR",EEAR,OS concluída,,,
2026-08-12,3040259946,066-3046-07,"CONTROL,INDICATOR",BANT,REC,,BANT,260.0
2026-08-12,3040259944,066-3046-07,"CONTROL,INDICATOR",EEAR,REC,,PAMA-LS,260.0
2026-08-12,3040260209,011-00916-00,DISPLAY UNIT GDU 1040A,PAMALS,REC,,BAMN,246.0
2026-08-12,3040260208,324843-W020,HEADSET-MICROPHONE,PAMALS,REC,VAI SER DEVOLVIDO SEM REPARO,WILLIAM,246.0
2026-08-12,3040260204,324843-W020,HEADSET-MICROPHONE,PAMALS,OS concluída,,,
2026-08-12,3040260205,324843-W020,HEADSET-MICROPHONE,PAMALS,OS concluída,,,
2026-08-12,3040260388,SD5H14C4527,AIR COMPRESSOR,PAMALS,REC,EM REPARO,VEE ONE,239.0
2026-08-12,3040260382,065-00183-0501,AUTOPILOT COMPUTER KFC225,BANT,REC,,BANT,239.0
2026-08-12,3040260389,SD5H14C4527,AIR COMPRESSOR,PAMALS,REC,EM REPARO,VEE ONE,239.0
2026-08-12,3040260517,ASG12000-2,ALTERNATOR,PAMALS,OS concluída,,,
2026-08-12,3040260524,51539-012M,CONTROL UNIT ASSY-GENERATOR,BANT,REC,,BACG,236.0
2026-08-12,3040260516,ASG12000-2,ALTERNATOR,PAMALS,REC,REPARADO,V1 PAMA-LS,236.0
2026-08-12,3040260523,9910592-2,ALTERNADOR,BAMN,REC,REPARADO,V1 PAMA-LS,236.0
2026-08-12,3040260522,9910592-2,ALTERNADOR,BAMN,REC,REPARADO,V1 PAMA-LS,236.0
2026-08-12,3040260547,161-12800,WHEEL HALF ASSY-INNER,EPCAR,OS concluída,REPARADO,VEE ONE,
2026-08-12,3040260545,161-11700,INNER WHEEL HALF ASSY,BACG,REC,REPARADO,VEE ONE,218.0
2026-08-12,3040260544,161-11700,INNER WHEEL HALF ASSY,BANT,REC,REPARADO,VEE ONE,218.0
2026-08-12,3040260546,161-12800,WHEEL HALF ASSY-INNER,PAMALS,REC,REPARADO,VEE ONE,218.0
2026-08-12,3040260548,161-11700,INNER WHEEL HALF ASSY,CLA,REC,REPARADO,VEE ONE,218.0
2026-08-12,3040260549,162-10700,OUTER WHEEL HALF ASSY,BACG,REC,REPARADO,VEE ONE,218.0
2026-08-12,3040260550,162-10700,OUTER WHEEL HALF ASSY,CLA,REC,REPARADO,VEE ONE,218.0
2026-08-12,3040260551,162-11800,WHEEL HALF ASSY-OUTER,BANT,REC,REPARADO,VEE ONE,218.0
2026-08-12,3040260552,30994-001,BATTERY-MARATHON TSP410 NICAD,BABE,OS concluída,CONDENADO,AMA - VEE ONE,
2026-08-12,3040260543,324843-W020,HEADSET-MICROPHONE,PAMALS,REC,VAI SER DEVOLVIDO SEM REPARO,WILLIAM,218.0
2026-08-12,3040260542,324843-W020,HEADSET-MICROPHONE,PAMALS,REC,,BABE,218.0
2026-08-12,3040260541,324843-W020,HEADSET-MICROPHONE,PAMALS,OS concluída,,,
2026-08-12,3040260540,324843-W020,HEADSET-MICROPHONE,PAMALS,OS concluída,,,
2026-08-12,3040260538,324843-W020,HEADSET-MICROPHONE,PAMALS,REC,,BABE,218.0
2026-08-12,3040260539,324843-W020,HEADSET-MICROPHONE,PAMALS,REC,,BABE,218.0
2026-08-12,3040260595,9910586-4,FLAP ACTUATOR AND MOTOR ASSEMBLY,7 ETA,REC,,BAMN,218.0
2026-08-12,3040260597,9910586-4,FLAP ACTUATOR AND MOTOR ASSEMBLY,BAPV,REC,REPARADO,VEE ONE,218.0
2026-08-12,3040260583,3244897-4,FUEL CONTROL UNIT,PAMALS,OS concluída,,,
2026-08-12,3040260750,3122678-04,FUEL CONTROL UNIT,PAMASP,REC,,BANT,210.0
2026-08-12,3040260752,3244897-4,FUEL CONTROL UNIT,PAMASP,OS concluída,,,
2026-08-12,3040260753,3244809-7,"FUEL CONTROL,MAIN,TURBINE ENGINE",PAMASP,OS concluída,,,
2026-08-12,3040260754,3244809-1,"FUEL CONTROL,MAIN,TURBINE ENGINE",PAMASP,REC,EM QUARENTENA,LEAP,210.0
2026-08-12,3040254794,C145-350,"MOTOR,DIRECT CURRENT",PAMALS,OS concluída,,,
2026-08-12,3040260913,064-1054-30,RECEIVER-TRANSMITTER SUBASSEMBLY,EPCAR,REC,REPARADO,V1 PAMA-LS,198.0
2026-08-12,3040260915,064-1054-30,RECEIVER-TRANSMITTER SUBASSEMBLY,PAMALS,REC,REPARADO,V1 PAMA-LS,198.0
2026-08-12,3040260811,3034792,BOMBA DE COMBUSTÍVEL,BAPV,REC,,BABR,196.0
2026-08-12,3040260812,3034792,BOMBA DE COMBUSTÍVEL,BACG,OS concluída,,,
2026-08-12,3040260922,162-11800,WHEEL HALF ASSY-OUTER,PAMALS,OS concluída,,,
2026-08-12,3040260923,030-18200,MAIN WHEEL BRAKE,BACO,REC,REPARADO,VEE ONE,196.0
2026-08-12,3040261389,3034792,BOMBA DE COMBUSTÍVEL,PAMASP,REC,REPARADO,V1 PAMA-LS,183.0
2026-08-12,3040261388,3034792,BOMBA DE COMBUSTÍVEL,BABR,OS concluída,,,
2026-08-12,3040261387,3034792,BOMBA DE COMBUSTÍVEL,BABR,OS concluída,,,
2026-08-12,3040261371,TFF2905-13,FUEL FLOW TRANSDUCER,ALA 8,REC,EM REPARO,WILLIAM,183.0
2026-08-12,3040261375,C661065-0240RX,"INDICATOR, AIRSPEED",BACG,REC,EM REPARO,WILLIAM,183.0
2026-08-12,3040261373,C661065-0240,AIRSPEED INDICATOR,BABE,REC,REPARADO,V1 PAMA-LS,183.0
2026-08-12,3040261322,011-00831-00,"ENGINE INTERFA,SPEC",BAPV,REC,REPARADO,VEE ONE,183.0
2026-08-12,3040261326,011-00882-10,"COMPUTER,AIR DATA",BAMN,OS concluída,,,
2026-08-12,3040261324,011-00882-10,"COMPUTER,AIR DATA",BAMN,OS concluída,,,
2026-08-12,3040261327,064-1054-30,RECEIVER-TRANSMITTER SUBASSEMBLY,PAMASP,REC,REPARADO,V1 PAMA-LS,183.0
2026-08-12,3040261336,066-01141-0101,"RECEIVER,RADIO",BANT,REC,REPARADO,V1 PAMA-LS,183.0
2026-08-12,3040261334,065-0065-01,SELECTOR ALT,BANT,REC,EM REPARO,WILLIAM,183.0
2026-08-12,3040261331,065-0061-36,ACTUATOR TRIM (KS272A),PAMASP,REC,,BABR,183.0
2026-08-12,3040261329,065-0061-36,ACTUATOR TRIM (KS272A),ALA 10,OS concluída,,,
2026-08-12,3040261335,065-0065-01,SELECTOR ALT,BANT,REC,EM REPARO,WILLIAM,183.0
2026-08-12,3040261342,066-3084-02,COLOR RADAR INDICATOR,BABV,REC,EM REPARO,WILLIAM,183.0
2026-08-12,3040261340,066-1053-00,"RECEIVER,RADIO",BASM,REC,REPARADO,V1 PAMA-LS,183.0
2026-08-12,3040261377,066-3054-01,INDICATOR RADAR ALTIMETER - TYPE KI250,PAMALS,REC,EM REPARO,WILLIAM,183.0
2026-08-12,3040261376,066-1061-03,RT RADAR ALTIM (KRA10A),PAMALS,REC,PARA REPARO,VEE ONE,183.0
2026-08-12,3040261352,1134380-4,EVAPORATOR MODULE ASSY-RH,BAMN,REC,CONDENADO,VEE ONE,183.0
2026-08-12,3040261347,071-1234-00,ANTENNA ACCESSORY,ALA 1,REC,EM REPARO,WILLIAM,183.0
2026-08-12,3040261344,066-4010-12,RECEIVER VOR/LOC (KNS81),ALA 10,REC,EM REPARO,WILLIAM,183.0
2026-08-12,3040261353,1H75-21,PRESSURE REGULATOR,BAMN,REC,,BAMN,183.0
2026-08-12,3040261357,2682001-1,BRAKE CYL MAST,BABE,OS concluída,,,
2026-08-12,3040261356,2670104-2,ANNUNCIATOR PANEL,PAMALS,REC,REPARADO,VEE ONE,183.0
2026-08-12,3040261355,2643100-201,NOSE GEAR STRUT ASSY - TALL FORK,BABR,OS concluída,,,
2026-08-12,3040261354,2643100-201,NOSE GEAR STRUT ASSY - TALL FORK,BANT,REC,EM REPARO,AV AERONAUTICA,183.0
2026-08-12,3040261364,8210-002-01,GOVERNOR PROPELLER,PAMASP,REC,REPARADO,VEE ONE,183.0
2026-08-12,3040261627,S3828-1,ALTIMETER,BAMN,REC,EM REPARO,WILLIAM,169.0
2026-08-12,3040261628,S3828-1,ALTIMETER,BABE,REC,REPARADO,V1 PAMA-LS,169.0
2026-08-12,3040261851,51539-012MRX,CONTROL UNIT ASSY-GENERATOR,BABE,REC,EM REPARO,VEE ONE,161.0
2026-08-12,3040261852,51539-012MRX,CONTROL UNIT ASSY-GENERATOR,BABE,REC,EM REPARO,VEE ONE,161.0
2026-08-12,3040261843,3034792,BOMBA DE COMBUSTÍVEL,PAMALS,REC,EM REPARO,VEE ONE,156.0
2026-08-12,3040262245,200SGL119Q-2,STARTER GENERATOR,BAMN,OS concluída,,,
2026-08-12,3040262246,200SGL119Q-2,STARTER GENERATOR,BAMN,OS concluída,,,
2026-08-12,3040262273,324843-W020,HEADSET-MICROPHONE,BABE,OS concluída,,,
2026-08-12,3040262275,324843-W020,HEADSET-MICROPHONE,BANT,OS concluída,,,
2026-08-12,3040262363,066-1055-00,AUDIO CONTROL PANEL,ALA 5,OS concluída,,,
2026-08-12,3040262367,066-1055-00,AUDIO CONTROL PANEL,ALA 9,REC,EM REPARO,WILLIAM,139.0
2026-08-12,3040262368,066-1055-00,AUDIO CONTROL PANEL,CLA,OS concluída,,,
2026-08-12,3040262372,51539-012M,CONTROL UNIT ASSY-GENERATOR,BANT,REC,,V1 PAMA-LS,139.0
2026-08-12,3040262371,51539-012N,CONTROL UNIT ASSY-GENERATOR,BANT,REC,REPARADO,V1 PAMA-LS,139.0
2026-08-12,3040262419,065-0061-36,ACTUATOR TRIM (KS272A),ALA 9,REC,EM REPARO,WILLIAM,134.0
2026-08-12,3040262734,C352,PORTABLE HALON FIRE EXTINGUISHERS,ALA 5,REC,EM REPARO,AV AERONAUTICA,121.0
2026-08-12,3040262738,C352TS,"EXTINGUISHER,FIRE",BANT,REC,,PROCURANDO,121.0
2026-08-12,3040262739,C352TS,"EXTINGUISHER,FIRE",BANT,REC,,PROCURANDO,121.0
2026-08-12,3040262740,C352TS,"EXTINGUISHER,FIRE",PAMALS,REC,,PROCURANDO,121.0
2026-08-12,3040262766,011-00883-20,RADAR GWX 68 WEATHER,BAMN,OS concluída,EM REPARO,VEE ONE,
2026-08-12,3040262765,011-00883-20,RADAR GWX 68 WEATHER,BAMN,REC,EM REPARO,VEE ONE,121.0
2026-08-12,3040262772,011-01020-10,AFCS MODE CONTROLLER GMC 710,BAMN,REC,EM REPARO,WILLIAM,121.0
2026-08-12,3040262770,011-01020-10,AFCS MODE CONTROLLER GMC 710,BAMN,REC,EM REPARO,WILLIAM,121.0
2026-08-12,3040262773,011-01020-10,AFCS MODE CONTROLLER GMC 710,BAMN,REC,EM REPARO,WILLIAM,121.0
2026-08-12,3040262746,066-1070-01,TRANSCEIVER DME (KN63),BABE,REC,EM REPARO,WILLIAM,121.0
2026-08-12,3040262745,064-1019-05,VHF TRANSCEIVE KY196,EEAR,REC,EM REPARO,VEE ONE,121.0
2026-08-12,3040262747,066-1072-00,RECEIVER ADF (KING KR87),ALA 7,REC,EM REPARO,WILLIAM,121.0
2026-08-12,3040262748,066-3046-07,"CONTROL,INDICATOR",BABR,REC,,BANT,121.0
2026-08-12,3040262769,066-3046-07,"CONTROL,INDICATOR",BABR,REC,,BANT,121.0
2026-08-12,3040262768,066-3046-07,"CONTROL,INDICATOR",EEAR,REC,EM REPARO,LEAP,121.0
2026-08-12,3040262767,066-3046-07,"CONTROL,INDICATOR",EEAR,REC,EM REPARO,LEAP,121.0
2026-08-12,3040262791,066-3060-00,IND RMI KNI582,BANT,REC,EM REPARO,LEAP,121.0
2026-08-12,3040262630,161-11700,INNER WHEEL HALF ASSY,BANT,REC,REPARADO,VEE ONE,121.0
2026-08-12,3040262792,066-3060-00,IND RMI KNI582,BANT,REC,EM REPARO,LEAP,121.0
2026-08-12,3040262634,162-10700,OUTER WHEEL HALF ASSY,BANT,REC,REPARADO,VEE ONE,121.0
2026-08-12,3040262632,161-12800,WHEEL HALF ASSY-INNER,BANT,OS concluída,REPARADO,VEE ONE,
2026-08-12,3040262633,161-12800,WHEEL HALF ASSY-INNER,BANT,REC,REPARADO,VEE ONE,121.0
2026-08-12,3040262635,162-11800,WHEEL HALF ASSY-OUTER,EPCAR,REC,REPARADO,VEE ONE,121.0
2026-08-12,3040262637,162-11800,WHEEL HALF ASSY-OUTER,BANT,REC,REPARADO,VEE ONE,121.0
2026-08-12,3040262636,162-11800,WHEEL HALF ASSY-OUTER,BANT,REC,REPARADO,VEE ONE,121.0
2026-08-12,3040262646,200SGL119Q,STARTER GENERATOR,PAMASP,OS concluída,,,
2026-08-12,3040262639,200SGL119Q,STARTER GENERATOR,PAMASP,OS concluída,,PAMA-LS,
2026-08-12,3040262638,200SGL119Q,STARTER GENERATOR,PAMALS,REC,EM REPARO,AV AERONAUTICA,121.0
2026-08-12,3040262757,2606015-2,IND OIL TEMP/P,PAMALS,REC,EM REPARO,VEE ONE,121.0
2026-08-12,3040262706,2641011-5,AXLE-MAIN GEAR,BAMN,REC,,BANT,121.0
2026-08-12,3040262707,2641011-5,AXLE-MAIN GEAR,BABV,REC,REPARADO,VEE ONE,121.0
2026-08-12,3040262717,2641011-5,AXLE-MAIN GEAR,BANT,REC,REPARADO,VEE ONE,121.0
2026-08-12,3040262714,2641011-5,AXLE-MAIN GEAR,BAPV,REC,,BANT,121.0
2026-08-12,3040262713,2641011-5,AXLE-MAIN GEAR,BAPV,REC,REPARADO,VEE ONE,121.0
2026-08-12,3040262712,2641011-5,AXLE-MAIN GEAR,BABR,REC,,BANT,121.0
2026-08-12,3040262711,2641011-5,AXLE-MAIN GEAR,BABR,REC,,BANT,121.0
2026-08-12,3040262709,2641011-5,AXLE-MAIN GEAR,PAMALS,REC,,BANT,121.0
2026-08-12,3040262708,2641011-5,AXLE-MAIN GEAR,PAMALS,REC,,BANT,121.0
2026-08-12,3040262744,3244809-1A,F.C.U,PAMALS,REC,EM REPARO,LEAP,121.0
2026-08-12,3040262758,9910338-4,FUEL TOTALIZER INDICATOR,PAMALS,REC,EM REPARO,VEE ONE,121.0
2026-08-12,3040262759,9910338-6,"TRANSMITTER,RATE OF FLOW",BAMN,REC,EM REPARO,WILLIAM,121.0
2026-08-12,3040262760,9910338-6,"TRANSMITTER,RATE OF FLOW",BANT,REC,EM REPARO,VEE ONE,121.0
2026-08-12,3040262966,2682001-1,BRAKE CYL MAST,BACO,OS concluída,,PAMA-LS,
2026-08-12,3040262967,2682001-1,BRAKE CYL MAST,PAMALS,REC,REPARADO,V1 PAMA-LS,119.0
2026-08-12,3040262968,2682001-1,BRAKE CYL MAST,BANT,OS concluída,,PAMA-LS,
2026-08-12,3040262969,2682001-1,BRAKE CYL MAST,BABE,REC,REPARADO,V1 PAMA-LS,119.0
2026-08-12,3040263069,453-5060,ELT C406-N,BABE,OS concluída,,,
2026-08-12,3040263283,D145-00-46-2,FLAP ACTUATOR ASSY,PAMALS,REC,EM REPARO,LEAP,104.0
2026-08-12,3040263284,D145-00-46-2,FLAP ACTUATOR ASSY,BAFL,REC,EM REPARO,LEAP,104.0
2026-08-12,3040263324,069-01033-0101,"RECEIVER-TRANSMITTER,RADIO",PAMALS,REC,EM REPARO,LEAP,104.0
2026-08-12,3040263287,C661065-0237,AIRSPEED INDICATOR,BABR,REC,REPARADO,VEE ONE,104.0
2026-08-12,3040263288,C661065-0237,AIRSPEED INDICATOR,PAMASP,REC,REPARADO,VEE ONE,104.0
2026-08-12,3040263314,060-0017-00,FLIGHT DIR HOR,EEAR,REC,EM REPARO,LEAP,104.0
2026-08-12,3040263319,066-1055-00,AUDIO CONTROL PANEL,BABE,REC,REPARADO,VEE ONE,104.0
2026-08-12,3040263317,060-0017-00,FLIGHT DIR HOR,PAMASP,REC,,BANT,104.0
2026-08-12,3040263316,060-0017-00,FLIGHT DIR HOR,BANT,REC,,BANT,104.0
2026-08-12,3040263320,066-1055-00,AUDIO CONTROL PANEL,PAMALS,REC,EM REPARO,AV AERONAUTICA,104.0
2026-08-12,3040263325,069-01033-0101,"RECEIVER-TRANSMITTER,RADIO",PAMALS,REC,,PROCURANDO,104.0
2026-08-12,3040263335,C611008-0101,ALTERNATOR CONTROL UNIT,PAMALS,REC,EM REPARO,AV AERONAUTICA,104.0
2026-08-12,3040263336,C611008-0101,ALTERNATOR CONTROL UNIT,PAMALS,REC,EM REPARO,AV AERONAUTICA,104.0
2026-08-12,3040263286,C661065-0237,AIRSPEED INDICATOR,BANT,REC,DEVOLVIDO NO ESTADO,WILLIAM,104.0
2026-08-12,3040263322,066-1055-00,AUDIO CONTROL PANEL,ALA 9,REC,EM REPARO,WILLIAM,104.0
2026-08-12,3040263326,069-01033-0101,"RECEIVER-TRANSMITTER,RADIO",PAMALS,REC,,BANT,104.0
2026-08-12,3040263315,060-0017-00,FLIGHT DIR HOR,BACG,OS concluída,,BABR,
2026-08-12,3040263334,011-00916-10,"DISPLAY UNIT,FLIGHT INFORMATION",BACO,REC,VAI SER DEVOLVIDO SEM REPARO,WILLIAM,104.0
2026-08-12,3040263333,011-00916-10,"DISPLAY UNIT,FLIGHT INFORMATION",BACO,REC,EM REPARO,WILLIAM,104.0
2026-08-12,3040263332,011-00916-10,"DISPLAY UNIT,FLIGHT INFORMATION",BAMN,OS concluída,EM REPARO,WILLIAM,
2026-08-12,3040263331,C661064-0237,AIRSPEED INDICATOR,PAMALS,REC,VAI SER DEVOLVIDO SEM REPARO,WILLIAM,104.0
2026-08-12,3040263329,C661064-0237,AIRSPEED INDICATOR,PAMALS,REC,EM REPARO,WILLIAM,104.0
2026-08-12,3040263328,C661064-0237,AIRSPEED INDICATOR,BABR,REC,EM REPARO,WILLIAM,104.0
2026-08-12,3040263327,C661064-0237,AIRSPEED INDICATOR,BABR,REC,EM REPARO,WILLIAM,104.0
2026-08-12,3040263330,C661064-0237,AIRSPEED INDICATOR,PAMALS,REC,EM REPARO,WILLIAM,104.0
2026-08-12,3040263338,C611008-0101,ALTERNATOR CONTROL UNIT,PAMALS,REC,REPARADO,V1 PAMA-LS,104.0
2026-08-12,3040263433,066-03064-0005,"ALTIMETER,SERVO CONTROLLED,AUTOMATIC PRESSURE",BACG,REC,EM REPARO,WILLIAM,98.0
2026-08-12,3040263435,066-03064-0005,"ALTIMETER,SERVO CONTROLLED,AUTOMATIC PRESSURE",BANT,REC,EM REPARO,WILLIAM,98.0
2026-08-12,3040263434,066-03064-0005,"ALTIMETER,SERVO CONTROLLED,AUTOMATIC PRESSURE",PAMASP,REC,VAI SER DEVOLVIDO SEM REPARO,WILLIAM,98.0
2026-08-12,3040263417,069-01033-0101,"RECEIVER-TRANSMITTER,RADIO",PAMALS,REC,EM REPARO,WILLIAM,98.0
2026-08-12,3040263416,069-01033-0101,"RECEIVER-TRANSMITTER,RADIO",BASM,REC,EM REPARO,WILLIAM,98.0
2026-08-12,3040263415,069-01033-0101,"RECEIVER-TRANSMITTER,RADIO",BABR,REC,,BANT,98.0
2026-08-12,3040263447,066-3046-07,"CONTROL,INDICATOR",CLA,REC,,BABR,98.0
2026-08-12,3040263443,3244897-4,FUEL CONTROL UNIT,PAMALS,REC,EM REPARO,LEAP,97.0
2026-08-12,3040263444,3244897-4,FUEL CONTROL UNIT,PAMALS,REC,EM REPARO,LEAP,97.0
2026-08-12,3040263577,060-0015-00,"CONTROL,DIRECTIONAL,AUTOMATIC PILOT",ALA 5,REC,EM REPARO,WILLIAM,92.0
2026-08-12,3040263574,066-1072-04,"RECEIVER,RADIO",BABE,REC,EM REPARO,WILLIAM,92.0
2026-08-12,3040263576,066-1072-04,"RECEIVER,RADIO",BAMN,OS concluída,DEVOLVIDO NO ESTADO,WILLIAM,
2026-08-12,3040263575,066-1072-04,"RECEIVER,RADIO",BABE,REC,EM REPARO,WILLIAM,92.0
2026-08-12,3040263573,066-3084-32,IND RDR 2000 IN-182A,PAMALS,REC,,BABR,92.0
2026-08-12,3040263571,066-3084-32,IND RDR 2000 IN-182A,PAMALS,REC,EM REPARO,WILLIAM,92.0
2026-08-12,3040263572,066-3084-32,IND RDR 2000 IN-182A,PAMALS,REC,EM REPARO,WILLIAM,92.0
2026-08-12,3040263448,2618510-10,ALTERNATOR CONTROL UNIT ASSY,BABE,REC,EM REPARO,WILLIAM,92.0
2026-08-12,3040263449,2618510-10,ALTERNATOR CONTROL UNIT ASSY,PAMALS,REC,EM REPARO,WILLIAM,92.0
2026-08-12,3040263877,2641011-5,AXLE-MAIN GEAR,CLA,REC,EM REPARO,LEAP,82.0
2026-08-12,3040263878,2641011-5,AXLE-MAIN GEAR,CLA,REC,EM REPARO,LEAP,82.0
2026-08-12,3040264243,069-01033-0101,"RECEIVER-TRANSMITTER,RADIO",PAMALS,REC,EM REPARO,WILLIAM,75.0
2026-08-12,3040264244,069-01033-0101,"RECEIVER-TRANSMITTER,RADIO",PAMASP,REC,EM REPARO,WILLIAM,75.0
2026-08-12,3040264246,060-0017-00,FLIGHT DIR HOR,PAMALS,REC,EM REPARO,WILLIAM,75.0
2026-08-12,3040264237,200SGL119Q-2,STARTER GENERATOR,BAMN,REC,EM REPARO,AV AERONAUTICA,75.0
2026-08-12,3040264236,200SGL119Q-2,STARTER GENERATOR,BABE,REC,,BABE,75.0
2026-08-12,3040264121,3244897-4,FUEL CONTROL UNIT,BABE,OS concluída,EM REPARO,LEAP,
2026-08-12,3040264263,9910338-8,"INDICATOR,FUEL FLOW",PAMALS,OS concluída,,BABR,
2026-08-12,3040264262,9910338-8,"INDICATOR,FUEL FLOW",BABV,REC,EM REPARO,WILLIAM,75.0
2026-08-12,3040264242,324843-2020,HEADSET-MICROPHONE,BABE,REC,EM REPARO,WILLIAM,75.0
2026-08-12,3040264264,324843-2020,HEADSET-MICROPHONE,DACTA II,REC,EM REPARO,WILLIAM,75.0
2026-08-12,3040264238,324843-2020,HEADSET-MICROPHONE,DACTA II,REC,EM REPARO,WILLIAM,75.0
2026-08-12,3040264241,324843-2020,HEADSET-MICROPHONE,DACTA II,REC,EM REPARO,WILLIAM,75.0
2026-08-12,3040264240,324843-2020,HEADSET-MICROPHONE,DACTA II,REC,EM REPARO,WILLIAM,75.0
2026-08-12,3040264122,3244809-8,"FUEL CONTROL,MAIN,TURBINE ENGINE",BABE,OS concluída,,BABR,
2026-08-12,3040263797,066-3046-07,"CONTROL,INDICATOR",BABE,REC,EM REPARO,WILLIAM,75.0
2026-08-12,3040263798,066-3046-07,"CONTROL,INDICATOR",PAMASP,REC,EM REPARO,WILLIAM,75.0
2026-08-12,3040263799,066-3046-07,"CONTROL,INDICATOR",PAMASP,REC,EM REPARO,WILLIAM,75.0
2026-08-12,3040263795,071-01519-0101,"RECEIVER-EXCITER,RADAR",PAMALS,REC,,PROCURANDO,75.0
2026-08-12,3040263796,071-01519-0101,"RECEIVER-EXCITER,RADAR",PAMALS,REC,,PROCURANDO,75.0
2026-08-12,3040264579,060-0017-00,FLIGHT DIR HOR,BABR,OS concluída,,,
2026-08-12,3040264577,060-0017-00,FLIGHT DIR HOR,PAMALS,REC,,,63.0
2026-08-12,3040264573,060-0017-00,FLIGHT DIR HOR,BANT,REC,,,63.0
2026-08-12,3040264574,060-0017-00,FLIGHT DIR HOR,BANT,REC,,,63.0
2026-08-12,3040264576,060-0017-00,FLIGHT DIR HOR,PAMALS,REC,,,63.0
2026-08-12,3040264572,060-0017-00,FLIGHT DIR HOR,PAMASP,REC,,,63.0
2026-08-12,3040264647,1H75-21,PRESSURE REGULATOR,BAMN,REC,,,58.0
2026-08-12,3040264646,1H75-21,PRESSURE REGULATOR,PAMASP,REC,,,58.0
2026-08-12,3040264645,1H75-21,PRESSURE REGULATOR,PAMASP,REC,,,58.0
2026-08-12,3040264643,1H75-21,PRESSURE REGULATOR,PAMASP,REC,,,58.0
2026-08-12,3040264707,3244809-7,"FUEL CONTROL,MAIN,TURBINE ENGINE",BABE,REC,,,58.0
2026-08-12,3040264709,540-1407-4,"VALVE,BLEED,TURBINEENGINE",PAMASP,REC,,,58.0
2026-08-12,3040264710,200SGL153Q,"STARTER-GENERATOR,ENGINE,AIRCRAFT",CLA,REC,,,58.0
2026-08-12,3040264711,200SGL153Q,"STARTER-GENERATOR,ENGINE,AIRCRAFT",PAMASP,REC,,,58.0
2026-08-12,3040264712,200SGL153Q,"STARTER-GENERATOR,ENGINE,AIRCRAFT",BACG,REC,,,58.0
2026-08-12,3040264718,9910338-8,"INDICATOR,FUEL FLOW",PAMALS,REC,,,58.0
2026-08-12,3040264719,S3326-2,"INDICATOR,HORIZONTAL SITUATION",ALA 8,REC,,,58.0
2026-08-12,3040264720,S3326-2,"INDICATOR,HORIZONTAL SITUATION",PAMALS,REC,,,58.0
2026-08-12,3040264721,S3326-2,"INDICATOR,HORIZONTAL SITUATION",PAMASP,REC,,,58.0
2026-08-12,3040264724,2606013-1AM,INDICADOR PERCENTUAL RPM,BABV,REC,,,58.0
2026-08-12,3040264725,2606013-1AM,INDICADOR PERCENTUAL RPM,BABR,REC,,,58.0
2026-08-12,3040264726,2606015-4,INDICATOR-OIL TEMP/OIL PRESS,BANT,REC,,,58.0
2026-08-12,3040264727,C661051-0201,GYRO HORIZON,ALA 10,REC,,,58.0
2026-08-12,3040264728,504-0111-906,GYRO HORIZON,PAMALS,REC,,,58.0
2026-08-12,3040264729,504-0111-906,GYRO HORIZON,BACG,REC,,,58.0
2026-08-12,3040264730,8210-003,"GOVERNOR,FUEL CONTROL",PAMASP,REC,,,58.0
2026-08-12,3040264731,8210-002,"GOVERNOR,CONSTANT SPEED DRIVE",PAMASP,REC,,,58.0
2026-08-12,3040264732,8210-002,"GOVERNOR,CONSTANT SPEED DRIVE",BAMN,REC,,,58.0
2026-08-12,3040264733,030-18200,MAIN WHEEL BRAKE,BAMN,REC,,,58.0
2026-08-12,3040264734,030-18200,MAIN WHEEL BRAKE,BAMN,REC,,,58.0
2026-08-12,3040264735,161-11700,INNER WHEEL HALF ASSY,PAMALS,REC,,,58.0
2026-08-12,3040264736,161-12800,WHEEL HALF ASSY-INNER,BABR,REC,,,58.0
2026-08-12,3040264737,161-12800,WHEEL HALF ASSY-INNER,PAMALS,AUT,,,58.0
2026-08-12,3040264738,162-10700,OUTER WHEEL HALF ASSY,BACO,AUT,,,58.0
2026-08-12,3040264807,011-01105-01,INTEGRATED AVIONICS UNIT GIA63W,ALA 8,REC,,,50.0
2026-08-12,3040264808,011-01105-01,INTEGRATED AVIONICS UNIT GIA63W,BAMN,REC,,,50.0
2026-08-12,3040264907,011-00916-10,"DISPLAY UNIT,FLIGHT INFORMATION",BAMN,REC,,,43.0
2026-08-12,3040264908,011-00916-10,"DISPLAY UNIT,FLIGHT INFORMATION",BABV,REC,,,43.0
2026-08-12,3040264974,3244809-8,"FUEL CONTROL,MAIN,TURBINE ENGINE",BAMN,REC,,,41.0
2026-08-12,3040264961,3244897-4,FUEL CONTROL UNIT,CLA,REC,,,41.0
2026-08-12,3040264960,3034792,BOMBA DE COMBUSTÍVEL,CLA,REC,,,41.0
2026-08-12,3040265144,011-01020-10,AFCS MODE CONTROLLER GMC 710,BABE,REC,,,35.0
2026-08-12,3040265140,011-01020-10,AFCS MODE CONTROLLER GMC 710,BABE,REC,,,35.0
2026-08-12,3040265482,066-3084-32,IND RDR 2000 IN-182A,BABR,REC,,,20.0
2026-08-12,3040265484,066-3084-32,IND RDR 2000 IN-182A,BANT,REC,,,20.0
2026-08-12,3040265485,066-3084-32,IND RDR 2000 IN-182A,BABR,REC,,,20.0
2026-08-12,3040265526,ASG12000-2,ALTERNATOR,PAMALS,REC,,,16.0
2026-08-12,3040265525,ASG12000-2,ALTERNATOR,BABR,REC,,,16.0
2026-08-12,3040265527,9910592-2,ALTERNADOR,BABR,REC,,,16.0
2026-08-12,3040265533,3122678-04,FUEL CONTROL UNIT,BABR,REC,,,16.0
2026-08-12,3040265532,C611505-0201,ALTERNATOR,BANT,REC,,,16.0
2026-08-12,3040265530,C611505-0201,ALTERNATOR,BABV,REC,,,16.0
2026-08-12,3040265528,9910592-2,ALTERNADOR,BABR,REC,,,16.0
2026-08-12,3040265724,3244897-4,FUEL CONTROL UNIT,CLA,REC,,,15.0
2026-08-12,3040265474,C611008-0101,ALTERNATOR CONTROL UNIT,PAMALS,REC,,,13.0
2026-08-12,3040265475,C611008-0101,ALTERNATOR CONTROL UNIT,BABV,REC,,,13.0
2026-08-12,3040265476,C611008-0101,ALTERNATOR CONTROL UNIT,PAMALS,REC,,,13.0
2026-08-12,3040265477,C611008-0101,ALTERNATOR CONTROL UNIT,PAMALS,REC,,,13.0
2026-08-12,3040265576,011-00916-10,"DISPLAY UNIT,FLIGHT INFORMATION",BAMN,REC,,,12.0
2026-08-12,3040265580,011-00916-00,DISPLAY UNIT GDU 1040A,PAMALS,AUT,,,16.0
2026-08-12,3040265581,011-00916-00,DISPLAY UNIT GDU 1040A,PAMALS,AUT,,,16.0
2026-08-12,3040265589,EA-5175-52-CES,INDICATOR TRUE,BABV,AUT,,,16.0
2026-08-12,3040265590,EA-5175-52-CES,INDICATOR TRUE,BASM,AUT,,,16.0
2026-08-12,3040265591,EA-5175-52-CES,INDICATOR TRUE,BABV,AUT,,,16.0
2026-08-12,3040265592,EA-5175-52-CES,INDICATOR TRUE,BABV,AUT,,,16.0
2026-08-12,3040265668,9910592-2,ALTERNADOR,PAMALS,AUT,,,16.0
2026-08-12,3040265678,9910592-2,ALTERNADOR,BAMN,AUT,,,16.0
2026-08-12,3040265679,C611505-0201,ALTERNATOR,PAMALS,AUT,,,16.0
2026-08-12,3040265680,C611505-0201,ALTERNATOR,ALA 8,AUT,,,16.0
2026-08-12,3040265726,071-01519-0101,"RECEIVER-EXCITER,RADAR",PAMALS,AUT,,,15.0
2026-08-12,3040265727,071-01519-0101,"RECEIVER-EXCITER,RADAR",CLA,AUT,,,15.0
2026-08-12,3040265728,C163030-1001,MAIN W BRAKE A,BAMN,AUT,,,15.0
2026-08-12,3040265731,066-3046-07,"CONTROL,INDICATOR",BABR,AUT,,,15.0
2026-08-12,3040265732,066-3046-07,"CONTROL,INDICATOR",BANT,AUT,,,15.0
2026-08-12,3040265734,066-3046-07,"CONTROL,INDICATOR",EEAR,AUT,,,15.0
2026-08-12,3040265735,066-3046-07,"CONTROL,INDICATOR",CLA,AUT,,,15.0
2026-08-12,3040265736,C611008-0101,ALTERNATOR CONTROL UNIT,BABV,AUT,,,15.0
2026-08-12,3040265737,C611008-0101,ALTERNATOR CONTROL UNIT,EEAR,AUT,,,15.0
2026-08-12,3040265738,C611008-0101,ALTERNATOR CONTROL UNIT,PAMALS,AUT,,,15.0
2026-08-12,3040265739,C611008-0101,ALTERNATOR CONTROL UNIT,BANT,AUT,,,15.0
2026-08-12,3040265740,C611008-0101,ALTERNATOR CONTROL UNIT,BABE,AUT,,,15.0
2026-08-12,3040265741,C611008-0101,ALTERNATOR CONTROL UNIT,BABR,AUT,,,15.0
2026-08-12,3040265742,066-1072-04,"RECEIVER,RADIO",BACG,AUT,,,15.0
2026-08-12,3040265743,066-1072-04,"RECEIVER,RADIO",BAMN,AUT,,,15.0
2026-08-12,3040265744,066-1072-04,"RECEIVER,RADIO",PAMALS,AUT,,,15.0
2026-08-12,3040265745,066-3084-32,IND RDR 2000 IN-182A,PAMALS,AUT,,,15.0
2026-08-12,3040265746,066-3084-32,IND RDR 2000 IN-182A,PAMALS,AUT,,,15.0
2026-08-12,3040265747,30994-001,BATTERY-MARATHON TSP410 NICAD,PAMALS,AUT,,,15.0
2026-08-12,3040265748,30994-001,BATTERY-MARATHON TSP410 NICAD,PAMALS,AUT,,,15.0
2026-08-12,3040265749,30994-001,BATTERY-MARATHON TSP410 NICAD,PAMALS,AUT,,,15.0
2026-08-12,3040265750,30994-001,BATTERY-MARATHON TSP410 NICAD,PAMALS,AUT,,,15.0
2026-08-12,3040265751,30994-001,BATTERY-MARATHON TSP410 NICAD,PAMALS,AUT,,,15.0
2026-08-12,3040265752,2641011-5,AXLE-MAIN GEAR,BAMN,AUT,,,15.0
2026-08-12,3040265753,2641011-5,AXLE-MAIN GEAR,BAMN,AUT,,,15.0
2026-08-12,3040265754,161-11700,INNER WHEEL HALF ASSY,BACO,AUT,,,15.0
2026-08-12,3040265755,161-12800,WHEEL HALF ASSY-INNER,BABE,AUT,,,15.0
2026-08-12,3040265757,066-01141-0101,"RECEIVER,RADIO",PAMALS,AUT,,,15.0
2026-08-12,3040265758,066-01141-0101,"RECEIVER,RADIO",PAMALS,AUT,,,15.0
2026-08-12,3040265759,C660501-0103,"COMPASS,SPEC",DACTA II,AUT,,,15.0
2026-08-12,3040265769,023694-000,BATTERY NICKEL CADMIUM,BAPV,AUT,,,14.0
2026-08-12,3040265771,2651023-23,ENGINE MOUNT ASSEMBLY,PAMALS,AUT,,,14.0
2026-08-12,3040265772,2651023-23,ENGINE MOUNT ASSEMBLY,PAMALS,AUT,,,14.0
2026-08-12,3040265892,324843-0020,HEADSET-MICROPHONE,PAMALS,AUT,,,9.0
2026-08-12,3040265893,324843-0020,HEADSET-MICROPHONE,PAMALS,AUT,,,9.0
2026-08-12,3040265894,324843-0020,HEADSET-MICROPHONE,PAMALS,AUT,,,9.0
2026-08-12,3040265895,324843-0020,HEADSET-MICROPHONE,PAMALS,AUT,,,9.0
2026-08-13,3040249831,066-01141-5101,"RECEIVER-TRANSMITTER,RADIO (KT71)",PAMALS,REC,EM REPARO,LEAP,549.0
2026-08-13,3040250248,452-0133,"BATTERY,NONRECHARGEABLE",BABR,REC,CONDENADO,VEE ONE,533.0
2026-08-13,3040250249,452-0133,"BATTERY,NONRECHARGEABLE",BAMN,REC,CONDENADO,VEE ONE,533.0
2026-08-13,3040250234,3034792,BOMBA DE COMBUSTÍVEL,PAMALS,REC,,BANT,533.0
2026-08-13,3040250816,453-5060,"BEACON,DISTRESS",BAMN,REC,,PAMA-LS,511.0
2026-08-13,3040250830,799-1,TRANSDUCER,BACO,REC,,BANT,511.0
2026-08-13,3040250829,51539-012N,CONTROL UNIT ASSY-GENERATOR,BAMN,OS concluída,,,
2026-08-13,3040250828,51539-012N,CONTROL UNIT ASSY-GENERATOR,BACG,REC,,BABR,511.0
2026-08-13,3040250827,51539-012N,CONTROL UNIT ASSY-GENERATOR,BANT,REC,,BABR,511.0
2026-08-13,3040250831,799-1,TRANSDUCER,BANT,REC,,BANT,511.0
2026-08-13,3040250833,9910586-4,FLAP ACTUATOR AND MOTOR ASSEMBLY,ALA 3,REC,,BAMN,511.0
2026-08-13,3040250834,9910586-4,FLAP ACTUATOR AND MOTOR ASSEMBLY,ALA 3,OS concluída,,,
2026-08-13,3040250832,9910338-4,FUEL TOTALIZER INDICATOR,EEAR,REC,,PAMA-LS,511.0
2026-08-13,3040250835,ASG12000-2,ALTERNATOR,ALA 5,REC,REPARADO,V1 PAMA-LS,511.0
2026-08-13,3040250841,C661030-0301,TURN BANK,PAMALS,REC,EM REPARO,LEAP,511.0
2026-08-13,3040250842,C662041-0102,INDICATOR FUEL,ALA 5,REC,,PAMA-LS,511.0
2026-08-13,3040250844,C662041-0102,INDICATOR FUEL,ALA 9,REC,,PAMA-LS,511.0
2026-08-13,3040250843,C662041-0102,INDICATOR FUEL,ALA 10,OS concluída,,,
2026-08-13,3040250719,060-0017-00,FLIGHT DIR HOR,PAMALS,REC,,BANT,511.0
2026-08-13,3040250720,060-0017-00,FLIGHT DIR HOR,BABV,OS concluída,,,
2026-08-13,3040250722,066-01141-5101,"RECEIVER-TRANSMITTER,RADIO (KT71)",ALA 9,REC,EM REPARO,WILLIAM,511.0
2026-08-13,3040250723,066-01141-5101,"RECEIVER-TRANSMITTER,RADIO (KT71)",CLA,REC,,BABR,511.0
2026-08-13,3040250721,060-0017-00,FLIGHT DIR HOR,BANT,OS concluída,,,
2026-08-13,3040250725,066-3046-07,"CONTROL,INDICATOR",ALA 10,OS concluída,,,
2026-08-13,3040250724,066-04035-1101,"DISPLAY UNIT,RADAR",PAMALS,REC,,BANT,511.0
2026-08-13,3040250732,069-1025-25,"RECEIVER-TRANSMITTER,RADIO - KX165",PAMALS,REC,EM REPARO,WILLIAM,511.0
2026-08-13,3040250782,2606012-1,INDICATOR-INTER-TURBINE TEMPERATURE,ALA 9,OS concluída,,,
2026-08-13,3040250775,161-11700,INNER WHEEL HALF ASSY,BABE,OS concluída,,,
2026-08-13,3040250773,161-11700,INNER WHEEL HALF ASSY,EEAR,REC,,BACG,511.0
2026-08-13,3040250718,030-18200,MAIN WHEEL BRAKE,BACO,OS concluída,,,
2026-08-13,3040250716,030-18200,MAIN WHEEL BRAKE,BABV,REC,EM REPARO,LEAP,511.0
2026-08-13,3040250717,030-18200,MAIN WHEEL BRAKE,BACO,OS concluída,,,
2026-08-13,3040250780,162-11800,WHEEL HALF ASSY-OUTER,PAMALS,OS concluída,,,
2026-08-13,3040250781,162-11800,WHEEL HALF ASSY-OUTER,BACG,OS concluída,,,
2026-08-13,3040250778,161-12800,WHEEL HALF ASSY-INNER,BACG,OS concluída,,,
2026-08-13,3040250776,161-12800,WHEEL HALF ASSY-INNER,BABE,OS concluída,,,
2026-08-13,3040250790,2643031-7,"FORK ASSY,NOSE GEAR SPRING",BAMN,OS concluída,,,
2026-08-13,3040250791,2643090-1,SHIMMY DAMPENE,BANT,REC,EM REPARO,AV AERONAUTICA,511.0
2026-08-13,3040250792,2643090-1,SHIMMY DAMPENE,BAMN,REC,REPARADO,V1 PAMA-LS,511.0
2026-08-13,3040250789,2641012-14,TRUNNION ASSY-RH-MAIN GEAR,PAMASP,OS concluída,,,
2026-08-13,3040250793,2643099-4,"SUPPORT ASSY FOWARD, NLG SPRING",BAMN,OS concluída,,,
2026-08-13,3040250798,30994-001,BATTERY-MARATHON TSP410 NICAD,BANT,OS concluída,CONDENADO,AMA - VEE ONE,
2026-08-13,3040252191,C611008-0101,ALTERNATOR CONTROL UNIT,PAMALS,REC,,BABR,478.0
2026-08-13,3040252159,011-00916-00,DISPLAY UNIT GDU 1040A,BAMN,REC,,BAMN,478.0
2026-08-13,3040252161,065-0042-03,COMPUTER PA,ALA 10,REC,EM REPARO,WILLIAM,478.0
2026-08-13,3040252162,065-0042-03,COMPUTER PA,EEAR,REC,,BABE,478.0
2026-08-13,3040252164,065-0042-03,COMPUTER PA,EEAR,REC,EM REPARO,WILLIAM,478.0
2026-08-13,3040252165,065-0042-03,COMPUTER PA,PAMALS,OS concluída,,,
2026-08-13,3040252166,065-0059-01,SERVO PITCH,EEAR,REC,EM REPARO,WILLIAM,478.0
2026-08-13,3040252168,066-03064-0005,"ALTIMETER,SERVO CONTROLLED,AUTOMATIC PRESSURE",ALA 9,OS concluída,,,
2026-08-13,3040252173,066-03064-0005,"ALTIMETER,SERVO CONTROLLED,AUTOMATIC PRESSURE",BANT,REC,EM REPARO,LEAP,478.0
2026-08-13,3040252172,066-03064-0005,"ALTIMETER,SERVO CONTROLLED,AUTOMATIC PRESSURE",PAMALS,REC,NO ESTADO,VEE ONE,478.0
2026-08-13,3040252170,066-03064-0005,"ALTIMETER,SERVO CONTROLLED,AUTOMATIC PRESSURE",ALA 7,REC,NO ESTADO,VEE ONE,478.0
2026-08-13,3040252178,066-1072-00,RECEIVER ADF (KING KR87),PAMALS,OS concluída,,,
2026-08-13,3040252182,066-1072-04,"RECEIVER,RADIO",ALA 9,OS concluída,,,
2026-08-13,3040252181,066-1072-04,"RECEIVER,RADIO",PAMASP,REC,EM REPARO,WILLIAM,478.0
2026-08-13,3040252180,066-1072-04,"RECEIVER,RADIO",ALA 8,OS concluída,,,
2026-08-13,3040252185,066-1072-04,"RECEIVER,RADIO",BAMN,OS concluída,,,
2026-08-13,3040252189,9910338-6,"TRANSMITTER,RATE OF FLOW",ALA 8,OS concluída,,,
2026-08-13,3040252190,9910338-6,"TRANSMITTER,RATE OF FLOW",BABR,OS concluída,,,
2026-08-13,3040252160,011-01020-10,AFCS MODE CONTROLLER GMC 710,BAMN,OS concluída,,,
2026-08-13,3040252939,C163030-1001,MAIN W BRAKE A,BABV,REC,,BAMN,448.0
2026-08-13,3040252936,030-18200,MAIN WHEEL BRAKE,BACO,REC,,PAMA-LS,448.0
2026-08-13,3040252935,030-18200,MAIN WHEEL BRAKE,BAMN,OS concluída,,,
2026-08-13,3040252940,30-182,MAIN WHEEL BRAKE,BABV,OS concluída,,,
2026-08-13,3040252942,30-182,MAIN WHEEL BRAKE,BAMN,OS concluída,,,
2026-08-13,3040252943,30-182,MAIN WHEEL BRAKE,BAMN,OS concluída,,,
2026-08-13,3040253170,161-12800,WHEEL HALF ASSY-INNER,BASM,OS concluída,,,
2026-08-13,3040253168,161-12800,WHEEL HALF ASSY-INNER,BASM,REC,REPARADO,VEE ONE,444.0
2026-08-13,3040253172,161-12800,WHEEL HALF ASSY-INNER,PAMALS,REC,,PROCURANDO,444.0
2026-08-13,3040253174,161-12800,WHEEL HALF ASSY-INNER,PAMALS,OS concluída,,,
2026-08-13,3040253173,161-12800,WHEEL HALF ASSY-INNER,PAMALS,REC,EM REPARO,LEAP,444.0
2026-08-13,3040253176,162-10700,OUTER WHEEL HALF ASSY,BABE,OS concluída,,,
2026-08-13,3040253177,162-10700,OUTER WHEEL HALF ASSY,BABV,REC,REPARADO,VEE ONE,444.0
2026-08-13,3040253178,162-10700,OUTER WHEEL HALF ASSY,PAMALS,REC,,PROCURANDO,444.0
2026-08-13,3040253179,162-11800,WHEEL HALF ASSY-OUTER,CLA,OS concluída,,,
2026-08-13,3040253181,162-11800,WHEEL HALF ASSY-OUTER,PAMALS,OS concluída,,,
2026-08-13,3040253180,162-11800,WHEEL HALF ASSY-OUTER,BASM,REC,,PROCURANDO,444.0
2026-08-13,3040253182,162-11800,WHEEL HALF ASSY-OUTER,PAMALS,REC,REPARADO,VEE ONE,444.0
2026-08-13,3040253536,2641012-14,TRUNNION ASSY-RH-MAIN GEAR,PAMALS,OS concluída,,,
2026-08-13,3040253529,066-03064-0005,"ALTIMETER,SERVO CONTROLLED,AUTOMATIC PRESSURE",DSM-MN,REC,DEVOLVIDO NO ESTADO,WILLIAM,434.0
2026-08-13,3040253528,066-03064-0005,"ALTIMETER,SERVO CONTROLLED,AUTOMATIC PRESSURE",BANT,OS concluída,,,
2026-08-13,3040253532,799-1,TRANSDUCER,PAMALS,REC,,BANT,434.0
2026-08-13,3040253535,2643099-4,"SUPPORT ASSY FOWARD, NLG SPRING",BABE,REC,CONDENADO,VEE ONE,434.0
2026-08-13,3040253531,799-1,TRANSDUCER,BAMN,REC,,VEE ONE,434.0
2026-08-13,3040253530,799-1,TRANSDUCER,BAMN,REC,,BANT,434.0
2026-08-13,3040253526,30994-001,BATTERY-MARATHON TSP410 NICAD,PAMALS,OS concluída,CONDENADO,AMA - VEE ONE,
2026-08-13,3040253527,30994-001,BATTERY-MARATHON TSP410 NICAD,BAPV,OS concluída,CONDENADO,AMA - VEE ONE,
2026-08-13,3040254195,540-1407-4,"VALVE,BLEED,TURBINEENGINE",PAMALS,REC,,BANT,416.0
2026-08-13,3040254201,2643090-3,SHIMMY DAMPER-NOSE GEAR,PAMALS,REC,REPARADO,V1 PAMA-LS,416.0
2026-08-13,3040254203,SE1070-6,SHIMMY DAMPENER ASSY,BACGINAT,OS concluída,,,
2026-08-13,3040254205,C660501-0103,"COMPASS,SPEC",PAMALS,REC,REPARADO,V1 PAMA-LS,416.0
2026-08-13,3040254206,C660501-0103,"COMPASS,SPEC",ALA 8,REC,EM REPARO EM GARANTIA,WILLIAM,416.0
2026-08-13,3040254208,C660501-0103,"COMPASS,SPEC",BABV,REC,REPARADO,V1 PAMA-LS,416.0
2026-08-13,3040254210,799-1,TRANSDUCER,BANT,REC,,BANT,416.0
2026-08-13,3040254792,2606013-1RX,INDICATOR-PERCENT RPM,BABR,REC,,BANT,407.0
2026-08-13,3040254770,069-1025-25,"RECEIVER-TRANSMITTER,RADIO - KX165",ALA 9,REC,EM REPARO,WILLIAM,407.0
2026-08-13,3040254799,453-5000-710,EMERGENCY LOCATOR TRANSMITTER MODEL C406-2,PAMASP,OS concluída,,,
2026-08-13,3040254806,C352TS,"EXTINGUISHER,FIRE",PAMALS,REC,REPARADO,V1 PAMA-LS,407.0
2026-08-13,3040254805,C352TS,"EXTINGUISHER,FIRE",PAMALS,OS concluída,,,
2026-08-13,3040254810,C352TS,"EXTINGUISHER,FIRE",PAMALS,OS concluída,,,
2026-08-13,3040254809,C352TS,"EXTINGUISHER,FIRE",PAMAGL,OS concluída,,,
2026-08-13,3040254803,C352TS,"EXTINGUISHER,FIRE",2 ETA,REC,REPARADO,V1 PAMA-LS,407.0
2026-08-13,3040254808,C352TS,"EXTINGUISHER,FIRE",BABR,REC,REPARADO,V1 PAMA-LS,407.0
2026-08-13,3040254795,D145-00-46-2,FLAP ACTUATOR ASSY,BABE,REC,,PAMA-LS,407.0
2026-08-13,3040254793,D145-00-46-2,FLAP ACTUATOR ASSY,PAMALS,REC,,PAMA-LS,407.0
2026-08-13,3040254815,C482001-0402,VACUUM REGULAT,PAMALS,REC,CONDENADO,VEE ONE,407.0
2026-08-13,3040254816,C482001-0402,VACUUM REGULAT,PAMALS,REC,CONDENADO,VEE ONE,407.0
2026-08-13,3040254820,2641011-5,AXLE-MAIN GEAR,BAMN,OS concluída,,,
2026-08-13,3040254817,2641011-5,AXLE-MAIN GEAR,BABE,OS concluída,,,
2026-08-13,3040254818,2641011-5,AXLE-MAIN GEAR,BABE,OS concluída,,,
2026-08-13,3040254819,2641011-5,AXLE-MAIN GEAR,BANT,OS concluída,,,
2026-08-13,3040254796,30994-001,BATTERY-MARATHON TSP410 NICAD,BAMN,OS concluída,,,
2026-08-13,3040254789,452-0133,"BATTERY,NONRECHARGEABLE",BAMN,REC,CONDENADO,VEE ONE,407.0
2026-08-13,3040254788,452-0133,"BATTERY,NONRECHARGEABLE",BAMN,REC,CONDENADO,VEE ONE,407.0
2026-08-13,3040254787,452-0133,"BATTERY PACK,AIRCRAFT",DACTA II,REC,CONDENADO,VEE ONE,407.0
2026-08-13,3040254786,452-0133,"BATTERY PACK,AIRCRAFT",BAMN,REC,CONDENADO,VEE ONE,407.0
2026-08-13,3040254785,452-0133,"BATTERY,NONRECHARGEABLE",BAMN,REC,CONDENADO,VEE ONE,407.0
2026-08-13,3040254784,452-0133,"BATTERY,NONRECHARGEABLE",DACTA II,REC,CONDENADO,VEE ONE,407.0
2026-08-13,3040255326,011-00916-00,DISPLAY UNIT GDU 1040A,BAMN,REC,,BAMN,398.0
2026-08-13,3040255319,702801-5,FUEL PUMP,PAMASP,REC,EM REPARO,VEE ONE,398.0
2026-08-13,3040255321,8210-002,"GOVERNOR,CONSTANT SPEED DRIVE",PAMALS,OS concluída,,,
2026-08-13,3040255461,DAAS-A-010-1,ADAS-D PROCESSOR,PAMALS,REC,EM REPARO,VEE ONE,394.0
2026-08-13,3040255589,071-01519-0101,"RECEIVER-EXCITER,RADAR",BANT,REC,,PROCURANDO,392.0
2026-08-13,3040255590,071-01519-0101,"RECEIVER-EXCITER,RADAR",PAMALS,OS concluída,,,
2026-08-13,3040255706,C661064-0237,AIRSPEED INDICATOR,BAMN,OS concluída,,,
2026-08-13,3040256114,5934PAD-3,"ALTIMETER,PRESSURE",PAMALS,REC,EM REPARO,VEE ONE,378.0
2026-08-13,3040256119,011-00878-10,GSA-81 TORQUE SERVO,BAPV,REC,EM REPARO,LEAP,378.0
2026-08-13,3040256112,011-00883-20,RADAR GWX 68 WEATHER,BABE,REC,,BAMN,378.0
2026-08-13,3040256115,5934PAD-3,"ALTIMETER,PRESSURE",PAMALS,OS concluída,,,
2026-08-13,3040256118,011-00878-10,GSA-81 TORQUE SERVO,BAPV,REC,,BACO,378.0
2026-08-13,3040256120,011-00916-10,"DISPLAY UNIT,FLIGHT INFORMATION",BAMN,OS concluída,,,
2026-08-13,3040256314,066-4010-12,RECEIVER VOR/LOC (KNS81),EEAR,REC,EM REPARO,LEAP,365.0
2026-08-13,3040256311,3121248-03,"VALVE ASSEMBLY,COMPRESSOR BLEED",PAMALS,OS concluída,,,
2026-08-13,3040256704,C661064-0237,AIRSPEED INDICATOR,PAMALS,OS concluída,,,
2026-08-13,3040256707,D210507,"GOVERNOR,OVERSPEED",PAMALS,OS concluída,,,
2026-08-13,3040256708,D210507,"GOVERNOR,OVERSPEED",PAMALS,REC,REPARADO,VEE ONE,356.0
2026-08-13,3040256702,C661064-0237,AIRSPEED INDICATOR,BABR,OS concluída,,,
2026-08-13,3040256703,C661064-0237,AIRSPEED INDICATOR,PAMALS,OS concluída,,,
2026-08-13,3040256662,030-18200,MAIN WHEEL BRAKE,BASM,OS concluída,,,
2026-08-13,3040256665,161-11700,INNER WHEEL HALF ASSY,BABV,OS concluída,,,
2026-08-13,3040256666,161-11700,INNER WHEEL HALF ASSY,PAMALS,OS concluída,,,
2026-08-13,3040256667,161-11700,INNER WHEEL HALF ASSY,PAMALS,OS concluída,,,
2026-08-13,3040256668,161-11700,INNER WHEEL HALF ASSY,PAMALS,OS concluída,,,
2026-08-13,3040256669,161-11700,INNER WHEEL HALF ASSY,PAMALS,OS concluída,,,
2026-08-13,3040256670,161-11700,INNER WHEEL HALF ASSY,PAMALS,OS concluída,,,
2026-08-13,3040256671,161-11700,INNER WHEEL HALF ASSY,PAMALS,REC,REPARADO,VEE ONE,356.0
2026-08-13,3040256698,030-18200,MAIN WHEEL BRAKE,PAMASP,REC,,PROCURANDO,356.0
2026-08-13,3040256713,030-18200,MAIN WHEEL BRAKE,ALA 3,REC,,BAMN,356.0
2026-08-13,3040256694,162-11800,WHEEL HALF ASSY-OUTER,BANT,OS concluída,,,
2026-08-13,3040256696,162-11800,WHEEL HALF ASSY-OUTER,PAMALS,REC,,PAMA-LS,356.0
2026-08-13,3040256672,161-12800,WHEEL HALF ASSY-INNER,PAMALS,REC,REPARADO,VEE ONE,356.0
2026-08-13,3040256675,161-12800,WHEEL HALF ASSY-INNER,BANT,OS concluída,,,
2026-08-13,3040256792,011-00877-00,"GSA-80 SERVO ROL,YAW,SPEC",BAMN,REC,,PROCURANDO,356.0
2026-08-13,3040256787,011-00877-00,"GSA-80 SERVO ROL,YAW,SPEC",PAMALS,REC,EM REPARO,VEE ONE,356.0
2026-08-13,3040256828,011-00883-20,RADAR GWX 68 WEATHER,PAMALS,REC,CONDENADO,V1 PAMA-LS,356.0
2026-08-13,3040256709,3121248-03,"VALVE ASSEMBLY,COMPRESSOR BLEED",PAMASP,REC,,BANT,353.0
2026-08-13,3040256673,161-12800,WHEEL HALF ASSY-INNER,PAMALS,REC,CONDENADO,VEE ONE,353.0
2026-08-13,3040257095,011-01105-01,INTEGRATED AVIONICS UNIT GIA63W,BABE,REC,EM REPARO,VEE ONE,349.0
2026-08-13,3040257096,011-01105-01,INTEGRATED AVIONICS UNIT GIA63W,BABE,REC,,BAMN,349.0
2026-08-13,3040257093,065-00183-0501,AUTOPILOT COMPUTER KFC225,BABE,REC,,BANT,349.0
2026-08-13,3040257094,065-00183-0501,AUTOPILOT COMPUTER KFC225,BABE,REC,,BANT,349.0
2026-08-13,3040257443,161-12800,WHEEL HALF ASSY-INNER,ALA 3,AUT,,NÃO TEVE MOVIMENTAÇÃO,337.0
2026-08-13,3040257442,C163030-1001,MAIN W BRAKE A,BAMN,OS concluída,REPARADO,VEE ONE,
2026-08-13,3040257452,3244809-8,"FUEL CONTROL,MAIN,TURBINE ENGINE",BAPV,OS concluída,,,
2026-08-13,3040257454,EA-5172-45-CES,"INDICATOR,AIRSPEED",BACG,OS concluída,,,
2026-08-13,3040257453,EA-5172-45-CES,"INDICATOR,AIRSPEED",ALA 7,REC,DEVOLVIDO NO ESTADO,WILLIAM,330.0
2026-08-13,3040257451,3244809-7,"FUEL CONTROL,MAIN,TURBINE ENGINE",PAMASP,REC,,BANT,330.0
2026-08-13,3040257450,3244809-4,"FUEL CONTROL,MAIN,TURBINE ENGINE",PAMASP,OS concluída,EM REPARO,LEAP,
2026-08-13,3040257438,030-18200,MAIN WHEEL BRAKE,BAMN,REC,REPARADO,VEE ONE,330.0
2026-08-13,3040257444,162-10700,OUTER WHEEL HALF ASSY,PAMALS,OS concluída,,,
2026-08-13,3040257447,162-10700,OUTER WHEEL HALF ASSY,PAMALS,OS concluída,,,
2026-08-13,3040257436,30994-001,BATTERY-MARATHON TSP410 NICAD,PAMALS,OS concluída,CONDENADO,AMA - VEE ONE,
2026-08-13,3040257441,030-18200,MAIN WHEEL BRAKE,BAPV,REC,,BAMN,330.0
2026-08-13,3040257440,030-18200,MAIN WHEEL BRAKE,BANT,REC,CONDENADO,VEE ONE,330.0
2026-08-13,3040257439,030-18200,MAIN WHEEL BRAKE,BAMN,REC,,BAMN,330.0
2026-08-13,3040258306,D210507,"GOVERNOR,OVERSPEED",PAMALS,REC,EM REPARO,LEAP,310.0
2026-08-13,3040258310,D210507,"GOVERNOR,OVERSPEED",BACO,OS concluída,,,
2026-08-13,3040258309,D210507,"GOVERNOR,OVERSPEED",BAMN,REC,EM REPARO,LEAP,310.0
2026-08-13,3040258308,D210507,"GOVERNOR,OVERSPEED",BAMN,OS concluída,,,
2026-08-13,3040258307,D210507,"GOVERNOR,OVERSPEED",ALA 5,OS concluída,,,
2026-08-13,3040258303,011-00877-00,"GSA-80 SERVO ROL,YAW,SPEC",DACTA II,REC,EM REPARO,VEE ONE,310.0
2026-08-13,3040258422,2601188-8,COMPRESSOR DRIVE ASSY R134A,PAMASP,REC,,PROCURANDO,308.0
2026-08-13,3040258419,011-00877-00,"GSA-80 SERVO ROL,YAW,SPEC",DACTA II,REC,EM REPARO,VEE ONE,308.0
2026-08-13,3040258420,011-00877-00,"GSA-80 SERVO ROL,YAW,SPEC",BACO,REC,EM REPARO,VEE ONE,308.0
2026-08-13,3040258421,011-00877-00,"GSA-80 SERVO ROL,YAW,SPEC",BABE,REC,,BACO,308.0
2026-08-13,3040258764,069-01034-0102,"NAVIGATION SET,SATELLITE SIGNALS KLN-94",PAMALS,REC,,BANT,301.0
2026-08-13,3040259152,066-01141-5101,"TRANSPONDER,RADAR",BABE,REC,,BANT,282.0
2026-08-13,3040259151,066-01141-5101,"TRANSPONDER,RADAR",BANT,REC,REPARADO,V1 PAMA-LS,282.0
2026-08-13,3040259251,064-1019-05,VHF TRANSCEIVE KY196,EEAR,REC,,EEAR,280.0
2026-08-13,3040259146,1U149-015-15,HORIZ. GYRO-STADBY,PAMALS,REC,EM REPARO,VEE ONE,279.0
2026-08-13,3040259147,162-10700,OUTER WHEEL HALF ASSY,BANT,REC,EM REPARO,AMA - VEE ONE,279.0
2026-08-13,3040259148,3049038-03,"VALVE,COMPRESSOR BLEED",BANT,OS concluída,,,
2026-08-13,3040259316,2606015-4,INDICATOR-OIL TEMP/OIL PRESS,BACG,REC,REPARADO,V1 PAMA-LS,276.0
2026-08-13,3040259564,C414007-0102,BLOWER ASSY,PAMALS,OS concluída,,,
2026-08-13,3040259568,C414007-0102,BLOWER ASSY,ALA 10,OS concluída,,,
2026-08-13,3040259570,C414007-0102,BLOWER ASSY,ALA 10,OS concluída,,,
2026-08-13,3040259694,025323-150,FUEL PUMP,PAMASP,REC,,BACO,268.0
2026-08-13,3040259922,C414007-0102,BLOWER ASSY,BANT,REC,REPARADO,V1 PAMA-LS,261.0
2026-08-13,3040259928,C414007-0102,BLOWER ASSY,PAMALS,REC,EM REPARO,VEE ONE,261.0
2026-08-13,3040259924,C414007-0102,BLOWER ASSY,BACG,REC,EM REPARO,VEE ONE,261.0
2026-08-13,3040259918,C414007-0102,BLOWER ASSY,ALA 10,REC,EM REPARO,VEE ONE,261.0
2026-08-13,3040259950,065-0060-01,"CONTROL,SERVO,AUTOMATIC PILOT",PAMALS,REC,EM REPARO,LEAP,261.0
2026-08-13,3040259949,065-0060-01,"CONTROL,SERVO,AUTOMATIC PILOT",PAMALS,REC,EM REPARO,LEAP,261.0
2026-08-13,3040259947,066-3046-07,"CONTROL,INDICATOR",EEAR,OS concluída,,,
2026-08-13,3040259946,066-3046-07,"CONTROL,INDICATOR",BANT,REC,,BANT,261.0
2026-08-13,3040259944,066-3046-07,"CONTROL,INDICATOR",EEAR,REC,,PAMA-LS,261.0
2026-08-13,3040260209,011-00916-00,DISPLAY UNIT GDU 1040A,PAMALS,REC,,BAMN,247.0
2026-08-13,3040260208,324843-W020,HEADSET-MICROPHONE,PAMALS,REC,VAI SER DEVOLVIDO SEM REPARO,WILLIAM,247.0
2026-08-13,3040260204,324843-W020,HEADSET-MICROPHONE,PAMALS,OS concluída,,,
2026-08-13,3040260205,324843-W020,HEADSET-MICROPHONE,PAMALS,OS concluída,,,
2026-08-13,3040260388,SD5H14C4527,AIR COMPRESSOR,PAMALS,REC,EM REPARO,VEE ONE,240.0
2026-08-13,3040260382,065-00183-0501,AUTOPILOT COMPUTER KFC225,BANT,REC,,BANT,240.0
2026-08-13,3040260389,SD5H14C4527,AIR COMPRESSOR,PAMALS,REC,EM REPARO,VEE ONE,240.0
2026-08-13,3040260517,ASG12000-2,ALTERNATOR,PAMALS,OS concluída,,,
2026-08-13,3040260524,51539-012M,CONTROL UNIT ASSY-GENERATOR,BANT,REC,,BACG,237.0
2026-08-13,3040260516,ASG12000-2,ALTERNATOR,PAMALS,REC,REPARADO,V1 PAMA-LS,237.0
2026-08-13,3040260523,9910592-2,ALTERNADOR,BAMN,REC,REPARADO,V1 PAMA-LS,237.0
2026-08-13,3040260522,9910592-2,ALTERNADOR,BAMN,REC,REPARADO,V1 PAMA-LS,237.0
2026-08-13,3040260547,161-12800,WHEEL HALF ASSY-INNER,EPCAR,OS concluída,REPARADO,VEE ONE,
2026-08-13,3040260545,161-11700,INNER WHEEL HALF ASSY,BACG,REC,REPARADO,VEE ONE,219.0
2026-08-13,3040260544,161-11700,INNER WHEEL HALF ASSY,BANT,REC,REPARADO,VEE ONE,219.0
2026-08-13,3040260546,161-12800,WHEEL HALF ASSY-INNER,PAMALS,REC,REPARADO,VEE ONE,219.0
2026-08-13,3040260548,161-11700,INNER WHEEL HALF ASSY,CLA,REC,REPARADO,VEE ONE,219.0
2026-08-13,3040260549,162-10700,OUTER WHEEL HALF ASSY,BACG,REC,REPARADO,VEE ONE,219.0
2026-08-13,3040260550,162-10700,OUTER WHEEL HALF ASSY,CLA,REC,REPARADO,VEE ONE,219.0
2026-08-13,3040260551,162-11800,WHEEL HALF ASSY-OUTER,BANT,REC,REPARADO,VEE ONE,219.0
2026-08-13,3040260552,30994-001,BATTERY-MARATHON TSP410 NICAD,BABE,OS concluída,CONDENADO,AMA - VEE ONE,
2026-08-13,3040260543,324843-W020,HEADSET-MICROPHONE,PAMALS,REC,VAI SER DEVOLVIDO SEM REPARO,WILLIAM,219.0
2026-08-13,3040260542,324843-W020,HEADSET-MICROPHONE,PAMALS,REC,,BABE,219.0
2026-08-13,3040260541,324843-W020,HEADSET-MICROPHONE,PAMALS,OS concluída,,,
2026-08-13,3040260540,324843-W020,HEADSET-MICROPHONE,PAMALS,OS concluída,,,
2026-08-13,3040260538,324843-W020,HEADSET-MICROPHONE,PAMALS,REC,,BABE,219.0
2026-08-13,3040260539,324843-W020,HEADSET-MICROPHONE,PAMALS,REC,,BABE,219.0
2026-08-13,3040260595,9910586-4,FLAP ACTUATOR AND MOTOR ASSEMBLY,7 ETA,REC,,BAMN,219.0
2026-08-13,3040260597,9910586-4,FLAP ACTUATOR AND MOTOR ASSEMBLY,BAPV,REC,REPARADO,VEE ONE,219.0
2026-08-13,3040260583,3244897-4,FUEL CONTROL UNIT,PAMALS,OS concluída,,,
2026-08-13,3040260750,3122678-04,FUEL CONTROL UNIT,PAMASP,REC,,BANT,211.0
2026-08-13,3040260752,3244897-4,FUEL CONTROL UNIT,PAMASP,OS concluída,,,
2026-08-13,3040260753,3244809-7,"FUEL CONTROL,MAIN,TURBINE ENGINE",PAMASP,OS concluída,,,
2026-08-13,3040260754,3244809-1,"FUEL CONTROL,MAIN,TURBINE ENGINE",PAMASP,REC,EM QUARENTENA,LEAP,211.0
2026-08-13,3040254794,C145-350,"MOTOR,DIRECT CURRENT",PAMALS,OS concluída,,,
2026-08-13,3040260913,064-1054-30,RECEIVER-TRANSMITTER SUBASSEMBLY,EPCAR,REC,REPARADO,V1 PAMA-LS,199.0
2026-08-13,3040260915,064-1054-30,RECEIVER-TRANSMITTER SUBASSEMBLY,PAMALS,REC,REPARADO,V1 PAMA-LS,199.0
2026-08-13,3040260811,3034792,BOMBA DE COMBUSTÍVEL,BAPV,REC,,BABR,197.0
2026-08-13,3040260812,3034792,BOMBA DE COMBUSTÍVEL,BACG,OS concluída,,,
2026-08-13,3040260922,162-11800,WHEEL HALF ASSY-OUTER,PAMALS,OS concluída,,,
2026-08-13,3040260923,030-18200,MAIN WHEEL BRAKE,BACO,REC,REPARADO,VEE ONE,197.0
2026-08-13,3040261389,3034792,BOMBA DE COMBUSTÍVEL,PAMASP,REC,REPARADO,V1 PAMA-LS,184.0
2026-08-13,3040261388,3034792,BOMBA DE COMBUSTÍVEL,BABR,OS concluída,,,
2026-08-13,3040261387,3034792,BOMBA DE COMBUSTÍVEL,BABR,OS concluída,,,
2026-08-13,3040261371,TFF2905-13,FUEL FLOW TRANSDUCER,ALA 8,REC,EM REPARO,WILLIAM,184.0
2026-08-13,3040261375,C661065-0240RX,"INDICATOR, AIRSPEED",BACG,REC,EM REPARO,WILLIAM,184.0
2026-08-13,3040261373,C661065-0240,AIRSPEED INDICATOR,BABE,REC,REPARADO,V1 PAMA-LS,184.0
2026-08-13,3040261322,011-00831-00,"ENGINE INTERFA,SPEC",BAPV,REC,REPARADO,VEE ONE,184.0
2026-08-13,3040261326,011-00882-10,"COMPUTER,AIR DATA",BAMN,OS concluída,,,
2026-08-13,3040261324,011-00882-10,"COMPUTER,AIR DATA",BAMN,OS concluída,,,
2026-08-13,3040261327,064-1054-30,RECEIVER-TRANSMITTER SUBASSEMBLY,PAMASP,REC,REPARADO,V1 PAMA-LS,184.0
2026-08-13,3040261336,066-01141-0101,"RECEIVER,RADIO",BANT,REC,REPARADO,V1 PAMA-LS,184.0
2026-08-13,3040261334,065-0065-01,SELECTOR ALT,BANT,REC,EM REPARO,WILLIAM,184.0
2026-08-13,3040261331,065-0061-36,ACTUATOR TRIM (KS272A),PAMASP,REC,,BABR,184.0
2026-08-13,3040261329,065-0061-36,ACTUATOR TRIM (KS272A),ALA 10,OS concluída,,,
2026-08-13,3040261335,065-0065-01,SELECTOR ALT,BANT,REC,EM REPARO,WILLIAM,184.0
2026-08-13,3040261342,066-3084-02,COLOR RADAR INDICATOR,BABV,REC,EM REPARO,WILLIAM,184.0
2026-08-13,3040261340,066-1053-00,"RECEIVER,RADIO",BASM,REC,REPARADO,V1 PAMA-LS,184.0
2026-08-13,3040261377,066-3054-01,INDICATOR RADAR ALTIMETER - TYPE KI250,PAMALS,REC,EM REPARO,WILLIAM,184.0
2026-08-13,3040261376,066-1061-03,RT RADAR ALTIM (KRA10A),PAMALS,REC,PARA REPARO,VEE ONE,184.0
2026-08-13,3040261352,1134380-4,EVAPORATOR MODULE ASSY-RH,BAMN,REC,CONDENADO,VEE ONE,184.0
2026-08-13,3040261347,071-1234-00,ANTENNA ACCESSORY,ALA 1,REC,EM REPARO,WILLIAM,184.0
2026-08-13,3040261344,066-4010-12,RECEIVER VOR/LOC (KNS81),ALA 10,REC,EM REPARO,WILLIAM,184.0
2026-08-13,3040261353,1H75-21,PRESSURE REGULATOR,BAMN,REC,,BAMN,184.0
2026-08-13,3040261357,2682001-1,BRAKE CYL MAST,BABE,OS concluída,,,
2026-08-13,3040261356,2670104-2,ANNUNCIATOR PANEL,PAMALS,REC,REPARADO,VEE ONE,184.0
2026-08-13,3040261355,2643100-201,NOSE GEAR STRUT ASSY - TALL FORK,BABR,OS concluída,,,
2026-08-13,3040261354,2643100-201,NOSE GEAR STRUT ASSY - TALL FORK,BANT,REC,EM REPARO,AV AERONAUTICA,184.0
2026-08-13,3040261364,8210-002-01,GOVERNOR PROPELLER,PAMASP,REC,REPARADO,VEE ONE,184.0
2026-08-13,3040261627,S3828-1,ALTIMETER,BAMN,REC,EM REPARO,WILLIAM,170.0
2026-08-13,3040261628,S3828-1,ALTIMETER,BABE,REC,REPARADO,V1 PAMA-LS,170.0
2026-08-13,3040261851,51539-012MRX,CONTROL UNIT ASSY-GENERATOR,BABE,REC,EM REPARO,VEE ONE,162.0
2026-08-13,3040261852,51539-012MRX,CONTROL UNIT ASSY-GENERATOR,BABE,REC,EM REPARO,VEE ONE,162.0
2026-08-13,3040261843,3034792,BOMBA DE COMBUSTÍVEL,PAMALS,REC,EM REPARO,VEE ONE,157.0
2026-08-13,3040262245,200SGL119Q-2,STARTER GENERATOR,BAMN,OS concluída,,,
2026-08-13,3040262246,200SGL119Q-2,STARTER GENERATOR,BAMN,OS concluída,,,
2026-08-13,3040262273,324843-W020,HEADSET-MICROPHONE,BABE,OS concluída,,,
2026-08-13,3040262275,324843-W020,HEADSET-MICROPHONE,BANT,OS concluída,,,
2026-08-13,3040262363,066-1055-00,AUDIO CONTROL PANEL,ALA 5,OS concluída,,,
2026-08-13,3040262367,066-1055-00,AUDIO CONTROL PANEL,ALA 9,REC,EM REPARO,WILLIAM,140.0
2026-08-13,3040262368,066-1055-00,AUDIO CONTROL PANEL,CLA,OS concluída,,,
2026-08-13,3040262372,51539-012M,CONTROL UNIT ASSY-GENERATOR,BANT,REC,,V1 PAMA-LS,140.0
2026-08-13,3040262371,51539-012N,CONTROL UNIT ASSY-GENERATOR,BANT,REC,REPARADO,V1 PAMA-LS,140.0
2026-08-13,3040262419,065-0061-36,ACTUATOR TRIM (KS272A),ALA 9,REC,EM REPARO,WILLIAM,135.0
2026-08-13,3040262734,C352,PORTABLE HALON FIRE EXTINGUISHERS,ALA 5,REC,EM REPARO,AV AERONAUTICA,122.0
2026-08-13,3040262738,C352TS,"EXTINGUISHER,FIRE",BANT,REC,,PROCURANDO,122.0
2026-08-13,3040262739,C352TS,"EXTINGUISHER,FIRE",BANT,REC,,PROCURANDO,122.0
2026-08-13,3040262740,C352TS,"EXTINGUISHER,FIRE",PAMALS,REC,,PROCURANDO,122.0
2026-08-13,3040262766,011-00883-20,RADAR GWX 68 WEATHER,BAMN,OS concluída,EM REPARO,VEE ONE,
2026-08-13,3040262765,011-00883-20,RADAR GWX 68 WEATHER,BAMN,REC,EM REPARO,VEE ONE,122.0
2026-08-13,3040262772,011-01020-10,AFCS MODE CONTROLLER GMC 710,BAMN,REC,EM REPARO,WILLIAM,122.0
2026-08-13,3040262770,011-01020-10,AFCS MODE CONTROLLER GMC 710,BAMN,REC,EM REPARO,WILLIAM,122.0
2026-08-13,3040262773,011-01020-10,AFCS MODE CONTROLLER GMC 710,BAMN,REC,EM REPARO,WILLIAM,122.0
2026-08-13,3040262746,066-1070-01,TRANSCEIVER DME (KN63),BABE,REC,EM REPARO,WILLIAM,122.0
2026-08-13,3040262745,064-1019-05,VHF TRANSCEIVE KY196,EEAR,REC,EM REPARO,VEE ONE,122.0
2026-08-13,3040262747,066-1072-00,RECEIVER ADF (KING KR87),ALA 7,REC,EM REPARO,WILLIAM,122.0
2026-08-13,3040262748,066-3046-07,"CONTROL,INDICATOR",BABR,REC,,BANT,122.0
2026-08-13,3040262769,066-3046-07,"CONTROL,INDICATOR",BABR,REC,,BANT,122.0
2026-08-13,3040262768,066-3046-07,"CONTROL,INDICATOR",EEAR,REC,EM REPARO,LEAP,122.0
2026-08-13,3040262767,066-3046-07,"CONTROL,INDICATOR",EEAR,REC,EM REPARO,LEAP,122.0
2026-08-13,3040262791,066-3060-00,IND RMI KNI582,BANT,REC,EM REPARO,LEAP,122.0
2026-08-13,3040262630,161-11700,INNER WHEEL HALF ASSY,BANT,REC,REPARADO,VEE ONE,122.0
2026-08-13,3040262792,066-3060-00,IND RMI KNI582,BANT,REC,EM REPARO,LEAP,122.0
2026-08-13,3040262634,162-10700,OUTER WHEEL HALF ASSY,BANT,REC,REPARADO,VEE ONE,122.0
2026-08-13,3040262632,161-12800,WHEEL HALF ASSY-INNER,BANT,OS concluída,REPARADO,VEE ONE,
2026-08-13,3040262633,161-12800,WHEEL HALF ASSY-INNER,BANT,REC,REPARADO,VEE ONE,122.0
2026-08-13,3040262635,162-11800,WHEEL HALF ASSY-OUTER,EPCAR,REC,REPARADO,VEE ONE,122.0
2026-08-13,3040262637,162-11800,WHEEL HALF ASSY-OUTER,BANT,REC,REPARADO,VEE ONE,122.0
2026-08-13,3040262636,162-11800,WHEEL HALF ASSY-OUTER,BANT,REC,REPARADO,VEE ONE,122.0
2026-08-13,3040262646,200SGL119Q,STARTER GENERATOR,PAMASP,OS concluída,,,
2026-08-13,3040262639,200SGL119Q,STARTER GENERATOR,PAMASP,OS concluída,,PAMA-LS,
2026-08-13,3040262638,200SGL119Q,STARTER GENERATOR,PAMALS,REC,EM REPARO,AV AERONAUTICA,122.0
2026-08-13,3040262757,2606015-2,IND OIL TEMP/P,PAMALS,REC,EM REPARO,VEE ONE,122.0
2026-08-13,3040262706,2641011-5,AXLE-MAIN GEAR,BAMN,REC,,BANT,122.0
2026-08-13,3040262707,2641011-5,AXLE-MAIN GEAR,BABV,REC,REPARADO,VEE ONE,122.0
2026-08-13,3040262717,2641011-5,AXLE-MAIN GEAR,BANT,REC,REPARADO,VEE ONE,122.0
2026-08-13,3040262714,2641011-5,AXLE-MAIN GEAR,BAPV,REC,,BANT,122.0
2026-08-13,3040262713,2641011-5,AXLE-MAIN GEAR,BAPV,REC,REPARADO,VEE ONE,122.0
2026-08-13,3040262712,2641011-5,AXLE-MAIN GEAR,BABR,REC,,BANT,122.0
2026-08-13,3040262711,2641011-5,AXLE-MAIN GEAR,BABR,REC,,BANT,122.0
2026-08-13,3040262709,2641011-5,AXLE-MAIN GEAR,PAMALS,REC,,BANT,122.0
2026-08-13,3040262708,2641011-5,AXLE-MAIN GEAR,PAMALS,REC,,BANT,122.0
2026-08-13,3040262744,3244809-1A,F.C.U,PAMALS,REC,EM REPARO,LEAP,122.0
2026-08-13,3040262758,9910338-4,FUEL TOTALIZER INDICATOR,PAMALS,REC,EM REPARO,VEE ONE,122.0
2026-08-13,3040262759,9910338-6,"TRANSMITTER,RATE OF FLOW",BAMN,REC,EM REPARO,WILLIAM,122.0
2026-08-13,3040262760,9910338-6,"TRANSMITTER,RATE OF FLOW",BANT,REC,EM REPARO,VEE ONE,122.0
2026-08-13,3040262966,2682001-1,BRAKE CYL MAST,BACO,OS concluída,,PAMA-LS,
2026-08-13,3040262967,2682001-1,BRAKE CYL MAST,PAMALS,REC,REPARADO,V1 PAMA-LS,120.0
2026-08-13,3040262968,2682001-1,BRAKE CYL MAST,BANT,OS concluída,,PAMA-LS,
2026-08-13,3040262969,2682001-1,BRAKE CYL MAST,BABE,REC,REPARADO,V1 PAMA-LS,120.0
2026-08-13,3040263069,453-5060,ELT C406-N,BABE,OS concluída,,,
2026-08-13,3040263283,D145-00-46-2,FLAP ACTUATOR ASSY,PAMALS,REC,EM REPARO,LEAP,105.0
2026-08-13,3040263284,D145-00-46-2,FLAP ACTUATOR ASSY,BAFL,REC,EM REPARO,LEAP,105.0
2026-08-13,3040263324,069-01033-0101,"RECEIVER-TRANSMITTER,RADIO",PAMALS,REC,EM REPARO,LEAP,105.0
2026-08-13,3040263287,C661065-0237,AIRSPEED INDICATOR,BABR,REC,REPARADO,VEE ONE,105.0
2026-08-13,3040263288,C661065-0237,AIRSPEED INDICATOR,PAMASP,REC,REPARADO,VEE ONE,105.0
2026-08-13,3040263314,060-0017-00,FLIGHT DIR HOR,EEAR,REC,EM REPARO,LEAP,105.0
2026-08-13,3040263319,066-1055-00,AUDIO CONTROL PANEL,BABE,REC,REPARADO,VEE ONE,105.0
2026-08-13,3040263317,060-0017-00,FLIGHT DIR HOR,PAMASP,REC,,BANT,105.0
2026-08-13,3040263316,060-0017-00,FLIGHT DIR HOR,BANT,REC,,BANT,105.0
2026-08-13,3040263320,066-1055-00,AUDIO CONTROL PANEL,PAMALS,REC,EM REPARO,AV AERONAUTICA,105.0
2026-08-13,3040263325,069-01033-0101,"RECEIVER-TRANSMITTER,RADIO",PAMALS,REC,,PROCURANDO,105.0
2026-08-13,3040263335,C611008-0101,ALTERNATOR CONTROL UNIT,PAMALS,REC,EM REPARO,AV AERONAUTICA,105.0
2026-08-13,3040263336,C611008-0101,ALTERNATOR CONTROL UNIT,PAMALS,REC,EM REPARO,AV AERONAUTICA,105.0
2026-08-13,3040263286,C661065-0237,AIRSPEED INDICATOR,BANT,REC,DEVOLVIDO NO ESTADO,WILLIAM,105.0
2026-08-13,3040263322,066-1055-00,AUDIO CONTROL PANEL,ALA 9,REC,EM REPARO,WILLIAM,105.0
2026-08-13,3040263326,069-01033-0101,"RECEIVER-TRANSMITTER,RADIO",PAMALS,REC,,BANT,105.0
2026-08-13,3040263315,060-0017-00,FLIGHT DIR HOR,BACG,OS concluída,,BABR,
2026-08-13,3040263334,011-00916-10,"DISPLAY UNIT,FLIGHT INFORMATION",BACO,REC,VAI SER DEVOLVIDO SEM REPARO,WILLIAM,105.0
2026-08-13,3040263333,011-00916-10,"DISPLAY UNIT,FLIGHT INFORMATION",BACO,REC,EM REPARO,WILLIAM,105.0
2026-08-13,3040263332,011-00916-10,"DISPLAY UNIT,FLIGHT INFORMATION",BAMN,OS concluída,EM REPARO,WILLIAM,
2026-08-13,3040263331,C661064-0237,AIRSPEED INDICATOR,PAMALS,REC,VAI SER DEVOLVIDO SEM REPARO,WILLIAM,105.0
2026-08-13,3040263329,C661064-0237,AIRSPEED INDICATOR,PAMALS,REC,EM REPARO,WILLIAM,105.0
2026-08-13,3040263328,C661064-0237,AIRSPEED INDICATOR,BABR,REC,EM REPARO,WILLIAM,105.0
2026-08-13,3040263327,C661064-0237,AIRSPEED INDICATOR,BABR,REC,EM REPARO,WILLIAM,105.0
2026-08-13,3040263330,C661064-0237,AIRSPEED INDICATOR,PAMALS,REC,EM REPARO,WILLIAM,105.0
2026-08-13,3040263338,C611008-0101,ALTERNATOR CONTROL UNIT,PAMALS,REC,REPARADO,V1 PAMA-LS,105.0
2026-08-13,3040263433,066-03064-0005,"ALTIMETER,SERVO CONTROLLED,AUTOMATIC PRESSURE",BACG,REC,EM REPARO,WILLIAM,99.0
2026-08-13,3040263435,066-03064-0005,"ALTIMETER,SERVO CONTROLLED,AUTOMATIC PRESSURE",BANT,REC,EM REPARO,WILLIAM,99.0
2026-08-13,3040263434,066-03064-0005,"ALTIMETER,SERVO CONTROLLED,AUTOMATIC PRESSURE",PAMASP,REC,VAI SER DEVOLVIDO SEM REPARO,WILLIAM,99.0
2026-08-13,3040263417,069-01033-0101,"RECEIVER-TRANSMITTER,RADIO",PAMALS,REC,EM REPARO,WILLIAM,99.0
2026-08-13,3040263416,069-01033-0101,"RECEIVER-TRANSMITTER,RADIO",BASM,REC,EM REPARO,WILLIAM,99.0
2026-08-13,3040263415,069-01033-0101,"RECEIVER-TRANSMITTER,RADIO",BABR,REC,,BANT,99.0
2026-08-13,3040263447,066-3046-07,"CONTROL,INDICATOR",CLA,REC,,BABR,99.0
2026-08-13,3040263443,3244897-4,FUEL CONTROL UNIT,PAMALS,REC,EM REPARO,LEAP,98.0
2026-08-13,3040263444,3244897-4,FUEL CONTROL UNIT,PAMALS,REC,EM REPARO,LEAP,98.0
2026-08-13,3040263577,060-0015-00,"CONTROL,DIRECTIONAL,AUTOMATIC PILOT",ALA 5,REC,EM REPARO,WILLIAM,93.0
2026-08-13,3040263574,066-1072-04,"RECEIVER,RADIO",BABE,REC,EM REPARO,WILLIAM,93.0
2026-08-13,3040263576,066-1072-04,"RECEIVER,RADIO",BAMN,OS concluída,DEVOLVIDO NO ESTADO,WILLIAM,
2026-08-13,3040263575,066-1072-04,"RECEIVER,RADIO",BABE,REC,EM REPARO,WILLIAM,93.0
2026-08-13,3040263573,066-3084-32,IND RDR 2000 IN-182A,PAMALS,REC,,BABR,93.0
2026-08-13,3040263571,066-3084-32,IND RDR 2000 IN-182A,PAMALS,REC,EM REPARO,WILLIAM,93.0
2026-08-13,3040263572,066-3084-32,IND RDR 2000 IN-182A,PAMALS,REC,EM REPARO,WILLIAM,93.0
2026-08-13,3040263448,2618510-10,ALTERNATOR CONTROL UNIT ASSY,BABE,REC,EM REPARO,WILLIAM,93.0
2026-08-13,3040263449,2618510-10,ALTERNATOR CONTROL UNIT ASSY,PAMALS,REC,EM REPARO,WILLIAM,93.0
2026-08-13,3040263877,2641011-5,AXLE-MAIN GEAR,CLA,REC,EM REPARO,LEAP,83.0
2026-08-13,3040263878,2641011-5,AXLE-MAIN GEAR,CLA,REC,EM REPARO,LEAP,83.0
2026-08-13,3040264243,069-01033-0101,"RECEIVER-TRANSMITTER,RADIO",PAMALS,REC,EM REPARO,WILLIAM,76.0
2026-08-13,3040264244,069-01033-0101,"RECEIVER-TRANSMITTER,RADIO",PAMASP,REC,EM REPARO,WILLIAM,76.0
2026-08-13,3040264246,060-0017-00,FLIGHT DIR HOR,PAMALS,REC,EM REPARO,WILLIAM,76.0
2026-08-13,3040264237,200SGL119Q-2,STARTER GENERATOR,BAMN,REC,EM REPARO,AV AERONAUTICA,76.0
2026-08-13,3040264236,200SGL119Q-2,STARTER GENERATOR,BABE,REC,,BABE,76.0
2026-08-13,3040264121,3244897-4,FUEL CONTROL UNIT,BABE,OS concluída,EM REPARO,LEAP,
2026-08-13,3040264263,9910338-8,"INDICATOR,FUEL FLOW",PAMALS,OS concluída,,BABR,
2026-08-13,3040264262,9910338-8,"INDICATOR,FUEL FLOW",BABV,REC,EM REPARO,WILLIAM,76.0
2026-08-13,3040264242,324843-2020,HEADSET-MICROPHONE,BABE,REC,EM REPARO,WILLIAM,76.0
2026-08-13,3040264264,324843-2020,HEADSET-MICROPHONE,DACTA II,REC,EM REPARO,WILLIAM,76.0
2026-08-13,3040264238,324843-2020,HEADSET-MICROPHONE,DACTA II,REC,EM REPARO,WILLIAM,76.0
2026-08-13,3040264241,324843-2020,HEADSET-MICROPHONE,DACTA II,REC,EM REPARO,WILLIAM,76.0
2026-08-13,3040264240,324843-2020,HEADSET-MICROPHONE,DACTA II,REC,EM REPARO,WILLIAM,76.0
2026-08-13,3040264122,3244809-8,"FUEL CONTROL,MAIN,TURBINE ENGINE",BABE,OS concluída,,BABR,
2026-08-13,3040263797,066-3046-07,"CONTROL,INDICATOR",BABE,REC,EM REPARO,WILLIAM,76.0
2026-08-13,3040263798,066-3046-07,"CONTROL,INDICATOR",PAMASP,REC,EM REPARO,WILLIAM,76.0
2026-08-13,3040263799,066-3046-07,"CONTROL,INDICATOR",PAMASP,REC,EM REPARO,WILLIAM,76.0
2026-08-13,3040263795,071-01519-0101,"RECEIVER-EXCITER,RADAR",PAMALS,REC,,PROCURANDO,76.0
2026-08-13,3040263796,071-01519-0101,"RECEIVER-EXCITER,RADAR",PAMALS,REC,,PROCURANDO,76.0
2026-08-13,3040264579,060-0017-00,FLIGHT DIR HOR,BABR,OS concluída,,,
2026-08-13,3040264577,060-0017-00,FLIGHT DIR HOR,PAMALS,REC,,,64.0
2026-08-13,3040264573,060-0017-00,FLIGHT DIR HOR,BANT,REC,,,64.0
2026-08-13,3040264574,060-0017-00,FLIGHT DIR HOR,BANT,REC,,,64.0
2026-08-13,3040264576,060-0017-00,FLIGHT DIR HOR,PAMALS,REC,,,64.0
2026-08-13,3040264572,060-0017-00,FLIGHT DIR HOR,PAMASP,REC,,,64.0
2026-08-13,3040264647,1H75-21,PRESSURE REGULATOR,BAMN,REC,,,59.0
2026-08-13,3040264646,1H75-21,PRESSURE REGULATOR,PAMASP,REC,,,59.0
2026-08-13,3040264645,1H75-21,PRESSURE REGULATOR,PAMASP,REC,,,59.0
2026-08-13,3040264643,1H75-21,PRESSURE REGULATOR,PAMASP,REC,,,59.0
2026-08-13,3040264707,3244809-7,"FUEL CONTROL,MAIN,TURBINE ENGINE",BABE,REC,,,59.0
2026-08-13,3040264709,540-1407-4,"VALVE,BLEED,TURBINEENGINE",PAMASP,REC,,,59.0
2026-08-13,3040264710,200SGL153Q,"STARTER-GENERATOR,ENGINE,AIRCRAFT",CLA,REC,,,59.0
2026-08-13,3040264711,200SGL153Q,"STARTER-GENERATOR,ENGINE,AIRCRAFT",PAMASP,REC,,,59.0
2026-08-13,3040264712,200SGL153Q,"STARTER-GENERATOR,ENGINE,AIRCRAFT",BACG,REC,,,59.0
2026-08-13,3040264718,9910338-8,"INDICATOR,FUEL FLOW",PAMALS,REC,,,59.0
2026-08-13,3040264719,S3326-2,"INDICATOR,HORIZONTAL SITUATION",ALA 8,REC,,,59.0
2026-08-13,3040264720,S3326-2,"INDICATOR,HORIZONTAL SITUATION",PAMALS,REC,,,59.0
2026-08-13,3040264721,S3326-2,"INDICATOR,HORIZONTAL SITUATION",PAMASP,REC,,,59.0
2026-08-13,3040264724,2606013-1AM,INDICADOR PERCENTUAL RPM,BABV,REC,,,59.0
2026-08-13,3040264725,2606013-1AM,INDICADOR PERCENTUAL RPM,BABR,REC,,,59.0
2026-08-13,3040264726,2606015-4,INDICATOR-OIL TEMP/OIL PRESS,BANT,REC,,,59.0
2026-08-13,3040264727,C661051-0201,GYRO HORIZON,ALA 10,REC,,,59.0
2026-08-13,3040264728,504-0111-906,GYRO HORIZON,PAMALS,REC,,,59.0
2026-08-13,3040264729,504-0111-906,GYRO HORIZON,BACG,REC,,,59.0
2026-08-13,3040264730,8210-003,"GOVERNOR,FUEL CONTROL",PAMASP,REC,,,59.0
2026-08-13,3040264731,8210-002,"GOVERNOR,CONSTANT SPEED DRIVE",PAMASP,REC,,,59.0
2026-08-13,3040264732,8210-002,"GOVERNOR,CONSTANT SPEED DRIVE",BAMN,REC,,,59.0
2026-08-13,3040264733,030-18200,MAIN WHEEL BRAKE,BAMN,REC,,,59.0
2026-08-13,3040264734,030-18200,MAIN WHEEL BRAKE,BAMN,REC,,,59.0
2026-08-13,3040264735,161-11700,INNER WHEEL HALF ASSY,PAMALS,REC,,,59.0
2026-08-13,3040264736,161-12800,WHEEL HALF ASSY-INNER,BABR,REC,,,59.0
2026-08-13,3040264737,161-12800,WHEEL HALF ASSY-INNER,PAMALS,AUT,,,59.0
2026-08-13,3040264738,162-10700,OUTER WHEEL HALF ASSY,BACO,AUT,,,59.0
2026-08-13,3040264807,011-01105-01,INTEGRATED AVIONICS UNIT GIA63W,ALA 8,REC,,,51.0
2026-08-13,3040264808,011-01105-01,INTEGRATED AVIONICS UNIT GIA63W,BAMN,REC,,,51.0
2026-08-13,3040264907,011-00916-10,"DISPLAY UNIT,FLIGHT INFORMATION",BAMN,REC,,,44.0
2026-08-13,3040264908,011-00916-10,"DISPLAY UNIT,FLIGHT INFORMATION",BABV,REC,,,44.0
2026-08-13,3040264974,3244809-8,"FUEL CONTROL,MAIN,TURBINE ENGINE",BAMN,REC,,,42.0
2026-08-13,3040264961,3244897-4,FUEL CONTROL UNIT,CLA,REC,,,42.0
2026-08-13,3040264960,3034792,BOMBA DE COMBUSTÍVEL,CLA,REC,,,42.0
2026-08-13,3040265144,011-01020-10,AFCS MODE CONTROLLER GMC 710,BABE,REC,,,36.0
2026-08-13,3040265140,011-01020-10,AFCS MODE CONTROLLER GMC 710,BABE,REC,,,36.0
2026-08-13,3040265482,066-3084-32,IND RDR 2000 IN-182A,BABR,REC,,,21.0
2026-08-13,3040265484,066-3084-32,IND RDR 2000 IN-182A,BANT,REC,,,21.0
2026-08-13,3040265485,066-3084-32,IND RDR 2000 IN-182A,BABR,REC,,,21.0
2026-08-13,3040265526,ASG12000-2,ALTERNATOR,PAMALS,REC,,,17.0
2026-08-13,3040265525,ASG12000-2,ALTERNATOR,BABR,REC,,,17.0
2026-08-13,3040265527,9910592-2,ALTERNADOR,BABR,REC,,,17.0
2026-08-13,3040265533,3122678-04,FUEL CONTROL UNIT,BABR,REC,,,17.0
2026-08-13,3040265532,C611505-0201,ALTERNATOR,BANT,REC,,,17.0
2026-08-13,3040265530,C611505-0201,ALTERNATOR,BABV,REC,,,17.0
2026-08-13,3040265528,9910592-2,ALTERNADOR,BABR,REC,,,17.0
2026-08-13,3040265724,3244897-4,FUEL CONTROL UNIT,CLA,REC,,,16.0
2026-08-13,3040265474,C611008-0101,ALTERNATOR CONTROL UNIT,PAMALS,REC,,,14.0
2026-08-13,3040265475,C611008-0101,ALTERNATOR CONTROL UNIT,BABV,REC,,,14.0
2026-08-13,3040265476,C611008-0101,ALTERNATOR CONTROL UNIT,PAMALS,REC,,,14.0
2026-08-13,3040265477,C611008-0101,ALTERNATOR CONTROL UNIT,PAMALS,REC,,,14.0
2026-08-13,3040265576,011-00916-10,"DISPLAY UNIT,FLIGHT INFORMATION",BAMN,REC,,,13.0
2026-08-13,3040265580,011-00916-00,DISPLAY UNIT GDU 1040A,PAMALS,AUT,,,17.0
2026-08-13,3040265581,011-00916-00,DISPLAY UNIT GDU 1040A,PAMALS,AUT,,,17.0
2026-08-13,3040265589,EA-5175-52-CES,INDICATOR TRUE,BABV,AUT,,,17.0
2026-08-13,3040265590,EA-5175-52-CES,INDICATOR TRUE,BASM,AUT,,,17.0
2026-08-13,3040265591,EA-5175-52-CES,INDICATOR TRUE,BABV,AUT,,,17.0
2026-08-13,3040265592,EA-5175-52-CES,INDICATOR TRUE,BABV,AUT,,,17.0
2026-08-13,3040265668,9910592-2,ALTERNADOR,PAMALS,AUT,,,17.0
2026-08-13,3040265678,9910592-2,ALTERNADOR,BAMN,AUT,,,17.0
2026-08-13,3040265679,C611505-0201,ALTERNATOR,PAMALS,AUT,,,17.0
2026-08-13,3040265680,C611505-0201,ALTERNATOR,ALA 8,AUT,,,17.0
2026-08-13,3040265726,071-01519-0101,"RECEIVER-EXCITER,RADAR",PAMALS,AUT,,,16.0
2026-08-13,3040265727,071-01519-0101,"RECEIVER-EXCITER,RADAR",CLA,AUT,,,16.0
2026-08-13,3040265728,C163030-1001,MAIN W BRAKE A,BAMN,AUT,,,16.0
2026-08-13,3040265731,066-3046-07,"CONTROL,INDICATOR",BABR,AUT,,,16.0
2026-08-13,3040265732,066-3046-07,"CONTROL,INDICATOR",BANT,AUT,,,16.0
2026-08-13,3040265734,066-3046-07,"CONTROL,INDICATOR",EEAR,AUT,,,16.0
2026-08-13,3040265735,066-3046-07,"CONTROL,INDICATOR",CLA,AUT,,,16.0
2026-08-13,3040265736,C611008-0101,ALTERNATOR CONTROL UNIT,BABV,AUT,,,16.0
2026-08-13,3040265737,C611008-0101,ALTERNATOR CONTROL UNIT,EEAR,AUT,,,16.0
2026-08-13,3040265738,C611008-0101,ALTERNATOR CONTROL UNIT,PAMALS,AUT,,,16.0
2026-08-13,3040265739,C611008-0101,ALTERNATOR CONTROL UNIT,BANT,AUT,,,16.0
2026-08-13,3040265740,C611008-0101,ALTERNATOR CONTROL UNIT,BABE,AUT,,,16.0
2026-08-13,3040265741,C611008-0101,ALTERNATOR CONTROL UNIT,BABR,AUT,,,16.0
2026-08-13,3040265742,066-1072-04,"RECEIVER,RADIO",BACG,AUT,,,16.0
2026-08-13,3040265743,066-1072-04,"RECEIVER,RADIO",BAMN,AUT,,,16.0
2026-08-13,3040265744,066-1072-04,"RECEIVER,RADIO",PAMALS,AUT,,,16.0
2026-08-13,3040265745,066-3084-32,IND RDR 2000 IN-182A,PAMALS,AUT,,,16.0
2026-08-13,3040265746,066-3084-32,IND RDR 2000 IN-182A,PAMALS,AUT,,,16.0
2026-08-13,3040265747,30994-001,BATTERY-MARATHON TSP410 NICAD,PAMALS,AUT,,,16.0
2026-08-13,3040265748,30994-001,BATTERY-MARATHON TSP410 NICAD,PAMALS,AUT,,,16.0
2026-08-13,3040265749,30994-001,BATTERY-MARATHON TSP410 NICAD,PAMALS,AUT,,,16.0
2026-08-13,3040265750,30994-001,BATTERY-MARATHON TSP410 NICAD,PAMALS,AUT,,,16.0
2026-08-13,3040265751,30994-001,BATTERY-MARATHON TSP410 NICAD,PAMALS,AUT,,,16.0
2026-08-13,3040265752,2641011-5,AXLE-MAIN GEAR,BAMN,AUT,,,16.0
2026-08-13,3040265753,2641011-5,AXLE-MAIN GEAR,BAMN,AUT,,,16.0
2026-08-13,3040265754,161-11700,INNER WHEEL HALF ASSY,BACO,AUT,,,16.0
2026-08-13,3040265755,161-12800,WHEEL HALF ASSY-INNER,BABE,AUT,,,16.0
2026-08-13,3040265757,066-01141-0101,"RECEIVER,RADIO",PAMALS,AUT,,,16.0
2026-08-13,3040265758,066-01141-0101,"RECEIVER,RADIO",PAMALS,AUT,,,16.0
2026-08-13,3040265759,C660501-0103,"COMPASS,SPEC",DACTA II,AUT,,,16.0
2026-08-13,3040265769,023694-000,BATTERY NICKEL CADMIUM,BAPV,AUT,,,15.0
2026-08-13,3040265771,2651023-23,ENGINE MOUNT ASSEMBLY,PAMALS,AUT,,,15.0
2026-08-13,3040265772,2651023-23,ENGINE MOUNT ASSEMBLY,PAMALS,AUT,,,15.0
2026-08-13,3040265892,324843-0020,HEADSET-MICROPHONE,PAMALS,AUT,,,10.0
2026-08-13,3040265893,324843-0020,HEADSET-MICROPHONE,PAMALS,AUT,,,10.0
2026-08-13,3040265894,324843-0020,HEADSET-MICROPHONE,PAMALS,AUT,,,10.0
2026-08-13,3040265895,324843-0020,HEADSET-MICROPHONE,PAMALS,AUT,,,10.0
2026-08-14,3040249831,066-01141-5101,"RECEIVER-TRANSMITTER,RADIO (KT71)",PAMALS,REC,EM REPARO,LEAP,550.0
2026-08-14,3040250248,452-0133,"BATTERY,NONRECHARGEABLE",BABR,REC,CONDENADO,VEE ONE,534.0
2026-08-14,3040250249,452-0133,"BATTERY,NONRECHARGEABLE",BAMN,REC,CONDENADO,VEE ONE,534.0
2026-08-14,3040250234,3034792,BOMBA DE COMBUSTÍVEL,PAMALS,REC,,BANT,534.0
2026-08-14,3040250816,453-5060,"BEACON,DISTRESS",BAMN,REC,,PAMA-LS,512.0
2026-08-14,3040250830,799-1,TRANSDUCER,BACO,REC,,BANT,512.0
2026-08-14,3040250829,51539-012N,CONTROL UNIT ASSY-GENERATOR,BAMN,OS concluída,,,
2026-08-14,3040250828,51539-012N,CONTROL UNIT ASSY-GENERATOR,BACG,REC,,BABR,512.0
2026-08-14,3040250827,51539-012N,CONTROL UNIT ASSY-GENERATOR,BANT,REC,,BABR,512.0
2026-08-14,3040250831,799-1,TRANSDUCER,BANT,REC,,BANT,512.0
2026-08-14,3040250833,9910586-4,FLAP ACTUATOR AND MOTOR ASSEMBLY,ALA 3,REC,,BAMN,512.0
2026-08-14,3040250834,9910586-4,FLAP ACTUATOR AND MOTOR ASSEMBLY,ALA 3,OS concluída,,,
2026-08-14,3040250832,9910338-4,FUEL TOTALIZER INDICATOR,EEAR,REC,,PAMA-LS,512.0
2026-08-14,3040250835,ASG12000-2,ALTERNATOR,ALA 5,REC,REPARADO,V1 PAMA-LS,512.0
2026-08-14,3040250841,C661030-0301,TURN BANK,PAMALS,REC,EM REPARO,LEAP,512.0
2026-08-14,3040250842,C662041-0102,INDICATOR FUEL,ALA 5,REC,,PAMA-LS,512.0
2026-08-14,3040250844,C662041-0102,INDICATOR FUEL,ALA 9,REC,,PAMA-LS,512.0
2026-08-14,3040250843,C662041-0102,INDICATOR FUEL,ALA 10,OS concluída,,,
2026-08-14,3040250719,060-0017-00,FLIGHT DIR HOR,PAMALS,REC,,BANT,512.0
2026-08-14,3040250720,060-0017-00,FLIGHT DIR HOR,BABV,OS concluída,,,
2026-08-14,3040250722,066-01141-5101,"RECEIVER-TRANSMITTER,RADIO (KT71)",ALA 9,REC,EM REPARO,WILLIAM,512.0
2026-08-14,3040250723,066-01141-5101,"RECEIVER-TRANSMITTER,RADIO (KT71)",CLA,REC,,BABR,512.0
2026-08-14,3040250721,060-0017-00,FLIGHT DIR HOR,BANT,OS concluída,,,
2026-08-14,3040250725,066-3046-07,"CONTROL,INDICATOR",ALA 10,OS concluída,,,
2026-08-14,3040250724,066-04035-1101,"DISPLAY UNIT,RADAR",PAMALS,REC,,BANT,512.0
2026-08-14,3040250732,069-1025-25,"RECEIVER-TRANSMITTER,RADIO - KX165",PAMALS,REC,EM REPARO,WILLIAM,512.0
2026-08-14,3040250782,2606012-1,INDICATOR-INTER-TURBINE TEMPERATURE,ALA 9,OS concluída,,,
2026-08-14,3040250775,161-11700,INNER WHEEL HALF ASSY,BABE,OS concluída,,,
2026-08-14,3040250773,161-11700,INNER WHEEL HALF ASSY,EEAR,REC,,BACG,512.0
2026-08-14,3040250718,030-18200,MAIN WHEEL BRAKE,BACO,OS concluída,,,
2026-08-14,3040250716,030-18200,MAIN WHEEL BRAKE,BABV,REC,EM REPARO,LEAP,512.0
2026-08-14,3040250717,030-18200,MAIN WHEEL BRAKE,BACO,OS concluída,,,
2026-08-14,3040250780,162-11800,WHEEL HALF ASSY-OUTER,PAMALS,OS concluída,,,
2026-08-14,3040250781,162-11800,WHEEL HALF ASSY-OUTER,BACG,OS concluída,,,
2026-08-14,3040250778,161-12800,WHEEL HALF ASSY-INNER,BACG,OS concluída,,,
2026-08-14,3040250776,161-12800,WHEEL HALF ASSY-INNER,BABE,OS concluída,,,
2026-08-14,3040250790,2643031-7,"FORK ASSY,NOSE GEAR SPRING",BAMN,OS concluída,,,
2026-08-14,3040250791,2643090-1,SHIMMY DAMPENE,BANT,REC,EM REPARO,AV AERONAUTICA,512.0
2026-08-14,3040250792,2643090-1,SHIMMY DAMPENE,BAMN,REC,REPARADO,V1 PAMA-LS,512.0
2026-08-14,3040250789,2641012-14,TRUNNION ASSY-RH-MAIN GEAR,PAMASP,OS concluída,,,
2026-08-14,3040250793,2643099-4,"SUPPORT ASSY FOWARD, NLG SPRING",BAMN,OS concluída,,,
2026-08-14,3040250798,30994-001,BATTERY-MARATHON TSP410 NICAD,BANT,OS concluída,CONDENADO,AMA - VEE ONE,
2026-08-14,3040252191,C611008-0101,ALTERNATOR CONTROL UNIT,PAMALS,REC,,BABR,479.0
2026-08-14,3040252159,011-00916-00,DISPLAY UNIT GDU 1040A,BAMN,REC,,BAMN,479.0
2026-08-14,3040252161,065-0042-03,COMPUTER PA,ALA 10,REC,EM REPARO,WILLIAM,479.0
2026-08-14,3040252162,065-0042-03,COMPUTER PA,EEAR,REC,,BABE,479.0
2026-08-14,3040252164,065-0042-03,COMPUTER PA,EEAR,REC,EM REPARO,WILLIAM,479.0
2026-08-14,3040252165,065-0042-03,COMPUTER PA,PAMALS,OS concluída,,,
2026-08-14,3040252166,065-0059-01,SERVO PITCH,EEAR,REC,EM REPARO,WILLIAM,479.0
2026-08-14,3040252168,066-03064-0005,"ALTIMETER,SERVO CONTROLLED,AUTOMATIC PRESSURE",ALA 9,OS concluída,,,
2026-08-14,3040252173,066-03064-0005,"ALTIMETER,SERVO CONTROLLED,AUTOMATIC PRESSURE",BANT,REC,EM REPARO,LEAP,479.0
2026-08-14,3040252172,066-03064-0005,"ALTIMETER,SERVO CONTROLLED,AUTOMATIC PRESSURE",PAMALS,REC,NO ESTADO,VEE ONE,479.0
2026-08-14,3040252170,066-03064-0005,"ALTIMETER,SERVO CONTROLLED,AUTOMATIC PRESSURE",ALA 7,REC,NO ESTADO,VEE ONE,479.0
2026-08-14,3040252178,066-1072-00,RECEIVER ADF (KING KR87),PAMALS,OS concluída,,,
2026-08-14,3040252182,066-1072-04,"RECEIVER,RADIO",ALA 9,OS concluída,,,
2026-08-14,3040252181,066-1072-04,"RECEIVER,RADIO",PAMASP,REC,EM REPARO,WILLIAM,479.0
2026-08-14,3040252180,066-1072-04,"RECEIVER,RADIO",ALA 8,OS concluída,,,
2026-08-14,3040252185,066-1072-04,"RECEIVER,RADIO",BAMN,OS concluída,,,
2026-08-14,3040252189,9910338-6,"TRANSMITTER,RATE OF FLOW",ALA 8,OS concluída,,,
2026-08-14,3040252190,9910338-6,"TRANSMITTER,RATE OF FLOW",BABR,OS concluída,,,
2026-08-14,3040252160,011-01020-10,AFCS MODE CONTROLLER GMC 710,BAMN,OS concluída,,,
2026-08-14,3040252939,C163030-1001,MAIN W BRAKE A,BABV,REC,,BAMN,449.0
2026-08-14,3040252936,030-18200,MAIN WHEEL BRAKE,BACO,REC,,PAMA-LS,449.0
2026-08-14,3040252935,030-18200,MAIN WHEEL BRAKE,BAMN,OS concluída,,,
2026-08-14,3040252940,30-182,MAIN WHEEL BRAKE,BABV,OS concluída,,,
2026-08-14,3040252942,30-182,MAIN WHEEL BRAKE,BAMN,OS concluída,,,
2026-08-14,3040252943,30-182,MAIN WHEEL BRAKE,BAMN,OS concluída,,,
2026-08-14,3040253170,161-12800,WHEEL HALF ASSY-INNER,BASM,OS concluída,,,
2026-08-14,3040253168,161-12800,WHEEL HALF ASSY-INNER,BASM,REC,REPARADO,VEE ONE,445.0
2026-08-14,3040253172,161-12800,WHEEL HALF ASSY-INNER,PAMALS,REC,,PROCURANDO,445.0
2026-08-14,3040253174,161-12800,WHEEL HALF ASSY-INNER,PAMALS,OS concluída,,,
2026-08-14,3040253173,161-12800,WHEEL HALF ASSY-INNER,PAMALS,REC,EM REPARO,LEAP,445.0
2026-08-14,3040253176,162-10700,OUTER WHEEL HALF ASSY,BABE,OS concluída,,,
2026-08-14,3040253177,162-10700,OUTER WHEEL HALF ASSY,BABV,REC,REPARADO,VEE ONE,445.0
2026-08-14,3040253178,162-10700,OUTER WHEEL HALF ASSY,PAMALS,REC,,PROCURANDO,445.0
2026-08-14,3040253179,162-11800,WHEEL HALF ASSY-OUTER,CLA,OS concluída,,,
2026-08-14,3040253181,162-11800,WHEEL HALF ASSY-OUTER,PAMALS,OS concluída,,,
2026-08-14,3040253180,162-11800,WHEEL HALF ASSY-OUTER,BASM,REC,,PROCURANDO,445.0
2026-08-14,3040253182,162-11800,WHEEL HALF ASSY-OUTER,PAMALS,REC,REPARADO,VEE ONE,445.0
2026-08-14,3040253536,2641012-14,TRUNNION ASSY-RH-MAIN GEAR,PAMALS,OS concluída,,,
2026-08-14,3040253529,066-03064-0005,"ALTIMETER,SERVO CONTROLLED,AUTOMATIC PRESSURE",DSM-MN,REC,DEVOLVIDO NO ESTADO,WILLIAM,435.0
2026-08-14,3040253528,066-03064-0005,"ALTIMETER,SERVO CONTROLLED,AUTOMATIC PRESSURE",BANT,OS concluída,,,
2026-08-14,3040253532,799-1,TRANSDUCER,PAMALS,REC,,BANT,435.0
2026-08-14,3040253535,2643099-4,"SUPPORT ASSY FOWARD, NLG SPRING",BABE,REC,CONDENADO,VEE ONE,435.0
2026-08-14,3040253531,799-1,TRANSDUCER,BAMN,REC,,VEE ONE,435.0
2026-08-14,3040253530,799-1,TRANSDUCER,BAMN,REC,,BANT,435.0
2026-08-14,3040253526,30994-001,BATTERY-MARATHON TSP410 NICAD,PAMALS,OS concluída,CONDENADO,AMA - VEE ONE,
2026-08-14,3040253527,30994-001,BATTERY-MARATHON TSP410 NICAD,BAPV,OS concluída,CONDENADO,AMA - VEE ONE,
2026-08-14,3040254195,540-1407-4,"VALVE,BLEED,TURBINEENGINE",PAMALS,REC,,BANT,417.0
2026-08-14,3040254201,2643090-3,SHIMMY DAMPER-NOSE GEAR,PAMALS,REC,REPARADO,V1 PAMA-LS,417.0
2026-08-14,3040254203,SE1070-6,SHIMMY DAMPENER ASSY,BACGINAT,OS concluída,,,
2026-08-14,3040254205,C660501-0103,"COMPASS,SPEC",PAMALS,REC,REPARADO,V1 PAMA-LS,417.0
2026-08-14,3040254206,C660501-0103,"COMPASS,SPEC",ALA 8,REC,EM REPARO EM GARANTIA,WILLIAM,417.0
2026-08-14,3040254208,C660501-0103,"COMPASS,SPEC",BABV,REC,REPARADO,V1 PAMA-LS,417.0
2026-08-14,3040254210,799-1,TRANSDUCER,BANT,REC,,BANT,417.0
2026-08-14,3040254792,2606013-1RX,INDICATOR-PERCENT RPM,BABR,REC,,BANT,408.0
2026-08-14,3040254770,069-1025-25,"RECEIVER-TRANSMITTER,RADIO - KX165",ALA 9,REC,EM REPARO,WILLIAM,408.0
2026-08-14,3040254799,453-5000-710,EMERGENCY LOCATOR TRANSMITTER MODEL C406-2,PAMASP,OS concluída,,,
2026-08-14,3040254806,C352TS,"EXTINGUISHER,FIRE",PAMALS,REC,REPARADO,V1 PAMA-LS,408.0
2026-08-14,3040254805,C352TS,"EXTINGUISHER,FIRE",PAMALS,OS concluída,,,
2026-08-14,3040254810,C352TS,"EXTINGUISHER,FIRE",PAMALS,OS concluída,,,
2026-08-14,3040254809,C352TS,"EXTINGUISHER,FIRE",PAMAGL,OS concluída,,,
2026-08-14,3040254803,C352TS,"EXTINGUISHER,FIRE",2 ETA,REC,REPARADO,V1 PAMA-LS,408.0
2026-08-14,3040254808,C352TS,"EXTINGUISHER,FIRE",BABR,REC,REPARADO,V1 PAMA-LS,408.0
2026-08-14,3040254795,D145-00-46-2,FLAP ACTUATOR ASSY,BABE,REC,,PAMA-LS,408.0
2026-08-14,3040254793,D145-00-46-2,FLAP ACTUATOR ASSY,PAMALS,REC,,PAMA-LS,408.0
2026-08-14,3040254815,C482001-0402,VACUUM REGULAT,PAMALS,REC,CONDENADO,VEE ONE,408.0
2026-08-14,3040254816,C482001-0402,VACUUM REGULAT,PAMALS,REC,CONDENADO,VEE ONE,408.0
2026-08-14,3040254820,2641011-5,AXLE-MAIN GEAR,BAMN,OS concluída,,,
2026-08-14,3040254817,2641011-5,AXLE-MAIN GEAR,BABE,OS concluída,,,
2026-08-14,3040254818,2641011-5,AXLE-MAIN GEAR,BABE,OS concluída,,,
2026-08-14,3040254819,2641011-5,AXLE-MAIN GEAR,BANT,OS concluída,,,
2026-08-14,3040254796,30994-001,BATTERY-MARATHON TSP410 NICAD,BAMN,OS concluída,,,
2026-08-14,3040254789,452-0133,"BATTERY,NONRECHARGEABLE",BAMN,REC,CONDENADO,VEE ONE,408.0
2026-08-14,3040254788,452-0133,"BATTERY,NONRECHARGEABLE",BAMN,REC,CONDENADO,VEE ONE,408.0
2026-08-14,3040254787,452-0133,"BATTERY PACK,AIRCRAFT",DACTA II,REC,CONDENADO,VEE ONE,408.0
2026-08-14,3040254786,452-0133,"BATTERY PACK,AIRCRAFT",BAMN,REC,CONDENADO,VEE ONE,408.0
2026-08-14,3040254785,452-0133,"BATTERY,NONRECHARGEABLE",BAMN,REC,CONDENADO,VEE ONE,408.0
2026-08-14,3040254784,452-0133,"BATTERY,NONRECHARGEABLE",DACTA II,REC,CONDENADO,VEE ONE,408.0
2026-08-14,3040255326,011-00916-00,DISPLAY UNIT GDU 1040A,BAMN,REC,,BAMN,399.0
2026-08-14,3040255319,702801-5,FUEL PUMP,PAMASP,REC,EM REPARO,VEE ONE,399.0
2026-08-14,3040255321,8210-002,"GOVERNOR,CONSTANT SPEED DRIVE",PAMALS,OS concluída,,,
2026-08-14,3040255461,DAAS-A-010-1,ADAS-D PROCESSOR,PAMALS,REC,EM REPARO,VEE ONE,395.0
2026-08-14,3040255589,071-01519-0101,"RECEIVER-EXCITER,RADAR",BANT,REC,,PROCURANDO,393.0
2026-08-14,3040255590,071-01519-0101,"RECEIVER-EXCITER,RADAR",PAMALS,OS concluída,,,
2026-08-14,3040255706,C661064-0237,AIRSPEED INDICATOR,BAMN,OS concluída,,,
2026-08-14,3040256114,5934PAD-3,"ALTIMETER,PRESSURE",PAMALS,REC,EM REPARO,VEE ONE,379.0
2026-08-14,3040256119,011-00878-10,GSA-81 TORQUE SERVO,BAPV,REC,EM REPARO,LEAP,379.0
2026-08-14,3040256112,011-00883-20,RADAR GWX 68 WEATHER,BABE,REC,,BAMN,379.0
2026-08-14,3040256115,5934PAD-3,"ALTIMETER,PRESSURE",PAMALS,OS concluída,,,
2026-08-14,3040256118,011-00878-10,GSA-81 TORQUE SERVO,BAPV,REC,,BACO,379.0
2026-08-14,3040256120,011-00916-10,"DISPLAY UNIT,FLIGHT INFORMATION",BAMN,OS concluída,,,
2026-08-14,3040256314,066-4010-12,RECEIVER VOR/LOC (KNS81),EEAR,REC,EM REPARO,LEAP,366.0
2026-08-14,3040256311,3121248-03,"VALVE ASSEMBLY,COMPRESSOR BLEED",PAMALS,OS concluída,,,
2026-08-14,3040256704,C661064-0237,AIRSPEED INDICATOR,PAMALS,OS concluída,,,
2026-08-14,3040256707,D210507,"GOVERNOR,OVERSPEED",PAMALS,OS concluída,,,
2026-08-14,3040256708,D210507,"GOVERNOR,OVERSPEED",PAMALS,REC,REPARADO,VEE ONE,357.0
2026-08-14,3040256702,C661064-0237,AIRSPEED INDICATOR,BABR,OS concluída,,,
2026-08-14,3040256703,C661064-0237,AIRSPEED INDICATOR,PAMALS,OS concluída,,,
2026-08-14,3040256662,030-18200,MAIN WHEEL BRAKE,BASM,OS concluída,,,
2026-08-14,3040256665,161-11700,INNER WHEEL HALF ASSY,BABV,OS concluída,,,
2026-08-14,3040256666,161-11700,INNER WHEEL HALF ASSY,PAMALS,OS concluída,,,
2026-08-14,3040256667,161-11700,INNER WHEEL HALF ASSY,PAMALS,OS concluída,,,
2026-08-14,3040256668,161-11700,INNER WHEEL HALF ASSY,PAMALS,OS concluída,,,
2026-08-14,3040256669,161-11700,INNER WHEEL HALF ASSY,PAMALS,OS concluída,,,
2026-08-14,3040256670,161-11700,INNER WHEEL HALF ASSY,PAMALS,OS concluída,,,
2026-08-14,3040256671,161-11700,INNER WHEEL HALF ASSY,PAMALS,REC,REPARADO,VEE ONE,357.0
2026-08-14,3040256698,030-18200,MAIN WHEEL BRAKE,PAMASP,REC,,PROCURANDO,357.0
2026-08-14,3040256713,030-18200,MAIN WHEEL BRAKE,ALA 3,REC,,BAMN,357.0
2026-08-14,3040256694,162-11800,WHEEL HALF ASSY-OUTER,BANT,OS concluída,,,
2026-08-14,3040256696,162-11800,WHEEL HALF ASSY-OUTER,PAMALS,REC,,PAMA-LS,357.0
2026-08-14,3040256672,161-12800,WHEEL HALF ASSY-INNER,PAMALS,REC,REPARADO,VEE ONE,357.0
2026-08-14,3040256675,161-12800,WHEEL HALF ASSY-INNER,BANT,OS concluída,,,
2026-08-14,3040256792,011-00877-00,"GSA-80 SERVO ROL,YAW,SPEC",BAMN,REC,,PROCURANDO,357.0
2026-08-14,3040256787,011-00877-00,"GSA-80 SERVO ROL,YAW,SPEC",PAMALS,REC,EM REPARO,VEE ONE,357.0
2026-08-14,3040256828,011-00883-20,RADAR GWX 68 WEATHER,PAMALS,REC,CONDENADO,V1 PAMA-LS,357.0
2026-08-14,3040256709,3121248-03,"VALVE ASSEMBLY,COMPRESSOR BLEED",PAMASP,REC,,BANT,354.0
2026-08-14,3040256673,161-12800,WHEEL HALF ASSY-INNER,PAMALS,REC,CONDENADO,VEE ONE,354.0
2026-08-14,3040257095,011-01105-01,INTEGRATED AVIONICS UNIT GIA63W,BABE,REC,EM REPARO,VEE ONE,350.0
2026-08-14,3040257096,011-01105-01,INTEGRATED AVIONICS UNIT GIA63W,BABE,REC,,BAMN,350.0
2026-08-14,3040257093,065-00183-0501,AUTOPILOT COMPUTER KFC225,BABE,REC,,BANT,350.0
2026-08-14,3040257094,065-00183-0501,AUTOPILOT COMPUTER KFC225,BABE,REC,,BANT,350.0
2026-08-14,3040257443,161-12800,WHEEL HALF ASSY-INNER,ALA 3,AUT,,NÃO TEVE MOVIMENTAÇÃO,338.0
2026-08-14,3040257442,C163030-1001,MAIN W BRAKE A,BAMN,OS concluída,REPARADO,VEE ONE,
2026-08-14,3040257452,3244809-8,"FUEL CONTROL,MAIN,TURBINE ENGINE",BAPV,OS concluída,,,
2026-08-14,3040257454,EA-5172-45-CES,"INDICATOR,AIRSPEED",BACG,OS concluída,,,
2026-08-14,3040257453,EA-5172-45-CES,"INDICATOR,AIRSPEED",ALA 7,REC,DEVOLVIDO NO ESTADO,WILLIAM,331.0
2026-08-14,3040257451,3244809-7,"FUEL CONTROL,MAIN,TURBINE ENGINE",PAMASP,REC,,BANT,331.0
2026-08-14,3040257450,3244809-4,"FUEL CONTROL,MAIN,TURBINE ENGINE",PAMASP,OS concluída,EM REPARO,LEAP,
2026-08-14,3040257438,030-18200,MAIN WHEEL BRAKE,BAMN,REC,REPARADO,VEE ONE,331.0
2026-08-14,3040257444,162-10700,OUTER WHEEL HALF ASSY,PAMALS,OS concluída,,,
2026-08-14,3040257447,162-10700,OUTER WHEEL HALF ASSY,PAMALS,OS concluída,,,
2026-08-14,3040257436,30994-001,BATTERY-MARATHON TSP410 NICAD,PAMALS,OS concluída,CONDENADO,AMA - VEE ONE,
2026-08-14,3040257441,030-18200,MAIN WHEEL BRAKE,BAPV,REC,,BAMN,331.0
2026-08-14,3040257440,030-18200,MAIN WHEEL BRAKE,BANT,REC,CONDENADO,VEE ONE,331.0
2026-08-14,3040257439,030-18200,MAIN WHEEL BRAKE,BAMN,REC,,BAMN,331.0
2026-08-14,3040258306,D210507,"GOVERNOR,OVERSPEED",PAMALS,REC,EM REPARO,LEAP,311.0
2026-08-14,3040258310,D210507,"GOVERNOR,OVERSPEED",BACO,OS concluída,,,
2026-08-14,3040258309,D210507,"GOVERNOR,OVERSPEED",BAMN,REC,EM REPARO,LEAP,311.0
2026-08-14,3040258308,D210507,"GOVERNOR,OVERSPEED",BAMN,OS concluída,,,
2026-08-14,3040258307,D210507,"GOVERNOR,OVERSPEED",ALA 5,OS concluída,,,
2026-08-14,3040258303,011-00877-00,"GSA-80 SERVO ROL,YAW,SPEC",DACTA II,REC,EM REPARO,VEE ONE,311.0
2026-08-14,3040258422,2601188-8,COMPRESSOR DRIVE ASSY R134A,PAMASP,REC,,PROCURANDO,309.0
2026-08-14,3040258419,011-00877-00,"GSA-80 SERVO ROL,YAW,SPEC",DACTA II,REC,EM REPARO,VEE ONE,309.0
2026-08-14,3040258420,011-00877-00,"GSA-80 SERVO ROL,YAW,SPEC",BACO,REC,EM REPARO,VEE ONE,309.0
2026-08-14,3040258421,011-00877-00,"GSA-80 SERVO ROL,YAW,SPEC",BABE,REC,,BACO,309.0
2026-08-14,3040258764,069-01034-0102,"NAVIGATION SET,SATELLITE SIGNALS KLN-94",PAMALS,REC,,BANT,302.0
2026-08-14,3040259152,066-01141-5101,"TRANSPONDER,RADAR",BABE,REC,,BANT,283.0
2026-08-14,3040259151,066-01141-5101,"TRANSPONDER,RADAR",BANT,REC,REPARADO,V1 PAMA-LS,283.0
2026-08-14,3040259251,064-1019-05,VHF TRANSCEIVE KY196,EEAR,REC,,EEAR,281.0
2026-08-14,3040259146,1U149-015-15,HORIZ. GYRO-STADBY,PAMALS,REC,EM REPARO,VEE ONE,280.0
2026-08-14,3040259147,162-10700,OUTER WHEEL HALF ASSY,BANT,REC,EM REPARO,AMA - VEE ONE,280.0
2026-08-14,3040259148,3049038-03,"VALVE,COMPRESSOR BLEED",BANT,OS concluída,,,
2026-08-14,3040259316,2606015-4,INDICATOR-OIL TEMP/OIL PRESS,BACG,REC,REPARADO,V1 PAMA-LS,277.0
2026-08-14,3040259564,C414007-0102,BLOWER ASSY,PAMALS,OS concluída,,,
2026-08-14,3040259568,C414007-0102,BLOWER ASSY,ALA 10,OS concluída,,,
2026-08-14,3040259570,C414007-0102,BLOWER ASSY,ALA 10,OS concluída,,,
2026-08-14,3040259694,025323-150,FUEL PUMP,PAMASP,REC,,BACO,269.0
2026-08-14,3040259922,C414007-0102,BLOWER ASSY,BANT,REC,REPARADO,V1 PAMA-LS,262.0
2026-08-14,3040259928,C414007-0102,BLOWER ASSY,PAMALS,REC,EM REPARO,VEE ONE,262.0
2026-08-14,3040259924,C414007-0102,BLOWER ASSY,BACG,REC,EM REPARO,VEE ONE,262.0
2026-08-14,3040259918,C414007-0102,BLOWER ASSY,ALA 10,REC,EM REPARO,VEE ONE,262.0
2026-08-14,3040259950,065-0060-01,"CONTROL,SERVO,AUTOMATIC PILOT",PAMALS,REC,EM REPARO,LEAP,262.0
2026-08-14,3040259949,065-0060-01,"CONTROL,SERVO,AUTOMATIC PILOT",PAMALS,REC,EM REPARO,LEAP,262.0
2026-08-14,3040259947,066-3046-07,"CONTROL,INDICATOR",EEAR,OS concluída,,,
2026-08-14,3040259946,066-3046-07,"CONTROL,INDICATOR",BANT,REC,,BANT,262.0
2026-08-14,3040259944,066-3046-07,"CONTROL,INDICATOR",EEAR,REC,,PAMA-LS,262.0
2026-08-14,3040260209,011-00916-00,DISPLAY UNIT GDU 1040A,PAMALS,REC,,BAMN,248.0
2026-08-14,3040260208,324843-W020,HEADSET-MICROPHONE,PAMALS,REC,VAI SER DEVOLVIDO SEM REPARO,WILLIAM,248.0
2026-08-14,3040260204,324843-W020,HEADSET-MICROPHONE,PAMALS,OS concluída,,,
2026-08-14,3040260205,324843-W020,HEADSET-MICROPHONE,PAMALS,OS concluída,,,
2026-08-14,3040260388,SD5H14C4527,AIR COMPRESSOR,PAMALS,REC,EM REPARO,VEE ONE,241.0
2026-08-14,3040260382,065-00183-0501,AUTOPILOT COMPUTER KFC225,BANT,REC,,BANT,241.0
2026-08-14,3040260389,SD5H14C4527,AIR COMPRESSOR,PAMALS,REC,EM REPARO,VEE ONE,241.0
2026-08-14,3040260517,ASG12000-2,ALTERNATOR,PAMALS,OS concluída,,,
2026-08-14,3040260524,51539-012M,CONTROL UNIT ASSY-GENERATOR,BANT,REC,,BACG,238.0
2026-08-14,3040260516,ASG12000-2,ALTERNATOR,PAMALS,REC,REPARADO,V1 PAMA-LS,238.0
2026-08-14,3040260523,9910592-2,ALTERNADOR,BAMN,REC,REPARADO,V1 PAMA-LS,238.0
2026-08-14,3040260522,9910592-2,ALTERNADOR,BAMN,REC,REPARADO,V1 PAMA-LS,238.0
2026-08-14,3040260547,161-12800,WHEEL HALF ASSY-INNER,EPCAR,OS concluída,REPARADO,VEE ONE,
2026-08-14,3040260545,161-11700,INNER WHEEL HALF ASSY,BACG,REC,REPARADO,VEE ONE,220.0
2026-08-14,3040260544,161-11700,INNER WHEEL HALF ASSY,BANT,REC,REPARADO,VEE ONE,220.0
2026-08-14,3040260546,161-12800,WHEEL HALF ASSY-INNER,PAMALS,REC,REPARADO,VEE ONE,220.0
2026-08-14,3040260548,161-11700,INNER WHEEL HALF ASSY,CLA,REC,REPARADO,VEE ONE,220.0
2026-08-14,3040260549,162-10700,OUTER WHEEL HALF ASSY,BACG,REC,REPARADO,VEE ONE,220.0
2026-08-14,3040260550,162-10700,OUTER WHEEL HALF ASSY,CLA,REC,REPARADO,VEE ONE,220.0
2026-08-14,3040260551,162-11800,WHEEL HALF ASSY-OUTER,BANT,REC,REPARADO,VEE ONE,220.0
2026-08-14,3040260552,30994-001,BATTERY-MARATHON TSP410 NICAD,BABE,OS concluída,CONDENADO,AMA - VEE ONE,
2026-08-14,3040260543,324843-W020,HEADSET-MICROPHONE,PAMALS,REC,VAI SER DEVOLVIDO SEM REPARO,WILLIAM,220.0
2026-08-14,3040260542,324843-W020,HEADSET-MICROPHONE,PAMALS,REC,,BABE,220.0
2026-08-14,3040260541,324843-W020,HEADSET-MICROPHONE,PAMALS,OS concluída,,,
2026-08-14,3040260540,324843-W020,HEADSET-MICROPHONE,PAMALS,OS concluída,,,
2026-08-14,3040260538,324843-W020,HEADSET-MICROPHONE,PAMALS,REC,,BABE,220.0
2026-08-14,3040260539,324843-W020,HEADSET-MICROPHONE,PAMALS,REC,,BABE,220.0
2026-08-14,3040260595,9910586-4,FLAP ACTUATOR AND MOTOR ASSEMBLY,7 ETA,REC,,BAMN,220.0
2026-08-14,3040260597,9910586-4,FLAP ACTUATOR AND MOTOR ASSEMBLY,BAPV,REC,REPARADO,VEE ONE,220.0
2026-08-14,3040260583,3244897-4,FUEL CONTROL UNIT,PAMALS,OS concluída,,,
2026-08-14,3040260750,3122678-04,FUEL CONTROL UNIT,PAMASP,REC,,BANT,212.0
2026-08-14,3040260752,3244897-4,FUEL CONTROL UNIT,PAMASP,OS concluída,,,
2026-08-14,3040260753,3244809-7,"FUEL CONTROL,MAIN,TURBINE ENGINE",PAMASP,OS concluída,,,
2026-08-14,3040260754,3244809-1,"FUEL CONTROL,MAIN,TURBINE ENGINE",PAMASP,REC,EM QUARENTENA,LEAP,212.0
2026-08-14,3040254794,C145-350,"MOTOR,DIRECT CURRENT",PAMALS,OS concluída,,,
2026-08-14,3040260913,064-1054-30,RECEIVER-TRANSMITTER SUBASSEMBLY,EPCAR,REC,REPARADO,V1 PAMA-LS,200.0
2026-08-14,3040260915,064-1054-30,RECEIVER-TRANSMITTER SUBASSEMBLY,PAMALS,REC,REPARADO,V1 PAMA-LS,200.0
2026-08-14,3040260811,3034792,BOMBA DE COMBUSTÍVEL,BAPV,REC,,BABR,198.0
2026-08-14,3040260812,3034792,BOMBA DE COMBUSTÍVEL,BACG,OS concluída,,,
2026-08-14,3040260922,162-11800,WHEEL HALF ASSY-OUTER,PAMALS,OS concluída,,,
2026-08-14,3040260923,030-18200,MAIN WHEEL BRAKE,BACO,REC,REPARADO,VEE ONE,198.0
2026-08-14,3040261389,3034792,BOMBA DE COMBUSTÍVEL,PAMASP,REC,REPARADO,V1 PAMA-LS,185.0
2026-08-14,3040261388,3034792,BOMBA DE COMBUSTÍVEL,BABR,OS concluída,,,
2026-08-14,3040261387,3034792,BOMBA DE COMBUSTÍVEL,BABR,OS concluída,,,
2026-08-14,3040261371,TFF2905-13,FUEL FLOW TRANSDUCER,ALA 8,REC,EM REPARO,WILLIAM,185.0
2026-08-14,3040261375,C661065-0240RX,"INDICATOR, AIRSPEED",BACG,REC,EM REPARO,WILLIAM,185.0
2026-08-14,3040261373,C661065-0240,AIRSPEED INDICATOR,BABE,REC,REPARADO,V1 PAMA-LS,185.0
2026-08-14,3040261322,011-00831-00,"ENGINE INTERFA,SPEC",BAPV,REC,REPARADO,VEE ONE,185.0
2026-08-14,3040261326,011-00882-10,"COMPUTER,AIR DATA",BAMN,OS concluída,,,
2026-08-14,3040261324,011-00882-10,"COMPUTER,AIR DATA",BAMN,OS concluída,,,
2026-08-14,3040261327,064-1054-30,RECEIVER-TRANSMITTER SUBASSEMBLY,PAMASP,REC,REPARADO,V1 PAMA-LS,185.0
2026-08-14,3040261336,066-01141-0101,"RECEIVER,RADIO",BANT,REC,REPARADO,V1 PAMA-LS,185.0
2026-08-14,3040261334,065-0065-01,SELECTOR ALT,BANT,REC,EM REPARO,WILLIAM,185.0
2026-08-14,3040261331,065-0061-36,ACTUATOR TRIM (KS272A),PAMASP,REC,,BABR,185.0
2026-08-14,3040261329,065-0061-36,ACTUATOR TRIM (KS272A),ALA 10,OS concluída,,,
2026-08-14,3040261335,065-0065-01,SELECTOR ALT,BANT,REC,EM REPARO,WILLIAM,185.0
2026-08-14,3040261342,066-3084-02,COLOR RADAR INDICATOR,BABV,REC,EM REPARO,WILLIAM,185.0
2026-08-14,3040261340,066-1053-00,"RECEIVER,RADIO",BASM,REC,REPARADO,V1 PAMA-LS,185.0
2026-08-14,3040261377,066-3054-01,INDICATOR RADAR ALTIMETER - TYPE KI250,PAMALS,REC,EM REPARO,WILLIAM,185.0
2026-08-14,3040261376,066-1061-03,RT RADAR ALTIM (KRA10A),PAMALS,REC,PARA REPARO,VEE ONE,185.0
2026-08-14,3040261352,1134380-4,EVAPORATOR MODULE ASSY-RH,BAMN,REC,CONDENADO,VEE ONE,185.0
2026-08-14,3040261347,071-1234-00,ANTENNA ACCESSORY,ALA 1,REC,EM REPARO,WILLIAM,185.0
2026-08-14,3040261344,066-4010-12,RECEIVER VOR/LOC (KNS81),ALA 10,REC,EM REPARO,WILLIAM,185.0
2026-08-14,3040261353,1H75-21,PRESSURE REGULATOR,BAMN,REC,,BAMN,185.0
2026-08-14,3040261357,2682001-1,BRAKE CYL MAST,BABE,OS concluída,,,
2026-08-14,3040261356,2670104-2,ANNUNCIATOR PANEL,PAMALS,REC,REPARADO,VEE ONE,185.0
2026-08-14,3040261355,2643100-201,NOSE GEAR STRUT ASSY - TALL FORK,BABR,OS concluída,,,
2026-08-14,3040261354,2643100-201,NOSE GEAR STRUT ASSY - TALL FORK,BANT,REC,EM REPARO,AV AERONAUTICA,185.0
2026-08-14,3040261364,8210-002-01,GOVERNOR PROPELLER,PAMASP,REC,REPARADO,VEE ONE,185.0
2026-08-14,3040261627,S3828-1,ALTIMETER,BAMN,REC,EM REPARO,WILLIAM,171.0
2026-08-14,3040261628,S3828-1,ALTIMETER,BABE,REC,REPARADO,V1 PAMA-LS,171.0
2026-08-14,3040261851,51539-012MRX,CONTROL UNIT ASSY-GENERATOR,BABE,REC,EM REPARO,VEE ONE,163.0
2026-08-14,3040261852,51539-012MRX,CONTROL UNIT ASSY-GENERATOR,BABE,REC,EM REPARO,VEE ONE,163.0
2026-08-14,3040261843,3034792,BOMBA DE COMBUSTÍVEL,PAMALS,REC,EM REPARO,VEE ONE,158.0
2026-08-14,3040262245,200SGL119Q-2,STARTER GENERATOR,BAMN,OS concluída,,,
2026-08-14,3040262246,200SGL119Q-2,STARTER GENERATOR,BAMN,OS concluída,,,
2026-08-14,3040262273,324843-W020,HEADSET-MICROPHONE,BABE,OS concluída,,,
2026-08-14,3040262275,324843-W020,HEADSET-MICROPHONE,BANT,OS concluída,,,
2026-08-14,3040262363,066-1055-00,AUDIO CONTROL PANEL,ALA 5,OS concluída,,,
2026-08-14,3040262367,066-1055-00,AUDIO CONTROL PANEL,ALA 9,REC,EM REPARO,WILLIAM,141.0
2026-08-14,3040262368,066-1055-00,AUDIO CONTROL PANEL,CLA,OS concluída,,,
2026-08-14,3040262372,51539-012M,CONTROL UNIT ASSY-GENERATOR,BANT,REC,,V1 PAMA-LS,141.0
2026-08-14,3040262371,51539-012N,CONTROL UNIT ASSY-GENERATOR,BANT,REC,REPARADO,V1 PAMA-LS,141.0
2026-08-14,3040262419,065-0061-36,ACTUATOR TRIM (KS272A),ALA 9,REC,EM REPARO,WILLIAM,136.0
2026-08-14,3040262734,C352,PORTABLE HALON FIRE EXTINGUISHERS,ALA 5,REC,EM REPARO,AV AERONAUTICA,123.0
2026-08-14,3040262738,C352TS,"EXTINGUISHER,FIRE",BANT,REC,,PROCURANDO,123.0
2026-08-14,3040262739,C352TS,"EXTINGUISHER,FIRE",BANT,REC,,PROCURANDO,123.0
2026-08-14,3040262740,C352TS,"EXTINGUISHER,FIRE",PAMALS,REC,,PROCURANDO,123.0
2026-08-14,3040262766,011-00883-20,RADAR GWX 68 WEATHER,BAMN,OS concluída,EM REPARO,VEE ONE,
2026-08-14,3040262765,011-00883-20,RADAR GWX 68 WEATHER,BAMN,REC,EM REPARO,VEE ONE,123.0
2026-08-14,3040262772,011-01020-10,AFCS MODE CONTROLLER GMC 710,BAMN,REC,EM REPARO,WILLIAM,123.0
2026-08-14,3040262770,011-01020-10,AFCS MODE CONTROLLER GMC 710,BAMN,REC,EM REPARO,WILLIAM,123.0
2026-08-14,3040262773,011-01020-10,AFCS MODE CONTROLLER GMC 710,BAMN,REC,EM REPARO,WILLIAM,123.0
2026-08-14,3040262746,066-1070-01,TRANSCEIVER DME (KN63),BABE,REC,EM REPARO,WILLIAM,123.0
2026-08-14,3040262745,064-1019-05,VHF TRANSCEIVE KY196,EEAR,REC,EM REPARO,VEE ONE,123.0
2026-08-14,3040262747,066-1072-00,RECEIVER ADF (KING KR87),ALA 7,REC,EM REPARO,WILLIAM,123.0
2026-08-14,3040262748,066-3046-07,"CONTROL,INDICATOR",BABR,REC,,BANT,123.0
2026-08-14,3040262769,066-3046-07,"CONTROL,INDICATOR",BABR,REC,,BANT,123.0
2026-08-14,3040262768,066-3046-07,"CONTROL,INDICATOR",EEAR,REC,EM REPARO,LEAP,123.0
2026-08-14,3040262767,066-3046-07,"CONTROL,INDICATOR",EEAR,REC,EM REPARO,LEAP,123.0
2026-08-14,3040262791,066-3060-00,IND RMI KNI582,BANT,REC,EM REPARO,LEAP,123.0
2026-08-14,3040262630,161-11700,INNER WHEEL HALF ASSY,BANT,REC,REPARADO,VEE ONE,123.0
2026-08-14,3040262792,066-3060-00,IND RMI KNI582,BANT,REC,EM REPARO,LEAP,123.0
2026-08-14,3040262634,162-10700,OUTER WHEEL HALF ASSY,BANT,REC,REPARADO,VEE ONE,123.0
2026-08-14,3040262632,161-12800,WHEEL HALF ASSY-INNER,BANT,OS concluída,REPARADO,VEE ONE,
2026-08-14,3040262633,161-12800,WHEEL HALF ASSY-INNER,BANT,REC,REPARADO,VEE ONE,123.0
2026-08-14,3040262635,162-11800,WHEEL HALF ASSY-OUTER,EPCAR,REC,REPARADO,VEE ONE,123.0
2026-08-14,3040262637,162-11800,WHEEL HALF ASSY-OUTER,BANT,REC,REPARADO,VEE ONE,123.0
2026-08-14,3040262636,162-11800,WHEEL HALF ASSY-OUTER,BANT,REC,REPARADO,VEE ONE,123.0
2026-08-14,3040262646,200SGL119Q,STARTER GENERATOR,PAMASP,OS concluída,,,
2026-08-14,3040262639,200SGL119Q,STARTER GENERATOR,PAMASP,OS concluída,,PAMA-LS,
2026-08-14,3040262638,200SGL119Q,STARTER GENERATOR,PAMALS,REC,EM REPARO,AV AERONAUTICA,123.0
2026-08-14,3040262757,2606015-2,IND OIL TEMP/P,PAMALS,REC,EM REPARO,VEE ONE,123.0
2026-08-14,3040262706,2641011-5,AXLE-MAIN GEAR,BAMN,REC,,BANT,123.0
2026-08-14,3040262707,2641011-5,AXLE-MAIN GEAR,BABV,REC,REPARADO,VEE ONE,123.0
2026-08-14,3040262717,2641011-5,AXLE-MAIN GEAR,BANT,REC,REPARADO,VEE ONE,123.0
2026-08-14,3040262714,2641011-5,AXLE-MAIN GEAR,BAPV,REC,,BANT,123.0
2026-08-14,3040262713,2641011-5,AXLE-MAIN GEAR,BAPV,REC,REPARADO,VEE ONE,123.0
2026-08-14,3040262712,2641011-5,AXLE-MAIN GEAR,BABR,REC,,BANT,123.0
2026-08-14,3040262711,2641011-5,AXLE-MAIN GEAR,BABR,REC,,BANT,123.0
2026-08-14,3040262709,2641011-5,AXLE-MAIN GEAR,PAMALS,REC,,BANT,123.0
2026-08-14,3040262708,2641011-5,AXLE-MAIN GEAR,PAMALS,REC,,BANT,123.0
2026-08-14,3040262744,3244809-1A,F.C.U,PAMALS,REC,EM REPARO,LEAP,123.0
2026-08-14,3040262758,9910338-4,FUEL TOTALIZER INDICATOR,PAMALS,REC,EM REPARO,VEE ONE,123.0
2026-08-14,3040262759,9910338-6,"TRANSMITTER,RATE OF FLOW",BAMN,REC,EM REPARO,WILLIAM,123.0
2026-08-14,3040262760,9910338-6,"TRANSMITTER,RATE OF FLOW",BANT,REC,EM REPARO,VEE ONE,123.0
2026-08-14,3040262966,2682001-1,BRAKE CYL MAST,BACO,OS concluída,,PAMA-LS,
2026-08-14,3040262967,2682001-1,BRAKE CYL MAST,PAMALS,REC,REPARADO,V1 PAMA-LS,121.0
2026-08-14,3040262968,2682001-1,BRAKE CYL MAST,BANT,OS concluída,,PAMA-LS,
2026-08-14,3040262969,2682001-1,BRAKE CYL MAST,BABE,REC,REPARADO,V1 PAMA-LS,121.0
2026-08-14,3040263069,453-5060,ELT C406-N,BABE,OS concluída,,,
2026-08-14,3040263283,D145-00-46-2,FLAP ACTUATOR ASSY,PAMALS,REC,EM REPARO,LEAP,106.0
2026-08-14,3040263284,D145-00-46-2,FLAP ACTUATOR ASSY,BAFL,REC,EM REPARO,LEAP,106.0
2026-08-14,3040263324,069-01033-0101,"RECEIVER-TRANSMITTER,RADIO",PAMALS,REC,EM REPARO,LEAP,106.0
2026-08-14,3040263287,C661065-0237,AIRSPEED INDICATOR,BABR,REC,REPARADO,VEE ONE,106.0
2026-08-14,3040263288,C661065-0237,AIRSPEED INDICATOR,PAMASP,REC,REPARADO,VEE ONE,106.0
2026-08-14,3040263314,060-0017-00,FLIGHT DIR HOR,EEAR,REC,EM REPARO,LEAP,106.0
2026-08-14,3040263319,066-1055-00,AUDIO CONTROL PANEL,BABE,REC,REPARADO,VEE ONE,106.0
2026-08-14,3040263317,060-0017-00,FLIGHT DIR HOR,PAMASP,REC,,BANT,106.0
2026-08-14,3040263316,060-0017-00,FLIGHT DIR HOR,BANT,REC,,BANT,106.0
2026-08-14,3040263320,066-1055-00,AUDIO CONTROL PANEL,PAMALS,REC,EM REPARO,AV AERONAUTICA,106.0
2026-08-14,3040263325,069-01033-0101,"RECEIVER-TRANSMITTER,RADIO",PAMALS,REC,,PROCURANDO,106.0
2026-08-14,3040263335,C611008-0101,ALTERNATOR CONTROL UNIT,PAMALS,REC,EM REPARO,AV AERONAUTICA,106.0
2026-08-14,3040263336,C611008-0101,ALTERNATOR CONTROL UNIT,PAMALS,REC,EM REPARO,AV AERONAUTICA,106.0
2026-08-14,3040263286,C661065-0237,AIRSPEED INDICATOR,BANT,REC,DEVOLVIDO NO ESTADO,WILLIAM,106.0
2026-08-14,3040263322,066-1055-00,AUDIO CONTROL PANEL,ALA 9,REC,EM REPARO,WILLIAM,106.0
2026-08-14,3040263326,069-01033-0101,"RECEIVER-TRANSMITTER,RADIO",PAMALS,REC,,BANT,106.0
2026-08-14,3040263315,060-0017-00,FLIGHT DIR HOR,BACG,OS concluída,,BABR,
2026-08-14,3040263334,011-00916-10,"DISPLAY UNIT,FLIGHT INFORMATION",BACO,REC,VAI SER DEVOLVIDO SEM REPARO,WILLIAM,106.0
2026-08-14,3040263333,011-00916-10,"DISPLAY UNIT,FLIGHT INFORMATION",BACO,REC,EM REPARO,WILLIAM,106.0
2026-08-14,3040263332,011-00916-10,"DISPLAY UNIT,FLIGHT INFORMATION",BAMN,OS concluída,EM REPARO,WILLIAM,
2026-08-14,3040263331,C661064-0237,AIRSPEED INDICATOR,PAMALS,REC,VAI SER DEVOLVIDO SEM REPARO,WILLIAM,106.0
2026-08-14,3040263329,C661064-0237,AIRSPEED INDICATOR,PAMALS,REC,EM REPARO,WILLIAM,106.0
2026-08-14,3040263328,C661064-0237,AIRSPEED INDICATOR,BABR,REC,EM REPARO,WILLIAM,106.0
2026-08-14,3040263327,C661064-0237,AIRSPEED INDICATOR,BABR,REC,EM REPARO,WILLIAM,106.0
2026-08-14,3040263330,C661064-0237,AIRSPEED INDICATOR,PAMALS,REC,EM REPARO,WILLIAM,106.0
2026-08-14,3040263338,C611008-0101,ALTERNATOR CONTROL UNIT,PAMALS,REC,REPARADO,V1 PAMA-LS,106.0
2026-08-14,3040263433,066-03064-0005,"ALTIMETER,SERVO CONTROLLED,AUTOMATIC PRESSURE",BACG,REC,EM REPARO,WILLIAM,100.0
2026-08-14,3040263435,066-03064-0005,"ALTIMETER,SERVO CONTROLLED,AUTOMATIC PRESSURE",BANT,REC,EM REPARO,WILLIAM,100.0
2026-08-14,3040263434,066-03064-0005,"ALTIMETER,SERVO CONTROLLED,AUTOMATIC PRESSURE",PAMASP,REC,VAI SER DEVOLVIDO SEM REPARO,WILLIAM,100.0
2026-08-14,3040263417,069-01033-0101,"RECEIVER-TRANSMITTER,RADIO",PAMALS,REC,EM REPARO,WILLIAM,100.0
2026-08-14,3040263416,069-01033-0101,"RECEIVER-TRANSMITTER,RADIO",BASM,REC,EM REPARO,WILLIAM,100.0
2026-08-14,3040263415,069-01033-0101,"RECEIVER-TRANSMITTER,RADIO",BABR,REC,,BANT,100.0
2026-08-14,3040263447,066-3046-07,"CONTROL,INDICATOR",CLA,REC,,BABR,100.0
2026-08-14,3040263443,3244897-4,FUEL CONTROL UNIT,PAMALS,REC,EM REPARO,LEAP,99.0
2026-08-14,3040263444,3244897-4,FUEL CONTROL UNIT,PAMALS,REC,EM REPARO,LEAP,99.0
2026-08-14,3040263577,060-0015-00,"CONTROL,DIRECTIONAL,AUTOMATIC PILOT",ALA 5,REC,EM REPARO,WILLIAM,94.0
2026-08-14,3040263574,066-1072-04,"RECEIVER,RADIO",BABE,REC,EM REPARO,WILLIAM,94.0
2026-08-14,3040263576,066-1072-04,"RECEIVER,RADIO",BAMN,OS concluída,DEVOLVIDO NO ESTADO,WILLIAM,
2026-08-14,3040263575,066-1072-04,"RECEIVER,RADIO",BABE,REC,EM REPARO,WILLIAM,94.0
2026-08-14,3040263573,066-3084-32,IND RDR 2000 IN-182A,PAMALS,REC,,BABR,94.0
2026-08-14,3040263571,066-3084-32,IND RDR 2000 IN-182A,PAMALS,REC,EM REPARO,WILLIAM,94.0
2026-08-14,3040263572,066-3084-32,IND RDR 2000 IN-182A,PAMALS,REC,EM REPARO,WILLIAM,94.0
2026-08-14,3040263448,2618510-10,ALTERNATOR CONTROL UNIT ASSY,BABE,REC,EM REPARO,WILLIAM,94.0
2026-08-14,3040263449,2618510-10,ALTERNATOR CONTROL UNIT ASSY,PAMALS,REC,EM REPARO,WILLIAM,94.0
2026-08-14,3040263877,2641011-5,AXLE-MAIN GEAR,CLA,REC,EM REPARO,LEAP,84.0
2026-08-14,3040263878,2641011-5,AXLE-MAIN GEAR,CLA,REC,EM REPARO,LEAP,84.0
2026-08-14,3040264243,069-01033-0101,"RECEIVER-TRANSMITTER,RADIO",PAMALS,REC,EM REPARO,WILLIAM,77.0
2026-08-14,3040264244,069-01033-0101,"RECEIVER-TRANSMITTER,RADIO",PAMASP,REC,EM REPARO,WILLIAM,77.0
2026-08-14,3040264246,060-0017-00,FLIGHT DIR HOR,PAMALS,REC,EM REPARO,WILLIAM,77.0
2026-08-14,3040264237,200SGL119Q-2,STARTER GENERATOR,BAMN,REC,EM REPARO,AV AERONAUTICA,77.0
2026-08-14,3040264236,200SGL119Q-2,STARTER GENERATOR,BABE,REC,,BABE,77.0
2026-08-14,3040264121,3244897-4,FUEL CONTROL UNIT,BABE,OS concluída,EM REPARO,LEAP,
2026-08-14,3040264263,9910338-8,"INDICATOR,FUEL FLOW",PAMALS,OS concluída,,BABR,
2026-08-14,3040264262,9910338-8,"INDICATOR,FUEL FLOW",BABV,REC,EM REPARO,WILLIAM,77.0
2026-08-14,3040264242,324843-2020,HEADSET-MICROPHONE,BABE,REC,EM REPARO,WILLIAM,77.0
2026-08-14,3040264264,324843-2020,HEADSET-MICROPHONE,DACTA II,REC,EM REPARO,WILLIAM,77.0
2026-08-14,3040264238,324843-2020,HEADSET-MICROPHONE,DACTA II,REC,EM REPARO,WILLIAM,77.0
2026-08-14,3040264241,324843-2020,HEADSET-MICROPHONE,DACTA II,REC,EM REPARO,WILLIAM,77.0
2026-08-14,3040264240,324843-2020,HEADSET-MICROPHONE,DACTA II,REC,EM REPARO,WILLIAM,77.0
2026-08-14,3040264122,3244809-8,"FUEL CONTROL,MAIN,TURBINE ENGINE",BABE,OS concluída,,BABR,
2026-08-14,3040263797,066-3046-07,"CONTROL,INDICATOR",BABE,REC,EM REPARO,WILLIAM,77.0
2026-08-14,3040263798,066-3046-07,"CONTROL,INDICATOR",PAMASP,REC,EM REPARO,WILLIAM,77.0
2026-08-14,3040263799,066-3046-07,"CONTROL,INDICATOR",PAMASP,REC,EM REPARO,WILLIAM,77.0
2026-08-14,3040263795,071-01519-0101,"RECEIVER-EXCITER,RADAR",PAMALS,REC,,PROCURANDO,77.0
2026-08-14,3040263796,071-01519-0101,"RECEIVER-EXCITER,RADAR",PAMALS,REC,,PROCURANDO,77.0
2026-08-14,3040264579,060-0017-00,FLIGHT DIR HOR,BABR,OS concluída,,,
2026-08-14,3040264577,060-0017-00,FLIGHT DIR HOR,PAMALS,REC,,,65.0
2026-08-14,3040264573,060-0017-00,FLIGHT DIR HOR,BANT,REC,,,65.0
2026-08-14,3040264574,060-0017-00,FLIGHT DIR HOR,BANT,REC,,,65.0
2026-08-14,3040264576,060-0017-00,FLIGHT DIR HOR,PAMALS,REC,,,65.0
2026-08-14,3040264572,060-0017-00,FLIGHT DIR HOR,PAMASP,REC,,,65.0
2026-08-14,3040264647,1H75-21,PRESSURE REGULATOR,BAMN,REC,,,60.0
2026-08-14,3040264646,1H75-21,PRESSURE REGULATOR,PAMASP,REC,,,60.0
2026-08-14,3040264645,1H75-21,PRESSURE REGULATOR,PAMASP,REC,,,60.0
2026-08-14,3040264643,1H75-21,PRESSURE REGULATOR,PAMASP,REC,,,60.0
2026-08-14,3040264707,3244809-7,"FUEL CONTROL,MAIN,TURBINE ENGINE",BABE,REC,,,60.0
2026-08-14,3040264709,540-1407-4,"VALVE,BLEED,TURBINEENGINE",PAMASP,REC,,,60.0
2026-08-14,3040264710,200SGL153Q,"STARTER-GENERATOR,ENGINE,AIRCRAFT",CLA,REC,,,60.0
2026-08-14,3040264711,200SGL153Q,"STARTER-GENERATOR,ENGINE,AIRCRAFT",PAMASP,REC,,,60.0
2026-08-14,3040264712,200SGL153Q,"STARTER-GENERATOR,ENGINE,AIRCRAFT",BACG,REC,,,60.0
2026-08-14,3040264718,9910338-8,"INDICATOR,FUEL FLOW",PAMALS,REC,,,60.0
2026-08-14,3040264719,S3326-2,"INDICATOR,HORIZONTAL SITUATION",ALA 8,REC,,,60.0
2026-08-14,3040264720,S3326-2,"INDICATOR,HORIZONTAL SITUATION",PAMALS,REC,,,60.0
2026-08-14,3040264721,S3326-2,"INDICATOR,HORIZONTAL SITUATION",PAMASP,REC,,,60.0
2026-08-14,3040264724,2606013-1AM,INDICADOR PERCENTUAL RPM,BABV,REC,,,60.0
2026-08-14,3040264725,2606013-1AM,INDICADOR PERCENTUAL RPM,BABR,REC,,,60.0
2026-08-14,3040264726,2606015-4,INDICATOR-OIL TEMP/OIL PRESS,BANT,REC,,,60.0
2026-08-14,3040264727,C661051-0201,GYRO HORIZON,ALA 10,REC,,,60.0
2026-08-14,3040264728,504-0111-906,GYRO HORIZON,PAMALS,REC,,,60.0
2026-08-14,3040264729,504-0111-906,GYRO HORIZON,BACG,REC,,,60.0
2026-08-14,3040264730,8210-003,"GOVERNOR,FUEL CONTROL",PAMASP,REC,,,60.0
2026-08-14,3040264731,8210-002,"GOVERNOR,CONSTANT SPEED DRIVE",PAMASP,REC,,,60.0
2026-08-14,3040264732,8210-002,"GOVERNOR,CONSTANT SPEED DRIVE",BAMN,REC,,,60.0
2026-08-14,3040264733,030-18200,MAIN WHEEL BRAKE,BAMN,REC,,,60.0
2026-08-14,3040264734,030-18200,MAIN WHEEL BRAKE,BAMN,REC,,,60.0
2026-08-14,3040264735,161-11700,INNER WHEEL HALF ASSY,PAMALS,REC,,,60.0
2026-08-14,3040264736,161-12800,WHEEL HALF ASSY-INNER,BABR,REC,,,60.0
2026-08-14,3040264737,161-12800,WHEEL HALF ASSY-INNER,PAMALS,AUT,,,60.0
2026-08-14,3040264738,162-10700,OUTER WHEEL HALF ASSY,BACO,AUT,,,60.0
2026-08-14,3040264807,011-01105-01,INTEGRATED AVIONICS UNIT GIA63W,ALA 8,REC,,,52.0
2026-08-14,3040264808,011-01105-01,INTEGRATED AVIONICS UNIT GIA63W,BAMN,REC,,,52.0
2026-08-14,3040264907,011-00916-10,"DISPLAY UNIT,FLIGHT INFORMATION",BAMN,REC,,,45.0
2026-08-14,3040264908,011-00916-10,"DISPLAY UNIT,FLIGHT INFORMATION",BABV,REC,,,45.0
2026-08-14,3040264974,3244809-8,"FUEL CONTROL,MAIN,TURBINE ENGINE",BAMN,REC,,,43.0
2026-08-14,3040264961,3244897-4,FUEL CONTROL UNIT,CLA,REC,,,43.0
2026-08-14,3040264960,3034792,BOMBA DE COMBUSTÍVEL,CLA,REC,,,43.0
2026-08-14,3040265144,011-01020-10,AFCS MODE CONTROLLER GMC 710,BABE,REC,,,37.0
2026-08-14,3040265140,011-01020-10,AFCS MODE CONTROLLER GMC 710,BABE,REC,,,37.0
2026-08-14,3040265482,066-3084-32,IND RDR 2000 IN-182A,BABR,REC,,,22.0
2026-08-14,3040265484,066-3084-32,IND RDR 2000 IN-182A,BANT,REC,,,22.0
2026-08-14,3040265485,066-3084-32,IND RDR 2000 IN-182A,BABR,REC,,,22.0
2026-08-14,3040265526,ASG12000-2,ALTERNATOR,PAMALS,REC,,,18.0
2026-08-14,3040265525,ASG12000-2,ALTERNATOR,BABR,REC,,,18.0
2026-08-14,3040265527,9910592-2,ALTERNADOR,BABR,REC,,,18.0
2026-08-14,3040265533,3122678-04,FUEL CONTROL UNIT,BABR,REC,,,18.0
2026-08-14,3040265532,C611505-0201,ALTERNATOR,BANT,REC,,,18.0
2026-08-14,3040265530,C611505-0201,ALTERNATOR,BABV,REC,,,18.0
2026-08-14,3040265528,9910592-2,ALTERNADOR,BABR,REC,,,18.0
2026-08-14,3040265724,3244897-4,FUEL CONTROL UNIT,CLA,REC,,,17.0
2026-08-14,3040265474,C611008-0101,ALTERNATOR CONTROL UNIT,PAMALS,REC,,,15.0
2026-08-14,3040265475,C611008-0101,ALTERNATOR CONTROL UNIT,BABV,REC,,,15.0
2026-08-14,3040265476,C611008-0101,ALTERNATOR CONTROL UNIT,PAMALS,REC,,,15.0
2026-08-14,3040265477,C611008-0101,ALTERNATOR CONTROL UNIT,PAMALS,REC,,,15.0
2026-08-14,3040265576,011-00916-10,"DISPLAY UNIT,FLIGHT INFORMATION",BAMN,REC,,,14.0
2026-08-14,3040265580,011-00916-00,DISPLAY UNIT GDU 1040A,PAMALS,AUT,,,18.0
2026-08-14,3040265581,011-00916-00,DISPLAY UNIT GDU 1040A,PAMALS,AUT,,,18.0
2026-08-14,3040265589,EA-5175-52-CES,INDICATOR TRUE,BABV,AUT,,,18.0
2026-08-14,3040265590,EA-5175-52-CES,INDICATOR TRUE,BASM,AUT,,,18.0
2026-08-14,3040265591,EA-5175-52-CES,INDICATOR TRUE,BABV,AUT,,,18.0
2026-08-14,3040265592,EA-5175-52-CES,INDICATOR TRUE,BABV,AUT,,,18.0
2026-08-14,3040265668,9910592-2,ALTERNADOR,PAMALS,AUT,,,18.0
2026-08-14,3040265678,9910592-2,ALTERNADOR,BAMN,AUT,,,18.0
2026-08-14,3040265679,C611505-0201,ALTERNATOR,PAMALS,AUT,,,18.0
2026-08-14,3040265680,C611505-0201,ALTERNATOR,ALA 8,AUT,,,18.0
2026-08-14,3040265726,071-01519-0101,"RECEIVER-EXCITER,RADAR",PAMALS,AUT,,,17.0
2026-08-14,3040265727,071-01519-0101,"RECEIVER-EXCITER,RADAR",CLA,AUT,,,17.0
2026-08-14,3040265728,C163030-1001,MAIN W BRAKE A,BAMN,AUT,,,17.0
2026-08-14,3040265731,066-3046-07,"CONTROL,INDICATOR",BABR,AUT,,,17.0
2026-08-14,3040265732,066-3046-07,"CONTROL,INDICATOR",BANT,AUT,,,17.0
2026-08-14,3040265734,066-3046-07,"CONTROL,INDICATOR",EEAR,AUT,,,17.0
2026-08-14,3040265735,066-3046-07,"CONTROL,INDICATOR",CLA,AUT,,,17.0
2026-08-14,3040265736,C611008-0101,ALTERNATOR CONTROL UNIT,BABV,AUT,,,17.0
2026-08-14,3040265737,C611008-0101,ALTERNATOR CONTROL UNIT,EEAR,AUT,,,17.0
2026-08-14,3040265738,C611008-0101,ALTERNATOR CONTROL UNIT,PAMALS,AUT,,,17.0
2026-08-14,3040265739,C611008-0101,ALTERNATOR CONTROL UNIT,BANT,AUT,,,17.0
2026-08-14,3040265740,C611008-0101,ALTERNATOR CONTROL UNIT,BABE,AUT,,,17.0
2026-08-14,3040265741,C611008-0101,ALTERNATOR CONTROL UNIT,BABR,AUT,,,17.0
2026-08-14,3040265742,066-1072-04,"RECEIVER,RADIO",BACG,AUT,,,17.0
2026-08-14,3040265743,066-1072-04,"RECEIVER,RADIO",BAMN,AUT,,,17.0
2026-08-14,3040265744,066-1072-04,"RECEIVER,RADIO",PAMALS,AUT,,,17.0
2026-08-14,3040265745,066-3084-32,IND RDR 2000 IN-182A,PAMALS,AUT,,,17.0
2026-08-14,3040265746,066-3084-32,IND RDR 2000 IN-182A,PAMALS,AUT,,,17.0
2026-08-14,3040265747,30994-001,BATTERY-MARATHON TSP410 NICAD,PAMALS,AUT,,,17.0
2026-08-14,3040265748,30994-001,BATTERY-MARATHON TSP410 NICAD,PAMALS,AUT,,,17.0
2026-08-14,3040265749,30994-001,BATTERY-MARATHON TSP410 NICAD,PAMALS,AUT,,,17.0
2026-08-14,3040265750,30994-001,BATTERY-MARATHON TSP410 NICAD,PAMALS,AUT,,,17.0
2026-08-14,3040265751,30994-001,BATTERY-MARATHON TSP410 NICAD,PAMALS,AUT,,,17.0
2026-08-14,3040265752,2641011-5,AXLE-MAIN GEAR,BAMN,AUT,,,17.0
2026-08-14,3040265753,2641011-5,AXLE-MAIN GEAR,BAMN,AUT,,,17.0
2026-08-14,3040265754,161-11700,INNER WHEEL HALF ASSY,BACO,AUT,,,17.0
2026-08-14,3040265755,161-12800,WHEEL HALF ASSY-INNER,BABE,AUT,,,17.0
2026-08-14,3040265757,066-01141-0101,"RECEIVER,RADIO",PAMALS,AUT,,,17.0
2026-08-14,3040265758,066-01141-0101,"RECEIVER,RADIO",PAMALS,AUT,,,17.0
2026-08-14,3040265759,C660501-0103,"COMPASS,SPEC",DACTA II,AUT,,,17.0
2026-08-14,3040265769,023694-000,BATTERY NICKEL CADMIUM,BAPV,AUT,,,16.0
2026-08-14,3040265771,2651023-23,ENGINE MOUNT ASSEMBLY,PAMALS,AUT,,,16.0
2026-08-14,3040265772,2651023-23,ENGINE MOUNT ASSEMBLY,PAMALS,AUT,,,16.0
2026-08-14,3040265892,324843-0020,HEADSET-MICROPHONE,PAMALS,AUT,,,11.0
2026-08-14,3040265893,324843-0020,HEADSET-MICROPHONE,PAMALS,AUT,,,11.0
2026-08-14,3040265894,324843-0020,HEADSET-MICROPHONE,PAMALS,AUT,,,11.0
2026-08-14,3040265895,324843-0020,HEADSET-MICROPHONE,PAMALS,AUT,,,11.0
2026-08-17,3040249831,066-01141-5101,"RECEIVER-TRANSMITTER,RADIO (KT71)",PAMALS,REC,EM REPARO,LEAP,553.0
2026-08-17,3040250248,452-0133,"BATTERY,NONRECHARGEABLE",BABR,REC,CONDENADO,VEE ONE,537.0
2026-08-17,3040250249,452-0133,"BATTERY,NONRECHARGEABLE",BAMN,REC,CONDENADO,VEE ONE,537.0
2026-08-17,3040250234,3034792,BOMBA DE COMBUSTÍVEL,PAMALS,REC,,BANT,537.0
2026-08-17,3040250816,453-5060,"BEACON,DISTRESS",BAMN,REC,,PAMA-LS,515.0
2026-08-17,3040250830,799-1,TRANSDUCER,BACO,REC,,BANT,515.0
2026-08-17,3040250829,51539-012N,CONTROL UNIT ASSY-GENERATOR,BAMN,OS concluída,,,
2026-08-17,3040250828,51539-012N,CONTROL UNIT ASSY-GENERATOR,BACG,REC,,BABR,515.0
2026-08-17,3040250827,51539-012N,CONTROL UNIT ASSY-GENERATOR,BANT,REC,,BABR,515.0
2026-08-17,3040250831,799-1,TRANSDUCER,BANT,REC,,BANT,515.0
2026-08-17,3040250833,9910586-4,FLAP ACTUATOR AND MOTOR ASSEMBLY,ALA 3,REC,,BAMN,515.0
2026-08-17,3040250834,9910586-4,FLAP ACTUATOR AND MOTOR ASSEMBLY,ALA 3,OS concluída,,,
2026-08-17,3040250832,9910338-4,FUEL TOTALIZER INDICATOR,EEAR,REC,,PAMA-LS,515.0
2026-08-17,3040250835,ASG12000-2,ALTERNATOR,ALA 5,REC,REPARADO,V1 PAMA-LS,515.0
2026-08-17,3040250841,C661030-0301,TURN BANK,PAMALS,REC,EM REPARO,LEAP,515.0
2026-08-17,3040250842,C662041-0102,INDICATOR FUEL,ALA 5,REC,,PAMA-LS,515.0
2026-08-17,3040250844,C662041-0102,INDICATOR FUEL,ALA 9,REC,,PAMA-LS,515.0
2026-08-17,3040250843,C662041-0102,INDICATOR FUEL,ALA 10,OS concluída,,,
2026-08-17,3040250719,060-0017-00,FLIGHT DIR HOR,PAMALS,REC,,BANT,515.0
2026-08-17,3040250720,060-0017-00,FLIGHT DIR HOR,BABV,OS concluída,,,
2026-08-17,3040250722,066-01141-5101,"RECEIVER-TRANSMITTER,RADIO (KT71)",ALA 9,REC,EM REPARO,WILLIAM,515.0
2026-08-17,3040250723,066-01141-5101,"RECEIVER-TRANSMITTER,RADIO (KT71)",CLA,REC,,BABR,515.0
2026-08-17,3040250721,060-0017-00,FLIGHT DIR HOR,BANT,OS concluída,,,
2026-08-17,3040250725,066-3046-07,"CONTROL,INDICATOR",ALA 10,OS concluída,,,
2026-08-17,3040250724,066-04035-1101,"DISPLAY UNIT,RADAR",PAMALS,REC,,BANT,515.0
2026-08-17,3040250732,069-1025-25,"RECEIVER-TRANSMITTER,RADIO - KX165",PAMALS,REC,EM REPARO,WILLIAM,515.0
2026-08-17,3040250782,2606012-1,INDICATOR-INTER-TURBINE TEMPERATURE,ALA 9,OS concluída,,,
2026-08-17,3040250775,161-11700,INNER WHEEL HALF ASSY,BABE,OS concluída,,,
2026-08-17,3040250773,161-11700,INNER WHEEL HALF ASSY,EEAR,REC,,BACG,515.0
2026-08-17,3040250718,030-18200,MAIN WHEEL BRAKE,BACO,OS concluída,,,
2026-08-17,3040250716,030-18200,MAIN WHEEL BRAKE,BABV,REC,EM REPARO,LEAP,515.0
2026-08-17,3040250717,030-18200,MAIN WHEEL BRAKE,BACO,OS concluída,,,
2026-08-17,3040250780,162-11800,WHEEL HALF ASSY-OUTER,PAMALS,OS concluída,,,
2026-08-17,3040250781,162-11800,WHEEL HALF ASSY-OUTER,BACG,OS concluída,,,
2026-08-17,3040250778,161-12800,WHEEL HALF ASSY-INNER,BACG,OS concluída,,,
2026-08-17,3040250776,161-12800,WHEEL HALF ASSY-INNER,BABE,OS concluída,,,
2026-08-17,3040250790,2643031-7,"FORK ASSY,NOSE GEAR SPRING",BAMN,OS concluída,,,
2026-08-17,3040250791,2643090-1,SHIMMY DAMPENE,BANT,REC,EM REPARO,AV AERONAUTICA,515.0
2026-08-17,3040250792,2643090-1,SHIMMY DAMPENE,BAMN,REC,REPARADO,V1 PAMA-LS,515.0
2026-08-17,3040250789,2641012-14,TRUNNION ASSY-RH-MAIN GEAR,PAMASP,OS concluída,,,
2026-08-17,3040250793,2643099-4,"SUPPORT ASSY FOWARD, NLG SPRING",BAMN,OS concluída,,,
2026-08-17,3040250798,30994-001,BATTERY-MARATHON TSP410 NICAD,BANT,OS concluída,CONDENADO,AMA - VEE ONE,
2026-08-17,3040252191,C611008-0101,ALTERNATOR CONTROL UNIT,PAMALS,REC,,BABR,482.0
2026-08-17,3040252159,011-00916-00,DISPLAY UNIT GDU 1040A,BAMN,REC,,BAMN,482.0
2026-08-17,3040252161,065-0042-03,COMPUTER PA,ALA 10,REC,EM REPARO,WILLIAM,482.0
2026-08-17,3040252162,065-0042-03,COMPUTER PA,EEAR,REC,,BABE,482.0
2026-08-17,3040252164,065-0042-03,COMPUTER PA,EEAR,REC,EM REPARO,WILLIAM,482.0
2026-08-17,3040252165,065-0042-03,COMPUTER PA,PAMALS,OS concluída,,,
2026-08-17,3040252166,065-0059-01,SERVO PITCH,EEAR,REC,EM REPARO,WILLIAM,482.0
2026-08-17,3040252168,066-03064-0005,"ALTIMETER,SERVO CONTROLLED,AUTOMATIC PRESSURE",ALA 9,OS concluída,,,
2026-08-17,3040252173,066-03064-0005,"ALTIMETER,SERVO CONTROLLED,AUTOMATIC PRESSURE",BANT,REC,EM REPARO,LEAP,482.0
2026-08-17,3040252172,066-03064-0005,"ALTIMETER,SERVO CONTROLLED,AUTOMATIC PRESSURE",PAMALS,REC,NO ESTADO,VEE ONE,482.0
2026-08-17,3040252170,066-03064-0005,"ALTIMETER,SERVO CONTROLLED,AUTOMATIC PRESSURE",ALA 7,REC,NO ESTADO,VEE ONE,482.0
2026-08-17,3040252178,066-1072-00,RECEIVER ADF (KING KR87),PAMALS,OS concluída,,,
2026-08-17,3040252182,066-1072-04,"RECEIVER,RADIO",ALA 9,OS concluída,,,
2026-08-17,3040252181,066-1072-04,"RECEIVER,RADIO",PAMASP,REC,EM REPARO,WILLIAM,482.0
2026-08-17,3040252180,066-1072-04,"RECEIVER,RADIO",ALA 8,OS concluída,,,
2026-08-17,3040252185,066-1072-04,"RECEIVER,RADIO",BAMN,OS concluída,,,
2026-08-17,3040252189,9910338-6,"TRANSMITTER,RATE OF FLOW",ALA 8,OS concluída,,,
2026-08-17,3040252190,9910338-6,"TRANSMITTER,RATE OF FLOW",BABR,OS concluída,,,
2026-08-17,3040252160,011-01020-10,AFCS MODE CONTROLLER GMC 710,BAMN,OS concluída,,,
2026-08-17,3040252939,C163030-1001,MAIN W BRAKE A,BABV,REC,,BAMN,452.0
2026-08-17,3040252936,030-18200,MAIN WHEEL BRAKE,BACO,REC,,PAMA-LS,452.0
2026-08-17,3040252935,030-18200,MAIN WHEEL BRAKE,BAMN,OS concluída,,,
2026-08-17,3040252940,30-182,MAIN WHEEL BRAKE,BABV,OS concluída,,,
2026-08-17,3040252942,30-182,MAIN WHEEL BRAKE,BAMN,OS concluída,,,
2026-08-17,3040252943,30-182,MAIN WHEEL BRAKE,BAMN,OS concluída,,,
2026-08-17,3040253170,161-12800,WHEEL HALF ASSY-INNER,BASM,OS concluída,,,
2026-08-17,3040253168,161-12800,WHEEL HALF ASSY-INNER,BASM,REC,REPARADO,VEE ONE,448.0
2026-08-17,3040253172,161-12800,WHEEL HALF ASSY-INNER,PAMALS,REC,,PROCURANDO,448.0
2026-08-17,3040253174,161-12800,WHEEL HALF ASSY-INNER,PAMALS,OS concluída,,,
2026-08-17,3040253173,161-12800,WHEEL HALF ASSY-INNER,PAMALS,REC,EM REPARO,LEAP,448.0
2026-08-17,3040253176,162-10700,OUTER WHEEL HALF ASSY,BABE,OS concluída,,,
2026-08-17,3040253177,162-10700,OUTER WHEEL HALF ASSY,BABV,REC,REPARADO,VEE ONE,448.0
2026-08-17,3040253178,162-10700,OUTER WHEEL HALF ASSY,PAMALS,REC,,PROCURANDO,448.0
2026-08-17,3040253179,162-11800,WHEEL HALF ASSY-OUTER,CLA,OS concluída,,,
2026-08-17,3040253181,162-11800,WHEEL HALF ASSY-OUTER,PAMALS,OS concluída,,,
2026-08-17,3040253180,162-11800,WHEEL HALF ASSY-OUTER,BASM,REC,,PROCURANDO,448.0
2026-08-17,3040253182,162-11800,WHEEL HALF ASSY-OUTER,PAMALS,REC,REPARADO,VEE ONE,448.0
2026-08-17,3040253536,2641012-14,TRUNNION ASSY-RH-MAIN GEAR,PAMALS,OS concluída,,,
2026-08-17,3040253529,066-03064-0005,"ALTIMETER,SERVO CONTROLLED,AUTOMATIC PRESSURE",DSM-MN,REC,DEVOLVIDO NO ESTADO,WILLIAM,438.0
2026-08-17,3040253528,066-03064-0005,"ALTIMETER,SERVO CONTROLLED,AUTOMATIC PRESSURE",BANT,OS concluída,,,
2026-08-17,3040253532,799-1,TRANSDUCER,PAMALS,REC,,BANT,438.0
2026-08-17,3040253535,2643099-4,"SUPPORT ASSY FOWARD, NLG SPRING",BABE,REC,CONDENADO,VEE ONE,438.0
2026-08-17,3040253531,799-1,TRANSDUCER,BAMN,REC,,VEE ONE,438.0
2026-08-17,3040253530,799-1,TRANSDUCER,BAMN,REC,,BANT,438.0
2026-08-17,3040253526,30994-001,BATTERY-MARATHON TSP410 NICAD,PAMALS,OS concluída,CONDENADO,AMA - VEE ONE,
2026-08-17,3040253527,30994-001,BATTERY-MARATHON TSP410 NICAD,BAPV,OS concluída,CONDENADO,AMA - VEE ONE,
2026-08-17,3040254195,540-1407-4,"VALVE,BLEED,TURBINEENGINE",PAMALS,REC,,BANT,420.0
2026-08-17,3040254201,2643090-3,SHIMMY DAMPER-NOSE GEAR,PAMALS,REC,REPARADO,V1 PAMA-LS,420.0
2026-08-17,3040254203,SE1070-6,SHIMMY DAMPENER ASSY,BACGINAT,OS concluída,,,
2026-08-17,3040254205,C660501-0103,"COMPASS,SPEC",PAMALS,REC,REPARADO,V1 PAMA-LS,420.0
2026-08-17,3040254206,C660501-0103,"COMPASS,SPEC",ALA 8,REC,EM REPARO EM GARANTIA,WILLIAM,420.0
2026-08-17,3040254208,C660501-0103,"COMPASS,SPEC",BABV,REC,REPARADO,V1 PAMA-LS,420.0
2026-08-17,3040254210,799-1,TRANSDUCER,BANT,REC,,BANT,420.0
2026-08-17,3040254792,2606013-1RX,INDICATOR-PERCENT RPM,BABR,REC,,BANT,411.0
2026-08-17,3040254770,069-1025-25,"RECEIVER-TRANSMITTER,RADIO - KX165",ALA 9,REC,EM REPARO,WILLIAM,411.0
2026-08-17,3040254799,453-5000-710,EMERGENCY LOCATOR TRANSMITTER MODEL C406-2,PAMASP,OS concluída,,,
2026-08-17,3040254806,C352TS,"EXTINGUISHER,FIRE",PAMALS,REC,REPARADO,V1 PAMA-LS,411.0
2026-08-17,3040254805,C352TS,"EXTINGUISHER,FIRE",PAMALS,OS concluída,,,
2026-08-17,3040254810,C352TS,"EXTINGUISHER,FIRE",PAMALS,OS concluída,,,
2026-08-17,3040254809,C352TS,"EXTINGUISHER,FIRE",PAMAGL,OS concluída,,,
2026-08-17,3040254803,C352TS,"EXTINGUISHER,FIRE",2 ETA,REC,REPARADO,V1 PAMA-LS,411.0
2026-08-17,3040254808,C352TS,"EXTINGUISHER,FIRE",BABR,REC,REPARADO,V1 PAMA-LS,411.0
2026-08-17,3040254795,D145-00-46-2,FLAP ACTUATOR ASSY,BABE,REC,,PAMA-LS,411.0
2026-08-17,3040254793,D145-00-46-2,FLAP ACTUATOR ASSY,PAMALS,REC,,PAMA-LS,411.0
2026-08-17,3040254815,C482001-0402,VACUUM REGULAT,PAMALS,REC,CONDENADO,VEE ONE,411.0
2026-08-17,3040254816,C482001-0402,VACUUM REGULAT,PAMALS,REC,CONDENADO,VEE ONE,411.0
2026-08-17,3040254820,2641011-5,AXLE-MAIN GEAR,BAMN,OS concluída,,,
2026-08-17,3040254817,2641011-5,AXLE-MAIN GEAR,BABE,OS concluída,,,
2026-08-17,3040254818,2641011-5,AXLE-MAIN GEAR,BABE,OS concluída,,,
2026-08-17,3040254819,2641011-5,AXLE-MAIN GEAR,BANT,OS concluída,,,
2026-08-17,3040254796,30994-001,BATTERY-MARATHON TSP410 NICAD,BAMN,OS concluída,,,
2026-08-17,3040254789,452-0133,"BATTERY,NONRECHARGEABLE",BAMN,REC,CONDENADO,VEE ONE,411.0
2026-08-17,3040254788,452-0133,"BATTERY,NONRECHARGEABLE",BAMN,REC,CONDENADO,VEE ONE,411.0
2026-08-17,3040254787,452-0133,"BATTERY PACK,AIRCRAFT",DACTA II,REC,CONDENADO,VEE ONE,411.0
2026-08-17,3040254786,452-0133,"BATTERY PACK,AIRCRAFT",BAMN,REC,CONDENADO,VEE ONE,411.0
2026-08-17,3040254785,452-0133,"BATTERY,NONRECHARGEABLE",BAMN,REC,CONDENADO,VEE ONE,411.0
2026-08-17,3040254784,452-0133,"BATTERY,NONRECHARGEABLE",DACTA II,REC,CONDENADO,VEE ONE,411.0
2026-08-17,3040255326,011-00916-00,DISPLAY UNIT GDU 1040A,BAMN,REC,,BAMN,402.0
2026-08-17,3040255319,702801-5,FUEL PUMP,PAMASP,REC,EM REPARO,VEE ONE,402.0
2026-08-17,3040255321,8210-002,"GOVERNOR,CONSTANT SPEED DRIVE",PAMALS,OS concluída,,,
2026-08-17,3040255461,DAAS-A-010-1,ADAS-D PROCESSOR,PAMALS,REC,EM REPARO,VEE ONE,398.0
2026-08-17,3040255589,071-01519-0101,"RECEIVER-EXCITER,RADAR",BANT,REC,,PROCURANDO,396.0
2026-08-17,3040255590,071-01519-0101,"RECEIVER-EXCITER,RADAR",PAMALS,OS concluída,,,
2026-08-17,3040255706,C661064-0237,AIRSPEED INDICATOR,BAMN,OS concluída,,,
2026-08-17,3040256114,5934PAD-3,"ALTIMETER,PRESSURE",PAMALS,REC,EM REPARO,VEE ONE,382.0
2026-08-17,3040256119,011-00878-10,GSA-81 TORQUE SERVO,BAPV,REC,EM REPARO,LEAP,382.0
2026-08-17,3040256112,011-00883-20,RADAR GWX 68 WEATHER,BABE,REC,,BAMN,382.0
2026-08-17,3040256115,5934PAD-3,"ALTIMETER,PRESSURE",PAMALS,OS concluída,,,
2026-08-17,3040256118,011-00878-10,GSA-81 TORQUE SERVO,BAPV,REC,,BACO,382.0
2026-08-17,3040256120,011-00916-10,"DISPLAY UNIT,FLIGHT INFORMATION",BAMN,OS concluída,,,
2026-08-17,3040256314,066-4010-12,RECEIVER VOR/LOC (KNS81),EEAR,REC,EM REPARO,LEAP,369.0
2026-08-17,3040256311,3121248-03,"VALVE ASSEMBLY,COMPRESSOR BLEED",PAMALS,OS concluída,,,
2026-08-17,3040256704,C661064-0237,AIRSPEED INDICATOR,PAMALS,OS concluída,,,
2026-08-17,3040256707,D210507,"GOVERNOR,OVERSPEED",PAMALS,OS concluída,,,
2026-08-17,3040256708,D210507,"GOVERNOR,OVERSPEED",PAMALS,REC,REPARADO,VEE ONE,360.0
2026-08-17,3040256702,C661064-0237,AIRSPEED INDICATOR,BABR,OS concluída,,,
2026-08-17,3040256703,C661064-0237,AIRSPEED INDICATOR,PAMALS,OS concluída,,,
2026-08-17,3040256662,030-18200,MAIN WHEEL BRAKE,BASM,OS concluída,,,
2026-08-17,3040256665,161-11700,INNER WHEEL HALF ASSY,BABV,OS concluída,,,
2026-08-17,3040256666,161-11700,INNER WHEEL HALF ASSY,PAMALS,OS concluída,,,
2026-08-17,3040256667,161-11700,INNER WHEEL HALF ASSY,PAMALS,OS concluída,,,
2026-08-17,3040256668,161-11700,INNER WHEEL HALF ASSY,PAMALS,OS concluída,,,
2026-08-17,3040256669,161-11700,INNER WHEEL HALF ASSY,PAMALS,OS concluída,,,
2026-08-17,3040256670,161-11700,INNER WHEEL HALF ASSY,PAMALS,OS concluída,,,
2026-08-17,3040256671,161-11700,INNER WHEEL HALF ASSY,PAMALS,REC,REPARADO,VEE ONE,360.0
2026-08-17,3040256698,030-18200,MAIN WHEEL BRAKE,PAMASP,REC,,PROCURANDO,360.0
2026-08-17,3040256713,030-18200,MAIN WHEEL BRAKE,ALA 3,REC,,BAMN,360.0
2026-08-17,3040256694,162-11800,WHEEL HALF ASSY-OUTER,BANT,OS concluída,,,
2026-08-17,3040256696,162-11800,WHEEL HALF ASSY-OUTER,PAMALS,REC,,PAMA-LS,360.0
2026-08-17,3040256672,161-12800,WHEEL HALF ASSY-INNER,PAMALS,REC,REPARADO,VEE ONE,360.0
2026-08-17,3040256675,161-12800,WHEEL HALF ASSY-INNER,BANT,OS concluída,,,
2026-08-17,3040256792,011-00877-00,"GSA-80 SERVO ROL,YAW,SPEC",BAMN,REC,,PROCURANDO,360.0
2026-08-17,3040256787,011-00877-00,"GSA-80 SERVO ROL,YAW,SPEC",PAMALS,REC,EM REPARO,VEE ONE,360.0
2026-08-17,3040256828,011-00883-20,RADAR GWX 68 WEATHER,PAMALS,REC,CONDENADO,V1 PAMA-LS,360.0
2026-08-17,3040256709,3121248-03,"VALVE ASSEMBLY,COMPRESSOR BLEED",PAMASP,REC,,BANT,357.0
2026-08-17,3040256673,161-12800,WHEEL HALF ASSY-INNER,PAMALS,REC,CONDENADO,VEE ONE,357.0
2026-08-17,3040257095,011-01105-01,INTEGRATED AVIONICS UNIT GIA63W,BABE,REC,EM REPARO,VEE ONE,353.0
2026-08-17,3040257096,011-01105-01,INTEGRATED AVIONICS UNIT GIA63W,BABE,REC,,BAMN,353.0
2026-08-17,3040257093,065-00183-0501,AUTOPILOT COMPUTER KFC225,BABE,REC,,BANT,353.0
2026-08-17,3040257094,065-00183-0501,AUTOPILOT COMPUTER KFC225,BABE,REC,,BANT,353.0
2026-08-17,3040257443,161-12800,WHEEL HALF ASSY-INNER,ALA 3,AUT,,NÃO TEVE MOVIMENTAÇÃO,341.0
2026-08-17,3040257442,C163030-1001,MAIN W BRAKE A,BAMN,OS concluída,REPARADO,VEE ONE,
2026-08-17,3040257452,3244809-8,"FUEL CONTROL,MAIN,TURBINE ENGINE",BAPV,OS concluída,,,
2026-08-17,3040257454,EA-5172-45-CES,"INDICATOR,AIRSPEED",BACG,OS concluída,,,
2026-08-17,3040257453,EA-5172-45-CES,"INDICATOR,AIRSPEED",ALA 7,REC,DEVOLVIDO NO ESTADO,WILLIAM,334.0
2026-08-17,3040257451,3244809-7,"FUEL CONTROL,MAIN,TURBINE ENGINE",PAMASP,REC,,BANT,334.0
2026-08-17,3040257450,3244809-4,"FUEL CONTROL,MAIN,TURBINE ENGINE",PAMASP,OS concluída,EM REPARO,LEAP,
2026-08-17,3040257438,030-18200,MAIN WHEEL BRAKE,BAMN,REC,REPARADO,VEE ONE,334.0
2026-08-17,3040257444,162-10700,OUTER WHEEL HALF ASSY,PAMALS,OS concluída,,,
2026-08-17,3040257447,162-10700,OUTER WHEEL HALF ASSY,PAMALS,OS concluída,,,
2026-08-17,3040257436,30994-001,BATTERY-MARATHON TSP410 NICAD,PAMALS,OS concluída,CONDENADO,AMA - VEE ONE,
2026-08-17,3040257441,030-18200,MAIN WHEEL BRAKE,BAPV,REC,,BAMN,334.0
2026-08-17,3040257440,030-18200,MAIN WHEEL BRAKE,BANT,REC,CONDENADO,VEE ONE,334.0
2026-08-17,3040257439,030-18200,MAIN WHEEL BRAKE,BAMN,REC,,BAMN,334.0
2026-08-17,3040258306,D210507,"GOVERNOR,OVERSPEED",PAMALS,REC,EM REPARO,LEAP,314.0
2026-08-17,3040258310,D210507,"GOVERNOR,OVERSPEED",BACO,OS concluída,,,
2026-08-17,3040258309,D210507,"GOVERNOR,OVERSPEED",BAMN,REC,EM REPARO,LEAP,314.0
2026-08-17,3040258308,D210507,"GOVERNOR,OVERSPEED",BAMN,OS concluída,,,
2026-08-17,3040258307,D210507,"GOVERNOR,OVERSPEED",ALA 5,OS concluída,,,
2026-08-17,3040258303,011-00877-00,"GSA-80 SERVO ROL,YAW,SPEC",DACTA II,REC,EM REPARO,VEE ONE,314.0
2026-08-17,3040258422,2601188-8,COMPRESSOR DRIVE ASSY R134A,PAMASP,REC,,PROCURANDO,312.0
2026-08-17,3040258419,011-00877-00,"GSA-80 SERVO ROL,YAW,SPEC",DACTA II,REC,EM REPARO,VEE ONE,312.0
2026-08-17,3040258420,011-00877-00,"GSA-80 SERVO ROL,YAW,SPEC",BACO,REC,EM REPARO,VEE ONE,312.0
2026-08-17,3040258421,011-00877-00,"GSA-80 SERVO ROL,YAW,SPEC",BABE,REC,,BACO,312.0
2026-08-17,3040258764,069-01034-0102,"NAVIGATION SET,SATELLITE SIGNALS KLN-94",PAMALS,REC,,BANT,305.0
2026-08-17,3040259152,066-01141-5101,"TRANSPONDER,RADAR",BABE,REC,,BANT,286.0
2026-08-17,3040259151,066-01141-5101,"TRANSPONDER,RADAR",BANT,REC,REPARADO,V1 PAMA-LS,286.0
2026-08-17,3040259251,064-1019-05,VHF TRANSCEIVE KY196,EEAR,REC,,EEAR,284.0
2026-08-17,3040259146,1U149-015-15,HORIZ. GYRO-STADBY,PAMALS,REC,EM REPARO,VEE ONE,283.0
2026-08-17,3040259147,162-10700,OUTER WHEEL HALF ASSY,BANT,REC,EM REPARO,AMA - VEE ONE,283.0
2026-08-17,3040259148,3049038-03,"VALVE,COMPRESSOR BLEED",BANT,OS concluída,,,
2026-08-17,3040259316,2606015-4,INDICATOR-OIL TEMP/OIL PRESS,BACG,REC,REPARADO,V1 PAMA-LS,280.0
2026-08-17,3040259564,C414007-0102,BLOWER ASSY,PAMALS,OS concluída,,,
2026-08-17,3040259568,C414007-0102,BLOWER ASSY,ALA 10,OS concluída,,,
2026-08-17,3040259570,C414007-0102,BLOWER ASSY,ALA 10,OS concluída,,,
2026-08-17,3040259694,025323-150,FUEL PUMP,PAMASP,REC,,BACO,272.0
2026-08-17,3040259922,C414007-0102,BLOWER ASSY,BANT,REC,REPARADO,V1 PAMA-LS,265.0
2026-08-17,3040259928,C414007-0102,BLOWER ASSY,PAMALS,REC,EM REPARO,VEE ONE,265.0
2026-08-17,3040259924,C414007-0102,BLOWER ASSY,BACG,REC,EM REPARO,VEE ONE,265.0
2026-08-17,3040259918,C414007-0102,BLOWER ASSY,ALA 10,REC,EM REPARO,VEE ONE,265.0
2026-08-17,3040259950,065-0060-01,"CONTROL,SERVO,AUTOMATIC PILOT",PAMALS,REC,EM REPARO,LEAP,265.0
2026-08-17,3040259949,065-0060-01,"CONTROL,SERVO,AUTOMATIC PILOT",PAMALS,REC,EM REPARO,LEAP,265.0
2026-08-17,3040259947,066-3046-07,"CONTROL,INDICATOR",EEAR,OS concluída,,,
2026-08-17,3040259946,066-3046-07,"CONTROL,INDICATOR",BANT,REC,,BANT,265.0
2026-08-17,3040259944,066-3046-07,"CONTROL,INDICATOR",EEAR,REC,,PAMA-LS,265.0
2026-08-17,3040260209,011-00916-00,DISPLAY UNIT GDU 1040A,PAMALS,REC,,BAMN,251.0
2026-08-17,3040260208,324843-W020,HEADSET-MICROPHONE,PAMALS,REC,VAI SER DEVOLVIDO SEM REPARO,WILLIAM,251.0
2026-08-17,3040260204,324843-W020,HEADSET-MICROPHONE,PAMALS,OS concluída,,,
2026-08-17,3040260205,324843-W020,HEADSET-MICROPHONE,PAMALS,OS concluída,,,
2026-08-17,3040260388,SD5H14C4527,AIR COMPRESSOR,PAMALS,REC,EM REPARO,VEE ONE,244.0
2026-08-17,3040260382,065-00183-0501,AUTOPILOT COMPUTER KFC225,BANT,REC,,BANT,244.0
2026-08-17,3040260389,SD5H14C4527,AIR COMPRESSOR,PAMALS,REC,EM REPARO,VEE ONE,244.0
2026-08-17,3040260517,ASG12000-2,ALTERNATOR,PAMALS,OS concluída,,,
2026-08-17,3040260524,51539-012M,CONTROL UNIT ASSY-GENERATOR,BANT,REC,,BACG,241.0
2026-08-17,3040260516,ASG12000-2,ALTERNATOR,PAMALS,REC,REPARADO,V1 PAMA-LS,241.0
2026-08-17,3040260523,9910592-2,ALTERNADOR,BAMN,REC,REPARADO,V1 PAMA-LS,241.0
2026-08-17,3040260522,9910592-2,ALTERNADOR,BAMN,REC,REPARADO,V1 PAMA-LS,241.0
2026-08-17,3040260547,161-12800,WHEEL HALF ASSY-INNER,EPCAR,OS concluída,REPARADO,VEE ONE,
2026-08-17,3040260545,161-11700,INNER WHEEL HALF ASSY,BACG,REC,REPARADO,VEE ONE,223.0
2026-08-17,3040260544,161-11700,INNER WHEEL HALF ASSY,BANT,REC,REPARADO,VEE ONE,223.0
2026-08-17,3040260546,161-12800,WHEEL HALF ASSY-INNER,PAMALS,REC,REPARADO,VEE ONE,223.0
2026-08-17,3040260548,161-11700,INNER WHEEL HALF ASSY,CLA,REC,REPARADO,VEE ONE,223.0
2026-08-17,3040260549,162-10700,OUTER WHEEL HALF ASSY,BACG,REC,REPARADO,VEE ONE,223.0
2026-08-17,3040260550,162-10700,OUTER WHEEL HALF ASSY,CLA,REC,REPARADO,VEE ONE,223.0
2026-08-17,3040260551,162-11800,WHEEL HALF ASSY-OUTER,BANT,REC,REPARADO,VEE ONE,223.0
2026-08-17,3040260552,30994-001,BATTERY-MARATHON TSP410 NICAD,BABE,OS concluída,CONDENADO,AMA - VEE ONE,
2026-08-17,3040260543,324843-W020,HEADSET-MICROPHONE,PAMALS,REC,VAI SER DEVOLVIDO SEM REPARO,WILLIAM,223.0
2026-08-17,3040260542,324843-W020,HEADSET-MICROPHONE,PAMALS,REC,,BABE,223.0
2026-08-17,3040260541,324843-W020,HEADSET-MICROPHONE,PAMALS,OS concluída,,,
2026-08-17,3040260540,324843-W020,HEADSET-MICROPHONE,PAMALS,OS concluída,,,
2026-08-17,3040260538,324843-W020,HEADSET-MICROPHONE,PAMALS,REC,,BABE,223.0
2026-08-17,3040260539,324843-W020,HEADSET-MICROPHONE,PAMALS,REC,,BABE,223.0
2026-08-17,3040260595,9910586-4,FLAP ACTUATOR AND MOTOR ASSEMBLY,7 ETA,REC,,BAMN,223.0
2026-08-17,3040260597,9910586-4,FLAP ACTUATOR AND MOTOR ASSEMBLY,BAPV,REC,REPARADO,VEE ONE,223.0
2026-08-17,3040260583,3244897-4,FUEL CONTROL UNIT,PAMALS,OS concluída,,,
2026-08-17,3040260750,3122678-04,FUEL CONTROL UNIT,PAMASP,REC,,BANT,215.0
2026-08-17,3040260752,3244897-4,FUEL CONTROL UNIT,PAMASP,OS concluída,,,
2026-08-17,3040260753,3244809-7,"FUEL CONTROL,MAIN,TURBINE ENGINE",PAMASP,OS concluída,,,
2026-08-17,3040260754,3244809-1,"FUEL CONTROL,MAIN,TURBINE ENGINE",PAMASP,REC,EM QUARENTENA,LEAP,215.0
2026-08-17,3040254794,C145-350,"MOTOR,DIRECT CURRENT",PAMALS,OS concluída,,,
2026-08-17,3040260913,064-1054-30,RECEIVER-TRANSMITTER SUBASSEMBLY,EPCAR,REC,REPARADO,V1 PAMA-LS,203.0
2026-08-17,3040260915,064-1054-30,RECEIVER-TRANSMITTER SUBASSEMBLY,PAMALS,REC,REPARADO,V1 PAMA-LS,203.0
2026-08-17,3040260811,3034792,BOMBA DE COMBUSTÍVEL,BAPV,REC,,BABR,201.0
2026-08-17,3040260812,3034792,BOMBA DE COMBUSTÍVEL,BACG,OS concluída,,,
2026-08-17,3040260922,162-11800,WHEEL HALF ASSY-OUTER,PAMALS,OS concluída,,,
2026-08-17,3040260923,030-18200,MAIN WHEEL BRAKE,BACO,REC,REPARADO,VEE ONE,201.0
2026-08-17,3040261389,3034792,BOMBA DE COMBUSTÍVEL,PAMASP,REC,REPARADO,V1 PAMA-LS,188.0
2026-08-17,3040261388,3034792,BOMBA DE COMBUSTÍVEL,BABR,OS concluída,,,
2026-08-17,3040261387,3034792,BOMBA DE COMBUSTÍVEL,BABR,OS concluída,,,
2026-08-17,3040261371,TFF2905-13,FUEL FLOW TRANSDUCER,ALA 8,REC,EM REPARO,WILLIAM,188.0
2026-08-17,3040261375,C661065-0240RX,"INDICATOR, AIRSPEED",BACG,REC,EM REPARO,WILLIAM,188.0
2026-08-17,3040261373,C661065-0240,AIRSPEED INDICATOR,BABE,REC,REPARADO,V1 PAMA-LS,188.0
2026-08-17,3040261322,011-00831-00,"ENGINE INTERFA,SPEC",BAPV,REC,REPARADO,VEE ONE,188.0
2026-08-17,3040261326,011-00882-10,"COMPUTER,AIR DATA",BAMN,OS concluída,,,
2026-08-17,3040261324,011-00882-10,"COMPUTER,AIR DATA",BAMN,OS concluída,,,
2026-08-17,3040261327,064-1054-30,RECEIVER-TRANSMITTER SUBASSEMBLY,PAMASP,REC,REPARADO,V1 PAMA-LS,188.0
2026-08-17,3040261336,066-01141-0101,"RECEIVER,RADIO",BANT,REC,REPARADO,V1 PAMA-LS,188.0
2026-08-17,3040261334,065-0065-01,SELECTOR ALT,BANT,REC,EM REPARO,WILLIAM,188.0
2026-08-17,3040261331,065-0061-36,ACTUATOR TRIM (KS272A),PAMASP,REC,,BABR,188.0
2026-08-17,3040261329,065-0061-36,ACTUATOR TRIM (KS272A),ALA 10,OS concluída,,,
2026-08-17,3040261335,065-0065-01,SELECTOR ALT,BANT,REC,EM REPARO,WILLIAM,188.0
2026-08-17,3040261342,066-3084-02,COLOR RADAR INDICATOR,BABV,REC,EM REPARO,WILLIAM,188.0
2026-08-17,3040261340,066-1053-00,"RECEIVER,RADIO",BASM,REC,REPARADO,V1 PAMA-LS,188.0
2026-08-17,3040261377,066-3054-01,INDICATOR RADAR ALTIMETER - TYPE KI250,PAMALS,REC,EM REPARO,WILLIAM,188.0
2026-08-17,3040261376,066-1061-03,RT RADAR ALTIM (KRA10A),PAMALS,REC,PARA REPARO,VEE ONE,188.0
2026-08-17,3040261352,1134380-4,EVAPORATOR MODULE ASSY-RH,BAMN,REC,CONDENADO,VEE ONE,188.0
2026-08-17,3040261347,071-1234-00,ANTENNA ACCESSORY,ALA 1,REC,EM REPARO,WILLIAM,188.0
2026-08-17,3040261344,066-4010-12,RECEIVER VOR/LOC (KNS81),ALA 10,REC,EM REPARO,WILLIAM,188.0
2026-08-17,3040261353,1H75-21,PRESSURE REGULATOR,BAMN,REC,,BAMN,188.0
2026-08-17,3040261357,2682001-1,BRAKE CYL MAST,BABE,OS concluída,,,
2026-08-17,3040261356,2670104-2,ANNUNCIATOR PANEL,PAMALS,REC,REPARADO,VEE ONE,188.0
2026-08-17,3040261355,2643100-201,NOSE GEAR STRUT ASSY - TALL FORK,BABR,OS concluída,,,
2026-08-17,3040261354,2643100-201,NOSE GEAR STRUT ASSY - TALL FORK,BANT,REC,EM REPARO,AV AERONAUTICA,188.0
2026-08-17,3040261364,8210-002-01,GOVERNOR PROPELLER,PAMASP,REC,REPARADO,VEE ONE,188.0
2026-08-17,3040261627,S3828-1,ALTIMETER,BAMN,REC,EM REPARO,WILLIAM,174.0
2026-08-17,3040261628,S3828-1,ALTIMETER,BABE,REC,REPARADO,V1 PAMA-LS,174.0
2026-08-17,3040261851,51539-012MRX,CONTROL UNIT ASSY-GENERATOR,BABE,REC,EM REPARO,VEE ONE,166.0
2026-08-17,3040261852,51539-012MRX,CONTROL UNIT ASSY-GENERATOR,BABE,REC,EM REPARO,VEE ONE,166.0
2026-08-17,3040261843,3034792,BOMBA DE COMBUSTÍVEL,PAMALS,REC,EM REPARO,VEE ONE,161.0
2026-08-17,3040262245,200SGL119Q-2,STARTER GENERATOR,BAMN,OS concluída,,,
2026-08-17,3040262246,200SGL119Q-2,STARTER GENERATOR,BAMN,OS concluída,,,
2026-08-17,3040262273,324843-W020,HEADSET-MICROPHONE,BABE,OS concluída,,,
2026-08-17,3040262275,324843-W020,HEADSET-MICROPHONE,BANT,OS concluída,,,
2026-08-17,3040262363,066-1055-00,AUDIO CONTROL PANEL,ALA 5,OS concluída,,,
2026-08-17,3040262367,066-1055-00,AUDIO CONTROL PANEL,ALA 9,REC,EM REPARO,WILLIAM,144.0
2026-08-17,3040262368,066-1055-00,AUDIO CONTROL PANEL,CLA,OS concluída,,,
2026-08-17,3040262372,51539-012M,CONTROL UNIT ASSY-GENERATOR,BANT,REC,,V1 PAMA-LS,144.0
2026-08-17,3040262371,51539-012N,CONTROL UNIT ASSY-GENERATOR,BANT,REC,REPARADO,V1 PAMA-LS,144.0
2026-08-17,3040262419,065-0061-36,ACTUATOR TRIM (KS272A),ALA 9,REC,EM REPARO,WILLIAM,139.0
2026-08-17,3040262734,C352,PORTABLE HALON FIRE EXTINGUISHERS,ALA 5,REC,EM REPARO,AV AERONAUTICA,126.0
2026-08-17,3040262738,C352TS,"EXTINGUISHER,FIRE",BANT,REC,,PROCURANDO,126.0
2026-08-17,3040262739,C352TS,"EXTINGUISHER,FIRE",BANT,REC,,PROCURANDO,126.0
2026-08-17,3040262740,C352TS,"EXTINGUISHER,FIRE",PAMALS,REC,,PROCURANDO,126.0
2026-08-17,3040262766,011-00883-20,RADAR GWX 68 WEATHER,BAMN,OS concluída,EM REPARO,VEE ONE,
2026-08-17,3040262765,011-00883-20,RADAR GWX 68 WEATHER,BAMN,REC,EM REPARO,VEE ONE,126.0
2026-08-17,3040262772,011-01020-10,AFCS MODE CONTROLLER GMC 710,BAMN,REC,EM REPARO,WILLIAM,126.0
2026-08-17,3040262770,011-01020-10,AFCS MODE CONTROLLER GMC 710,BAMN,REC,EM REPARO,WILLIAM,126.0
2026-08-17,3040262773,011-01020-10,AFCS MODE CONTROLLER GMC 710,BAMN,REC,EM REPARO,WILLIAM,126.0
2026-08-17,3040262746,066-1070-01,TRANSCEIVER DME (KN63),BABE,REC,EM REPARO,WILLIAM,126.0
2026-08-17,3040262745,064-1019-05,VHF TRANSCEIVE KY196,EEAR,REC,EM REPARO,VEE ONE,126.0
2026-08-17,3040262747,066-1072-00,RECEIVER ADF (KING KR87),ALA 7,REC,EM REPARO,WILLIAM,126.0
2026-08-17,3040262748,066-3046-07,"CONTROL,INDICATOR",BABR,REC,,BANT,126.0
2026-08-17,3040262769,066-3046-07,"CONTROL,INDICATOR",BABR,REC,,BANT,126.0
2026-08-17,3040262768,066-3046-07,"CONTROL,INDICATOR",EEAR,REC,EM REPARO,LEAP,126.0
2026-08-17,3040262767,066-3046-07,"CONTROL,INDICATOR",EEAR,REC,EM REPARO,LEAP,126.0
2026-08-17,3040262791,066-3060-00,IND RMI KNI582,BANT,REC,EM REPARO,LEAP,126.0
2026-08-17,3040262630,161-11700,INNER WHEEL HALF ASSY,BANT,REC,REPARADO,VEE ONE,126.0
2026-08-17,3040262792,066-3060-00,IND RMI KNI582,BANT,REC,EM REPARO,LEAP,126.0
2026-08-17,3040262634,162-10700,OUTER WHEEL HALF ASSY,BANT,REC,REPARADO,VEE ONE,126.0
2026-08-17,3040262632,161-12800,WHEEL HALF ASSY-INNER,BANT,OS concluída,REPARADO,VEE ONE,
2026-08-17,3040262633,161-12800,WHEEL HALF ASSY-INNER,BANT,REC,REPARADO,VEE ONE,126.0
2026-08-17,3040262635,162-11800,WHEEL HALF ASSY-OUTER,EPCAR,REC,REPARADO,VEE ONE,126.0
2026-08-17,3040262637,162-11800,WHEEL HALF ASSY-OUTER,BANT,REC,REPARADO,VEE ONE,126.0
2026-08-17,3040262636,162-11800,WHEEL HALF ASSY-OUTER,BANT,REC,REPARADO,VEE ONE,126.0
2026-08-17,3040262646,200SGL119Q,STARTER GENERATOR,PAMASP,OS concluída,,,
2026-08-17,3040262639,200SGL119Q,STARTER GENERATOR,PAMASP,OS concluída,,PAMA-LS,
2026-08-17,3040262638,200SGL119Q,STARTER GENERATOR,PAMALS,REC,EM REPARO,AV AERONAUTICA,126.0
2026-08-17,3040262757,2606015-2,IND OIL TEMP/P,PAMALS,REC,EM REPARO,VEE ONE,126.0
2026-08-17,3040262706,2641011-5,AXLE-MAIN GEAR,BAMN,REC,,BANT,126.0
2026-08-17,3040262707,2641011-5,AXLE-MAIN GEAR,BABV,REC,REPARADO,VEE ONE,126.0
2026-08-17,3040262717,2641011-5,AXLE-MAIN GEAR,BANT,REC,REPARADO,VEE ONE,126.0
2026-08-17,3040262714,2641011-5,AXLE-MAIN GEAR,BAPV,REC,,BANT,126.0
2026-08-17,3040262713,2641011-5,AXLE-MAIN GEAR,BAPV,REC,REPARADO,VEE ONE,126.0
2026-08-17,3040262712,2641011-5,AXLE-MAIN GEAR,BABR,REC,,BANT,126.0
2026-08-17,3040262711,2641011-5,AXLE-MAIN GEAR,BABR,REC,,BANT,126.0
2026-08-17,3040262709,2641011-5,AXLE-MAIN GEAR,PAMALS,REC,,BANT,126.0
2026-08-17,3040262708,2641011-5,AXLE-MAIN GEAR,PAMALS,REC,,BANT,126.0
2026-08-17,3040262744,3244809-1A,F.C.U,PAMALS,REC,EM REPARO,LEAP,126.0
2026-08-17,3040262758,9910338-4,FUEL TOTALIZER INDICATOR,PAMALS,REC,EM REPARO,VEE ONE,126.0
2026-08-17,3040262759,9910338-6,"TRANSMITTER,RATE OF FLOW",BAMN,REC,EM REPARO,WILLIAM,126.0
2026-08-17,3040262760,9910338-6,"TRANSMITTER,RATE OF FLOW",BANT,REC,EM REPARO,VEE ONE,126.0
2026-08-17,3040262966,2682001-1,BRAKE CYL MAST,BACO,OS concluída,,PAMA-LS,
2026-08-17,3040262967,2682001-1,BRAKE CYL MAST,PAMALS,REC,REPARADO,V1 PAMA-LS,124.0
2026-08-17,3040262968,2682001-1,BRAKE CYL MAST,BANT,OS concluída,,PAMA-LS,
2026-08-17,3040262969,2682001-1,BRAKE CYL MAST,BABE,REC,REPARADO,V1 PAMA-LS,124.0
2026-08-17,3040263069,453-5060,ELT C406-N,BABE,OS concluída,,,
2026-08-17,3040263283,D145-00-46-2,FLAP ACTUATOR ASSY,PAMALS,REC,EM REPARO,LEAP,109.0
2026-08-17,3040263284,D145-00-46-2,FLAP ACTUATOR ASSY,BAFL,REC,EM REPARO,LEAP,109.0
2026-08-17,3040263324,069-01033-0101,"RECEIVER-TRANSMITTER,RADIO",PAMALS,REC,EM REPARO,LEAP,109.0
2026-08-17,3040263287,C661065-0237,AIRSPEED INDICATOR,BABR,REC,REPARADO,VEE ONE,109.0
2026-08-17,3040263288,C661065-0237,AIRSPEED INDICATOR,PAMASP,REC,REPARADO,VEE ONE,109.0
2026-08-17,3040263314,060-0017-00,FLIGHT DIR HOR,EEAR,REC,EM REPARO,LEAP,109.0
2026-08-17,3040263319,066-1055-00,AUDIO CONTROL PANEL,BABE,REC,REPARADO,VEE ONE,109.0
2026-08-17,3040263317,060-0017-00,FLIGHT DIR HOR,PAMASP,REC,,BANT,109.0
2026-08-17,3040263316,060-0017-00,FLIGHT DIR HOR,BANT,REC,,BANT,109.0
2026-08-17,3040263320,066-1055-00,AUDIO CONTROL PANEL,PAMALS,REC,EM REPARO,AV AERONAUTICA,109.0
2026-08-17,3040263325,069-01033-0101,"RECEIVER-TRANSMITTER,RADIO",PAMALS,REC,,PROCURANDO,109.0
2026-08-17,3040263335,C611008-0101,ALTERNATOR CONTROL UNIT,PAMALS,REC,EM REPARO,AV AERONAUTICA,109.0
2026-08-17,3040263336,C611008-0101,ALTERNATOR CONTROL UNIT,PAMALS,REC,EM REPARO,AV AERONAUTICA,109.0
2026-08-17,3040263286,C661065-0237,AIRSPEED INDICATOR,BANT,REC,DEVOLVIDO NO ESTADO,WILLIAM,109.0
2026-08-17,3040263322,066-1055-00,AUDIO CONTROL PANEL,ALA 9,REC,EM REPARO,WILLIAM,109.0
2026-08-17,3040263326,069-01033-0101,"RECEIVER-TRANSMITTER,RADIO",PAMALS,REC,,BANT,109.0
2026-08-17,3040263315,060-0017-00,FLIGHT DIR HOR,BACG,OS concluída,,BABR,
2026-08-17,3040263334,011-00916-10,"DISPLAY UNIT,FLIGHT INFORMATION",BACO,REC,VAI SER DEVOLVIDO SEM REPARO,WILLIAM,109.0
2026-08-17,3040263333,011-00916-10,"DISPLAY UNIT,FLIGHT INFORMATION",BACO,REC,EM REPARO,WILLIAM,109.0
2026-08-17,3040263332,011-00916-10,"DISPLAY UNIT,FLIGHT INFORMATION",BAMN,OS concluída,EM REPARO,WILLIAM,
2026-08-17,3040263331,C661064-0237,AIRSPEED INDICATOR,PAMALS,REC,VAI SER DEVOLVIDO SEM REPARO,WILLIAM,109.0
2026-08-17,3040263329,C661064-0237,AIRSPEED INDICATOR,PAMALS,REC,EM REPARO,WILLIAM,109.0
2026-08-17,3040263328,C661064-0237,AIRSPEED INDICATOR,BABR,REC,EM REPARO,WILLIAM,109.0
2026-08-17,3040263327,C661064-0237,AIRSPEED INDICATOR,BABR,REC,EM REPARO,WILLIAM,109.0
2026-08-17,3040263330,C661064-0237,AIRSPEED INDICATOR,PAMALS,REC,EM REPARO,WILLIAM,109.0
2026-08-17,3040263338,C611008-0101,ALTERNATOR CONTROL UNIT,PAMALS,REC,REPARADO,V1 PAMA-LS,109.0
2026-08-17,3040263433,066-03064-0005,"ALTIMETER,SERVO CONTROLLED,AUTOMATIC PRESSURE",BACG,REC,EM REPARO,WILLIAM,103.0
2026-08-17,3040263435,066-03064-0005,"ALTIMETER,SERVO CONTROLLED,AUTOMATIC PRESSURE",BANT,REC,EM REPARO,WILLIAM,103.0
2026-08-17,3040263434,066-03064-0005,"ALTIMETER,SERVO CONTROLLED,AUTOMATIC PRESSURE",PAMASP,REC,VAI SER DEVOLVIDO SEM REPARO,WILLIAM,103.0
2026-08-17,3040263417,069-01033-0101,"RECEIVER-TRANSMITTER,RADIO",PAMALS,REC,EM REPARO,WILLIAM,103.0
2026-08-17,3040263416,069-01033-0101,"RECEIVER-TRANSMITTER,RADIO",BASM,REC,EM REPARO,WILLIAM,103.0
2026-08-17,3040263415,069-01033-0101,"RECEIVER-TRANSMITTER,RADIO",BABR,REC,,BANT,103.0
2026-08-17,3040263447,066-3046-07,"CONTROL,INDICATOR",CLA,REC,,BABR,103.0
2026-08-17,3040263443,3244897-4,FUEL CONTROL UNIT,PAMALS,REC,EM REPARO,LEAP,102.0
2026-08-17,3040263444,3244897-4,FUEL CONTROL UNIT,PAMALS,REC,EM REPARO,LEAP,102.0
2026-08-17,3040263577,060-0015-00,"CONTROL,DIRECTIONAL,AUTOMATIC PILOT",ALA 5,REC,EM REPARO,WILLIAM,97.0
2026-08-17,3040263574,066-1072-04,"RECEIVER,RADIO",BABE,REC,EM REPARO,WILLIAM,97.0
2026-08-17,3040263576,066-1072-04,"RECEIVER,RADIO",BAMN,OS concluída,DEVOLVIDO NO ESTADO,WILLIAM,
2026-08-17,3040263575,066-1072-04,"RECEIVER,RADIO",BABE,REC,EM REPARO,WILLIAM,97.0
2026-08-17,3040263573,066-3084-32,IND RDR 2000 IN-182A,PAMALS,REC,,BABR,97.0
2026-08-17,3040263571,066-3084-32,IND RDR 2000 IN-182A,PAMALS,REC,EM REPARO,WILLIAM,97.0
2026-08-17,3040263572,066-3084-32,IND RDR 2000 IN-182A,PAMALS,REC,EM REPARO,WILLIAM,97.0
2026-08-17,3040263448,2618510-10,ALTERNATOR CONTROL UNIT ASSY,BABE,REC,EM REPARO,WILLIAM,97.0
2026-08-17,3040263449,2618510-10,ALTERNATOR CONTROL UNIT ASSY,PAMALS,REC,EM REPARO,WILLIAM,97.0
2026-08-17,3040263877,2641011-5,AXLE-MAIN GEAR,CLA,REC,EM REPARO,LEAP,87.0
2026-08-17,3040263878,2641011-5,AXLE-MAIN GEAR,CLA,REC,EM REPARO,LEAP,87.0
2026-08-17,3040264243,069-01033-0101,"RECEIVER-TRANSMITTER,RADIO",PAMALS,REC,EM REPARO,WILLIAM,80.0
2026-08-17,3040264244,069-01033-0101,"RECEIVER-TRANSMITTER,RADIO",PAMASP,REC,EM REPARO,WILLIAM,80.0
2026-08-17,3040264246,060-0017-00,FLIGHT DIR HOR,PAMALS,REC,EM REPARO,WILLIAM,80.0
2026-08-17,3040264237,200SGL119Q-2,STARTER GENERATOR,BAMN,REC,EM REPARO,AV AERONAUTICA,80.0
2026-08-17,3040264236,200SGL119Q-2,STARTER GENERATOR,BABE,REC,,BABE,80.0
2026-08-17,3040264121,3244897-4,FUEL CONTROL UNIT,BABE,OS concluída,EM REPARO,LEAP,
2026-08-17,3040264263,9910338-8,"INDICATOR,FUEL FLOW",PAMALS,OS concluída,,BABR,
2026-08-17,3040264262,9910338-8,"INDICATOR,FUEL FLOW",BABV,REC,EM REPARO,WILLIAM,80.0
2026-08-17,3040264242,324843-2020,HEADSET-MICROPHONE,BABE,REC,EM REPARO,WILLIAM,80.0
2026-08-17,3040264264,324843-2020,HEADSET-MICROPHONE,DACTA II,REC,EM REPARO,WILLIAM,80.0
2026-08-17,3040264238,324843-2020,HEADSET-MICROPHONE,DACTA II,REC,EM REPARO,WILLIAM,80.0
2026-08-17,3040264241,324843-2020,HEADSET-MICROPHONE,DACTA II,REC,EM REPARO,WILLIAM,80.0
2026-08-17,3040264240,324843-2020,HEADSET-MICROPHONE,DACTA II,REC,EM REPARO,WILLIAM,80.0
2026-08-17,3040264122,3244809-8,"FUEL CONTROL,MAIN,TURBINE ENGINE",BABE,OS concluída,,BABR,
2026-08-17,3040263797,066-3046-07,"CONTROL,INDICATOR",BABE,REC,EM REPARO,WILLIAM,80.0
2026-08-17,3040263798,066-3046-07,"CONTROL,INDICATOR",PAMASP,REC,EM REPARO,WILLIAM,80.0
2026-08-17,3040263799,066-3046-07,"CONTROL,INDICATOR",PAMASP,REC,EM REPARO,WILLIAM,80.0
2026-08-17,3040263795,071-01519-0101,"RECEIVER-EXCITER,RADAR",PAMALS,REC,,PROCURANDO,80.0
2026-08-17,3040263796,071-01519-0101,"RECEIVER-EXCITER,RADAR",PAMALS,REC,,PROCURANDO,80.0
2026-08-17,3040264579,060-0017-00,FLIGHT DIR HOR,BABR,OS concluída,,,
2026-08-17,3040264577,060-0017-00,FLIGHT DIR HOR,PAMALS,REC,,,68.0
2026-08-17,3040264573,060-0017-00,FLIGHT DIR HOR,BANT,REC,,,68.0
2026-08-17,3040264574,060-0017-00,FLIGHT DIR HOR,BANT,REC,,,68.0
2026-08-17,3040264576,060-0017-00,FLIGHT DIR HOR,PAMALS,REC,,,68.0
2026-08-17,3040264572,060-0017-00,FLIGHT DIR HOR,PAMASP,REC,,,68.0
2026-08-17,3040264647,1H75-21,PRESSURE REGULATOR,BAMN,REC,,,63.0
2026-08-17,3040264646,1H75-21,PRESSURE REGULATOR,PAMASP,REC,,,63.0
2026-08-17,3040264645,1H75-21,PRESSURE REGULATOR,PAMASP,REC,,,63.0
2026-08-17,3040264643,1H75-21,PRESSURE REGULATOR,PAMASP,REC,,,63.0
2026-08-17,3040264707,3244809-7,"FUEL CONTROL,MAIN,TURBINE ENGINE",BABE,REC,,,63.0
2026-08-17,3040264709,540-1407-4,"VALVE,BLEED,TURBINEENGINE",PAMASP,REC,,,63.0
2026-08-17,3040264710,200SGL153Q,"STARTER-GENERATOR,ENGINE,AIRCRAFT",CLA,REC,,,63.0
2026-08-17,3040264711,200SGL153Q,"STARTER-GENERATOR,ENGINE,AIRCRAFT",PAMASP,REC,,,63.0
2026-08-17,3040264712,200SGL153Q,"STARTER-GENERATOR,ENGINE,AIRCRAFT",BACG,REC,,,63.0
2026-08-17,3040264718,9910338-8,"INDICATOR,FUEL FLOW",PAMALS,REC,,,63.0
2026-08-17,3040264719,S3326-2,"INDICATOR,HORIZONTAL SITUATION",ALA 8,REC,,,63.0
2026-08-17,3040264720,S3326-2,"INDICATOR,HORIZONTAL SITUATION",PAMALS,REC,,,63.0
2026-08-17,3040264721,S3326-2,"INDICATOR,HORIZONTAL SITUATION",PAMASP,REC,,,63.0
2026-08-17,3040264724,2606013-1AM,INDICADOR PERCENTUAL RPM,BABV,REC,,,63.0
2026-08-17,3040264725,2606013-1AM,INDICADOR PERCENTUAL RPM,BABR,REC,,,63.0
2026-08-17,3040264726,2606015-4,INDICATOR-OIL TEMP/OIL PRESS,BANT,REC,,,63.0
2026-08-17,3040264727,C661051-0201,GYRO HORIZON,ALA 10,REC,,,63.0
2026-08-17,3040264728,504-0111-906,GYRO HORIZON,PAMALS,REC,,,63.0
2026-08-17,3040264729,504-0111-906,GYRO HORIZON,BACG,REC,,,63.0
2026-08-17,3040264730,8210-003,"GOVERNOR,FUEL CONTROL",PAMASP,REC,,,63.0
2026-08-17,3040264731,8210-002,"GOVERNOR,CONSTANT SPEED DRIVE",PAMASP,REC,,,63.0
2026-08-17,3040264732,8210-002,"GOVERNOR,CONSTANT SPEED DRIVE",BAMN,REC,,,63.0
2026-08-17,3040264733,030-18200,MAIN WHEEL BRAKE,BAMN,REC,,,63.0
2026-08-17,3040264734,030-18200,MAIN WHEEL BRAKE,BAMN,REC,,,63.0
2026-08-17,3040264735,161-11700,INNER WHEEL HALF ASSY,PAMALS,REC,,,63.0
2026-08-17,3040264736,161-12800,WHEEL HALF ASSY-INNER,BABR,REC,,,63.0
2026-08-17,3040264737,161-12800,WHEEL HALF ASSY-INNER,PAMALS,AUT,,,63.0
2026-08-17,3040264738,162-10700,OUTER WHEEL HALF ASSY,BACO,AUT,,,63.0
2026-08-17,3040264807,011-01105-01,INTEGRATED AVIONICS UNIT GIA63W,ALA 8,REC,,,55.0
2026-08-17,3040264808,011-01105-01,INTEGRATED AVIONICS UNIT GIA63W,BAMN,REC,,,55.0
2026-08-17,3040264907,011-00916-10,"DISPLAY UNIT,FLIGHT INFORMATION",BAMN,REC,,,48.0
2026-08-17,3040264908,011-00916-10,"DISPLAY UNIT,FLIGHT INFORMATION",BABV,REC,,,48.0
2026-08-17,3040264974,3244809-8,"FUEL CONTROL,MAIN,TURBINE ENGINE",BAMN,REC,,,46.0
2026-08-17,3040264961,3244897-4,FUEL CONTROL UNIT,CLA,REC,,,46.0
2026-08-17,3040264960,3034792,BOMBA DE COMBUSTÍVEL,CLA,REC,,,46.0
2026-08-17,3040265144,011-01020-10,AFCS MODE CONTROLLER GMC 710,BABE,REC,,,40.0
2026-08-17,3040265140,011-01020-10,AFCS MODE CONTROLLER GMC 710,BABE,REC,,,40.0
2026-08-17,3040265482,066-3084-32,IND RDR 2000 IN-182A,BABR,REC,,,25.0
2026-08-17,3040265484,066-3084-32,IND RDR 2000 IN-182A,BANT,REC,,,25.0
2026-08-17,3040265485,066-3084-32,IND RDR 2000 IN-182A,BABR,REC,,,25.0
2026-08-17,3040265526,ASG12000-2,ALTERNATOR,PAMALS,REC,,,21.0
2026-08-17,3040265525,ASG12000-2,ALTERNATOR,BABR,REC,,,21.0
2026-08-17,3040265527,9910592-2,ALTERNADOR,BABR,REC,,,21.0
2026-08-17,3040265533,3122678-04,FUEL CONTROL UNIT,BABR,REC,,,21.0
2026-08-17,3040265532,C611505-0201,ALTERNATOR,BANT,REC,,,21.0
2026-08-17,3040265530,C611505-0201,ALTERNATOR,BABV,REC,,,21.0
2026-08-17,3040265528,9910592-2,ALTERNADOR,BABR,REC,,,21.0
2026-08-17,3040265724,3244897-4,FUEL CONTROL UNIT,CLA,REC,,,20.0
2026-08-17,3040265474,C611008-0101,ALTERNATOR CONTROL UNIT,PAMALS,REC,,,18.0
2026-08-17,3040265475,C611008-0101,ALTERNATOR CONTROL UNIT,BABV,REC,,,18.0
2026-08-17,3040265476,C611008-0101,ALTERNATOR CONTROL UNIT,PAMALS,REC,,,18.0
2026-08-17,3040265477,C611008-0101,ALTERNATOR CONTROL UNIT,PAMALS,REC,,,18.0
2026-08-17,3040265576,011-00916-10,"DISPLAY UNIT,FLIGHT INFORMATION",BAMN,REC,,,17.0
2026-08-17,3040265580,011-00916-00,DISPLAY UNIT GDU 1040A,PAMALS,AUT,,,21.0
2026-08-17,3040265581,011-00916-00,DISPLAY UNIT GDU 1040A,PAMALS,AUT,,,21.0
2026-08-17,3040265589,EA-5175-52-CES,INDICATOR TRUE,BABV,AUT,,,21.0
2026-08-17,3040265590,EA-5175-52-CES,INDICATOR TRUE,BASM,AUT,,,21.0
2026-08-17,3040265591,EA-5175-52-CES,INDICATOR TRUE,BABV,AUT,,,21.0
2026-08-17,3040265592,EA-5175-52-CES,INDICATOR TRUE,BABV,AUT,,,21.0
2026-08-17,3040265668,9910592-2,ALTERNADOR,PAMALS,AUT,,,21.0
2026-08-17,3040265678,9910592-2,ALTERNADOR,BAMN,AUT,,,21.0
2026-08-17,3040265679,C611505-0201,ALTERNATOR,PAMALS,AUT,,,21.0
2026-08-17,3040265680,C611505-0201,ALTERNATOR,ALA 8,AUT,,,21.0
2026-08-17,3040265726,071-01519-0101,"RECEIVER-EXCITER,RADAR",PAMALS,AUT,,,20.0
2026-08-17,3040265727,071-01519-0101,"RECEIVER-EXCITER,RADAR",CLA,AUT,,,20.0
2026-08-17,3040265728,C163030-1001,MAIN W BRAKE A,BAMN,AUT,,,20.0
2026-08-17,3040265731,066-3046-07,"CONTROL,INDICATOR",BABR,AUT,,,20.0
2026-08-17,3040265732,066-3046-07,"CONTROL,INDICATOR",BANT,AUT,,,20.0
2026-08-17,3040265734,066-3046-07,"CONTROL,INDICATOR",EEAR,AUT,,,20.0
2026-08-17,3040265735,066-3046-07,"CONTROL,INDICATOR",CLA,AUT,,,20.0
2026-08-17,3040265736,C611008-0101,ALTERNATOR CONTROL UNIT,BABV,AUT,,,20.0
2026-08-17,3040265737,C611008-0101,ALTERNATOR CONTROL UNIT,EEAR,AUT,,,20.0
2026-08-17,3040265738,C611008-0101,ALTERNATOR CONTROL UNIT,PAMALS,AUT,,,20.0
2026-08-17,3040265739,C611008-0101,ALTERNATOR CONTROL UNIT,BANT,AUT,,,20.0
2026-08-17,3040265740,C611008-0101,ALTERNATOR CONTROL UNIT,BABE,AUT,,,20.0
2026-08-17,3040265741,C611008-0101,ALTERNATOR CONTROL UNIT,BABR,AUT,,,20.0
2026-08-17,3040265742,066-1072-04,"RECEIVER,RADIO",BACG,AUT,,,20.0
2026-08-17,3040265743,066-1072-04,"RECEIVER,RADIO",BAMN,AUT,,,20.0
2026-08-17,3040265744,066-1072-04,"RECEIVER,RADIO",PAMALS,AUT,,,20.0
2026-08-17,3040265745,066-3084-32,IND RDR 2000 IN-182A,PAMALS,AUT,,,20.0
2026-08-17,3040265746,066-3084-32,IND RDR 2000 IN-182A,PAMALS,AUT,,,20.0
2026-08-17,3040265747,30994-001,BATTERY-MARATHON TSP410 NICAD,PAMALS,AUT,,,20.0
2026-08-17,3040265748,30994-001,BATTERY-MARATHON TSP410 NICAD,PAMALS,AUT,,,20.0
2026-08-17,3040265749,30994-001,BATTERY-MARATHON TSP410 NICAD,PAMALS,AUT,,,20.0
2026-08-17,3040265750,30994-001,BATTERY-MARATHON TSP410 NICAD,PAMALS,AUT,,,20.0
2026-08-17,3040265751,30994-001,BATTERY-MARATHON TSP410 NICAD,PAMALS,AUT,,,20.0
2026-08-17,3040265752,2641011-5,AXLE-MAIN GEAR,BAMN,AUT,,,20.0
2026-08-17,3040265753,2641011-5,AXLE-MAIN GEAR,BAMN,AUT,,,20.0
2026-08-17,3040265754,161-11700,INNER WHEEL HALF ASSY,BACO,AUT,,,20.0
2026-08-17,3040265755,161-12800,WHEEL HALF ASSY-INNER,BABE,AUT,,,20.0
2026-08-17,3040265757,066-01141-0101,"RECEIVER,RADIO",PAMALS,AUT,,,20.0
2026-08-17,3040265758,066-01141-0101,"RECEIVER,RADIO",PAMALS,AUT,,,20.0
2026-08-17,3040265759,C660501-0103,"COMPASS,SPEC",DACTA II,AUT,,,20.0
2026-08-17,3040265769,023694-000,BATTERY NICKEL CADMIUM,BAPV,AUT,,,19.0
2026-08-17,3040265771,2651023-23,ENGINE MOUNT ASSEMBLY,PAMALS,AUT,,,19.0
2026-08-17,3040265772,2651023-23,ENGINE MOUNT ASSEMBLY,PAMALS,AUT,,,19.0
2026-08-17,3040265892,324843-0020,HEADSET-MICROPHONE,PAMALS,AUT,,,14.0
2026-08-17,3040265893,324843-0020,HEADSET-MICROPHONE,PAMALS,AUT,,,14.0
2026-08-17,3040265894,324843-0020,HEADSET-MICROPHONE,PAMALS,AUT,,,14.0
2026-08-17,3040265895,324843-0020,HEADSET-MICROPHONE,PAMALS,AUT,,,14.0
2026-08-18,3040249831,066-01141-5101,"RECEIVER-TRANSMITTER,RADIO (KT71)",PAMALS,REC,EM REPARO,LEAP,554.0
2026-08-18,3040250248,452-0133,"BATTERY,NONRECHARGEABLE",BABR,REC,CONDENADO,VEE ONE,538.0
2026-08-18,3040250249,452-0133,"BATTERY,NONRECHARGEABLE",BAMN,REC,CONDENADO,VEE ONE,538.0
2026-08-18,3040250234,3034792,BOMBA DE COMBUSTÍVEL,PAMALS,REC,,BANT,538.0
2026-08-18,3040250816,453-5060,"BEACON,DISTRESS",BAMN,REC,,PAMA-LS,516.0
2026-08-18,3040250830,799-1,TRANSDUCER,BACO,REC,,BANT,516.0
2026-08-18,3040250829,51539-012N,CONTROL UNIT ASSY-GENERATOR,BAMN,OS concluída,,,
2026-08-18,3040250828,51539-012N,CONTROL UNIT ASSY-GENERATOR,BACG,REC,,BABR,516.0
2026-08-18,3040250827,51539-012N,CONTROL UNIT ASSY-GENERATOR,BANT,REC,,BABR,516.0
2026-08-18,3040250831,799-1,TRANSDUCER,BANT,REC,,BANT,516.0
2026-08-18,3040250833,9910586-4,FLAP ACTUATOR AND MOTOR ASSEMBLY,ALA 3,REC,,BAMN,516.0
2026-08-18,3040250834,9910586-4,FLAP ACTUATOR AND MOTOR ASSEMBLY,ALA 3,OS concluída,,,
2026-08-18,3040250832,9910338-4,FUEL TOTALIZER INDICATOR,EEAR,REC,,PAMA-LS,516.0
2026-08-18,3040250835,ASG12000-2,ALTERNATOR,ALA 5,REC,REPARADO,V1 PAMA-LS,516.0
2026-08-18,3040250841,C661030-0301,TURN BANK,PAMALS,REC,EM REPARO,LEAP,516.0
2026-08-18,3040250842,C662041-0102,INDICATOR FUEL,ALA 5,REC,,PAMA-LS,516.0
2026-08-18,3040250844,C662041-0102,INDICATOR FUEL,ALA 9,REC,,PAMA-LS,516.0
2026-08-18,3040250843,C662041-0102,INDICATOR FUEL,ALA 10,OS concluída,,,
2026-08-18,3040250719,060-0017-00,FLIGHT DIR HOR,PAMALS,REC,,BANT,516.0
2026-08-18,3040250720,060-0017-00,FLIGHT DIR HOR,BABV,OS concluída,,,
2026-08-18,3040250722,066-01141-5101,"RECEIVER-TRANSMITTER,RADIO (KT71)",ALA 9,REC,EM REPARO,WILLIAM,516.0
2026-08-18,3040250723,066-01141-5101,"RECEIVER-TRANSMITTER,RADIO (KT71)",CLA,REC,,BABR,516.0
2026-08-18,3040250721,060-0017-00,FLIGHT DIR HOR,BANT,OS concluída,,,
2026-08-18,3040250725,066-3046-07,"CONTROL,INDICATOR",ALA 10,OS concluída,,,
2026-08-18,3040250724,066-04035-1101,"DISPLAY UNIT,RADAR",PAMALS,REC,,BANT,516.0
2026-08-18,3040250732,069-1025-25,"RECEIVER-TRANSMITTER,RADIO - KX165",PAMALS,REC,EM REPARO,WILLIAM,516.0
2026-08-18,3040250782,2606012-1,INDICATOR-INTER-TURBINE TEMPERATURE,ALA 9,OS concluída,,,
2026-08-18,3040250775,161-11700,INNER WHEEL HALF ASSY,BABE,OS concluída,,,
2026-08-18,3040250773,161-11700,INNER WHEEL HALF ASSY,EEAR,REC,,BACG,516.0
2026-08-18,3040250718,030-18200,MAIN WHEEL BRAKE,BACO,OS concluída,,,
2026-08-18,3040250716,030-18200,MAIN WHEEL BRAKE,BABV,REC,EM REPARO,LEAP,516.0
2026-08-18,3040250717,030-18200,MAIN WHEEL BRAKE,BACO,OS concluída,,,
2026-08-18,3040250780,162-11800,WHEEL HALF ASSY-OUTER,PAMALS,OS concluída,,,
2026-08-18,3040250781,162-11800,WHEEL HALF ASSY-OUTER,BACG,OS concluída,,,
2026-08-18,3040250778,161-12800,WHEEL HALF ASSY-INNER,BACG,OS concluída,,,
2026-08-18,3040250776,161-12800,WHEEL HALF ASSY-INNER,BABE,OS concluída,,,
2026-08-18,3040250790,2643031-7,"FORK ASSY,NOSE GEAR SPRING",BAMN,OS concluída,,,
2026-08-18,3040250791,2643090-1,SHIMMY DAMPENE,BANT,REC,EM REPARO,AV AERONAUTICA,516.0
2026-08-18,3040250792,2643090-1,SHIMMY DAMPENE,BAMN,REC,REPARADO,V1 PAMA-LS,516.0
2026-08-18,3040250789,2641012-14,TRUNNION ASSY-RH-MAIN GEAR,PAMASP,OS concluída,,,
2026-08-18,3040250793,2643099-4,"SUPPORT ASSY FOWARD, NLG SPRING",BAMN,OS concluída,,,
2026-08-18,3040250798,30994-001,BATTERY-MARATHON TSP410 NICAD,BANT,OS concluída,CONDENADO,AMA - VEE ONE,
2026-08-18,3040252191,C611008-0101,ALTERNATOR CONTROL UNIT,PAMALS,REC,,BABR,483.0
2026-08-18,3040252159,011-00916-00,DISPLAY UNIT GDU 1040A,BAMN,REC,,BAMN,483.0
2026-08-18,3040252161,065-0042-03,COMPUTER PA,ALA 10,REC,EM REPARO,WILLIAM,483.0
2026-08-18,3040252162,065-0042-03,COMPUTER PA,EEAR,REC,,BABE,483.0
2026-08-18,3040252164,065-0042-03,COMPUTER PA,EEAR,REC,EM REPARO,WILLIAM,483.0
2026-08-18,3040252165,065-0042-03,COMPUTER PA,PAMALS,OS concluída,,,
2026-08-18,3040252166,065-0059-01,SERVO PITCH,EEAR,REC,EM REPARO,WILLIAM,483.0
2026-08-18,3040252168,066-03064-0005,"ALTIMETER,SERVO CONTROLLED,AUTOMATIC PRESSURE",ALA 9,OS concluída,,,
2026-08-18,3040252173,066-03064-0005,"ALTIMETER,SERVO CONTROLLED,AUTOMATIC PRESSURE",BANT,REC,EM REPARO,LEAP,483.0
2026-08-18,3040252172,066-03064-0005,"ALTIMETER,SERVO CONTROLLED,AUTOMATIC PRESSURE",PAMALS,REC,NO ESTADO,VEE ONE,483.0
2026-08-18,3040252170,066-03064-0005,"ALTIMETER,SERVO CONTROLLED,AUTOMATIC PRESSURE",ALA 7,REC,NO ESTADO,VEE ONE,483.0
2026-08-18,3040252178,066-1072-00,RECEIVER ADF (KING KR87),PAMALS,OS concluída,,,
2026-08-18,3040252182,066-1072-04,"RECEIVER,RADIO",ALA 9,OS concluída,,,
2026-08-18,3040252181,066-1072-04,"RECEIVER,RADIO",PAMASP,REC,EM REPARO,WILLIAM,483.0
2026-08-18,3040252180,066-1072-04,"RECEIVER,RADIO",ALA 8,OS concluída,,,
2026-08-18,3040252185,066-1072-04,"RECEIVER,RADIO",BAMN,OS concluída,,,
2026-08-18,3040252189,9910338-6,"TRANSMITTER,RATE OF FLOW",ALA 8,OS concluída,,,
2026-08-18,3040252190,9910338-6,"TRANSMITTER,RATE OF FLOW",BABR,OS concluída,,,
2026-08-18,3040252160,011-01020-10,AFCS MODE CONTROLLER GMC 710,BAMN,OS concluída,,,
2026-08-18,3040252939,C163030-1001,MAIN W BRAKE A,BABV,REC,,BAMN,453.0
2026-08-18,3040252936,030-18200,MAIN WHEEL BRAKE,BACO,REC,,PAMA-LS,453.0
2026-08-18,3040252935,030-18200,MAIN WHEEL BRAKE,BAMN,OS concluída,,,
2026-08-18,3040252940,30-182,MAIN WHEEL BRAKE,BABV,OS concluída,,,
2026-08-18,3040252942,30-182,MAIN WHEEL BRAKE,BAMN,OS concluída,,,
2026-08-18,3040252943,30-182,MAIN WHEEL BRAKE,BAMN,OS concluída,,,
2026-08-18,3040253170,161-12800,WHEEL HALF ASSY-INNER,BASM,OS concluída,,,
2026-08-18,3040253168,161-12800,WHEEL HALF ASSY-INNER,BASM,REC,REPARADO,VEE ONE,449.0
2026-08-18,3040253172,161-12800,WHEEL HALF ASSY-INNER,PAMALS,REC,,PROCURANDO,449.0
2026-08-18,3040253174,161-12800,WHEEL HALF ASSY-INNER,PAMALS,OS concluída,,,
2026-08-18,3040253173,161-12800,WHEEL HALF ASSY-INNER,PAMALS,REC,EM REPARO,LEAP,449.0
2026-08-18,3040253176,162-10700,OUTER WHEEL HALF ASSY,BABE,OS concluída,,,
2026-08-18,3040253177,162-10700,OUTER WHEEL HALF ASSY,BABV,REC,REPARADO,VEE ONE,449.0
2026-08-18,3040253178,162-10700,OUTER WHEEL HALF ASSY,PAMALS,REC,,PROCURANDO,449.0
2026-08-18,3040253179,162-11800,WHEEL HALF ASSY-OUTER,CLA,OS concluída,,,
2026-08-18,3040253181,162-11800,WHEEL HALF ASSY-OUTER,PAMALS,OS concluída,,,
2026-08-18,3040253180,162-11800,WHEEL HALF ASSY-OUTER,BASM,REC,,PROCURANDO,449.0
2026-08-18,3040253182,162-11800,WHEEL HALF ASSY-OUTER,PAMALS,REC,REPARADO,VEE ONE,449.0
2026-08-18,3040253536,2641012-14,TRUNNION ASSY-RH-MAIN GEAR,PAMALS,OS concluída,,,
2026-08-18,3040253529,066-03064-0005,"ALTIMETER,SERVO CONTROLLED,AUTOMATIC PRESSURE",DSM-MN,REC,DEVOLVIDO NO ESTADO,WILLIAM,439.0
2026-08-18,3040253528,066-03064-0005,"ALTIMETER,SERVO CONTROLLED,AUTOMATIC PRESSURE",BANT,OS concluída,,,
2026-08-18,3040253532,799-1,TRANSDUCER,PAMALS,REC,,BANT,439.0
2026-08-18,3040253535,2643099-4,"SUPPORT ASSY FOWARD, NLG SPRING",BABE,REC,CONDENADO,VEE ONE,439.0
2026-08-18,3040253531,799-1,TRANSDUCER,BAMN,REC,,VEE ONE,439.0
2026-08-18,3040253530,799-1,TRANSDUCER,BAMN,REC,,BANT,439.0
2026-08-18,3040253526,30994-001,BATTERY-MARATHON TSP410 NICAD,PAMALS,OS concluída,CONDENADO,AMA - VEE ONE,
2026-08-18,3040253527,30994-001,BATTERY-MARATHON TSP410 NICAD,BAPV,OS concluída,CONDENADO,AMA - VEE ONE,
2026-08-18,3040254195,540-1407-4,"VALVE,BLEED,TURBINEENGINE",PAMALS,REC,,BANT,421.0
2026-08-18,3040254201,2643090-3,SHIMMY DAMPER-NOSE GEAR,PAMALS,REC,REPARADO,V1 PAMA-LS,421.0
2026-08-18,3040254203,SE1070-6,SHIMMY DAMPENER ASSY,BACGINAT,OS concluída,,,
2026-08-18,3040254205,C660501-0103,"COMPASS,SPEC",PAMALS,REC,REPARADO,V1 PAMA-LS,421.0
2026-08-18,3040254206,C660501-0103,"COMPASS,SPEC",ALA 8,REC,EM REPARO EM GARANTIA,WILLIAM,421.0
2026-08-18,3040254208,C660501-0103,"COMPASS,SPEC",BABV,REC,REPARADO,V1 PAMA-LS,421.0
2026-08-18,3040254210,799-1,TRANSDUCER,BANT,REC,,BANT,421.0
2026-08-18,3040254792,2606013-1RX,INDICATOR-PERCENT RPM,BABR,REC,,BANT,412.0
2026-08-18,3040254770,069-1025-25,"RECEIVER-TRANSMITTER,RADIO - KX165",ALA 9,REC,EM REPARO,WILLIAM,412.0
2026-08-18,3040254799,453-5000-710,EMERGENCY LOCATOR TRANSMITTER MODEL C406-2,PAMASP,OS concluída,,,
2026-08-18,3040254806,C352TS,"EXTINGUISHER,FIRE",PAMALS,REC,REPARADO,V1 PAMA-LS,412.0
2026-08-18,3040254805,C352TS,"EXTINGUISHER,FIRE",PAMALS,OS concluída,,,
2026-08-18,3040254810,C352TS,"EXTINGUISHER,FIRE",PAMALS,OS concluída,,,
2026-08-18,3040254809,C352TS,"EXTINGUISHER,FIRE",PAMAGL,OS concluída,,,
2026-08-18,3040254803,C352TS,"EXTINGUISHER,FIRE",2 ETA,REC,REPARADO,V1 PAMA-LS,412.0
2026-08-18,3040254808,C352TS,"EXTINGUISHER,FIRE",BABR,REC,REPARADO,V1 PAMA-LS,412.0
2026-08-18,3040254795,D145-00-46-2,FLAP ACTUATOR ASSY,BABE,REC,,PAMA-LS,412.0
2026-08-18,3040254793,D145-00-46-2,FLAP ACTUATOR ASSY,PAMALS,REC,,PAMA-LS,412.0
2026-08-18,3040254815,C482001-0402,VACUUM REGULAT,PAMALS,REC,CONDENADO,VEE ONE,412.0
2026-08-18,3040254816,C482001-0402,VACUUM REGULAT,PAMALS,REC,CONDENADO,VEE ONE,412.0
2026-08-18,3040254820,2641011-5,AXLE-MAIN GEAR,BAMN,OS concluída,,,
2026-08-18,3040254817,2641011-5,AXLE-MAIN GEAR,BABE,OS concluída,,,
2026-08-18,3040254818,2641011-5,AXLE-MAIN GEAR,BABE,OS concluída,,,
2026-08-18,3040254819,2641011-5,AXLE-MAIN GEAR,BANT,OS concluída,,,
2026-08-18,3040254796,30994-001,BATTERY-MARATHON TSP410 NICAD,BAMN,OS concluída,,,
2026-08-18,3040254789,452-0133,"BATTERY,NONRECHARGEABLE",BAMN,REC,CONDENADO,VEE ONE,412.0
2026-08-18,3040254788,452-0133,"BATTERY,NONRECHARGEABLE",BAMN,REC,CONDENADO,VEE ONE,412.0
2026-08-18,3040254787,452-0133,"BATTERY PACK,AIRCRAFT",DACTA II,REC,CONDENADO,VEE ONE,412.0
2026-08-18,3040254786,452-0133,"BATTERY PACK,AIRCRAFT",BAMN,REC,CONDENADO,VEE ONE,412.0
2026-08-18,3040254785,452-0133,"BATTERY,NONRECHARGEABLE",BAMN,REC,CONDENADO,VEE ONE,412.0
2026-08-18,3040254784,452-0133,"BATTERY,NONRECHARGEABLE",DACTA II,REC,CONDENADO,VEE ONE,412.0
2026-08-18,3040255326,011-00916-00,DISPLAY UNIT GDU 1040A,BAMN,REC,,BAMN,403.0
2026-08-18,3040255319,702801-5,FUEL PUMP,PAMASP,REC,EM REPARO,VEE ONE,403.0
2026-08-18,3040255321,8210-002,"GOVERNOR,CONSTANT SPEED DRIVE",PAMALS,OS concluída,,,
2026-08-18,3040255461,DAAS-A-010-1,ADAS-D PROCESSOR,PAMALS,REC,EM REPARO,VEE ONE,399.0
2026-08-18,3040255589,071-01519-0101,"RECEIVER-EXCITER,RADAR",BANT,REC,,PROCURANDO,397.0
2026-08-18,3040255590,071-01519-0101,"RECEIVER-EXCITER,RADAR",PAMALS,OS concluída,,,
2026-08-18,3040255706,C661064-0237,AIRSPEED INDICATOR,BAMN,OS concluída,,,
2026-08-18,3040256114,5934PAD-3,"ALTIMETER,PRESSURE",PAMALS,REC,EM REPARO,VEE ONE,383.0
2026-08-18,3040256119,011-00878-10,GSA-81 TORQUE SERVO,BAPV,REC,EM REPARO,LEAP,383.0
2026-08-18,3040256112,011-00883-20,RADAR GWX 68 WEATHER,BABE,REC,,BAMN,383.0
2026-08-18,3040256115,5934PAD-3,"ALTIMETER,PRESSURE",PAMALS,OS concluída,,,
2026-08-18,3040256118,011-00878-10,GSA-81 TORQUE SERVO,BAPV,REC,,BACO,383.0
2026-08-18,3040256120,011-00916-10,"DISPLAY UNIT,FLIGHT INFORMATION",BAMN,OS concluída,,,
2026-08-18,3040256314,066-4010-12,RECEIVER VOR/LOC (KNS81),EEAR,REC,EM REPARO,LEAP,370.0
2026-08-18,3040256311,3121248-03,"VALVE ASSEMBLY,COMPRESSOR BLEED",PAMALS,OS concluída,,,
2026-08-18,3040256704,C661064-0237,AIRSPEED INDICATOR,PAMALS,OS concluída,,,
2026-08-18,3040256707,D210507,"GOVERNOR,OVERSPEED",PAMALS,OS concluída,,,
2026-08-18,3040256708,D210507,"GOVERNOR,OVERSPEED",PAMALS,REC,REPARADO,VEE ONE,361.0
2026-08-18,3040256702,C661064-0237,AIRSPEED INDICATOR,BABR,OS concluída,,,
2026-08-18,3040256703,C661064-0237,AIRSPEED INDICATOR,PAMALS,OS concluída,,,
2026-08-18,3040256662,030-18200,MAIN WHEEL BRAKE,BASM,OS concluída,,,
2026-08-18,3040256665,161-11700,INNER WHEEL HALF ASSY,BABV,OS concluída,,,
2026-08-18,3040256666,161-11700,INNER WHEEL HALF ASSY,PAMALS,OS concluída,,,
2026-08-18,3040256667,161-11700,INNER WHEEL HALF ASSY,PAMALS,OS concluída,,,
2026-08-18,3040256668,161-11700,INNER WHEEL HALF ASSY,PAMALS,OS concluída,,,
2026-08-18,3040256669,161-11700,INNER WHEEL HALF ASSY,PAMALS,OS concluída,,,
2026-08-18,3040256670,161-11700,INNER WHEEL HALF ASSY,PAMALS,OS concluída,,,
2026-08-18,3040256671,161-11700,INNER WHEEL HALF ASSY,PAMALS,REC,REPARADO,VEE ONE,361.0
2026-08-18,3040256698,030-18200,MAIN WHEEL BRAKE,PAMASP,REC,,PROCURANDO,361.0
2026-08-18,3040256713,030-18200,MAIN WHEEL BRAKE,ALA 3,REC,,BAMN,361.0
2026-08-18,3040256694,162-11800,WHEEL HALF ASSY-OUTER,BANT,OS concluída,,,
2026-08-18,3040256696,162-11800,WHEEL HALF ASSY-OUTER,PAMALS,REC,,PAMA-LS,361.0
2026-08-18,3040256672,161-12800,WHEEL HALF ASSY-INNER,PAMALS,REC,REPARADO,VEE ONE,361.0
2026-08-18,3040256675,161-12800,WHEEL HALF ASSY-INNER,BANT,OS concluída,,,
2026-08-18,3040256792,011-00877-00,"GSA-80 SERVO ROL,YAW,SPEC",BAMN,REC,,PROCURANDO,361.0
2026-08-18,3040256787,011-00877-00,"GSA-80 SERVO ROL,YAW,SPEC",PAMALS,REC,EM REPARO,VEE ONE,361.0
2026-08-18,3040256828,011-00883-20,RADAR GWX 68 WEATHER,PAMALS,REC,CONDENADO,V1 PAMA-LS,361.0
2026-08-18,3040256709,3121248-03,"VALVE ASSEMBLY,COMPRESSOR BLEED",PAMASP,REC,,BANT,358.0
2026-08-18,3040256673,161-12800,WHEEL HALF ASSY-INNER,PAMALS,REC,CONDENADO,VEE ONE,358.0
2026-08-18,3040257095,011-01105-01,INTEGRATED AVIONICS UNIT GIA63W,BABE,REC,EM REPARO,VEE ONE,354.0
2026-08-18,3040257096,011-01105-01,INTEGRATED AVIONICS UNIT GIA63W,BABE,REC,,BAMN,354.0
2026-08-18,3040257093,065-00183-0501,AUTOPILOT COMPUTER KFC225,BABE,REC,,BANT,354.0
2026-08-18,3040257094,065-00183-0501,AUTOPILOT COMPUTER KFC225,BABE,REC,,BANT,354.0
2026-08-18,3040257443,161-12800,WHEEL HALF ASSY-INNER,ALA 3,AUT,,NÃO TEVE MOVIMENTAÇÃO,342.0
2026-08-18,3040257442,C163030-1001,MAIN W BRAKE A,BAMN,OS concluída,REPARADO,VEE ONE,
2026-08-18,3040257452,3244809-8,"FUEL CONTROL,MAIN,TURBINE ENGINE",BAPV,OS concluída,,,
2026-08-18,3040257454,EA-5172-45-CES,"INDICATOR,AIRSPEED",BACG,OS concluída,,,
2026-08-18,3040257453,EA-5172-45-CES,"INDICATOR,AIRSPEED",ALA 7,REC,DEVOLVIDO NO ESTADO,WILLIAM,335.0
2026-08-18,3040257451,3244809-7,"FUEL CONTROL,MAIN,TURBINE ENGINE",PAMASP,REC,,BANT,335.0
2026-08-18,3040257450,3244809-4,"FUEL CONTROL,MAIN,TURBINE ENGINE",PAMASP,OS concluída,EM REPARO,LEAP,
2026-08-18,3040257438,030-18200,MAIN WHEEL BRAKE,BAMN,REC,REPARADO,VEE ONE,335.0
2026-08-18,3040257444,162-10700,OUTER WHEEL HALF ASSY,PAMALS,OS concluída,,,
2026-08-18,3040257447,162-10700,OUTER WHEEL HALF ASSY,PAMALS,OS concluída,,,
2026-08-18,3040257436,30994-001,BATTERY-MARATHON TSP410 NICAD,PAMALS,OS concluída,CONDENADO,AMA - VEE ONE,
2026-08-18,3040257441,030-18200,MAIN WHEEL BRAKE,BAPV,REC,,BAMN,335.0
2026-08-18,3040257440,030-18200,MAIN WHEEL BRAKE,BANT,REC,CONDENADO,VEE ONE,335.0
2026-08-18,3040257439,030-18200,MAIN WHEEL BRAKE,BAMN,REC,,BAMN,335.0
2026-08-18,3040258306,D210507,"GOVERNOR,OVERSPEED",PAMALS,REC,EM REPARO,LEAP,315.0
2026-08-18,3040258310,D210507,"GOVERNOR,OVERSPEED",BACO,OS concluída,,,
2026-08-18,3040258309,D210507,"GOVERNOR,OVERSPEED",BAMN,REC,EM REPARO,LEAP,315.0
2026-08-18,3040258308,D210507,"GOVERNOR,OVERSPEED",BAMN,OS concluída,,,
2026-08-18,3040258307,D210507,"GOVERNOR,OVERSPEED",ALA 5,OS concluída,,,
2026-08-18,3040258303,011-00877-00,"GSA-80 SERVO ROL,YAW,SPEC",DACTA II,REC,EM REPARO,VEE ONE,315.0
2026-08-18,3040258422,2601188-8,COMPRESSOR DRIVE ASSY R134A,PAMASP,REC,,PROCURANDO,313.0
2026-08-18,3040258419,011-00877-00,"GSA-80 SERVO ROL,YAW,SPEC",DACTA II,REC,EM REPARO,VEE ONE,313.0
2026-08-18,3040258420,011-00877-00,"GSA-80 SERVO ROL,YAW,SPEC",BACO,REC,EM REPARO,VEE ONE,313.0
2026-08-18,3040258421,011-00877-00,"GSA-80 SERVO ROL,YAW,SPEC",BABE,REC,,BACO,313.0
2026-08-18,3040258764,069-01034-0102,"NAVIGATION SET,SATELLITE SIGNALS KLN-94",PAMALS,REC,,BANT,306.0
2026-08-18,3040259152,066-01141-5101,"TRANSPONDER,RADAR",BABE,REC,,BANT,287.0
2026-08-18,3040259151,066-01141-5101,"TRANSPONDER,RADAR",BANT,REC,REPARADO,V1 PAMA-LS,287.0
2026-08-18,3040259251,064-1019-05,VHF TRANSCEIVE KY196,EEAR,REC,,EEAR,285.0
2026-08-18,3040259146,1U149-015-15,HORIZ. GYRO-STADBY,PAMALS,REC,EM REPARO,VEE ONE,284.0
2026-08-18,3040259147,162-10700,OUTER WHEEL HALF ASSY,BANT,REC,EM REPARO,AMA - VEE ONE,284.0
2026-08-18,3040259148,3049038-03,"VALVE,COMPRESSOR BLEED",BANT,OS concluída,,,
2026-08-18,3040259316,2606015-4,INDICATOR-OIL TEMP/OIL PRESS,BACG,REC,REPARADO,V1 PAMA-LS,281.0
2026-08-18,3040259564,C414007-0102,BLOWER ASSY,PAMALS,OS concluída,,,
2026-08-18,3040259568,C414007-0102,BLOWER ASSY,ALA 10,OS concluída,,,
2026-08-18,3040259570,C414007-0102,BLOWER ASSY,ALA 10,OS concluída,,,
2026-08-18,3040259694,025323-150,FUEL PUMP,PAMASP,REC,,BACO,273.0
2026-08-18,3040259922,C414007-0102,BLOWER ASSY,BANT,REC,REPARADO,V1 PAMA-LS,266.0
2026-08-18,3040259928,C414007-0102,BLOWER ASSY,PAMALS,REC,EM REPARO,VEE ONE,266.0
2026-08-18,3040259924,C414007-0102,BLOWER ASSY,BACG,REC,EM REPARO,VEE ONE,266.0
2026-08-18,3040259918,C414007-0102,BLOWER ASSY,ALA 10,REC,EM REPARO,VEE ONE,266.0
2026-08-18,3040259950,065-0060-01,"CONTROL,SERVO,AUTOMATIC PILOT",PAMALS,REC,EM REPARO,LEAP,266.0
2026-08-18,3040259949,065-0060-01,"CONTROL,SERVO,AUTOMATIC PILOT",PAMALS,REC,EM REPARO,LEAP,266.0
2026-08-18,3040259947,066-3046-07,"CONTROL,INDICATOR",EEAR,OS concluída,,,
2026-08-18,3040259946,066-3046-07,"CONTROL,INDICATOR",BANT,REC,,BANT,266.0
2026-08-18,3040259944,066-3046-07,"CONTROL,INDICATOR",EEAR,REC,,PAMA-LS,266.0
2026-08-18,3040260209,011-00916-00,DISPLAY UNIT GDU 1040A,PAMALS,REC,,BAMN,252.0
2026-08-18,3040260208,324843-W020,HEADSET-MICROPHONE,PAMALS,REC,VAI SER DEVOLVIDO SEM REPARO,WILLIAM,252.0
2026-08-18,3040260204,324843-W020,HEADSET-MICROPHONE,PAMALS,OS concluída,,,
2026-08-18,3040260205,324843-W020,HEADSET-MICROPHONE,PAMALS,OS concluída,,,
2026-08-18,3040260388,SD5H14C4527,AIR COMPRESSOR,PAMALS,REC,EM REPARO,VEE ONE,245.0
2026-08-18,3040260382,065-00183-0501,AUTOPILOT COMPUTER KFC225,BANT,REC,,BANT,245.0
2026-08-18,3040260389,SD5H14C4527,AIR COMPRESSOR,PAMALS,REC,EM REPARO,VEE ONE,245.0
2026-08-18,3040260517,ASG12000-2,ALTERNATOR,PAMALS,OS concluída,,,
2026-08-18,3040260524,51539-012M,CONTROL UNIT ASSY-GENERATOR,BANT,REC,,BACG,242.0
2026-08-18,3040260516,ASG12000-2,ALTERNATOR,PAMALS,REC,REPARADO,V1 PAMA-LS,242.0
2026-08-18,3040260523,9910592-2,ALTERNADOR,BAMN,REC,REPARADO,V1 PAMA-LS,242.0
2026-08-18,3040260522,9910592-2,ALTERNADOR,BAMN,REC,REPARADO,V1 PAMA-LS,242.0
2026-08-18,3040260547,161-12800,WHEEL HALF ASSY-INNER,EPCAR,OS concluída,REPARADO,VEE ONE,
2026-08-18,3040260545,161-11700,INNER WHEEL HALF ASSY,BACG,REC,REPARADO,VEE ONE,224.0
2026-08-18,3040260544,161-11700,INNER WHEEL HALF ASSY,BANT,REC,REPARADO,VEE ONE,224.0
2026-08-18,3040260546,161-12800,WHEEL HALF ASSY-INNER,PAMALS,REC,REPARADO,VEE ONE,224.0
2026-08-18,3040260548,161-11700,INNER WHEEL HALF ASSY,CLA,REC,REPARADO,VEE ONE,224.0
2026-08-18,3040260549,162-10700,OUTER WHEEL HALF ASSY,BACG,REC,REPARADO,VEE ONE,224.0
2026-08-18,3040260550,162-10700,OUTER WHEEL HALF ASSY,CLA,REC,REPARADO,VEE ONE,224.0
2026-08-18,3040260551,162-11800,WHEEL HALF ASSY-OUTER,BANT,REC,REPARADO,VEE ONE,224.0
2026-08-18,3040260552,30994-001,BATTERY-MARATHON TSP410 NICAD,BABE,OS concluída,CONDENADO,AMA - VEE ONE,
2026-08-18,3040260543,324843-W020,HEADSET-MICROPHONE,PAMALS,REC,VAI SER DEVOLVIDO SEM REPARO,WILLIAM,224.0
2026-08-18,3040260542,324843-W020,HEADSET-MICROPHONE,PAMALS,REC,,BABE,224.0
2026-08-18,3040260541,324843-W020,HEADSET-MICROPHONE,PAMALS,OS concluída,,,
2026-08-18,3040260540,324843-W020,HEADSET-MICROPHONE,PAMALS,OS concluída,,,
2026-08-18,3040260538,324843-W020,HEADSET-MICROPHONE,PAMALS,REC,,BABE,224.0
2026-08-18,3040260539,324843-W020,HEADSET-MICROPHONE,PAMALS,REC,,BABE,224.0
2026-08-18,3040260595,9910586-4,FLAP ACTUATOR AND MOTOR ASSEMBLY,7 ETA,REC,,BAMN,224.0
2026-08-18,3040260597,9910586-4,FLAP ACTUATOR AND MOTOR ASSEMBLY,BAPV,REC,REPARADO,VEE ONE,224.0
2026-08-18,3040260583,3244897-4,FUEL CONTROL UNIT,PAMALS,OS concluída,,,
2026-08-18,3040260750,3122678-04,FUEL CONTROL UNIT,PAMASP,REC,,BANT,216.0
2026-08-18,3040260752,3244897-4,FUEL CONTROL UNIT,PAMASP,OS concluída,,,
2026-08-18,3040260753,3244809-7,"FUEL CONTROL,MAIN,TURBINE ENGINE",PAMASP,OS concluída,,,
2026-08-18,3040260754,3244809-1,"FUEL CONTROL,MAIN,TURBINE ENGINE",PAMASP,REC,EM QUARENTENA,LEAP,216.0
2026-08-18,3040254794,C145-350,"MOTOR,DIRECT CURRENT",PAMALS,OS concluída,,,
2026-08-18,3040260913,064-1054-30,RECEIVER-TRANSMITTER SUBASSEMBLY,EPCAR,REC,REPARADO,V1 PAMA-LS,204.0
2026-08-18,3040260915,064-1054-30,RECEIVER-TRANSMITTER SUBASSEMBLY,PAMALS,REC,REPARADO,V1 PAMA-LS,204.0
2026-08-18,3040260811,3034792,BOMBA DE COMBUSTÍVEL,BAPV,REC,,BABR,202.0
2026-08-18,3040260812,3034792,BOMBA DE COMBUSTÍVEL,BACG,OS concluída,,,
2026-08-18,3040260922,162-11800,WHEEL HALF ASSY-OUTER,PAMALS,OS concluída,,,
2026-08-18,3040260923,030-18200,MAIN WHEEL BRAKE,BACO,REC,REPARADO,VEE ONE,202.0
2026-08-18,3040261389,3034792,BOMBA DE COMBUSTÍVEL,PAMASP,REC,REPARADO,V1 PAMA-LS,189.0
2026-08-18,3040261388,3034792,BOMBA DE COMBUSTÍVEL,BABR,OS concluída,,,
2026-08-18,3040261387,3034792,BOMBA DE COMBUSTÍVEL,BABR,OS concluída,,,
2026-08-18,3040261371,TFF2905-13,FUEL FLOW TRANSDUCER,ALA 8,REC,EM REPARO,WILLIAM,189.0
2026-08-18,3040261375,C661065-0240RX,"INDICATOR, AIRSPEED",BACG,REC,EM REPARO,WILLIAM,189.0
2026-08-18,3040261373,C661065-0240,AIRSPEED INDICATOR,BABE,REC,REPARADO,V1 PAMA-LS,189.0
2026-08-18,3040261322,011-00831-00,"ENGINE INTERFA,SPEC",BAPV,REC,REPARADO,VEE ONE,189.0
2026-08-18,3040261326,011-00882-10,"COMPUTER,AIR DATA",BAMN,OS concluída,,,
2026-08-18,3040261324,011-00882-10,"COMPUTER,AIR DATA",BAMN,OS concluída,,,
2026-08-18,3040261327,064-1054-30,RECEIVER-TRANSMITTER SUBASSEMBLY,PAMASP,REC,REPARADO,V1 PAMA-LS,189.0
2026-08-18,3040261336,066-01141-0101,"RECEIVER,RADIO",BANT,REC,REPARADO,V1 PAMA-LS,189.0
2026-08-18,3040261334,065-0065-01,SELECTOR ALT,BANT,REC,EM REPARO,WILLIAM,189.0
2026-08-18,3040261331,065-0061-36,ACTUATOR TRIM (KS272A),PAMASP,REC,,BABR,189.0
2026-08-18,3040261329,065-0061-36,ACTUATOR TRIM (KS272A),ALA 10,OS concluída,,,
2026-08-18,3040261335,065-0065-01,SELECTOR ALT,BANT,REC,EM REPARO,WILLIAM,189.0
2026-08-18,3040261342,066-3084-02,COLOR RADAR INDICATOR,BABV,REC,EM REPARO,WILLIAM,189.0
2026-08-18,3040261340,066-1053-00,"RECEIVER,RADIO",BASM,REC,REPARADO,V1 PAMA-LS,189.0
2026-08-18,3040261377,066-3054-01,INDICATOR RADAR ALTIMETER - TYPE KI250,PAMALS,REC,EM REPARO,WILLIAM,189.0
2026-08-18,3040261376,066-1061-03,RT RADAR ALTIM (KRA10A),PAMALS,REC,PARA REPARO,VEE ONE,189.0
2026-08-18,3040261352,1134380-4,EVAPORATOR MODULE ASSY-RH,BAMN,REC,CONDENADO,VEE ONE,189.0
2026-08-18,3040261347,071-1234-00,ANTENNA ACCESSORY,ALA 1,REC,EM REPARO,WILLIAM,189.0
2026-08-18,3040261344,066-4010-12,RECEIVER VOR/LOC (KNS81),ALA 10,REC,EM REPARO,WILLIAM,189.0
2026-08-18,3040261353,1H75-21,PRESSURE REGULATOR,BAMN,REC,,BAMN,189.0
2026-08-18,3040261357,2682001-1,BRAKE CYL MAST,BABE,OS concluída,,,
2026-08-18,3040261356,2670104-2,ANNUNCIATOR PANEL,PAMALS,REC,REPARADO,VEE ONE,189.0
2026-08-18,3040261355,2643100-201,NOSE GEAR STRUT ASSY - TALL FORK,BABR,OS concluída,,,
2026-08-18,3040261354,2643100-201,NOSE GEAR STRUT ASSY - TALL FORK,BANT,REC,EM REPARO,AV AERONAUTICA,189.0
2026-08-18,3040261364,8210-002-01,GOVERNOR PROPELLER,PAMASP,REC,REPARADO,VEE ONE,189.0
2026-08-18,3040261627,S3828-1,ALTIMETER,BAMN,REC,EM REPARO,WILLIAM,175.0
2026-08-18,3040261628,S3828-1,ALTIMETER,BABE,REC,REPARADO,V1 PAMA-LS,175.0
2026-08-18,3040261851,51539-012MRX,CONTROL UNIT ASSY-GENERATOR,BABE,REC,EM REPARO,VEE ONE,167.0
2026-08-18,3040261852,51539-012MRX,CONTROL UNIT ASSY-GENERATOR,BABE,REC,EM REPARO,VEE ONE,167.0
2026-08-18,3040261843,3034792,BOMBA DE COMBUSTÍVEL,PAMALS,REC,EM REPARO,VEE ONE,162.0
2026-08-18,3040262245,200SGL119Q-2,STARTER GENERATOR,BAMN,OS concluída,,,
2026-08-18,3040262246,200SGL119Q-2,STARTER GENERATOR,BAMN,OS concluída,,,
2026-08-18,3040262273,324843-W020,HEADSET-MICROPHONE,BABE,OS concluída,,,
2026-08-18,3040262275,324843-W020,HEADSET-MICROPHONE,BANT,OS concluída,,,
2026-08-18,3040262363,066-1055-00,AUDIO CONTROL PANEL,ALA 5,OS concluída,,,
2026-08-18,3040262367,066-1055-00,AUDIO CONTROL PANEL,ALA 9,REC,EM REPARO,WILLIAM,145.0
2026-08-18,3040262368,066-1055-00,AUDIO CONTROL PANEL,CLA,OS concluída,,,
2026-08-18,3040262372,51539-012M,CONTROL UNIT ASSY-GENERATOR,BANT,REC,,V1 PAMA-LS,145.0
2026-08-18,3040262371,51539-012N,CONTROL UNIT ASSY-GENERATOR,BANT,REC,REPARADO,V1 PAMA-LS,145.0
2026-08-18,3040262419,065-0061-36,ACTUATOR TRIM (KS272A),ALA 9,REC,EM REPARO,WILLIAM,140.0
2026-08-18,3040262734,C352,PORTABLE HALON FIRE EXTINGUISHERS,ALA 5,REC,EM REPARO,AV AERONAUTICA,127.0
2026-08-18,3040262738,C352TS,"EXTINGUISHER,FIRE",BANT,REC,,PROCURANDO,127.0
2026-08-18,3040262739,C352TS,"EXTINGUISHER,FIRE",BANT,REC,,PROCURANDO,127.0
2026-08-18,3040262740,C352TS,"EXTINGUISHER,FIRE",PAMALS,REC,,PROCURANDO,127.0
2026-08-18,3040262766,011-00883-20,RADAR GWX 68 WEATHER,BAMN,OS concluída,EM REPARO,VEE ONE,
2026-08-18,3040262765,011-00883-20,RADAR GWX 68 WEATHER,BAMN,REC,EM REPARO,VEE ONE,127.0
2026-08-18,3040262772,011-01020-10,AFCS MODE CONTROLLER GMC 710,BAMN,REC,EM REPARO,WILLIAM,127.0
2026-08-18,3040262770,011-01020-10,AFCS MODE CONTROLLER GMC 710,BAMN,REC,EM REPARO,WILLIAM,127.0
2026-08-18,3040262773,011-01020-10,AFCS MODE CONTROLLER GMC 710,BAMN,REC,EM REPARO,WILLIAM,127.0
2026-08-18,3040262746,066-1070-01,TRANSCEIVER DME (KN63),BABE,REC,EM REPARO,WILLIAM,127.0
2026-08-18,3040262745,064-1019-05,VHF TRANSCEIVE KY196,EEAR,REC,EM REPARO,VEE ONE,127.0
2026-08-18,3040262747,066-1072-00,RECEIVER ADF (KING KR87),ALA 7,REC,EM REPARO,WILLIAM,127.0
2026-08-18,3040262748,066-3046-07,"CONTROL,INDICATOR",BABR,REC,,BANT,127.0
2026-08-18,3040262769,066-3046-07,"CONTROL,INDICATOR",BABR,REC,,BANT,127.0
2026-08-18,3040262768,066-3046-07,"CONTROL,INDICATOR",EEAR,REC,EM REPARO,LEAP,127.0
2026-08-18,3040262767,066-3046-07,"CONTROL,INDICATOR",EEAR,REC,EM REPARO,LEAP,127.0
2026-08-18,3040262791,066-3060-00,IND RMI KNI582,BANT,REC,EM REPARO,LEAP,127.0
2026-08-18,3040262630,161-11700,INNER WHEEL HALF ASSY,BANT,REC,REPARADO,VEE ONE,127.0
2026-08-18,3040262792,066-3060-00,IND RMI KNI582,BANT,REC,EM REPARO,LEAP,127.0
2026-08-18,3040262634,162-10700,OUTER WHEEL HALF ASSY,BANT,REC,REPARADO,VEE ONE,127.0
2026-08-18,3040262632,161-12800,WHEEL HALF ASSY-INNER,BANT,OS concluída,REPARADO,VEE ONE,
2026-08-18,3040262633,161-12800,WHEEL HALF ASSY-INNER,BANT,REC,REPARADO,VEE ONE,127.0
2026-08-18,3040262635,162-11800,WHEEL HALF ASSY-OUTER,EPCAR,REC,REPARADO,VEE ONE,127.0
2026-08-18,3040262637,162-11800,WHEEL HALF ASSY-OUTER,BANT,REC,REPARADO,VEE ONE,127.0
2026-08-18,3040262636,162-11800,WHEEL HALF ASSY-OUTER,BANT,REC,REPARADO,VEE ONE,127.0
2026-08-18,3040262646,200SGL119Q,STARTER GENERATOR,PAMASP,OS concluída,,,
2026-08-18,3040262639,200SGL119Q,STARTER GENERATOR,PAMASP,OS concluída,,PAMA-LS,
2026-08-18,3040262638,200SGL119Q,STARTER GENERATOR,PAMALS,REC,EM REPARO,AV AERONAUTICA,127.0
2026-08-18,3040262757,2606015-2,IND OIL TEMP/P,PAMALS,REC,EM REPARO,VEE ONE,127.0
2026-08-18,3040262706,2641011-5,AXLE-MAIN GEAR,BAMN,REC,,BANT,127.0
2026-08-18,3040262707,2641011-5,AXLE-MAIN GEAR,BABV,REC,REPARADO,VEE ONE,127.0
2026-08-18,3040262717,2641011-5,AXLE-MAIN GEAR,BANT,REC,REPARADO,VEE ONE,127.0
2026-08-18,3040262714,2641011-5,AXLE-MAIN GEAR,BAPV,REC,,BANT,127.0
2026-08-18,3040262713,2641011-5,AXLE-MAIN GEAR,BAPV,REC,REPARADO,VEE ONE,127.0
2026-08-18,3040262712,2641011-5,AXLE-MAIN GEAR,BABR,REC,,BANT,127.0
2026-08-18,3040262711,2641011-5,AXLE-MAIN GEAR,BABR,REC,,BANT,127.0
2026-08-18,3040262709,2641011-5,AXLE-MAIN GEAR,PAMALS,REC,,BANT,127.0
2026-08-18,3040262708,2641011-5,AXLE-MAIN GEAR,PAMALS,REC,,BANT,127.0
2026-08-18,3040262744,3244809-1A,F.C.U,PAMALS,REC,EM REPARO,LEAP,127.0
2026-08-18,3040262758,9910338-4,FUEL TOTALIZER INDICATOR,PAMALS,REC,EM REPARO,VEE ONE,127.0
2026-08-18,3040262759,9910338-6,"TRANSMITTER,RATE OF FLOW",BAMN,REC,EM REPARO,WILLIAM,127.0
2026-08-18,3040262760,9910338-6,"TRANSMITTER,RATE OF FLOW",BANT,REC,EM REPARO,VEE ONE,127.0
2026-08-18,3040262966,2682001-1,BRAKE CYL MAST,BACO,OS concluída,,PAMA-LS,
2026-08-18,3040262967,2682001-1,BRAKE CYL MAST,PAMALS,REC,REPARADO,V1 PAMA-LS,125.0
2026-08-18,3040262968,2682001-1,BRAKE CYL MAST,BANT,OS concluída,,PAMA-LS,
2026-08-18,3040262969,2682001-1,BRAKE CYL MAST,BABE,REC,REPARADO,V1 PAMA-LS,125.0
2026-08-18,3040263069,453-5060,ELT C406-N,BABE,OS concluída,,,
2026-08-18,3040263283,D145-00-46-2,FLAP ACTUATOR ASSY,PAMALS,REC,EM REPARO,LEAP,110.0
2026-08-18,3040263284,D145-00-46-2,FLAP ACTUATOR ASSY,BAFL,REC,EM REPARO,LEAP,110.0
2026-08-18,3040263324,069-01033-0101,"RECEIVER-TRANSMITTER,RADIO",PAMALS,REC,EM REPARO,LEAP,110.0
2026-08-18,3040263287,C661065-0237,AIRSPEED INDICATOR,BABR,REC,REPARADO,VEE ONE,110.0
2026-08-18,3040263288,C661065-0237,AIRSPEED INDICATOR,PAMASP,REC,REPARADO,VEE ONE,110.0
2026-08-18,3040263314,060-0017-00,FLIGHT DIR HOR,EEAR,REC,EM REPARO,LEAP,110.0
2026-08-18,3040263319,066-1055-00,AUDIO CONTROL PANEL,BABE,REC,REPARADO,VEE ONE,110.0
2026-08-18,3040263317,060-0017-00,FLIGHT DIR HOR,PAMASP,REC,,BANT,110.0
2026-08-18,3040263316,060-0017-00,FLIGHT DIR HOR,BANT,REC,,BANT,110.0
2026-08-18,3040263320,066-1055-00,AUDIO CONTROL PANEL,PAMALS,REC,EM REPARO,AV AERONAUTICA,110.0
2026-08-18,3040263325,069-01033-0101,"RECEIVER-TRANSMITTER,RADIO",PAMALS,REC,,PROCURANDO,110.0
2026-08-18,3040263335,C611008-0101,ALTERNATOR CONTROL UNIT,PAMALS,REC,EM REPARO,AV AERONAUTICA,110.0
2026-08-18,3040263336,C611008-0101,ALTERNATOR CONTROL UNIT,PAMALS,REC,EM REPARO,AV AERONAUTICA,110.0
2026-08-18,3040263286,C661065-0237,AIRSPEED INDICATOR,BANT,REC,DEVOLVIDO NO ESTADO,WILLIAM,110.0
2026-08-18,3040263322,066-1055-00,AUDIO CONTROL PANEL,ALA 9,REC,EM REPARO,WILLIAM,110.0
2026-08-18,3040263326,069-01033-0101,"RECEIVER-TRANSMITTER,RADIO",PAMALS,REC,,BANT,110.0
2026-08-18,3040263315,060-0017-00,FLIGHT DIR HOR,BACG,OS concluída,,BABR,
2026-08-18,3040263334,011-00916-10,"DISPLAY UNIT,FLIGHT INFORMATION",BACO,REC,VAI SER DEVOLVIDO SEM REPARO,WILLIAM,110.0
2026-08-18,3040263333,011-00916-10,"DISPLAY UNIT,FLIGHT INFORMATION",BACO,REC,EM REPARO,WILLIAM,110.0
2026-08-18,3040263332,011-00916-10,"DISPLAY UNIT,FLIGHT INFORMATION",BAMN,OS concluída,EM REPARO,WILLIAM,
2026-08-18,3040263331,C661064-0237,AIRSPEED INDICATOR,PAMALS,REC,VAI SER DEVOLVIDO SEM REPARO,WILLIAM,110.0
2026-08-18,3040263329,C661064-0237,AIRSPEED INDICATOR,PAMALS,REC,EM REPARO,WILLIAM,110.0
2026-08-18,3040263328,C661064-0237,AIRSPEED INDICATOR,BABR,REC,EM REPARO,WILLIAM,110.0
2026-08-18,3040263327,C661064-0237,AIRSPEED INDICATOR,BABR,REC,EM REPARO,WILLIAM,110.0
2026-08-18,3040263330,C661064-0237,AIRSPEED INDICATOR,PAMALS,REC,EM REPARO,WILLIAM,110.0
2026-08-18,3040263338,C611008-0101,ALTERNATOR CONTROL UNIT,PAMALS,REC,REPARADO,V1 PAMA-LS,110.0
2026-08-18,3040263433,066-03064-0005,"ALTIMETER,SERVO CONTROLLED,AUTOMATIC PRESSURE",BACG,REC,EM REPARO,WILLIAM,104.0
2026-08-18,3040263435,066-03064-0005,"ALTIMETER,SERVO CONTROLLED,AUTOMATIC PRESSURE",BANT,REC,EM REPARO,WILLIAM,104.0
2026-08-18,3040263434,066-03064-0005,"ALTIMETER,SERVO CONTROLLED,AUTOMATIC PRESSURE",PAMASP,REC,VAI SER DEVOLVIDO SEM REPARO,WILLIAM,104.0
2026-08-18,3040263417,069-01033-0101,"RECEIVER-TRANSMITTER,RADIO",PAMALS,REC,EM REPARO,WILLIAM,104.0
2026-08-18,3040263416,069-01033-0101,"RECEIVER-TRANSMITTER,RADIO",BASM,REC,EM REPARO,WILLIAM,104.0
2026-08-18,3040263415,069-01033-0101,"RECEIVER-TRANSMITTER,RADIO",BABR,REC,,BANT,104.0
2026-08-18,3040263447,066-3046-07,"CONTROL,INDICATOR",CLA,REC,,BABR,104.0
2026-08-18,3040263443,3244897-4,FUEL CONTROL UNIT,PAMALS,REC,EM REPARO,LEAP,103.0
2026-08-18,3040263444,3244897-4,FUEL CONTROL UNIT,PAMALS,REC,EM REPARO,LEAP,103.0
2026-08-18,3040263577,060-0015-00,"CONTROL,DIRECTIONAL,AUTOMATIC PILOT",ALA 5,REC,EM REPARO,WILLIAM,98.0
2026-08-18,3040263574,066-1072-04,"RECEIVER,RADIO",BABE,REC,EM REPARO,WILLIAM,98.0
2026-08-18,3040263576,066-1072-04,"RECEIVER,RADIO",BAMN,OS concluída,DEVOLVIDO NO ESTADO,WILLIAM,
2026-08-18,3040263575,066-1072-04,"RECEIVER,RADIO",BABE,REC,EM REPARO,WILLIAM,98.0
2026-08-18,3040263573,066-3084-32,IND RDR 2000 IN-182A,PAMALS,REC,,BABR,98.0
2026-08-18,3040263571,066-3084-32,IND RDR 2000 IN-182A,PAMALS,REC,EM REPARO,WILLIAM,98.0
2026-08-18,3040263572,066-3084-32,IND RDR 2000 IN-182A,PAMALS,REC,EM REPARO,WILLIAM,98.0
2026-08-18,3040263448,2618510-10,ALTERNATOR CONTROL UNIT ASSY,BABE,REC,EM REPARO,WILLIAM,98.0
2026-08-18,3040263449,2618510-10,ALTERNATOR CONTROL UNIT ASSY,PAMALS,REC,EM REPARO,WILLIAM,98.0
2026-08-18,3040263877,2641011-5,AXLE-MAIN GEAR,CLA,REC,EM REPARO,LEAP,88.0
2026-08-18,3040263878,2641011-5,AXLE-MAIN GEAR,CLA,REC,EM REPARO,LEAP,88.0
2026-08-18,3040264243,069-01033-0101,"RECEIVER-TRANSMITTER,RADIO",PAMALS,REC,EM REPARO,WILLIAM,81.0
2026-08-18,3040264244,069-01033-0101,"RECEIVER-TRANSMITTER,RADIO",PAMASP,REC,EM REPARO,WILLIAM,81.0
2026-08-18,3040264246,060-0017-00,FLIGHT DIR HOR,PAMALS,REC,EM REPARO,WILLIAM,81.0
2026-08-18,3040264237,200SGL119Q-2,STARTER GENERATOR,BAMN,REC,EM REPARO,AV AERONAUTICA,81.0
2026-08-18,3040264236,200SGL119Q-2,STARTER GENERATOR,BABE,REC,,BABE,81.0
2026-08-18,3040264121,3244897-4,FUEL CONTROL UNIT,BABE,OS concluída,EM REPARO,LEAP,
2026-08-18,3040264263,9910338-8,"INDICATOR,FUEL FLOW",PAMALS,OS concluída,,BABR,
2026-08-18,3040264262,9910338-8,"INDICATOR,FUEL FLOW",BABV,REC,EM REPARO,WILLIAM,81.0
2026-08-18,3040264242,324843-2020,HEADSET-MICROPHONE,BABE,REC,EM REPARO,WILLIAM,81.0
2026-08-18,3040264264,324843-2020,HEADSET-MICROPHONE,DACTA II,REC,EM REPARO,WILLIAM,81.0
2026-08-18,3040264238,324843-2020,HEADSET-MICROPHONE,DACTA II,REC,EM REPARO,WILLIAM,81.0
2026-08-18,3040264241,324843-2020,HEADSET-MICROPHONE,DACTA II,REC,EM REPARO,WILLIAM,81.0
2026-08-18,3040264240,324843-2020,HEADSET-MICROPHONE,DACTA II,REC,EM REPARO,WILLIAM,81.0
2026-08-18,3040264122,3244809-8,"FUEL CONTROL,MAIN,TURBINE ENGINE",BABE,OS concluída,,BABR,
2026-08-18,3040263797,066-3046-07,"CONTROL,INDICATOR",BABE,REC,EM REPARO,WILLIAM,81.0
2026-08-18,3040263798,066-3046-07,"CONTROL,INDICATOR",PAMASP,REC,EM REPARO,WILLIAM,81.0
2026-08-18,3040263799,066-3046-07,"CONTROL,INDICATOR",PAMASP,REC,EM REPARO,WILLIAM,81.0
2026-08-18,3040263795,071-01519-0101,"RECEIVER-EXCITER,RADAR",PAMALS,REC,,PROCURANDO,81.0
2026-08-18,3040263796,071-01519-0101,"RECEIVER-EXCITER,RADAR",PAMALS,REC,,PROCURANDO,81.0
2026-08-18,3040264579,060-0017-00,FLIGHT DIR HOR,BABR,OS concluída,,,
2026-08-18,3040264577,060-0017-00,FLIGHT DIR HOR,PAMALS,REC,,,69.0
2026-08-18,3040264573,060-0017-00,FLIGHT DIR HOR,BANT,REC,,,69.0
2026-08-18,3040264574,060-0017-00,FLIGHT DIR HOR,BANT,REC,,,69.0
2026-08-18,3040264576,060-0017-00,FLIGHT DIR HOR,PAMALS,REC,,,69.0
2026-08-18,3040264572,060-0017-00,FLIGHT DIR HOR,PAMASP,REC,,,69.0
2026-08-18,3040264647,1H75-21,PRESSURE REGULATOR,BAMN,REC,,,64.0
2026-08-18,3040264646,1H75-21,PRESSURE REGULATOR,PAMASP,REC,,,64.0
2026-08-18,3040264645,1H75-21,PRESSURE REGULATOR,PAMASP,REC,,,64.0
2026-08-18,3040264643,1H75-21,PRESSURE REGULATOR,PAMASP,REC,,,64.0
2026-08-18,3040264707,3244809-7,"FUEL CONTROL,MAIN,TURBINE ENGINE",BABE,REC,,,64.0
2026-08-18,3040264709,540-1407-4,"VALVE,BLEED,TURBINEENGINE",PAMASP,REC,,,64.0
2026-08-18,3040264710,200SGL153Q,"STARTER-GENERATOR,ENGINE,AIRCRAFT",CLA,REC,,,64.0
2026-08-18,3040264711,200SGL153Q,"STARTER-GENERATOR,ENGINE,AIRCRAFT",PAMASP,REC,,,64.0
2026-08-18,3040264712,200SGL153Q,"STARTER-GENERATOR,ENGINE,AIRCRAFT",BACG,REC,,,64.0
2026-08-18,3040264718,9910338-8,"INDICATOR,FUEL FLOW",PAMALS,REC,,,64.0
2026-08-18,3040264719,S3326-2,"INDICATOR,HORIZONTAL SITUATION",ALA 8,REC,,,64.0
2026-08-18,3040264720,S3326-2,"INDICATOR,HORIZONTAL SITUATION",PAMALS,REC,,,64.0
2026-08-18,3040264721,S3326-2,"INDICATOR,HORIZONTAL SITUATION",PAMASP,REC,,,64.0
2026-08-18,3040264724,2606013-1AM,INDICADOR PERCENTUAL RPM,BABV,REC,,,64.0
2026-08-18,3040264725,2606013-1AM,INDICADOR PERCENTUAL RPM,BABR,REC,,,64.0
2026-08-18,3040264726,2606015-4,INDICATOR-OIL TEMP/OIL PRESS,BANT,REC,,,64.0
2026-08-18,3040264727,C661051-0201,GYRO HORIZON,ALA 10,REC,,,64.0
2026-08-18,3040264728,504-0111-906,GYRO HORIZON,PAMALS,REC,,,64.0
2026-08-18,3040264729,504-0111-906,GYRO HORIZON,BACG,REC,,,64.0
2026-08-18,3040264730,8210-003,"GOVERNOR,FUEL CONTROL",PAMASP,REC,,,64.0
2026-08-18,3040264731,8210-002,"GOVERNOR,CONSTANT SPEED DRIVE",PAMASP,REC,,,64.0
2026-08-18,3040264732,8210-002,"GOVERNOR,CONSTANT SPEED DRIVE",BAMN,REC,,,64.0
2026-08-18,3040264733,030-18200,MAIN WHEEL BRAKE,BAMN,REC,,,64.0
2026-08-18,3040264734,030-18200,MAIN WHEEL BRAKE,BAMN,REC,,,64.0
2026-08-18,3040264735,161-11700,INNER WHEEL HALF ASSY,PAMALS,REC,,,64.0
2026-08-18,3040264736,161-12800,WHEEL HALF ASSY-INNER,BABR,REC,,,64.0
2026-08-18,3040264737,161-12800,WHEEL HALF ASSY-INNER,PAMALS,AUT,,,64.0
2026-08-18,3040264738,162-10700,OUTER WHEEL HALF ASSY,BACO,AUT,,,64.0
2026-08-18,3040264807,011-01105-01,INTEGRATED AVIONICS UNIT GIA63W,ALA 8,REC,,,56.0
2026-08-18,3040264808,011-01105-01,INTEGRATED AVIONICS UNIT GIA63W,BAMN,REC,,,56.0
2026-08-18,3040264907,011-00916-10,"DISPLAY UNIT,FLIGHT INFORMATION",BAMN,REC,,,49.0
2026-08-18,3040264908,011-00916-10,"DISPLAY UNIT,FLIGHT INFORMATION",BABV,REC,,,49.0
2026-08-18,3040264974,3244809-8,"FUEL CONTROL,MAIN,TURBINE ENGINE",BAMN,REC,,,47.0
2026-08-18,3040264961,3244897-4,FUEL CONTROL UNIT,CLA,REC,,,47.0
2026-08-18,3040264960,3034792,BOMBA DE COMBUSTÍVEL,CLA,REC,,,47.0
2026-08-18,3040265144,011-01020-10,AFCS MODE CONTROLLER GMC 710,BABE,REC,,,41.0
2026-08-18,3040265140,011-01020-10,AFCS MODE CONTROLLER GMC 710,BABE,REC,,,41.0
2026-08-18,3040265482,066-3084-32,IND RDR 2000 IN-182A,BABR,REC,,,26.0
2026-08-18,3040265484,066-3084-32,IND RDR 2000 IN-182A,BANT,REC,,,26.0
2026-08-18,3040265485,066-3084-32,IND RDR 2000 IN-182A,BABR,REC,,,26.0
2026-08-18,3040265526,ASG12000-2,ALTERNATOR,PAMALS,REC,,,22.0
2026-08-18,3040265525,ASG12000-2,ALTERNATOR,BABR,REC,,,22.0
2026-08-18,3040265527,9910592-2,ALTERNADOR,BABR,REC,,,22.0
2026-08-18,3040265533,3122678-04,FUEL CONTROL UNIT,BABR,REC,,,22.0
2026-08-18,3040265532,C611505-0201,ALTERNATOR,BANT,REC,,,22.0
2026-08-18,3040265530,C611505-0201,ALTERNATOR,BABV,REC,,,22.0
2026-08-18,3040265528,9910592-2,ALTERNADOR,BABR,REC,,,22.0
2026-08-18,3040265724,3244897-4,FUEL CONTROL UNIT,CLA,REC,,,21.0
2026-08-18,3040265474,C611008-0101,ALTERNATOR CONTROL UNIT,PAMALS,REC,,,19.0
2026-08-18,3040265475,C611008-0101,ALTERNATOR CONTROL UNIT,BABV,REC,,,19.0
2026-08-18,3040265476,C611008-0101,ALTERNATOR CONTROL UNIT,PAMALS,REC,,,19.0
2026-08-18,3040265477,C611008-0101,ALTERNATOR CONTROL UNIT,PAMALS,REC,,,19.0
2026-08-18,3040265576,011-00916-10,"DISPLAY UNIT,FLIGHT INFORMATION",BAMN,REC,,,18.0
2026-08-18,3040265580,011-00916-00,DISPLAY UNIT GDU 1040A,PAMALS,AUT,,,22.0
2026-08-18,3040265581,011-00916-00,DISPLAY UNIT GDU 1040A,PAMALS,AUT,,,22.0
2026-08-18,3040265589,EA-5175-52-CES,INDICATOR TRUE,BABV,AUT,,,22.0
2026-08-18,3040265590,EA-5175-52-CES,INDICATOR TRUE,BASM,AUT,,,22.0
2026-08-18,3040265591,EA-5175-52-CES,INDICATOR TRUE,BABV,AUT,,,22.0
2026-08-18,3040265592,EA-5175-52-CES,INDICATOR TRUE,BABV,AUT,,,22.0
2026-08-18,3040265668,9910592-2,ALTERNADOR,PAMALS,AUT,,,22.0
2026-08-18,3040265678,9910592-2,ALTERNADOR,BAMN,AUT,,,22.0
2026-08-18,3040265679,C611505-0201,ALTERNATOR,PAMALS,AUT,,,22.0
2026-08-18,3040265680,C611505-0201,ALTERNATOR,ALA 8,AUT,,,22.0
2026-08-18,3040265726,071-01519-0101,"RECEIVER-EXCITER,RADAR",PAMALS,AUT,,,21.0
2026-08-18,3040265727,071-01519-0101,"RECEIVER-EXCITER,RADAR",CLA,AUT,,,21.0
2026-08-18,3040265728,C163030-1001,MAIN W BRAKE A,BAMN,AUT,,,21.0
2026-08-18,3040265731,066-3046-07,"CONTROL,INDICATOR",BABR,AUT,,,21.0
2026-08-18,3040265732,066-3046-07,"CONTROL,INDICATOR",BANT,AUT,,,21.0
2026-08-18,3040265734,066-3046-07,"CONTROL,INDICATOR",EEAR,AUT,,,21.0
2026-08-18,3040265735,066-3046-07,"CONTROL,INDICATOR",CLA,AUT,,,21.0
2026-08-18,3040265736,C611008-0101,ALTERNATOR CONTROL UNIT,BABV,AUT,,,21.0
2026-08-18,3040265737,C611008-0101,ALTERNATOR CONTROL UNIT,EEAR,AUT,,,21.0
2026-08-18,3040265738,C611008-0101,ALTERNATOR CONTROL UNIT,PAMALS,AUT,,,21.0
2026-08-18,3040265739,C611008-0101,ALTERNATOR CONTROL UNIT,BANT,AUT,,,21.0
2026-08-18,3040265740,C611008-0101,ALTERNATOR CONTROL UNIT,BABE,AUT,,,21.0
2026-08-18,3040265741,C611008-0101,ALTERNATOR CONTROL UNIT,BABR,AUT,,,21.0
2026-08-18,3040265742,066-1072-04,"RECEIVER,RADIO",BACG,AUT,,,21.0
2026-08-18,3040265743,066-1072-04,"RECEIVER,RADIO",BAMN,AUT,,,21.0
2026-08-18,3040265744,066-1072-04,"RECEIVER,RADIO",PAMALS,AUT,,,21.0
2026-08-18,3040265745,066-3084-32,IND RDR 2000 IN-182A,PAMALS,AUT,,,21.0
2026-08-18,3040265746,066-3084-32,IND RDR 2000 IN-182A,PAMALS,AUT,,,21.0
2026-08-18,3040265747,30994-001,BATTERY-MARATHON TSP410 NICAD,PAMALS,AUT,,,21.0
2026-08-18,3040265748,30994-001,BATTERY-MARATHON TSP410 NICAD,PAMALS,AUT,,,21.0
2026-08-18,3040265749,30994-001,BATTERY-MARATHON TSP410 NICAD,PAMALS,AUT,,,21.0
2026-08-18,3040265750,30994-001,BATTERY-MARATHON TSP410 NICAD,PAMALS,AUT,,,21.0
2026-08-18,3040265751,30994-001,BATTERY-MARATHON TSP410 NICAD,PAMALS,AUT,,,21.0
2026-08-18,3040265752,2641011-5,AXLE-MAIN GEAR,BAMN,AUT,,,21.0
2026-08-18,3040265753,2641011-5,AXLE-MAIN GEAR,BAMN,AUT,,,21.0
2026-08-18,3040265754,161-11700,INNER WHEEL HALF ASSY,BACO,AUT,,,21.0
2026-08-18,3040265755,161-12800,WHEEL HALF ASSY-INNER,BABE,AUT,,,21.0
2026-08-18,3040265757,066-01141-0101,"RECEIVER,RADIO",PAMALS,AUT,,,21.0
2026-08-18,3040265758,066-01141-0101,"RECEIVER,RADIO",PAMALS,AUT,,,21.0
2026-08-18,3040265759,C660501-0103,"COMPASS,SPEC",DACTA II,AUT,,,21.0
2026-08-18,3040265769,023694-000,BATTERY NICKEL CADMIUM,BAPV,AUT,,,20.0
2026-08-18,3040265771,2651023-23,ENGINE MOUNT ASSEMBLY,PAMALS,AUT,,,20.0
2026-08-18,3040265772,2651023-23,ENGINE MOUNT ASSEMBLY,PAMALS,AUT,,,20.0
2026-08-18,3040265892,324843-0020,HEADSET-MICROPHONE,PAMALS,AUT,,,15.0
2026-08-18,3040265893,324843-0020,HEADSET-MICROPHONE,PAMALS,AUT,,,15.0
2026-08-18,3040265894,324843-0020,HEADSET-MICROPHONE,PAMALS,AUT,,,15.0
2026-08-18,3040265895,324843-0020,HEADSET-MICROPHONE,PAMALS,AUT,,,15.0
2026-08-19,3040249831,066-01141-5101,"RECEIVER-TRANSMITTER,RADIO (KT71)",PAMALS,REC,EM REPARO,LEAP,555.0
2026-08-19,3040250248,452-0133,"BATTERY,NONRECHARGEABLE",BABR,REC,CONDENADO,VEE ONE,539.0
2026-08-19,3040250249,452-0133,"BATTERY,NONRECHARGEABLE",BAMN,REC,CONDENADO,VEE ONE,539.0
2026-08-19,3040250234,3034792,BOMBA DE COMBUSTÍVEL,PAMALS,REC,,BANT,539.0
2026-08-19,3040250816,453-5060,"BEACON,DISTRESS",BAMN,REC,,PAMA-LS,517.0
2026-08-19,3040250830,799-1,TRANSDUCER,BACO,REC,,BANT,517.0
2026-08-19,3040250829,51539-012N,CONTROL UNIT ASSY-GENERATOR,BAMN,OS concluída,,,
2026-08-19,3040250828,51539-012N,CONTROL UNIT ASSY-GENERATOR,BACG,REC,,BABR,517.0
2026-08-19,3040250827,51539-012N,CONTROL UNIT ASSY-GENERATOR,BANT,REC,,BABR,517.0
2026-08-19,3040250831,799-1,TRANSDUCER,BANT,REC,,BANT,517.0
2026-08-19,3040250833,9910586-4,FLAP ACTUATOR AND MOTOR ASSEMBLY,ALA 3,REC,,BAMN,517.0
2026-08-19,3040250834,9910586-4,FLAP ACTUATOR AND MOTOR ASSEMBLY,ALA 3,OS concluída,,,
2026-08-19,3040250832,9910338-4,FUEL TOTALIZER INDICATOR,EEAR,REC,,PAMA-LS,517.0
2026-08-19,3040250835,ASG12000-2,ALTERNATOR,ALA 5,REC,REPARADO,V1 PAMA-LS,517.0
2026-08-19,3040250841,C661030-0301,TURN BANK,PAMALS,REC,EM REPARO,LEAP,517.0
2026-08-19,3040250842,C662041-0102,INDICATOR FUEL,ALA 5,REC,,PAMA-LS,517.0
2026-08-19,3040250844,C662041-0102,INDICATOR FUEL,ALA 9,REC,,PAMA-LS,517.0
2026-08-19,3040250843,C662041-0102,INDICATOR FUEL,ALA 10,OS concluída,,,
2026-08-19,3040250719,060-0017-00,FLIGHT DIR HOR,PAMALS,REC,,BANT,517.0
2026-08-19,3040250720,060-0017-00,FLIGHT DIR HOR,BABV,OS concluída,,,
2026-08-19,3040250722,066-01141-5101,"RECEIVER-TRANSMITTER,RADIO (KT71)",ALA 9,REC,EM REPARO,WILLIAM,517.0
2026-08-19,3040250723,066-01141-5101,"RECEIVER-TRANSMITTER,RADIO (KT71)",CLA,REC,,BABR,517.0
2026-08-19,3040250721,060-0017-00,FLIGHT DIR HOR,BANT,OS concluída,,,
2026-08-19,3040250725,066-3046-07,"CONTROL,INDICATOR",ALA 10,OS concluída,,,
2026-08-19,3040250724,066-04035-1101,"DISPLAY UNIT,RADAR",PAMALS,REC,,BANT,517.0
2026-08-19,3040250732,069-1025-25,"RECEIVER-TRANSMITTER,RADIO - KX165",PAMALS,REC,EM REPARO,WILLIAM,517.0
2026-08-19,3040250782,2606012-1,INDICATOR-INTER-TURBINE TEMPERATURE,ALA 9,OS concluída,,,
2026-08-19,3040250775,161-11700,INNER WHEEL HALF ASSY,BABE,OS concluída,,,
2026-08-19,3040250773,161-11700,INNER WHEEL HALF ASSY,EEAR,REC,,BACG,517.0
2026-08-19,3040250718,030-18200,MAIN WHEEL BRAKE,BACO,OS concluída,,,
2026-08-19,3040250716,030-18200,MAIN WHEEL BRAKE,BABV,REC,EM REPARO,LEAP,517.0
2026-08-19,3040250717,030-18200,MAIN WHEEL BRAKE,BACO,OS concluída,,,
2026-08-19,3040250780,162-11800,WHEEL HALF ASSY-OUTER,PAMALS,OS concluída,,,
2026-08-19,3040250781,162-11800,WHEEL HALF ASSY-OUTER,BACG,OS concluída,,,
2026-08-19,3040250778,161-12800,WHEEL HALF ASSY-INNER,BACG,OS concluída,,,
2026-08-19,3040250776,161-12800,WHEEL HALF ASSY-INNER,BABE,OS concluída,,,
2026-08-19,3040250790,2643031-7,"FORK ASSY,NOSE GEAR SPRING",BAMN,OS concluída,,,
2026-08-19,3040250791,2643090-1,SHIMMY DAMPENE,BANT,REC,EM REPARO,AV AERONAUTICA,517.0
2026-08-19,3040250792,2643090-1,SHIMMY DAMPENE,BAMN,REC,REPARADO,V1 PAMA-LS,517.0
2026-08-19,3040250789,2641012-14,TRUNNION ASSY-RH-MAIN GEAR,PAMASP,OS concluída,,,
2026-08-19,3040250793,2643099-4,"SUPPORT ASSY FOWARD, NLG SPRING",BAMN,OS concluída,,,
2026-08-19,3040250798,30994-001,BATTERY-MARATHON TSP410 NICAD,BANT,OS concluída,CONDENADO,AMA - VEE ONE,
2026-08-19,3040252191,C611008-0101,ALTERNATOR CONTROL UNIT,PAMALS,REC,,BABR,484.0
2026-08-19,3040252159,011-00916-00,DISPLAY UNIT GDU 1040A,BAMN,REC,,BAMN,484.0
2026-08-19,3040252161,065-0042-03,COMPUTER PA,ALA 10,REC,EM REPARO,WILLIAM,484.0
2026-08-19,3040252162,065-0042-03,COMPUTER PA,EEAR,REC,,BABE,484.0
2026-08-19,3040252164,065-0042-03,COMPUTER PA,EEAR,REC,EM REPARO,WILLIAM,484.0
2026-08-19,3040252165,065-0042-03,COMPUTER PA,PAMALS,OS concluída,,,
2026-08-19,3040252166,065-0059-01,SERVO PITCH,EEAR,REC,EM REPARO,WILLIAM,484.0
2026-08-19,3040252168,066-03064-0005,"ALTIMETER,SERVO CONTROLLED,AUTOMATIC PRESSURE",ALA 9,OS concluída,,,
2026-08-19,3040252173,066-03064-0005,"ALTIMETER,SERVO CONTROLLED,AUTOMATIC PRESSURE",BANT,REC,EM REPARO,LEAP,484.0
2026-08-19,3040252172,066-03064-0005,"ALTIMETER,SERVO CONTROLLED,AUTOMATIC PRESSURE",PAMALS,REC,NO ESTADO,VEE ONE,484.0
2026-08-19,3040252170,066-03064-0005,"ALTIMETER,SERVO CONTROLLED,AUTOMATIC PRESSURE",ALA 7,REC,NO ESTADO,VEE ONE,484.0
2026-08-19,3040252178,066-1072-00,RECEIVER ADF (KING KR87),PAMALS,OS concluída,,,
2026-08-19,3040252182,066-1072-04,"RECEIVER,RADIO",ALA 9,OS concluída,,,
2026-08-19,3040252181,066-1072-04,"RECEIVER,RADIO",PAMASP,REC,EM REPARO,WILLIAM,484.0
2026-08-19,3040252180,066-1072-04,"RECEIVER,RADIO",ALA 8,OS concluída,,,
2026-08-19,3040252185,066-1072-04,"RECEIVER,RADIO",BAMN,OS concluída,,,
2026-08-19,3040252189,9910338-6,"TRANSMITTER,RATE OF FLOW",ALA 8,OS concluída,,,
2026-08-19,3040252190,9910338-6,"TRANSMITTER,RATE OF FLOW",BABR,OS concluída,,,
2026-08-19,3040252160,011-01020-10,AFCS MODE CONTROLLER GMC 710,BAMN,OS concluída,,,
2026-08-19,3040252939,C163030-1001,MAIN W BRAKE A,BABV,REC,,BAMN,454.0
2026-08-19,3040252936,030-18200,MAIN WHEEL BRAKE,BACO,REC,,PAMA-LS,454.0
2026-08-19,3040252935,030-18200,MAIN WHEEL BRAKE,BAMN,OS concluída,,,
2026-08-19,3040252940,30-182,MAIN WHEEL BRAKE,BABV,OS concluída,,,
2026-08-19,3040252942,30-182,MAIN WHEEL BRAKE,BAMN,OS concluída,,,
2026-08-19,3040252943,30-182,MAIN WHEEL BRAKE,BAMN,OS concluída,,,
2026-08-19,3040253170,161-12800,WHEEL HALF ASSY-INNER,BASM,OS concluída,,,
2026-08-19,3040253168,161-12800,WHEEL HALF ASSY-INNER,BASM,REC,REPARADO,VEE ONE,450.0
2026-08-19,3040253172,161-12800,WHEEL HALF ASSY-INNER,PAMALS,REC,,PROCURANDO,450.0
2026-08-19,3040253174,161-12800,WHEEL HALF ASSY-INNER,PAMALS,OS concluída,,,
2026-08-19,3040253173,161-12800,WHEEL HALF ASSY-INNER,PAMALS,REC,EM REPARO,LEAP,450.0
2026-08-19,3040253176,162-10700,OUTER WHEEL HALF ASSY,BABE,OS concluída,,,
2026-08-19,3040253177,162-10700,OUTER WHEEL HALF ASSY,BABV,REC,REPARADO,VEE ONE,450.0
2026-08-19,3040253178,162-10700,OUTER WHEEL HALF ASSY,PAMALS,REC,,PROCURANDO,450.0
2026-08-19,3040253179,162-11800,WHEEL HALF ASSY-OUTER,CLA,OS concluída,,,
2026-08-19,3040253181,162-11800,WHEEL HALF ASSY-OUTER,PAMALS,OS concluída,,,
2026-08-19,3040253180,162-11800,WHEEL HALF ASSY-OUTER,BASM,REC,,PROCURANDO,450.0
2026-08-19,3040253182,162-11800,WHEEL HALF ASSY-OUTER,PAMALS,REC,REPARADO,VEE ONE,450.0
2026-08-19,3040253536,2641012-14,TRUNNION ASSY-RH-MAIN GEAR,PAMALS,OS concluída,,,
2026-08-19,3040253529,066-03064-0005,"ALTIMETER,SERVO CONTROLLED,AUTOMATIC PRESSURE",DSM-MN,REC,DEVOLVIDO NO ESTADO,WILLIAM,440.0
2026-08-19,3040253528,066-03064-0005,"ALTIMETER,SERVO CONTROLLED,AUTOMATIC PRESSURE",BANT,OS concluída,,,
2026-08-19,3040253532,799-1,TRANSDUCER,PAMALS,REC,,BANT,440.0
2026-08-19,3040253535,2643099-4,"SUPPORT ASSY FOWARD, NLG SPRING",BABE,REC,CONDENADO,VEE ONE,440.0
2026-08-19,3040253531,799-1,TRANSDUCER,BAMN,REC,,VEE ONE,440.0
2026-08-19,3040253530,799-1,TRANSDUCER,BAMN,REC,,BANT,440.0
2026-08-19,3040253526,30994-001,BATTERY-MARATHON TSP410 NICAD,PAMALS,OS concluída,CONDENADO,AMA - VEE ONE,
2026-08-19,3040253527,30994-001,BATTERY-MARATHON TSP410 NICAD,BAPV,OS concluída,CONDENADO,AMA - VEE ONE,
2026-08-19,3040254195,540-1407-4,"VALVE,BLEED,TURBINEENGINE",PAMALS,REC,,BANT,422.0
2026-08-19,3040254201,2643090-3,SHIMMY DAMPER-NOSE GEAR,PAMALS,REC,REPARADO,V1 PAMA-LS,422.0
2026-08-19,3040254203,SE1070-6,SHIMMY DAMPENER ASSY,BACGINAT,OS concluída,,,
2026-08-19,3040254205,C660501-0103,"COMPASS,SPEC",PAMALS,REC,REPARADO,V1 PAMA-LS,422.0
2026-08-19,3040254206,C660501-0103,"COMPASS,SPEC",ALA 8,REC,EM REPARO EM GARANTIA,WILLIAM,422.0
2026-08-19,3040254208,C660501-0103,"COMPASS,SPEC",BABV,REC,REPARADO,V1 PAMA-LS,422.0
2026-08-19,3040254210,799-1,TRANSDUCER,BANT,REC,,BANT,422.0
2026-08-19,3040254792,2606013-1RX,INDICATOR-PERCENT RPM,BABR,REC,,BANT,413.0
2026-08-19,3040254770,069-1025-25,"RECEIVER-TRANSMITTER,RADIO - KX165",ALA 9,REC,EM REPARO,WILLIAM,413.0
2026-08-19,3040254799,453-5000-710,EMERGENCY LOCATOR TRANSMITTER MODEL C406-2,PAMASP,OS concluída,,,
2026-08-19,3040254806,C352TS,"EXTINGUISHER,FIRE",PAMALS,REC,REPARADO,V1 PAMA-LS,413.0
2026-08-19,3040254805,C352TS,"EXTINGUISHER,FIRE",PAMALS,OS concluída,,,
2026-08-19,3040254810,C352TS,"EXTINGUISHER,FIRE",PAMALS,OS concluída,,,
2026-08-19,3040254809,C352TS,"EXTINGUISHER,FIRE",PAMAGL,OS concluída,,,
2026-08-19,3040254803,C352TS,"EXTINGUISHER,FIRE",2 ETA,REC,REPARADO,V1 PAMA-LS,413.0
2026-08-19,3040254808,C352TS,"EXTINGUISHER,FIRE",BABR,REC,REPARADO,V1 PAMA-LS,413.0
2026-08-19,3040254795,D145-00-46-2,FLAP ACTUATOR ASSY,BABE,REC,,PAMA-LS,413.0
2026-08-19,3040254793,D145-00-46-2,FLAP ACTUATOR ASSY,PAMALS,REC,,PAMA-LS,413.0
2026-08-19,3040254815,C482001-0402,VACUUM REGULAT,PAMALS,REC,CONDENADO,VEE ONE,413.0
2026-08-19,3040254816,C482001-0402,VACUUM REGULAT,PAMALS,REC,CONDENADO,VEE ONE,413.0
2026-08-19,3040254820,2641011-5,AXLE-MAIN GEAR,BAMN,OS concluída,,,
2026-08-19,3040254817,2641011-5,AXLE-MAIN GEAR,BABE,OS concluída,,,
2026-08-19,3040254818,2641011-5,AXLE-MAIN GEAR,BABE,OS concluída,,,
2026-08-19,3040254819,2641011-5,AXLE-MAIN GEAR,BANT,OS concluída,,,
2026-08-19,3040254796,30994-001,BATTERY-MARATHON TSP410 NICAD,BAMN,OS concluída,,,
2026-08-19,3040254789,452-0133,"BATTERY,NONRECHARGEABLE",BAMN,REC,CONDENADO,VEE ONE,413.0
2026-08-19,3040254788,452-0133,"BATTERY,NONRECHARGEABLE",BAMN,REC,CONDENADO,VEE ONE,413.0
2026-08-19,3040254787,452-0133,"BATTERY PACK,AIRCRAFT",DACTA II,REC,CONDENADO,VEE ONE,413.0
2026-08-19,3040254786,452-0133,"BATTERY PACK,AIRCRAFT",BAMN,REC,CONDENADO,VEE ONE,413.0
2026-08-19,3040254785,452-0133,"BATTERY,NONRECHARGEABLE",BAMN,REC,CONDENADO,VEE ONE,413.0
2026-08-19,3040254784,452-0133,"BATTERY,NONRECHARGEABLE",DACTA II,REC,CONDENADO,VEE ONE,413.0
2026-08-19,3040255326,011-00916-00,DISPLAY UNIT GDU 1040A,BAMN,REC,,BAMN,404.0
2026-08-19,3040255319,702801-5,FUEL PUMP,PAMASP,REC,EM REPARO,VEE ONE,404.0
2026-08-19,3040255321,8210-002,"GOVERNOR,CONSTANT SPEED DRIVE",PAMALS,OS concluída,,,
2026-08-19,3040255461,DAAS-A-010-1,ADAS-D PROCESSOR,PAMALS,REC,EM REPARO,VEE ONE,400.0
2026-08-19,3040255589,071-01519-0101,"RECEIVER-EXCITER,RADAR",BANT,REC,,PROCURANDO,398.0
2026-08-19,3040255590,071-01519-0101,"RECEIVER-EXCITER,RADAR",PAMALS,OS concluída,,,
2026-08-19,3040255706,C661064-0237,AIRSPEED INDICATOR,BAMN,OS concluída,,,
2026-08-19,3040256114,5934PAD-3,"ALTIMETER,PRESSURE",PAMALS,REC,EM REPARO,VEE ONE,384.0
2026-08-19,3040256119,011-00878-10,GSA-81 TORQUE SERVO,BAPV,REC,EM REPARO,LEAP,384.0
2026-08-19,3040256112,011-00883-20,RADAR GWX 68 WEATHER,BABE,REC,,BAMN,384.0
2026-08-19,3040256115,5934PAD-3,"ALTIMETER,PRESSURE",PAMALS,OS concluída,,,
2026-08-19,3040256118,011-00878-10,GSA-81 TORQUE SERVO,BAPV,REC,,BACO,384.0
2026-08-19,3040256120,011-00916-10,"DISPLAY UNIT,FLIGHT INFORMATION",BAMN,OS concluída,,,
2026-08-19,3040256314,066-4010-12,RECEIVER VOR/LOC (KNS81),EEAR,REC,EM REPARO,LEAP,371.0
2026-08-19,3040256311,3121248-03,"VALVE ASSEMBLY,COMPRESSOR BLEED",PAMALS,OS concluída,,,
2026-08-19,3040256704,C661064-0237,AIRSPEED INDICATOR,PAMALS,OS concluída,,,
2026-08-19,3040256707,D210507,"GOVERNOR,OVERSPEED",PAMALS,OS concluída,,,
2026-08-19,3040256708,D210507,"GOVERNOR,OVERSPEED",PAMALS,REC,REPARADO,VEE ONE,362.0
2026-08-19,3040256702,C661064-0237,AIRSPEED INDICATOR,BABR,OS concluída,,,
2026-08-19,3040256703,C661064-0237,AIRSPEED INDICATOR,PAMALS,OS concluída,,,
2026-08-19,3040256662,030-18200,MAIN WHEEL BRAKE,BASM,OS concluída,,,
2026-08-19,3040256665,161-11700,INNER WHEEL HALF ASSY,BABV,OS concluída,,,
2026-08-19,3040256666,161-11700,INNER WHEEL HALF ASSY,PAMALS,OS concluída,,,
2026-08-19,3040256667,161-11700,INNER WHEEL HALF ASSY,PAMALS,OS concluída,,,
2026-08-19,3040256668,161-11700,INNER WHEEL HALF ASSY,PAMALS,OS concluída,,,
2026-08-19,3040256669,161-11700,INNER WHEEL HALF ASSY,PAMALS,OS concluída,,,
2026-08-19,3040256670,161-11700,INNER WHEEL HALF ASSY,PAMALS,OS concluída,,,
2026-08-19,3040256671,161-11700,INNER WHEEL HALF ASSY,PAMALS,REC,REPARADO,VEE ONE,362.0
2026-08-19,3040256698,030-18200,MAIN WHEEL BRAKE,PAMASP,REC,,PROCURANDO,362.0
2026-08-19,3040256713,030-18200,MAIN WHEEL BRAKE,ALA 3,REC,,BAMN,362.0
2026-08-19,3040256694,162-11800,WHEEL HALF ASSY-OUTER,BANT,OS concluída,,,
2026-08-19,3040256696,162-11800,WHEEL HALF ASSY-OUTER,PAMALS,REC,,PAMA-LS,362.0
2026-08-19,3040256672,161-12800,WHEEL HALF ASSY-INNER,PAMALS,REC,REPARADO,VEE ONE,362.0
2026-08-19,3040256675,161-12800,WHEEL HALF ASSY-INNER,BANT,OS concluída,,,
2026-08-19,3040256792,011-00877-00,"GSA-80 SERVO ROL,YAW,SPEC",BAMN,REC,,PROCURANDO,362.0
2026-08-19,3040256787,011-00877-00,"GSA-80 SERVO ROL,YAW,SPEC",PAMALS,REC,EM REPARO,VEE ONE,362.0
2026-08-19,3040256828,011-00883-20,RADAR GWX 68 WEATHER,PAMALS,REC,CONDENADO,V1 PAMA-LS,362.0
2026-08-19,3040256709,3121248-03,"VALVE ASSEMBLY,COMPRESSOR BLEED",PAMASP,REC,,BANT,359.0
2026-08-19,3040256673,161-12800,WHEEL HALF ASSY-INNER,PAMALS,REC,CONDENADO,VEE ONE,359.0
2026-08-19,3040257095,011-01105-01,INTEGRATED AVIONICS UNIT GIA63W,BABE,REC,EM REPARO,VEE ONE,355.0
2026-08-19,3040257096,011-01105-01,INTEGRATED AVIONICS UNIT GIA63W,BABE,REC,,BAMN,355.0
2026-08-19,3040257093,065-00183-0501,AUTOPILOT COMPUTER KFC225,BABE,REC,,BANT,355.0
2026-08-19,3040257094,065-00183-0501,AUTOPILOT COMPUTER KFC225,BABE,REC,,BANT,355.0
2026-08-19,3040257443,161-12800,WHEEL HALF ASSY-INNER,ALA 3,AUT,,NÃO TEVE MOVIMENTAÇÃO,343.0
2026-08-19,3040257442,C163030-1001,MAIN W BRAKE A,BAMN,OS concluída,REPARADO,VEE ONE,
2026-08-19,3040257452,3244809-8,"FUEL CONTROL,MAIN,TURBINE ENGINE",BAPV,OS concluída,,,
2026-08-19,3040257454,EA-5172-45-CES,"INDICATOR,AIRSPEED",BACG,OS concluída,,,
2026-08-19,3040257453,EA-5172-45-CES,"INDICATOR,AIRSPEED",ALA 7,REC,DEVOLVIDO NO ESTADO,WILLIAM,336.0
2026-08-19,3040257451,3244809-7,"FUEL CONTROL,MAIN,TURBINE ENGINE",PAMASP,REC,,BANT,336.0
2026-08-19,3040257450,3244809-4,"FUEL CONTROL,MAIN,TURBINE ENGINE",PAMASP,OS concluída,EM REPARO,LEAP,
2026-08-19,3040257438,030-18200,MAIN WHEEL BRAKE,BAMN,REC,REPARADO,VEE ONE,336.0
2026-08-19,3040257444,162-10700,OUTER WHEEL HALF ASSY,PAMALS,OS concluída,,,
2026-08-19,3040257447,162-10700,OUTER WHEEL HALF ASSY,PAMALS,OS concluída,,,
2026-08-19,3040257436,30994-001,BATTERY-MARATHON TSP410 NICAD,PAMALS,OS concluída,CONDENADO,AMA - VEE ONE,
2026-08-19,3040257441,030-18200,MAIN WHEEL BRAKE,BAPV,REC,,BAMN,336.0
2026-08-19,3040257440,030-18200,MAIN WHEEL BRAKE,BANT,REC,CONDENADO,VEE ONE,336.0
2026-08-19,3040257439,030-18200,MAIN WHEEL BRAKE,BAMN,REC,,BAMN,336.0
2026-08-19,3040258306,D210507,"GOVERNOR,OVERSPEED",PAMALS,REC,EM REPARO,LEAP,316.0
2026-08-19,3040258310,D210507,"GOVERNOR,OVERSPEED",BACO,OS concluída,,,
2026-08-19,3040258309,D210507,"GOVERNOR,OVERSPEED",BAMN,REC,EM REPARO,LEAP,316.0
2026-08-19,3040258308,D210507,"GOVERNOR,OVERSPEED",BAMN,OS concluída,,,
2026-08-19,3040258307,D210507,"GOVERNOR,OVERSPEED",ALA 5,OS concluída,,,
2026-08-19,3040258303,011-00877-00,"GSA-80 SERVO ROL,YAW,SPEC",DACTA II,REC,EM REPARO,VEE ONE,316.0
2026-08-19,3040258422,2601188-8,COMPRESSOR DRIVE ASSY R134A,PAMASP,REC,,PROCURANDO,314.0
2026-08-19,3040258419,011-00877-00,"GSA-80 SERVO ROL,YAW,SPEC",DACTA II,REC,EM REPARO,VEE ONE,314.0
2026-08-19,3040258420,011-00877-00,"GSA-80 SERVO ROL,YAW,SPEC",BACO,REC,EM REPARO,VEE ONE,314.0
2026-08-19,3040258421,011-00877-00,"GSA-80 SERVO ROL,YAW,SPEC",BABE,REC,,BACO,314.0
2026-08-19,3040258764,069-01034-0102,"NAVIGATION SET,SATELLITE SIGNALS KLN-94",PAMALS,REC,,BANT,307.0
2026-08-19,3040259152,066-01141-5101,"TRANSPONDER,RADAR",BABE,REC,,BANT,288.0
2026-08-19,3040259151,066-01141-5101,"TRANSPONDER,RADAR",BANT,REC,REPARADO,V1 PAMA-LS,288.0
2026-08-19,3040259251,064-1019-05,VHF TRANSCEIVE KY196,EEAR,REC,,EEAR,286.0
2026-08-19,3040259146,1U149-015-15,HORIZ. GYRO-STADBY,PAMALS,REC,EM REPARO,VEE ONE,285.0
2026-08-19,3040259147,162-10700,OUTER WHEEL HALF ASSY,BANT,REC,EM REPARO,AMA - VEE ONE,285.0
2026-08-19,3040259148,3049038-03,"VALVE,COMPRESSOR BLEED",BANT,OS concluída,,,
2026-08-19,3040259316,2606015-4,INDICATOR-OIL TEMP/OIL PRESS,BACG,REC,REPARADO,V1 PAMA-LS,282.0
2026-08-19,3040259564,C414007-0102,BLOWER ASSY,PAMALS,OS concluída,,,
2026-08-19,3040259568,C414007-0102,BLOWER ASSY,ALA 10,OS concluída,,,
2026-08-19,3040259570,C414007-0102,BLOWER ASSY,ALA 10,OS concluída,,,
2026-08-19,3040259694,025323-150,FUEL PUMP,PAMASP,REC,,BACO,274.0
2026-08-19,3040259922,C414007-0102,BLOWER ASSY,BANT,REC,REPARADO,V1 PAMA-LS,267.0
2026-08-19,3040259928,C414007-0102,BLOWER ASSY,PAMALS,REC,EM REPARO,VEE ONE,267.0
2026-08-19,3040259924,C414007-0102,BLOWER ASSY,BACG,REC,EM REPARO,VEE ONE,267.0
2026-08-19,3040259918,C414007-0102,BLOWER ASSY,ALA 10,REC,EM REPARO,VEE ONE,267.0
2026-08-19,3040259950,065-0060-01,"CONTROL,SERVO,AUTOMATIC PILOT",PAMALS,REC,EM REPARO,LEAP,267.0
2026-08-19,3040259949,065-0060-01,"CONTROL,SERVO,AUTOMATIC PILOT",PAMALS,REC,EM REPARO,LEAP,267.0
2026-08-19,3040259947,066-3046-07,"CONTROL,INDICATOR",EEAR,OS concluída,,,
2026-08-19,3040259946,066-3046-07,"CONTROL,INDICATOR",BANT,REC,,BANT,267.0
2026-08-19,3040259944,066-3046-07,"CONTROL,INDICATOR",EEAR,REC,,PAMA-LS,267.0
2026-08-19,3040260209,011-00916-00,DISPLAY UNIT GDU 1040A,PAMALS,REC,,BAMN,253.0
2026-08-19,3040260208,324843-W020,HEADSET-MICROPHONE,PAMALS,REC,VAI SER DEVOLVIDO SEM REPARO,WILLIAM,253.0
2026-08-19,3040260204,324843-W020,HEADSET-MICROPHONE,PAMALS,OS concluída,,,
2026-08-19,3040260205,324843-W020,HEADSET-MICROPHONE,PAMALS,OS concluída,,,
2026-08-19,3040260388,SD5H14C4527,AIR COMPRESSOR,PAMALS,REC,EM REPARO,VEE ONE,246.0
2026-08-19,3040260382,065-00183-0501,AUTOPILOT COMPUTER KFC225,BANT,REC,,BANT,246.0
2026-08-19,3040260389,SD5H14C4527,AIR COMPRESSOR,PAMALS,REC,EM REPARO,VEE ONE,246.0
2026-08-19,3040260517,ASG12000-2,ALTERNATOR,PAMALS,OS concluída,,,
2026-08-19,3040260524,51539-012M,CONTROL UNIT ASSY-GENERATOR,BANT,REC,,BACG,243.0
2026-08-19,3040260516,ASG12000-2,ALTERNATOR,PAMALS,REC,REPARADO,V1 PAMA-LS,243.0
2026-08-19,3040260523,9910592-2,ALTERNADOR,BAMN,REC,REPARADO,V1 PAMA-LS,243.0
2026-08-19,3040260522,9910592-2,ALTERNADOR,BAMN,REC,REPARADO,V1 PAMA-LS,243.0
2026-08-19,3040260547,161-12800,WHEEL HALF ASSY-INNER,EPCAR,OS concluída,REPARADO,VEE ONE,
2026-08-19,3040260545,161-11700,INNER WHEEL HALF ASSY,BACG,REC,REPARADO,VEE ONE,225.0
2026-08-19,3040260544,161-11700,INNER WHEEL HALF ASSY,BANT,REC,REPARADO,VEE ONE,225.0
2026-08-19,3040260546,161-12800,WHEEL HALF ASSY-INNER,PAMALS,REC,REPARADO,VEE ONE,225.0
2026-08-19,3040260548,161-11700,INNER WHEEL HALF ASSY,CLA,REC,REPARADO,VEE ONE,225.0
2026-08-19,3040260549,162-10700,OUTER WHEEL HALF ASSY,BACG,REC,REPARADO,VEE ONE,225.0
2026-08-19,3040260550,162-10700,OUTER WHEEL HALF ASSY,CLA,REC,REPARADO,VEE ONE,225.0
2026-08-19,3040260551,162-11800,WHEEL HALF ASSY-OUTER,BANT,REC,REPARADO,VEE ONE,225.0
2026-08-19,3040260552,30994-001,BATTERY-MARATHON TSP410 NICAD,BABE,OS concluída,CONDENADO,AMA - VEE ONE,
2026-08-19,3040260543,324843-W020,HEADSET-MICROPHONE,PAMALS,REC,VAI SER DEVOLVIDO SEM REPARO,WILLIAM,225.0
2026-08-19,3040260542,324843-W020,HEADSET-MICROPHONE,PAMALS,REC,,BABE,225.0
2026-08-19,3040260541,324843-W020,HEADSET-MICROPHONE,PAMALS,OS concluída,,,
2026-08-19,3040260540,324843-W020,HEADSET-MICROPHONE,PAMALS,OS concluída,,,
2026-08-19,3040260538,324843-W020,HEADSET-MICROPHONE,PAMALS,REC,,BABE,225.0
2026-08-19,3040260539,324843-W020,HEADSET-MICROPHONE,PAMALS,REC,,BABE,225.0
2026-08-19,3040260595,9910586-4,FLAP ACTUATOR AND MOTOR ASSEMBLY,7 ETA,REC,,BAMN,225.0
2026-08-19,3040260597,9910586-4,FLAP ACTUATOR AND MOTOR ASSEMBLY,BAPV,REC,REPARADO,VEE ONE,225.0
2026-08-19,3040260583,3244897-4,FUEL CONTROL UNIT,PAMALS,OS concluída,,,
2026-08-19,3040260750,3122678-04,FUEL CONTROL UNIT,PAMASP,REC,,BANT,217.0
2026-08-19,3040260752,3244897-4,FUEL CONTROL UNIT,PAMASP,OS concluída,,,
2026-08-19,3040260753,3244809-7,"FUEL CONTROL,MAIN,TURBINE ENGINE",PAMASP,OS concluída,,,
2026-08-19,3040260754,3244809-1,"FUEL CONTROL,MAIN,TURBINE ENGINE",PAMASP,REC,EM QUARENTENA,LEAP,217.0
2026-08-19,3040254794,C145-350,"MOTOR,DIRECT CURRENT",PAMALS,OS concluída,,,
2026-08-19,3040260913,064-1054-30,RECEIVER-TRANSMITTER SUBASSEMBLY,EPCAR,REC,REPARADO,V1 PAMA-LS,205.0
2026-08-19,3040260915,064-1054-30,RECEIVER-TRANSMITTER SUBASSEMBLY,PAMALS,REC,REPARADO,V1 PAMA-LS,205.0
2026-08-19,3040260811,3034792,BOMBA DE COMBUSTÍVEL,BAPV,REC,,BABR,203.0
2026-08-19,3040260812,3034792,BOMBA DE COMBUSTÍVEL,BACG,OS concluída,,,
2026-08-19,3040260922,162-11800,WHEEL HALF ASSY-OUTER,PAMALS,OS concluída,,,
2026-08-19,3040260923,030-18200,MAIN WHEEL BRAKE,BACO,REC,REPARADO,VEE ONE,203.0
2026-08-19,3040261389,3034792,BOMBA DE COMBUSTÍVEL,PAMASP,REC,REPARADO,V1 PAMA-LS,190.0
2026-08-19,3040261388,3034792,BOMBA DE COMBUSTÍVEL,BABR,OS concluída,,,
2026-08-19,3040261387,3034792,BOMBA DE COMBUSTÍVEL,BABR,OS concluída,,,
2026-08-19,3040261371,TFF2905-13,FUEL FLOW TRANSDUCER,ALA 8,REC,EM REPARO,WILLIAM,190.0
2026-08-19,3040261375,C661065-0240RX,"INDICATOR, AIRSPEED",BACG,REC,EM REPARO,WILLIAM,190.0
2026-08-19,3040261373,C661065-0240,AIRSPEED INDICATOR,BABE,REC,REPARADO,V1 PAMA-LS,190.0
2026-08-19,3040261322,011-00831-00,"ENGINE INTERFA,SPEC",BAPV,REC,REPARADO,VEE ONE,190.0
2026-08-19,3040261326,011-00882-10,"COMPUTER,AIR DATA",BAMN,OS concluída,,,
2026-08-19,3040261324,011-00882-10,"COMPUTER,AIR DATA",BAMN,OS concluída,,,
2026-08-19,3040261327,064-1054-30,RECEIVER-TRANSMITTER SUBASSEMBLY,PAMASP,REC,REPARADO,V1 PAMA-LS,190.0
2026-08-19,3040261336,066-01141-0101,"RECEIVER,RADIO",BANT,REC,REPARADO,V1 PAMA-LS,190.0
2026-08-19,3040261334,065-0065-01,SELECTOR ALT,BANT,REC,EM REPARO,WILLIAM,190.0
2026-08-19,3040261331,065-0061-36,ACTUATOR TRIM (KS272A),PAMASP,REC,,BABR,190.0
2026-08-19,3040261329,065-0061-36,ACTUATOR TRIM (KS272A),ALA 10,OS concluída,,,
2026-08-19,3040261335,065-0065-01,SELECTOR ALT,BANT,REC,EM REPARO,WILLIAM,190.0
2026-08-19,3040261342,066-3084-02,COLOR RADAR INDICATOR,BABV,REC,EM REPARO,WILLIAM,190.0
2026-08-19,3040261340,066-1053-00,"RECEIVER,RADIO",BASM,REC,REPARADO,V1 PAMA-LS,190.0
2026-08-19,3040261377,066-3054-01,INDICATOR RADAR ALTIMETER - TYPE KI250,PAMALS,REC,EM REPARO,WILLIAM,190.0
2026-08-19,3040261376,066-1061-03,RT RADAR ALTIM (KRA10A),PAMALS,REC,PARA REPARO,VEE ONE,190.0
2026-08-19,3040261352,1134380-4,EVAPORATOR MODULE ASSY-RH,BAMN,REC,CONDENADO,VEE ONE,190.0
2026-08-19,3040261347,071-1234-00,ANTENNA ACCESSORY,ALA 1,REC,EM REPARO,WILLIAM,190.0
2026-08-19,3040261344,066-4010-12,RECEIVER VOR/LOC (KNS81),ALA 10,REC,EM REPARO,WILLIAM,190.0
2026-08-19,3040261353,1H75-21,PRESSURE REGULATOR,BAMN,REC,,BAMN,190.0
2026-08-19,3040261357,2682001-1,BRAKE CYL MAST,BABE,OS concluída,,,
2026-08-19,3040261356,2670104-2,ANNUNCIATOR PANEL,PAMALS,REC,REPARADO,VEE ONE,190.0
2026-08-19,3040261355,2643100-201,NOSE GEAR STRUT ASSY - TALL FORK,BABR,OS concluída,,,
2026-08-19,3040261354,2643100-201,NOSE GEAR STRUT ASSY - TALL FORK,BANT,REC,EM REPARO,AV AERONAUTICA,190.0
2026-08-19,3040261364,8210-002-01,GOVERNOR PROPELLER,PAMASP,REC,REPARADO,VEE ONE,190.0
2026-08-19,3040261627,S3828-1,ALTIMETER,BAMN,REC,EM REPARO,WILLIAM,176.0
2026-08-19,3040261628,S3828-1,ALTIMETER,BABE,REC,REPARADO,V1 PAMA-LS,176.0
2026-08-19,3040261851,51539-012MRX,CONTROL UNIT ASSY-GENERATOR,BABE,REC,EM REPARO,VEE ONE,168.0
2026-08-19,3040261852,51539-012MRX,CONTROL UNIT ASSY-GENERATOR,BABE,REC,EM REPARO,VEE ONE,168.0
2026-08-19,3040261843,3034792,BOMBA DE COMBUSTÍVEL,PAMALS,REC,EM REPARO,VEE ONE,163.0
2026-08-19,3040262245,200SGL119Q-2,STARTER GENERATOR,BAMN,OS concluída,,,
2026-08-19,3040262246,200SGL119Q-2,STARTER GENERATOR,BAMN,OS concluída,,,
2026-08-19,3040262273,324843-W020,HEADSET-MICROPHONE,BABE,OS concluída,,,
2026-08-19,3040262275,324843-W020,HEADSET-MICROPHONE,BANT,OS concluída,,,
2026-08-19,3040262363,066-1055-00,AUDIO CONTROL PANEL,ALA 5,OS concluída,,,
2026-08-19,3040262367,066-1055-00,AUDIO CONTROL PANEL,ALA 9,REC,EM REPARO,WILLIAM,146.0
2026-08-19,3040262368,066-1055-00,AUDIO CONTROL PANEL,CLA,OS concluída,,,
2026-08-19,3040262372,51539-012M,CONTROL UNIT ASSY-GENERATOR,BANT,REC,,V1 PAMA-LS,146.0
2026-08-19,3040262371,51539-012N,CONTROL UNIT ASSY-GENERATOR,BANT,REC,REPARADO,V1 PAMA-LS,146.0
2026-08-19,3040262419,065-0061-36,ACTUATOR TRIM (KS272A),ALA 9,REC,EM REPARO,WILLIAM,141.0
2026-08-19,3040262734,C352,PORTABLE HALON FIRE EXTINGUISHERS,ALA 5,REC,EM REPARO,AV AERONAUTICA,128.0
2026-08-19,3040262738,C352TS,"EXTINGUISHER,FIRE",BANT,REC,,PROCURANDO,128.0
2026-08-19,3040262739,C352TS,"EXTINGUISHER,FIRE",BANT,REC,,PROCURANDO,128.0
2026-08-19,3040262740,C352TS,"EXTINGUISHER,FIRE",PAMALS,REC,,PROCURANDO,128.0
2026-08-19,3040262766,011-00883-20,RADAR GWX 68 WEATHER,BAMN,OS concluída,EM REPARO,VEE ONE,
2026-08-19,3040262765,011-00883-20,RADAR GWX 68 WEATHER,BAMN,REC,EM REPARO,VEE ONE,128.0
2026-08-19,3040262772,011-01020-10,AFCS MODE CONTROLLER GMC 710,BAMN,REC,EM REPARO,WILLIAM,128.0
2026-08-19,3040262770,011-01020-10,AFCS MODE CONTROLLER GMC 710,BAMN,REC,EM REPARO,WILLIAM,128.0
2026-08-19,3040262773,011-01020-10,AFCS MODE CONTROLLER GMC 710,BAMN,REC,EM REPARO,WILLIAM,128.0
2026-08-19,3040262746,066-1070-01,TRANSCEIVER DME (KN63),BABE,REC,EM REPARO,WILLIAM,128.0
2026-08-19,3040262745,064-1019-05,VHF TRANSCEIVE KY196,EEAR,REC,EM REPARO,VEE ONE,128.0
2026-08-19,3040262747,066-1072-00,RECEIVER ADF (KING KR87),ALA 7,REC,EM REPARO,WILLIAM,128.0
2026-08-19,3040262748,066-3046-07,"CONTROL,INDICATOR",BABR,REC,,BANT,128.0
2026-08-19,3040262769,066-3046-07,"CONTROL,INDICATOR",BABR,REC,,BANT,128.0
2026-08-19,3040262768,066-3046-07,"CONTROL,INDICATOR",EEAR,REC,EM REPARO,LEAP,128.0
2026-08-19,3040262767,066-3046-07,"CONTROL,INDICATOR",EEAR,REC,EM REPARO,LEAP,128.0
2026-08-19,3040262791,066-3060-00,IND RMI KNI582,BANT,REC,EM REPARO,LEAP,128.0
2026-08-19,3040262630,161-11700,INNER WHEEL HALF ASSY,BANT,REC,REPARADO,VEE ONE,128.0
2026-08-19,3040262792,066-3060-00,IND RMI KNI582,BANT,REC,EM REPARO,LEAP,128.0
2026-08-19,3040262634,162-10700,OUTER WHEEL HALF ASSY,BANT,REC,REPARADO,VEE ONE,128.0
2026-08-19,3040262632,161-12800,WHEEL HALF ASSY-INNER,BANT,OS concluída,REPARADO,VEE ONE,
2026-08-19,3040262633,161-12800,WHEEL HALF ASSY-INNER,BANT,REC,REPARADO,VEE ONE,128.0
2026-08-19,3040262635,162-11800,WHEEL HALF ASSY-OUTER,EPCAR,REC,REPARADO,VEE ONE,128.0
2026-08-19,3040262637,162-11800,WHEEL HALF ASSY-OUTER,BANT,REC,REPARADO,VEE ONE,128.0
2026-08-19,3040262636,162-11800,WHEEL HALF ASSY-OUTER,BANT,REC,REPARADO,VEE ONE,128.0
2026-08-19,3040262646,200SGL119Q,STARTER GENERATOR,PAMASP,OS concluída,,,
2026-08-19,3040262639,200SGL119Q,STARTER GENERATOR,PAMASP,OS concluída,,PAMA-LS,
2026-08-19,3040262638,200SGL119Q,STARTER GENERATOR,PAMALS,REC,EM REPARO,AV AERONAUTICA,128.0
2026-08-19,3040262757,2606015-2,IND OIL TEMP/P,PAMALS,REC,EM REPARO,VEE ONE,128.0
2026-08-19,3040262706,2641011-5,AXLE-MAIN GEAR,BAMN,REC,,BANT,128.0
2026-08-19,3040262707,2641011-5,AXLE-MAIN GEAR,BABV,REC,REPARADO,VEE ONE,128.0
2026-08-19,3040262717,2641011-5,AXLE-MAIN GEAR,BANT,REC,REPARADO,VEE ONE,128.0
2026-08-19,3040262714,2641011-5,AXLE-MAIN GEAR,BAPV,REC,,BANT,128.0
2026-08-19,3040262713,2641011-5,AXLE-MAIN GEAR,BAPV,REC,REPARADO,VEE ONE,128.0
2026-08-19,3040262712,2641011-5,AXLE-MAIN GEAR,BABR,REC,,BANT,128.0
2026-08-19,3040262711,2641011-5,AXLE-MAIN GEAR,BABR,REC,,BANT,128.0
2026-08-19,3040262709,2641011-5,AXLE-MAIN GEAR,PAMALS,REC,,BANT,128.0
2026-08-19,3040262708,2641011-5,AXLE-MAIN GEAR,PAMALS,REC,,BANT,128.0
2026-08-19,3040262744,3244809-1A,F.C.U,PAMALS,REC,EM REPARO,LEAP,128.0
2026-08-19,3040262758,9910338-4,FUEL TOTALIZER INDICATOR,PAMALS,REC,EM REPARO,VEE ONE,128.0
2026-08-19,3040262759,9910338-6,"TRANSMITTER,RATE OF FLOW",BAMN,REC,EM REPARO,WILLIAM,128.0
2026-08-19,3040262760,9910338-6,"TRANSMITTER,RATE OF FLOW",BANT,REC,EM REPARO,VEE ONE,128.0
2026-08-19,3040262966,2682001-1,BRAKE CYL MAST,BACO,OS concluída,,PAMA-LS,
2026-08-19,3040262967,2682001-1,BRAKE CYL MAST,PAMALS,REC,REPARADO,V1 PAMA-LS,126.0
2026-08-19,3040262968,2682001-1,BRAKE CYL MAST,BANT,OS concluída,,PAMA-LS,
2026-08-19,3040262969,2682001-1,BRAKE CYL MAST,BABE,REC,REPARADO,V1 PAMA-LS,126.0
2026-08-19,3040263069,453-5060,ELT C406-N,BABE,OS concluída,,,
2026-08-19,3040263283,D145-00-46-2,FLAP ACTUATOR ASSY,PAMALS,REC,EM REPARO,LEAP,111.0
2026-08-19,3040263284,D145-00-46-2,FLAP ACTUATOR ASSY,BAFL,REC,EM REPARO,LEAP,111.0
2026-08-19,3040263324,069-01033-0101,"RECEIVER-TRANSMITTER,RADIO",PAMALS,REC,EM REPARO,LEAP,111.0
2026-08-19,3040263287,C661065-0237,AIRSPEED INDICATOR,BABR,REC,REPARADO,VEE ONE,111.0
2026-08-19,3040263288,C661065-0237,AIRSPEED INDICATOR,PAMASP,REC,REPARADO,VEE ONE,111.0
2026-08-19,3040263314,060-0017-00,FLIGHT DIR HOR,EEAR,REC,EM REPARO,LEAP,111.0
2026-08-19,3040263319,066-1055-00,AUDIO CONTROL PANEL,BABE,REC,REPARADO,VEE ONE,111.0
2026-08-19,3040263317,060-0017-00,FLIGHT DIR HOR,PAMASP,REC,,BANT,111.0
2026-08-19,3040263316,060-0017-00,FLIGHT DIR HOR,BANT,REC,,BANT,111.0
2026-08-19,3040263320,066-1055-00,AUDIO CONTROL PANEL,PAMALS,REC,EM REPARO,AV AERONAUTICA,111.0
2026-08-19,3040263325,069-01033-0101,"RECEIVER-TRANSMITTER,RADIO",PAMALS,REC,,PROCURANDO,111.0
2026-08-19,3040263335,C611008-0101,ALTERNATOR CONTROL UNIT,PAMALS,REC,EM REPARO,AV AERONAUTICA,111.0
2026-08-19,3040263336,C611008-0101,ALTERNATOR CONTROL UNIT,PAMALS,REC,EM REPARO,AV AERONAUTICA,111.0
2026-08-19,3040263286,C661065-0237,AIRSPEED INDICATOR,BANT,REC,DEVOLVIDO NO ESTADO,WILLIAM,111.0
2026-08-19,3040263322,066-1055-00,AUDIO CONTROL PANEL,ALA 9,REC,EM REPARO,WILLIAM,111.0
2026-08-19,3040263326,069-01033-0101,"RECEIVER-TRANSMITTER,RADIO",PAMALS,REC,,BANT,111.0
2026-08-19,3040263315,060-0017-00,FLIGHT DIR HOR,BACG,OS concluída,,BABR,
2026-08-19,3040263334,011-00916-10,"DISPLAY UNIT,FLIGHT INFORMATION",BACO,REC,VAI SER DEVOLVIDO SEM REPARO,WILLIAM,111.0
2026-08-19,3040263333,011-00916-10,"DISPLAY UNIT,FLIGHT INFORMATION",BACO,REC,EM REPARO,WILLIAM,111.0
2026-08-19,3040263332,011-00916-10,"DISPLAY UNIT,FLIGHT INFORMATION",BAMN,OS concluída,EM REPARO,WILLIAM,
2026-08-19,3040263331,C661064-0237,AIRSPEED INDICATOR,PAMALS,REC,VAI SER DEVOLVIDO SEM REPARO,WILLIAM,111.0
2026-08-19,3040263329,C661064-0237,AIRSPEED INDICATOR,PAMALS,REC,EM REPARO,WILLIAM,111.0
2026-08-19,3040263328,C661064-0237,AIRSPEED INDICATOR,BABR,REC,EM REPARO,WILLIAM,111.0
2026-08-19,3040263327,C661064-0237,AIRSPEED INDICATOR,BABR,REC,EM REPARO,WILLIAM,111.0
2026-08-19,3040263330,C661064-0237,AIRSPEED INDICATOR,PAMALS,REC,EM REPARO,WILLIAM,111.0
2026-08-19,3040263338,C611008-0101,ALTERNATOR CONTROL UNIT,PAMALS,REC,REPARADO,V1 PAMA-LS,111.0
2026-08-19,3040263433,066-03064-0005,"ALTIMETER,SERVO CONTROLLED,AUTOMATIC PRESSURE",BACG,REC,EM REPARO,WILLIAM,105.0
2026-08-19,3040263435,066-03064-0005,"ALTIMETER,SERVO CONTROLLED,AUTOMATIC PRESSURE",BANT,REC,EM REPARO,WILLIAM,105.0
2026-08-19,3040263434,066-03064-0005,"ALTIMETER,SERVO CONTROLLED,AUTOMATIC PRESSURE",PAMASP,REC,VAI SER DEVOLVIDO SEM REPARO,WILLIAM,105.0
2026-08-19,3040263417,069-01033-0101,"RECEIVER-TRANSMITTER,RADIO",PAMALS,REC,EM REPARO,WILLIAM,105.0
2026-08-19,3040263416,069-01033-0101,"RECEIVER-TRANSMITTER,RADIO",BASM,REC,EM REPARO,WILLIAM,105.0
2026-08-19,3040263415,069-01033-0101,"RECEIVER-TRANSMITTER,RADIO",BABR,REC,,BANT,105.0
2026-08-19,3040263447,066-3046-07,"CONTROL,INDICATOR",CLA,REC,,BABR,105.0
2026-08-19,3040263443,3244897-4,FUEL CONTROL UNIT,PAMALS,REC,EM REPARO,LEAP,104.0
2026-08-19,3040263444,3244897-4,FUEL CONTROL UNIT,PAMALS,REC,EM REPARO,LEAP,104.0
2026-08-19,3040263577,060-0015-00,"CONTROL,DIRECTIONAL,AUTOMATIC PILOT",ALA 5,REC,EM REPARO,WILLIAM,99.0
2026-08-19,3040263574,066-1072-04,"RECEIVER,RADIO",BABE,REC,EM REPARO,WILLIAM,99.0
2026-08-19,3040263576,066-1072-04,"RECEIVER,RADIO",BAMN,OS concluída,DEVOLVIDO NO ESTADO,WILLIAM,
2026-08-19,3040263575,066-1072-04,"RECEIVER,RADIO",BABE,REC,EM REPARO,WILLIAM,99.0
2026-08-19,3040263573,066-3084-32,IND RDR 2000 IN-182A,PAMALS,REC,,BABR,99.0
2026-08-19,3040263571,066-3084-32,IND RDR 2000 IN-182A,PAMALS,REC,EM REPARO,WILLIAM,99.0
2026-08-19,3040263572,066-3084-32,IND RDR 2000 IN-182A,PAMALS,REC,EM REPARO,WILLIAM,99.0
2026-08-19,3040263448,2618510-10,ALTERNATOR CONTROL UNIT ASSY,BABE,REC,EM REPARO,WILLIAM,99.0
2026-08-19,3040263449,2618510-10,ALTERNATOR CONTROL UNIT ASSY,PAMALS,REC,EM REPARO,WILLIAM,99.0
2026-08-19,3040263877,2641011-5,AXLE-MAIN GEAR,CLA,REC,EM REPARO,LEAP,89.0
2026-08-19,3040263878,2641011-5,AXLE-MAIN GEAR,CLA,REC,EM REPARO,LEAP,89.0
2026-08-19,3040264243,069-01033-0101,"RECEIVER-TRANSMITTER,RADIO",PAMALS,REC,EM REPARO,WILLIAM,82.0
2026-08-19,3040264244,069-01033-0101,"RECEIVER-TRANSMITTER,RADIO",PAMASP,REC,EM REPARO,WILLIAM,82.0
2026-08-19,3040264246,060-0017-00,FLIGHT DIR HOR,PAMALS,REC,EM REPARO,WILLIAM,82.0
2026-08-19,3040264237,200SGL119Q-2,STARTER GENERATOR,BAMN,REC,EM REPARO,AV AERONAUTICA,82.0
2026-08-19,3040264236,200SGL119Q-2,STARTER GENERATOR,BABE,REC,,BABE,82.0
2026-08-19,3040264121,3244897-4,FUEL CONTROL UNIT,BABE,OS concluída,EM REPARO,LEAP,
2026-08-19,3040264263,9910338-8,"INDICATOR,FUEL FLOW",PAMALS,OS concluída,,BABR,
2026-08-19,3040264262,9910338-8,"INDICATOR,FUEL FLOW",BABV,REC,EM REPARO,WILLIAM,82.0
2026-08-19,3040264242,324843-2020,HEADSET-MICROPHONE,BABE,REC,EM REPARO,WILLIAM,82.0
2026-08-19,3040264264,324843-2020,HEADSET-MICROPHONE,DACTA II,REC,EM REPARO,WILLIAM,82.0
2026-08-19,3040264238,324843-2020,HEADSET-MICROPHONE,DACTA II,REC,EM REPARO,WILLIAM,82.0
2026-08-19,3040264241,324843-2020,HEADSET-MICROPHONE,DACTA II,REC,EM REPARO,WILLIAM,82.0
2026-08-19,3040264240,324843-2020,HEADSET-MICROPHONE,DACTA II,REC,EM REPARO,WILLIAM,82.0
2026-08-19,3040264122,3244809-8,"FUEL CONTROL,MAIN,TURBINE ENGINE",BABE,OS concluída,,BABR,
2026-08-19,3040263797,066-3046-07,"CONTROL,INDICATOR",BABE,REC,EM REPARO,WILLIAM,82.0
2026-08-19,3040263798,066-3046-07,"CONTROL,INDICATOR",PAMASP,REC,EM REPARO,WILLIAM,82.0
2026-08-19,3040263799,066-3046-07,"CONTROL,INDICATOR",PAMASP,REC,EM REPARO,WILLIAM,82.0
2026-08-19,3040263795,071-01519-0101,"RECEIVER-EXCITER,RADAR",PAMALS,REC,,PROCURANDO,82.0
2026-08-19,3040263796,071-01519-0101,"RECEIVER-EXCITER,RADAR",PAMALS,REC,,PROCURANDO,82.0
2026-08-19,3040264579,060-0017-00,FLIGHT DIR HOR,BABR,OS concluída,,,
2026-08-19,3040264577,060-0017-00,FLIGHT DIR HOR,PAMALS,REC,,,70.0
2026-08-19,3040264573,060-0017-00,FLIGHT DIR HOR,BANT,REC,,,70.0
2026-08-19,3040264574,060-0017-00,FLIGHT DIR HOR,BANT,REC,,,70.0
2026-08-19,3040264576,060-0017-00,FLIGHT DIR HOR,PAMALS,REC,,,70.0
2026-08-19,3040264572,060-0017-00,FLIGHT DIR HOR,PAMASP,REC,,,70.0
2026-08-19,3040264647,1H75-21,PRESSURE REGULATOR,BAMN,REC,,,65.0
2026-08-19,3040264646,1H75-21,PRESSURE REGULATOR,PAMASP,REC,,,65.0
2026-08-19,3040264645,1H75-21,PRESSURE REGULATOR,PAMASP,REC,,,65.0
2026-08-19,3040264643,1H75-21,PRESSURE REGULATOR,PAMASP,REC,,,65.0
2026-08-19,3040264707,3244809-7,"FUEL CONTROL,MAIN,TURBINE ENGINE",BABE,REC,,,65.0
2026-08-19,3040264709,540-1407-4,"VALVE,BLEED,TURBINEENGINE",PAMASP,REC,,,65.0
2026-08-19,3040264710,200SGL153Q,"STARTER-GENERATOR,ENGINE,AIRCRAFT",CLA,REC,,,65.0
2026-08-19,3040264711,200SGL153Q,"STARTER-GENERATOR,ENGINE,AIRCRAFT",PAMASP,REC,,,65.0
2026-08-19,3040264712,200SGL153Q,"STARTER-GENERATOR,ENGINE,AIRCRAFT",BACG,REC,,,65.0
2026-08-19,3040264718,9910338-8,"INDICATOR,FUEL FLOW",PAMALS,REC,,,65.0
2026-08-19,3040264719,S3326-2,"INDICATOR,HORIZONTAL SITUATION",ALA 8,REC,,,65.0
2026-08-19,3040264720,S3326-2,"INDICATOR,HORIZONTAL SITUATION",PAMALS,REC,,,65.0
2026-08-19,3040264721,S3326-2,"INDICATOR,HORIZONTAL SITUATION",PAMASP,REC,,,65.0
2026-08-19,3040264724,2606013-1AM,INDICADOR PERCENTUAL RPM,BABV,REC,,,65.0
2026-08-19,3040264725,2606013-1AM,INDICADOR PERCENTUAL RPM,BABR,REC,,,65.0
2026-08-19,3040264726,2606015-4,INDICATOR-OIL TEMP/OIL PRESS,BANT,REC,,,65.0
2026-08-19,3040264727,C661051-0201,GYRO HORIZON,ALA 10,REC,,,65.0
2026-08-19,3040264728,504-0111-906,GYRO HORIZON,PAMALS,REC,,,65.0
2026-08-19,3040264729,504-0111-906,GYRO HORIZON,BACG,REC,,,65.0
2026-08-19,3040264730,8210-003,"GOVERNOR,FUEL CONTROL",PAMASP,REC,,,65.0
2026-08-19,3040264731,8210-002,"GOVERNOR,CONSTANT SPEED DRIVE",PAMASP,REC,,,65.0
2026-08-19,3040264732,8210-002,"GOVERNOR,CONSTANT SPEED DRIVE",BAMN,REC,,,65.0
2026-08-19,3040264733,030-18200,MAIN WHEEL BRAKE,BAMN,REC,,,65.0
2026-08-19,3040264734,030-18200,MAIN WHEEL BRAKE,BAMN,REC,,,65.0
2026-08-19,3040264735,161-11700,INNER WHEEL HALF ASSY,PAMALS,REC,,,65.0
2026-08-19,3040264736,161-12800,WHEEL HALF ASSY-INNER,BABR,REC,,,65.0
2026-08-19,3040264737,161-12800,WHEEL HALF ASSY-INNER,PAMALS,AUT,,,65.0
2026-08-19,3040264738,162-10700,OUTER WHEEL HALF ASSY,BACO,AUT,,,65.0
2026-08-19,3040264807,011-01105-01,INTEGRATED AVIONICS UNIT GIA63W,ALA 8,REC,,,57.0
2026-08-19,3040264808,011-01105-01,INTEGRATED AVIONICS UNIT GIA63W,BAMN,REC,,,57.0
2026-08-19,3040264907,011-00916-10,"DISPLAY UNIT,FLIGHT INFORMATION",BAMN,REC,,,50.0
2026-08-19,3040264908,011-00916-10,"DISPLAY UNIT,FLIGHT INFORMATION",BABV,REC,,,50.0
2026-08-19,3040264974,3244809-8,"FUEL CONTROL,MAIN,TURBINE ENGINE",BAMN,REC,,,48.0
2026-08-19,3040264961,3244897-4,FUEL CONTROL UNIT,CLA,REC,,,48.0
2026-08-19,3040264960,3034792,BOMBA DE COMBUSTÍVEL,CLA,REC,,,48.0
2026-08-19,3040265144,011-01020-10,AFCS MODE CONTROLLER GMC 710,BABE,REC,,,42.0
2026-08-19,3040265140,011-01020-10,AFCS MODE CONTROLLER GMC 710,BABE,REC,,,42.0
2026-08-19,3040265482,066-3084-32,IND RDR 2000 IN-182A,BABR,REC,,,27.0
2026-08-19,3040265484,066-3084-32,IND RDR 2000 IN-182A,BANT,REC,,,27.0
2026-08-19,3040265485,066-3084-32,IND RDR 2000 IN-182A,BABR,REC,,,27.0
2026-08-19,3040265526,ASG12000-2,ALTERNATOR,PAMALS,REC,,,23.0
2026-08-19,3040265525,ASG12000-2,ALTERNATOR,BABR,REC,,,23.0
2026-08-19,3040265527,9910592-2,ALTERNADOR,BABR,REC,,,23.0
2026-08-19,3040265533,3122678-04,FUEL CONTROL UNIT,BABR,REC,,,23.0
2026-08-19,3040265532,C611505-0201,ALTERNATOR,BANT,REC,,,23.0
2026-08-19,3040265530,C611505-0201,ALTERNATOR,BABV,REC,,,23.0
2026-08-19,3040265528,9910592-2,ALTERNADOR,BABR,REC,,,23.0
2026-08-19,3040265724,3244897-4,FUEL CONTROL UNIT,CLA,REC,,,22.0
2026-08-19,3040265474,C611008-0101,ALTERNATOR CONTROL UNIT,PAMALS,REC,,,20.0
2026-08-19,3040265475,C611008-0101,ALTERNATOR CONTROL UNIT,BABV,REC,,,20.0
2026-08-19,3040265476,C611008-0101,ALTERNATOR CONTROL UNIT,PAMALS,REC,,,20.0
2026-08-19,3040265477,C611008-0101,ALTERNATOR CONTROL UNIT,PAMALS,REC,,,20.0
2026-08-19,3040265576,011-00916-10,"DISPLAY UNIT,FLIGHT INFORMATION",BAMN,REC,,,19.0
2026-08-19,3040265580,011-00916-00,DISPLAY UNIT GDU 1040A,PAMALS,AUT,,,23.0
2026-08-19,3040265581,011-00916-00,DISPLAY UNIT GDU 1040A,PAMALS,AUT,,,23.0
2026-08-19,3040265589,EA-5175-52-CES,INDICATOR TRUE,BABV,AUT,,,23.0
2026-08-19,3040265590,EA-5175-52-CES,INDICATOR TRUE,BASM,AUT,,,23.0
2026-08-19,3040265591,EA-5175-52-CES,INDICATOR TRUE,BABV,AUT,,,23.0
2026-08-19,3040265592,EA-5175-52-CES,INDICATOR TRUE,BABV,AUT,,,23.0
2026-08-19,3040265668,9910592-2,ALTERNADOR,PAMALS,AUT,,,23.0
2026-08-19,3040265678,9910592-2,ALTERNADOR,BAMN,AUT,,,23.0
2026-08-19,3040265679,C611505-0201,ALTERNATOR,PAMALS,AUT,,,23.0
2026-08-19,3040265680,C611505-0201,ALTERNATOR,ALA 8,AUT,,,23.0
2026-08-19,3040265726,071-01519-0101,"RECEIVER-EXCITER,RADAR",PAMALS,AUT,,,22.0
2026-08-19,3040265727,071-01519-0101,"RECEIVER-EXCITER,RADAR",CLA,AUT,,,22.0
2026-08-19,3040265728,C163030-1001,MAIN W BRAKE A,BAMN,AUT,,,22.0
2026-08-19,3040265731,066-3046-07,"CONTROL,INDICATOR",BABR,AUT,,,22.0
2026-08-19,3040265732,066-3046-07,"CONTROL,INDICATOR",BANT,AUT,,,22.0
2026-08-19,3040265734,066-3046-07,"CONTROL,INDICATOR",EEAR,AUT,,,22.0
2026-08-19,3040265735,066-3046-07,"CONTROL,INDICATOR",CLA,AUT,,,22.0
2026-08-19,3040265736,C611008-0101,ALTERNATOR CONTROL UNIT,BABV,AUT,,,22.0
2026-08-19,3040265737,C611008-0101,ALTERNATOR CONTROL UNIT,EEAR,AUT,,,22.0
2026-08-19,3040265738,C611008-0101,ALTERNATOR CONTROL UNIT,PAMALS,AUT,,,22.0
2026-08-19,3040265739,C611008-0101,ALTERNATOR CONTROL UNIT,BANT,AUT,,,22.0
2026-08-19,3040265740,C611008-0101,ALTERNATOR CONTROL UNIT,BABE,AUT,,,22.0
2026-08-19,3040265741,C611008-0101,ALTERNATOR CONTROL UNIT,BABR,AUT,,,22.0
2026-08-19,3040265742,066-1072-04,"RECEIVER,RADIO",BACG,AUT,,,22.0
2026-08-19,3040265743,066-1072-04,"RECEIVER,RADIO",BAMN,AUT,,,22.0
2026-08-19,3040265744,066-1072-04,"RECEIVER,RADIO",PAMALS,AUT,,,22.0
2026-08-19,3040265745,066-3084-32,IND RDR 2000 IN-182A,PAMALS,AUT,,,22.0
2026-08-19,3040265746,066-3084-32,IND RDR 2000 IN-182A,PAMALS,AUT,,,22.0
2026-08-19,3040265747,30994-001,BATTERY-MARATHON TSP410 NICAD,PAMALS,AUT,,,22.0
2026-08-19,3040265748,30994-001,BATTERY-MARATHON TSP410 NICAD,PAMALS,AUT,,,22.0
2026-08-19,3040265749,30994-001,BATTERY-MARATHON TSP410 NICAD,PAMALS,AUT,,,22.0
2026-08-19,3040265750,30994-001,BATTERY-MARATHON TSP410 NICAD,PAMALS,AUT,,,22.0
2026-08-19,3040265751,30994-001,BATTERY-MARATHON TSP410 NICAD,PAMALS,AUT,,,22.0
2026-08-19,3040265752,2641011-5,AXLE-MAIN GEAR,BAMN,AUT,,,22.0
2026-08-19,3040265753,2641011-5,AXLE-MAIN GEAR,BAMN,AUT,,,22.0
2026-08-19,3040265754,161-11700,INNER WHEEL HALF ASSY,BACO,AUT,,,22.0
2026-08-19,3040265755,161-12800,WHEEL HALF ASSY-INNER,BABE,AUT,,,22.0
2026-08-19,3040265757,066-01141-0101,"RECEIVER,RADIO",PAMALS,AUT,,,22.0
2026-08-19,3040265758,066-01141-0101,"RECEIVER,RADIO",PAMALS,AUT,,,22.0
2026-08-19,3040265759,C660501-0103,"COMPASS,SPEC",DACTA II,AUT,,,22.0
2026-08-19,3040265769,023694-000,BATTERY NICKEL CADMIUM,BAPV,AUT,,,21.0
2026-08-19,3040265771,2651023-23,ENGINE MOUNT ASSEMBLY,PAMALS,AUT,,,21.0
2026-08-19,3040265772,2651023-23,ENGINE MOUNT ASSEMBLY,PAMALS,AUT,,,21.0
2026-08-19,3040265892,324843-0020,HEADSET-MICROPHONE,PAMALS,AUT,,,16.0
2026-08-19,3040265893,324843-0020,HEADSET-MICROPHONE,PAMALS,AUT,,,16.0
2026-08-19,3040265894,324843-0020,HEADSET-MICROPHONE,PAMALS,AUT,,,16.0
2026-08-19,3040265895,324843-0020,HEADSET-MICROPHONE,PAMALS,AUT,,,16.0
2026-08-20,3040249831,066-01141-5101,"RECEIVER-TRANSMITTER,RADIO (KT71)",PAMALS,REC,EM REPARO,LEAP,556.0
2026-08-20,3040250248,452-0133,"BATTERY,NONRECHARGEABLE",BABR,REC,CONDENADO,VEE ONE,540.0
2026-08-20,3040250249,452-0133,"BATTERY,NONRECHARGEABLE",BAMN,REC,CONDENADO,VEE ONE,540.0
2026-08-20,3040250234,3034792,BOMBA DE COMBUSTÍVEL,PAMALS,REC,,BANT,540.0
2026-08-20,3040250816,453-5060,"BEACON,DISTRESS",BAMN,REC,,PAMA-LS,518.0
2026-08-20,3040250830,799-1,TRANSDUCER,BACO,REC,,BANT,518.0
2026-08-20,3040250829,51539-012N,CONTROL UNIT ASSY-GENERATOR,BAMN,OS concluída,,,
2026-08-20,3040250828,51539-012N,CONTROL UNIT ASSY-GENERATOR,BACG,REC,,BABR,518.0
2026-08-20,3040250827,51539-012N,CONTROL UNIT ASSY-GENERATOR,BANT,REC,,BABR,518.0
2026-08-20,3040250831,799-1,TRANSDUCER,BANT,REC,,BANT,518.0
2026-08-20,3040250833,9910586-4,FLAP ACTUATOR AND MOTOR ASSEMBLY,ALA 3,REC,,BAMN,518.0
2026-08-20,3040250834,9910586-4,FLAP ACTUATOR AND MOTOR ASSEMBLY,ALA 3,OS concluída,,,
2026-08-20,3040250832,9910338-4,FUEL TOTALIZER INDICATOR,EEAR,REC,,PAMA-LS,518.0
2026-08-20,3040250835,ASG12000-2,ALTERNATOR,ALA 5,REC,REPARADO,V1 PAMA-LS,518.0
2026-08-20,3040250841,C661030-0301,TURN BANK,PAMALS,REC,EM REPARO,LEAP,518.0
2026-08-20,3040250842,C662041-0102,INDICATOR FUEL,ALA 5,REC,,PAMA-LS,518.0
2026-08-20,3040250844,C662041-0102,INDICATOR FUEL,ALA 9,REC,,PAMA-LS,518.0
2026-08-20,3040250843,C662041-0102,INDICATOR FUEL,ALA 10,OS concluída,,,
2026-08-20,3040250719,060-0017-00,FLIGHT DIR HOR,PAMALS,REC,,BANT,518.0
2026-08-20,3040250720,060-0017-00,FLIGHT DIR HOR,BABV,OS concluída,,,
2026-08-20,3040250722,066-01141-5101,"RECEIVER-TRANSMITTER,RADIO (KT71)",ALA 9,REC,EM REPARO,WILLIAM,518.0
2026-08-20,3040250723,066-01141-5101,"RECEIVER-TRANSMITTER,RADIO (KT71)",CLA,REC,,BABR,518.0
2026-08-20,3040250721,060-0017-00,FLIGHT DIR HOR,BANT,OS concluída,,,
2026-08-20,3040250725,066-3046-07,"CONTROL,INDICATOR",ALA 10,OS concluída,,,
2026-08-20,3040250724,066-04035-1101,"DISPLAY UNIT,RADAR",PAMALS,REC,,BANT,518.0
2026-08-20,3040250732,069-1025-25,"RECEIVER-TRANSMITTER,RADIO - KX165",PAMALS,REC,EM REPARO,WILLIAM,518.0
2026-08-20,3040250782,2606012-1,INDICATOR-INTER-TURBINE TEMPERATURE,ALA 9,OS concluída,,,
2026-08-20,3040250775,161-11700,INNER WHEEL HALF ASSY,BABE,OS concluída,,,
2026-08-20,3040250773,161-11700,INNER WHEEL HALF ASSY,EEAR,REC,,BACG,518.0
2026-08-20,3040250718,030-18200,MAIN WHEEL BRAKE,BACO,OS concluída,,,
2026-08-20,3040250716,030-18200,MAIN WHEEL BRAKE,BABV,REC,EM REPARO,LEAP,518.0
2026-08-20,3040250717,030-18200,MAIN WHEEL BRAKE,BACO,OS concluída,,,
2026-08-20,3040250780,162-11800,WHEEL HALF ASSY-OUTER,PAMALS,OS concluída,,,
2026-08-20,3040250781,162-11800,WHEEL HALF ASSY-OUTER,BACG,OS concluída,,,
2026-08-20,3040250778,161-12800,WHEEL HALF ASSY-INNER,BACG,OS concluída,,,
2026-08-20,3040250776,161-12800,WHEEL HALF ASSY-INNER,BABE,OS concluída,,,
2026-08-20,3040250790,2643031-7,"FORK ASSY,NOSE GEAR SPRING",BAMN,OS concluída,,,
2026-08-20,3040250791,2643090-1,SHIMMY DAMPENE,BANT,REC,EM REPARO,AV AERONAUTICA,518.0
2026-08-20,3040250792,2643090-1,SHIMMY DAMPENE,BAMN,REC,REPARADO,V1 PAMA-LS,518.0
2026-08-20,3040250789,2641012-14,TRUNNION ASSY-RH-MAIN GEAR,PAMASP,OS concluída,,,
2026-08-20,3040250793,2643099-4,"SUPPORT ASSY FOWARD, NLG SPRING",BAMN,OS concluída,,,
2026-08-20,3040250798,30994-001,BATTERY-MARATHON TSP410 NICAD,BANT,OS concluída,CONDENADO,AMA - VEE ONE,
2026-08-20,3040252191,C611008-0101,ALTERNATOR CONTROL UNIT,PAMALS,REC,,BABR,485.0
2026-08-20,3040252159,011-00916-00,DISPLAY UNIT GDU 1040A,BAMN,REC,,BAMN,485.0
2026-08-20,3040252161,065-0042-03,COMPUTER PA,ALA 10,REC,EM REPARO,WILLIAM,485.0
2026-08-20,3040252162,065-0042-03,COMPUTER PA,EEAR,REC,,BABE,485.0
2026-08-20,3040252164,065-0042-03,COMPUTER PA,EEAR,REC,EM REPARO,WILLIAM,485.0
2026-08-20,3040252165,065-0042-03,COMPUTER PA,PAMALS,OS concluída,,,
2026-08-20,3040252166,065-0059-01,SERVO PITCH,EEAR,REC,EM REPARO,WILLIAM,485.0
2026-08-20,3040252168,066-03064-0005,"ALTIMETER,SERVO CONTROLLED,AUTOMATIC PRESSURE",ALA 9,OS concluída,,,
2026-08-20,3040252173,066-03064-0005,"ALTIMETER,SERVO CONTROLLED,AUTOMATIC PRESSURE",BANT,REC,EM REPARO,LEAP,485.0
2026-08-20,3040252172,066-03064-0005,"ALTIMETER,SERVO CONTROLLED,AUTOMATIC PRESSURE",PAMALS,REC,NO ESTADO,VEE ONE,485.0
2026-08-20,3040252170,066-03064-0005,"ALTIMETER,SERVO CONTROLLED,AUTOMATIC PRESSURE",ALA 7,REC,NO ESTADO,VEE ONE,485.0
2026-08-20,3040252178,066-1072-00,RECEIVER ADF (KING KR87),PAMALS,OS concluída,,,
2026-08-20,3040252182,066-1072-04,"RECEIVER,RADIO",ALA 9,OS concluída,,,
2026-08-20,3040252181,066-1072-04,"RECEIVER,RADIO",PAMASP,REC,EM REPARO,WILLIAM,485.0
2026-08-20,3040252180,066-1072-04,"RECEIVER,RADIO",ALA 8,OS concluída,,,
2026-08-20,3040252185,066-1072-04,"RECEIVER,RADIO",BAMN,OS concluída,,,
2026-08-20,3040252189,9910338-6,"TRANSMITTER,RATE OF FLOW",ALA 8,OS concluída,,,
2026-08-20,3040252190,9910338-6,"TRANSMITTER,RATE OF FLOW",BABR,OS concluída,,,
2026-08-20,3040252160,011-01020-10,AFCS MODE CONTROLLER GMC 710,BAMN,OS concluída,,,
2026-08-20,3040252939,C163030-1001,MAIN W BRAKE A,BABV,REC,,BAMN,455.0
2026-08-20,3040252936,030-18200,MAIN WHEEL BRAKE,BACO,REC,,PAMA-LS,455.0
2026-08-20,3040252935,030-18200,MAIN WHEEL BRAKE,BAMN,OS concluída,,,
2026-08-20,3040252940,30-182,MAIN WHEEL BRAKE,BABV,OS concluída,,,
2026-08-20,3040252942,30-182,MAIN WHEEL BRAKE,BAMN,OS concluída,,,
2026-08-20,3040252943,30-182,MAIN WHEEL BRAKE,BAMN,OS concluída,,,
2026-08-20,3040253170,161-12800,WHEEL HALF ASSY-INNER,BASM,OS concluída,,,
2026-08-20,3040253168,161-12800,WHEEL HALF ASSY-INNER,BASM,REC,REPARADO,VEE ONE,451.0
2026-08-20,3040253172,161-12800,WHEEL HALF ASSY-INNER,PAMALS,REC,,PROCURANDO,451.0
2026-08-20,3040253174,161-12800,WHEEL HALF ASSY-INNER,PAMALS,OS concluída,,,
2026-08-20,3040253173,161-12800,WHEEL HALF ASSY-INNER,PAMALS,REC,EM REPARO,LEAP,451.0
2026-08-20,3040253176,162-10700,OUTER WHEEL HALF ASSY,BABE,OS concluída,,,
2026-08-20,3040253177,162-10700,OUTER WHEEL HALF ASSY,BABV,REC,REPARADO,VEE ONE,451.0
2026-08-20,3040253178,162-10700,OUTER WHEEL HALF ASSY,PAMALS,REC,,PROCURANDO,451.0
2026-08-20,3040253179,162-11800,WHEEL HALF ASSY-OUTER,CLA,OS concluída,,,
2026-08-20,3040253181,162-11800,WHEEL HALF ASSY-OUTER,PAMALS,OS concluída,,,
2026-08-20,3040253180,162-11800,WHEEL HALF ASSY-OUTER,BASM,REC,,PROCURANDO,451.0
2026-08-20,3040253182,162-11800,WHEEL HALF ASSY-OUTER,PAMALS,REC,REPARADO,VEE ONE,451.0
2026-08-20,3040253536,2641012-14,TRUNNION ASSY-RH-MAIN GEAR,PAMALS,OS concluída,,,
2026-08-20,3040253529,066-03064-0005,"ALTIMETER,SERVO CONTROLLED,AUTOMATIC PRESSURE",DSM-MN,REC,DEVOLVIDO NO ESTADO,WILLIAM,441.0
2026-08-20,3040253528,066-03064-0005,"ALTIMETER,SERVO CONTROLLED,AUTOMATIC PRESSURE",BANT,OS concluída,,,
2026-08-20,3040253532,799-1,TRANSDUCER,PAMALS,REC,,BANT,441.0
2026-08-20,3040253535,2643099-4,"SUPPORT ASSY FOWARD, NLG SPRING",BABE,REC,CONDENADO,VEE ONE,441.0
2026-08-20,3040253531,799-1,TRANSDUCER,BAMN,REC,,VEE ONE,441.0
2026-08-20,3040253530,799-1,TRANSDUCER,BAMN,REC,,BANT,441.0
2026-08-20,3040253526,30994-001,BATTERY-MARATHON TSP410 NICAD,PAMALS,OS concluída,CONDENADO,AMA - VEE ONE,
2026-08-20,3040253527,30994-001,BATTERY-MARATHON TSP410 NICAD,BAPV,OS concluída,CONDENADO,AMA - VEE ONE,
2026-08-20,3040254195,540-1407-4,"VALVE,BLEED,TURBINEENGINE",PAMALS,REC,,BANT,423.0
2026-08-20,3040254201,2643090-3,SHIMMY DAMPER-NOSE GEAR,PAMALS,REC,REPARADO,V1 PAMA-LS,423.0
2026-08-20,3040254203,SE1070-6,SHIMMY DAMPENER ASSY,BACGINAT,OS concluída,,,
2026-08-20,3040254205,C660501-0103,"COMPASS,SPEC",PAMALS,REC,REPARADO,V1 PAMA-LS,423.0
2026-08-20,3040254206,C660501-0103,"COMPASS,SPEC",ALA 8,REC,EM REPARO EM GARANTIA,WILLIAM,423.0
2026-08-20,3040254208,C660501-0103,"COMPASS,SPEC",BABV,REC,REPARADO,V1 PAMA-LS,423.0
2026-08-20,3040254210,799-1,TRANSDUCER,BANT,REC,,BANT,423.0
2026-08-20,3040254792,2606013-1RX,INDICATOR-PERCENT RPM,BABR,REC,,BANT,414.0
2026-08-20,3040254770,069-1025-25,"RECEIVER-TRANSMITTER,RADIO - KX165",ALA 9,REC,EM REPARO,WILLIAM,414.0
2026-08-20,3040254799,453-5000-710,EMERGENCY LOCATOR TRANSMITTER MODEL C406-2,PAMASP,OS concluída,,,
2026-08-20,3040254806,C352TS,"EXTINGUISHER,FIRE",PAMALS,REC,REPARADO,V1 PAMA-LS,414.0
2026-08-20,3040254805,C352TS,"EXTINGUISHER,FIRE",PAMALS,OS concluída,,,
2026-08-20,3040254810,C352TS,"EXTINGUISHER,FIRE",PAMALS,OS concluída,,,
2026-08-20,3040254809,C352TS,"EXTINGUISHER,FIRE",PAMAGL,OS concluída,,,
2026-08-20,3040254803,C352TS,"EXTINGUISHER,FIRE",2 ETA,REC,REPARADO,V1 PAMA-LS,414.0
2026-08-20,3040254808,C352TS,"EXTINGUISHER,FIRE",BABR,REC,REPARADO,V1 PAMA-LS,414.0
2026-08-20,3040254795,D145-00-46-2,FLAP ACTUATOR ASSY,BABE,REC,,PAMA-LS,414.0
2026-08-20,3040254793,D145-00-46-2,FLAP ACTUATOR ASSY,PAMALS,REC,,PAMA-LS,414.0
2026-08-20,3040254815,C482001-0402,VACUUM REGULAT,PAMALS,REC,CONDENADO,VEE ONE,414.0
2026-08-20,3040254816,C482001-0402,VACUUM REGULAT,PAMALS,REC,CONDENADO,VEE ONE,414.0
2026-08-20,3040254820,2641011-5,AXLE-MAIN GEAR,BAMN,OS concluída,,,
2026-08-20,3040254817,2641011-5,AXLE-MAIN GEAR,BABE,OS concluída,,,
2026-08-20,3040254818,2641011-5,AXLE-MAIN GEAR,BABE,OS concluída,,,
2026-08-20,3040254819,2641011-5,AXLE-MAIN GEAR,BANT,OS concluída,,,
2026-08-20,3040254796,30994-001,BATTERY-MARATHON TSP410 NICAD,BAMN,OS concluída,,,
2026-08-20,3040254789,452-0133,"BATTERY,NONRECHARGEABLE",BAMN,REC,CONDENADO,VEE ONE,414.0
2026-08-20,3040254788,452-0133,"BATTERY,NONRECHARGEABLE",BAMN,REC,CONDENADO,VEE ONE,414.0
2026-08-20,3040254787,452-0133,"BATTERY PACK,AIRCRAFT",DACTA II,REC,CONDENADO,VEE ONE,414.0
2026-08-20,3040254786,452-0133,"BATTERY PACK,AIRCRAFT",BAMN,REC,CONDENADO,VEE ONE,414.0
2026-08-20,3040254785,452-0133,"BATTERY,NONRECHARGEABLE",BAMN,REC,CONDENADO,VEE ONE,414.0
2026-08-20,3040254784,452-0133,"BATTERY,NONRECHARGEABLE",DACTA II,REC,CONDENADO,VEE ONE,414.0
2026-08-20,3040255326,011-00916-00,DISPLAY UNIT GDU 1040A,BAMN,REC,,BAMN,405.0
2026-08-20,3040255319,702801-5,FUEL PUMP,PAMASP,REC,EM REPARO,VEE ONE,405.0
2026-08-20,3040255321,8210-002,"GOVERNOR,CONSTANT SPEED DRIVE",PAMALS,OS concluída,,,
2026-08-20,3040255461,DAAS-A-010-1,ADAS-D PROCESSOR,PAMALS,REC,EM REPARO,VEE ONE,401.0
2026-08-20,3040255589,071-01519-0101,"RECEIVER-EXCITER,RADAR",BANT,REC,,PROCURANDO,399.0
2026-08-20,3040255590,071-01519-0101,"RECEIVER-EXCITER,RADAR",PAMALS,OS concluída,,,
2026-08-20,3040255706,C661064-0237,AIRSPEED INDICATOR,BAMN,OS concluída,,,
2026-08-20,3040256114,5934PAD-3,"ALTIMETER,PRESSURE",PAMALS,REC,EM REPARO,VEE ONE,385.0
2026-08-20,3040256119,011-00878-10,GSA-81 TORQUE SERVO,BAPV,REC,EM REPARO,LEAP,385.0
2026-08-20,3040256112,011-00883-20,RADAR GWX 68 WEATHER,BABE,REC,,BAMN,385.0
2026-08-20,3040256115,5934PAD-3,"ALTIMETER,PRESSURE",PAMALS,OS concluída,,,
2026-08-20,3040256118,011-00878-10,GSA-81 TORQUE SERVO,BAPV,REC,,BACO,385.0
2026-08-20,3040256120,011-00916-10,"DISPLAY UNIT,FLIGHT INFORMATION",BAMN,OS concluída,,,
2026-08-20,3040256314,066-4010-12,RECEIVER VOR/LOC (KNS81),EEAR,REC,EM REPARO,LEAP,372.0
2026-08-20,3040256311,3121248-03,"VALVE ASSEMBLY,COMPRESSOR BLEED",PAMALS,OS concluída,,,
2026-08-20,3040256704,C661064-0237,AIRSPEED INDICATOR,PAMALS,OS concluída,,,
2026-08-20,3040256707,D210507,"GOVERNOR,OVERSPEED",PAMALS,OS concluída,,,
2026-08-20,3040256708,D210507,"GOVERNOR,OVERSPEED",PAMALS,REC,REPARADO,VEE ONE,363.0
2026-08-20,3040256702,C661064-0237,AIRSPEED INDICATOR,BABR,OS concluída,,,
2026-08-20,3040256703,C661064-0237,AIRSPEED INDICATOR,PAMALS,OS concluída,,,
2026-08-20,3040256662,030-18200,MAIN WHEEL BRAKE,BASM,OS concluída,,,
2026-08-20,3040256665,161-11700,INNER WHEEL HALF ASSY,BABV,OS concluída,,,
2026-08-20,3040256666,161-11700,INNER WHEEL HALF ASSY,PAMALS,OS concluída,,,
2026-08-20,3040256667,161-11700,INNER WHEEL HALF ASSY,PAMALS,OS concluída,,,
2026-08-20,3040256668,161-11700,INNER WHEEL HALF ASSY,PAMALS,OS concluída,,,
2026-08-20,3040256669,161-11700,INNER WHEEL HALF ASSY,PAMALS,OS concluída,,,
2026-08-20,3040256670,161-11700,INNER WHEEL HALF ASSY,PAMALS,OS concluída,,,
2026-08-20,3040256671,161-11700,INNER WHEEL HALF ASSY,PAMALS,REC,REPARADO,VEE ONE,363.0
2026-08-20,3040256698,030-18200,MAIN WHEEL BRAKE,PAMASP,REC,,PROCURANDO,363.0
2026-08-20,3040256713,030-18200,MAIN WHEEL BRAKE,ALA 3,REC,,BAMN,363.0
2026-08-20,3040256694,162-11800,WHEEL HALF ASSY-OUTER,BANT,OS concluída,,,
2026-08-20,3040256696,162-11800,WHEEL HALF ASSY-OUTER,PAMALS,REC,,PAMA-LS,363.0
2026-08-20,3040256672,161-12800,WHEEL HALF ASSY-INNER,PAMALS,REC,REPARADO,VEE ONE,363.0
2026-08-20,3040256675,161-12800,WHEEL HALF ASSY-INNER,BANT,OS concluída,,,
2026-08-20,3040256792,011-00877-00,"GSA-80 SERVO ROL,YAW,SPEC",BAMN,REC,,PROCURANDO,363.0
2026-08-20,3040256787,011-00877-00,"GSA-80 SERVO ROL,YAW,SPEC",PAMALS,REC,EM REPARO,VEE ONE,363.0
2026-08-20,3040256828,011-00883-20,RADAR GWX 68 WEATHER,PAMALS,REC,CONDENADO,V1 PAMA-LS,363.0
2026-08-20,3040256709,3121248-03,"VALVE ASSEMBLY,COMPRESSOR BLEED",PAMASP,REC,,BANT,360.0
2026-08-20,3040256673,161-12800,WHEEL HALF ASSY-INNER,PAMALS,REC,CONDENADO,VEE ONE,360.0
2026-08-20,3040257095,011-01105-01,INTEGRATED AVIONICS UNIT GIA63W,BABE,REC,EM REPARO,VEE ONE,356.0
2026-08-20,3040257096,011-01105-01,INTEGRATED AVIONICS UNIT GIA63W,BABE,REC,,BAMN,356.0
2026-08-20,3040257093,065-00183-0501,AUTOPILOT COMPUTER KFC225,BABE,REC,,BANT,356.0
2026-08-20,3040257094,065-00183-0501,AUTOPILOT COMPUTER KFC225,BABE,REC,,BANT,356.0
2026-08-20,3040257443,161-12800,WHEEL HALF ASSY-INNER,ALA 3,AUT,,NÃO TEVE MOVIMENTAÇÃO,344.0
2026-08-20,3040257442,C163030-1001,MAIN W BRAKE A,BAMN,OS concluída,REPARADO,VEE ONE,
2026-08-20,3040257452,3244809-8,"FUEL CONTROL,MAIN,TURBINE ENGINE",BAPV,OS concluída,,,
2026-08-20,3040257454,EA-5172-45-CES,"INDICATOR,AIRSPEED",BACG,OS concluída,,,
2026-08-20,3040257453,EA-5172-45-CES,"INDICATOR,AIRSPEED",ALA 7,REC,DEVOLVIDO NO ESTADO,WILLIAM,337.0
2026-08-20,3040257451,3244809-7,"FUEL CONTROL,MAIN,TURBINE ENGINE",PAMASP,REC,,BANT,337.0
2026-08-20,3040257450,3244809-4,"FUEL CONTROL,MAIN,TURBINE ENGINE",PAMASP,OS concluída,EM REPARO,LEAP,
2026-08-20,3040257438,030-18200,MAIN WHEEL BRAKE,BAMN,REC,REPARADO,VEE ONE,337.0
2026-08-20,3040257444,162-10700,OUTER WHEEL HALF ASSY,PAMALS,OS concluída,,,
2026-08-20,3040257447,162-10700,OUTER WHEEL HALF ASSY,PAMALS,OS concluída,,,
2026-08-20,3040257436,30994-001,BATTERY-MARATHON TSP410 NICAD,PAMALS,OS concluída,CONDENADO,AMA - VEE ONE,
2026-08-20,3040257441,030-18200,MAIN WHEEL BRAKE,BAPV,REC,,BAMN,337.0
2026-08-20,3040257440,030-18200,MAIN WHEEL BRAKE,BANT,REC,CONDENADO,VEE ONE,337.0
2026-08-20,3040257439,030-18200,MAIN WHEEL BRAKE,BAMN,REC,,BAMN,337.0
2026-08-20,3040258306,D210507,"GOVERNOR,OVERSPEED",PAMALS,REC,EM REPARO,LEAP,317.0
2026-08-20,3040258310,D210507,"GOVERNOR,OVERSPEED",BACO,OS concluída,,,
2026-08-20,3040258309,D210507,"GOVERNOR,OVERSPEED",BAMN,REC,EM REPARO,LEAP,317.0
2026-08-20,3040258308,D210507,"GOVERNOR,OVERSPEED",BAMN,OS concluída,,,
2026-08-20,3040258307,D210507,"GOVERNOR,OVERSPEED",ALA 5,OS concluída,,,
2026-08-20,3040258303,011-00877-00,"GSA-80 SERVO ROL,YAW,SPEC",DACTA II,REC,EM REPARO,VEE ONE,317.0
2026-08-20,3040258422,2601188-8,COMPRESSOR DRIVE ASSY R134A,PAMASP,REC,,PROCURANDO,315.0
2026-08-20,3040258419,011-00877-00,"GSA-80 SERVO ROL,YAW,SPEC",DACTA II,REC,EM REPARO,VEE ONE,315.0
2026-08-20,3040258420,011-00877-00,"GSA-80 SERVO ROL,YAW,SPEC",BACO,REC,EM REPARO,VEE ONE,315.0
2026-08-20,3040258421,011-00877-00,"GSA-80 SERVO ROL,YAW,SPEC",BABE,REC,,BACO,315.0
2026-08-20,3040258764,069-01034-0102,"NAVIGATION SET,SATELLITE SIGNALS KLN-94",PAMALS,REC,,BANT,308.0
2026-08-20,3040259152,066-01141-5101,"TRANSPONDER,RADAR",BABE,REC,,BANT,289.0
2026-08-20,3040259151,066-01141-5101,"TRANSPONDER,RADAR",BANT,REC,REPARADO,V1 PAMA-LS,289.0
2026-08-20,3040259251,064-1019-05,VHF TRANSCEIVE KY196,EEAR,REC,,EEAR,287.0
2026-08-20,3040259146,1U149-015-15,HORIZ. GYRO-STADBY,PAMALS,REC,EM REPARO,VEE ONE,286.0
2026-08-20,3040259147,162-10700,OUTER WHEEL HALF ASSY,BANT,REC,EM REPARO,AMA - VEE ONE,286.0
2026-08-20,3040259148,3049038-03,"VALVE,COMPRESSOR BLEED",BANT,OS concluída,,,
2026-08-20,3040259316,2606015-4,INDICATOR-OIL TEMP/OIL PRESS,BACG,REC,REPARADO,V1 PAMA-LS,283.0
2026-08-20,3040259564,C414007-0102,BLOWER ASSY,PAMALS,OS concluída,,,
2026-08-20,3040259568,C414007-0102,BLOWER ASSY,ALA 10,OS concluída,,,
2026-08-20,3040259570,C414007-0102,BLOWER ASSY,ALA 10,OS concluída,,,
2026-08-20,3040259694,025323-150,FUEL PUMP,PAMASP,REC,,BACO,275.0
2026-08-20,3040259922,C414007-0102,BLOWER ASSY,BANT,REC,REPARADO,V1 PAMA-LS,268.0
2026-08-20,3040259928,C414007-0102,BLOWER ASSY,PAMALS,REC,EM REPARO,VEE ONE,268.0
2026-08-20,3040259924,C414007-0102,BLOWER ASSY,BACG,REC,EM REPARO,VEE ONE,268.0
2026-08-20,3040259918,C414007-0102,BLOWER ASSY,ALA 10,REC,EM REPARO,VEE ONE,268.0
2026-08-20,3040259950,065-0060-01,"CONTROL,SERVO,AUTOMATIC PILOT",PAMALS,REC,EM REPARO,LEAP,268.0
2026-08-20,3040259949,065-0060-01,"CONTROL,SERVO,AUTOMATIC PILOT",PAMALS,REC,EM REPARO,LEAP,268.0
2026-08-20,3040259947,066-3046-07,"CONTROL,INDICATOR",EEAR,OS concluída,,,
2026-08-20,3040259946,066-3046-07,"CONTROL,INDICATOR",BANT,REC,,BANT,268.0
2026-08-20,3040259944,066-3046-07,"CONTROL,INDICATOR",EEAR,REC,,PAMA-LS,268.0
2026-08-20,3040260209,011-00916-00,DISPLAY UNIT GDU 1040A,PAMALS,REC,,BAMN,254.0
2026-08-20,3040260208,324843-W020,HEADSET-MICROPHONE,PAMALS,REC,VAI SER DEVOLVIDO SEM REPARO,WILLIAM,254.0
2026-08-20,3040260204,324843-W020,HEADSET-MICROPHONE,PAMALS,OS concluída,,,
2026-08-20,3040260205,324843-W020,HEADSET-MICROPHONE,PAMALS,OS concluída,,,
2026-08-20,3040260388,SD5H14C4527,AIR COMPRESSOR,PAMALS,REC,EM REPARO,VEE ONE,247.0
2026-08-20,3040260382,065-00183-0501,AUTOPILOT COMPUTER KFC225,BANT,REC,,BANT,247.0
2026-08-20,3040260389,SD5H14C4527,AIR COMPRESSOR,PAMALS,REC,EM REPARO,VEE ONE,247.0
2026-08-20,3040260517,ASG12000-2,ALTERNATOR,PAMALS,OS concluída,,,
2026-08-20,3040260524,51539-012M,CONTROL UNIT ASSY-GENERATOR,BANT,REC,,BACG,244.0
2026-08-20,3040260516,ASG12000-2,ALTERNATOR,PAMALS,REC,REPARADO,V1 PAMA-LS,244.0
2026-08-20,3040260523,9910592-2,ALTERNADOR,BAMN,REC,REPARADO,V1 PAMA-LS,244.0
2026-08-20,3040260522,9910592-2,ALTERNADOR,BAMN,REC,REPARADO,V1 PAMA-LS,244.0
2026-08-20,3040260547,161-12800,WHEEL HALF ASSY-INNER,EPCAR,OS concluída,REPARADO,VEE ONE,
2026-08-20,3040260545,161-11700,INNER WHEEL HALF ASSY,BACG,REC,REPARADO,VEE ONE,226.0
2026-08-20,3040260544,161-11700,INNER WHEEL HALF ASSY,BANT,REC,REPARADO,VEE ONE,226.0
2026-08-20,3040260546,161-12800,WHEEL HALF ASSY-INNER,PAMALS,REC,REPARADO,VEE ONE,226.0
2026-08-20,3040260548,161-11700,INNER WHEEL HALF ASSY,CLA,REC,REPARADO,VEE ONE,226.0
2026-08-20,3040260549,162-10700,OUTER WHEEL HALF ASSY,BACG,REC,REPARADO,VEE ONE,226.0
2026-08-20,3040260550,162-10700,OUTER WHEEL HALF ASSY,CLA,REC,REPARADO,VEE ONE,226.0
2026-08-20,3040260551,162-11800,WHEEL HALF ASSY-OUTER,BANT,REC,REPARADO,VEE ONE,226.0
2026-08-20,3040260552,30994-001,BATTERY-MARATHON TSP410 NICAD,BABE,OS concluída,CONDENADO,AMA - VEE ONE,
2026-08-20,3040260543,324843-W020,HEADSET-MICROPHONE,PAMALS,REC,VAI SER DEVOLVIDO SEM REPARO,WILLIAM,226.0
2026-08-20,3040260542,324843-W020,HEADSET-MICROPHONE,PAMALS,REC,,BABE,226.0
2026-08-20,3040260541,324843-W020,HEADSET-MICROPHONE,PAMALS,OS concluída,,,
2026-08-20,3040260540,324843-W020,HEADSET-MICROPHONE,PAMALS,OS concluída,,,
2026-08-20,3040260538,324843-W020,HEADSET-MICROPHONE,PAMALS,REC,,BABE,226.0
2026-08-20,3040260539,324843-W020,HEADSET-MICROPHONE,PAMALS,REC,,BABE,226.0
2026-08-20,3040260595,9910586-4,FLAP ACTUATOR AND MOTOR ASSEMBLY,7 ETA,REC,,BAMN,226.0
2026-08-20,3040260597,9910586-4,FLAP ACTUATOR AND MOTOR ASSEMBLY,BAPV,REC,REPARADO,VEE ONE,226.0
2026-08-20,3040260583,3244897-4,FUEL CONTROL UNIT,PAMALS,OS concluída,,,
2026-08-20,3040260750,3122678-04,FUEL CONTROL UNIT,PAMASP,REC,,BANT,218.0
2026-08-20,3040260752,3244897-4,FUEL CONTROL UNIT,PAMASP,OS concluída,,,
2026-08-20,3040260753,3244809-7,"FUEL CONTROL,MAIN,TURBINE ENGINE",PAMASP,OS concluída,,,
2026-08-20,3040260754,3244809-1,"FUEL CONTROL,MAIN,TURBINE ENGINE",PAMASP,REC,EM QUARENTENA,LEAP,218.0
2026-08-20,3040254794,C145-350,"MOTOR,DIRECT CURRENT",PAMALS,OS concluída,,,
2026-08-20,3040260913,064-1054-30,RECEIVER-TRANSMITTER SUBASSEMBLY,EPCAR,REC,REPARADO,V1 PAMA-LS,206.0
2026-08-20,3040260915,064-1054-30,RECEIVER-TRANSMITTER SUBASSEMBLY,PAMALS,REC,REPARADO,V1 PAMA-LS,206.0
2026-08-20,3040260811,3034792,BOMBA DE COMBUSTÍVEL,BAPV,REC,,BABR,204.0
2026-08-20,3040260812,3034792,BOMBA DE COMBUSTÍVEL,BACG,OS concluída,,,
2026-08-20,3040260922,162-11800,WHEEL HALF ASSY-OUTER,PAMALS,OS concluída,,,
2026-08-20,3040260923,030-18200,MAIN WHEEL BRAKE,BACO,REC,REPARADO,VEE ONE,204.0
2026-08-20,3040261389,3034792,BOMBA DE COMBUSTÍVEL,PAMASP,REC,REPARADO,V1 PAMA-LS,191.0
2026-08-20,3040261388,3034792,BOMBA DE COMBUSTÍVEL,BABR,OS concluída,,,
2026-08-20,3040261387,3034792,BOMBA DE COMBUSTÍVEL,BABR,OS concluída,,,
2026-08-20,3040261371,TFF2905-13,FUEL FLOW TRANSDUCER,ALA 8,REC,EM REPARO,WILLIAM,191.0
2026-08-20,3040261375,C661065-0240RX,"INDICATOR, AIRSPEED",BACG,REC,EM REPARO,WILLIAM,191.0
2026-08-20,3040261373,C661065-0240,AIRSPEED INDICATOR,BABE,REC,REPARADO,V1 PAMA-LS,191.0
2026-08-20,3040261322,011-00831-00,"ENGINE INTERFA,SPEC",BAPV,REC,REPARADO,VEE ONE,191.0
2026-08-20,3040261326,011-00882-10,"COMPUTER,AIR DATA",BAMN,OS concluída,,,
2026-08-20,3040261324,011-00882-10,"COMPUTER,AIR DATA",BAMN,OS concluída,,,
2026-08-20,3040261327,064-1054-30,RECEIVER-TRANSMITTER SUBASSEMBLY,PAMASP,REC,REPARADO,V1 PAMA-LS,191.0
2026-08-20,3040261336,066-01141-0101,"RECEIVER,RADIO",BANT,REC,REPARADO,V1 PAMA-LS,191.0
2026-08-20,3040261334,065-0065-01,SELECTOR ALT,BANT,REC,EM REPARO,WILLIAM,191.0
2026-08-20,3040261331,065-0061-36,ACTUATOR TRIM (KS272A),PAMASP,REC,,BABR,191.0
2026-08-20,3040261329,065-0061-36,ACTUATOR TRIM (KS272A),ALA 10,OS concluída,,,
2026-08-20,3040261335,065-0065-01,SELECTOR ALT,BANT,REC,EM REPARO,WILLIAM,191.0
2026-08-20,3040261342,066-3084-02,COLOR RADAR INDICATOR,BABV,REC,EM REPARO,WILLIAM,191.0
2026-08-20,3040261340,066-1053-00,"RECEIVER,RADIO",BASM,REC,REPARADO,V1 PAMA-LS,191.0
2026-08-20,3040261377,066-3054-01,INDICATOR RADAR ALTIMETER - TYPE KI250,PAMALS,REC,EM REPARO,WILLIAM,191.0
2026-08-20,3040261376,066-1061-03,RT RADAR ALTIM (KRA10A),PAMALS,REC,PARA REPARO,VEE ONE,191.0
2026-08-20,3040261352,1134380-4,EVAPORATOR MODULE ASSY-RH,BAMN,REC,CONDENADO,VEE ONE,191.0
2026-08-20,3040261347,071-1234-00,ANTENNA ACCESSORY,ALA 1,REC,EM REPARO,WILLIAM,191.0
2026-08-20,3040261344,066-4010-12,RECEIVER VOR/LOC (KNS81),ALA 10,REC,EM REPARO,WILLIAM,191.0
2026-08-20,3040261353,1H75-21,PRESSURE REGULATOR,BAMN,REC,,BAMN,191.0
2026-08-20,3040261357,2682001-1,BRAKE CYL MAST,BABE,OS concluída,,,
2026-08-20,3040261356,2670104-2,ANNUNCIATOR PANEL,PAMALS,REC,REPARADO,VEE ONE,191.0
2026-08-20,3040261355,2643100-201,NOSE GEAR STRUT ASSY - TALL FORK,BABR,OS concluída,,,
2026-08-20,3040261354,2643100-201,NOSE GEAR STRUT ASSY - TALL FORK,BANT,REC,EM REPARO,AV AERONAUTICA,191.0
2026-08-20,3040261364,8210-002-01,GOVERNOR PROPELLER,PAMASP,REC,REPARADO,VEE ONE,191.0
2026-08-20,3040261627,S3828-1,ALTIMETER,BAMN,REC,EM REPARO,WILLIAM,177.0
2026-08-20,3040261628,S3828-1,ALTIMETER,BABE,REC,REPARADO,V1 PAMA-LS,177.0
2026-08-20,3040261851,51539-012MRX,CONTROL UNIT ASSY-GENERATOR,BABE,REC,EM REPARO,VEE ONE,169.0
2026-08-20,3040261852,51539-012MRX,CONTROL UNIT ASSY-GENERATOR,BABE,REC,EM REPARO,VEE ONE,169.0
2026-08-20,3040261843,3034792,BOMBA DE COMBUSTÍVEL,PAMALS,REC,EM REPARO,VEE ONE,164.0
2026-08-20,3040262245,200SGL119Q-2,STARTER GENERATOR,BAMN,OS concluída,,,
2026-08-20,3040262246,200SGL119Q-2,STARTER GENERATOR,BAMN,OS concluída,,,
2026-08-20,3040262273,324843-W020,HEADSET-MICROPHONE,BABE,OS concluída,,,
2026-08-20,3040262275,324843-W020,HEADSET-MICROPHONE,BANT,OS concluída,,,
2026-08-20,3040262363,066-1055-00,AUDIO CONTROL PANEL,ALA 5,OS concluída,,,
2026-08-20,3040262367,066-1055-00,AUDIO CONTROL PANEL,ALA 9,REC,EM REPARO,WILLIAM,147.0
2026-08-20,3040262368,066-1055-00,AUDIO CONTROL PANEL,CLA,OS concluída,,,
2026-08-20,3040262372,51539-012M,CONTROL UNIT ASSY-GENERATOR,BANT,REC,,V1 PAMA-LS,147.0
2026-08-20,3040262371,51539-012N,CONTROL UNIT ASSY-GENERATOR,BANT,REC,REPARADO,V1 PAMA-LS,147.0
2026-08-20,3040262419,065-0061-36,ACTUATOR TRIM (KS272A),ALA 9,REC,EM REPARO,WILLIAM,142.0
2026-08-20,3040262734,C352,PORTABLE HALON FIRE EXTINGUISHERS,ALA 5,REC,EM REPARO,AV AERONAUTICA,129.0
2026-08-20,3040262738,C352TS,"EXTINGUISHER,FIRE",BANT,REC,,PROCURANDO,129.0
2026-08-20,3040262739,C352TS,"EXTINGUISHER,FIRE",BANT,REC,,PROCURANDO,129.0
2026-08-20,3040262740,C352TS,"EXTINGUISHER,FIRE",PAMALS,REC,,PROCURANDO,129.0
2026-08-20,3040262766,011-00883-20,RADAR GWX 68 WEATHER,BAMN,OS concluída,EM REPARO,VEE ONE,
2026-08-20,3040262765,011-00883-20,RADAR GWX 68 WEATHER,BAMN,REC,EM REPARO,VEE ONE,129.0
2026-08-20,3040262772,011-01020-10,AFCS MODE CONTROLLER GMC 710,BAMN,REC,EM REPARO,WILLIAM,129.0
2026-08-20,3040262770,011-01020-10,AFCS MODE CONTROLLER GMC 710,BAMN,REC,EM REPARO,WILLIAM,129.0
2026-08-20,3040262773,011-01020-10,AFCS MODE CONTROLLER GMC 710,BAMN,REC,EM REPARO,WILLIAM,129.0
2026-08-20,3040262746,066-1070-01,TRANSCEIVER DME (KN63),BABE,REC,EM REPARO,WILLIAM,129.0
2026-08-20,3040262745,064-1019-05,VHF TRANSCEIVE KY196,EEAR,REC,EM REPARO,VEE ONE,129.0
2026-08-20,3040262747,066-1072-00,RECEIVER ADF (KING KR87),ALA 7,REC,EM REPARO,WILLIAM,129.0
2026-08-20,3040262748,066-3046-07,"CONTROL,INDICATOR",BABR,REC,,BANT,129.0
2026-08-20,3040262769,066-3046-07,"CONTROL,INDICATOR",BABR,REC,,BANT,129.0
2026-08-20,3040262768,066-3046-07,"CONTROL,INDICATOR",EEAR,REC,EM REPARO,LEAP,129.0
2026-08-20,3040262767,066-3046-07,"CONTROL,INDICATOR",EEAR,REC,EM REPARO,LEAP,129.0
2026-08-20,3040262791,066-3060-00,IND RMI KNI582,BANT,REC,EM REPARO,LEAP,129.0
2026-08-20,3040262630,161-11700,INNER WHEEL HALF ASSY,BANT,REC,REPARADO,VEE ONE,129.0
2026-08-20,3040262792,066-3060-00,IND RMI KNI582,BANT,REC,EM REPARO,LEAP,129.0
2026-08-20,3040262634,162-10700,OUTER WHEEL HALF ASSY,BANT,REC,REPARADO,VEE ONE,129.0
2026-08-20,3040262632,161-12800,WHEEL HALF ASSY-INNER,BANT,OS concluída,REPARADO,VEE ONE,
2026-08-20,3040262633,161-12800,WHEEL HALF ASSY-INNER,BANT,REC,REPARADO,VEE ONE,129.0
2026-08-20,3040262635,162-11800,WHEEL HALF ASSY-OUTER,EPCAR,REC,REPARADO,VEE ONE,129.0
2026-08-20,3040262637,162-11800,WHEEL HALF ASSY-OUTER,BANT,REC,REPARADO,VEE ONE,129.0
2026-08-20,3040262636,162-11800,WHEEL HALF ASSY-OUTER,BANT,REC,REPARADO,VEE ONE,129.0
2026-08-20,3040262646,200SGL119Q,STARTER GENERATOR,PAMASP,OS concluída,,,
2026-08-20,3040262639,200SGL119Q,STARTER GENERATOR,PAMASP,OS concluída,,PAMA-LS,
2026-08-20,3040262638,200SGL119Q,STARTER GENERATOR,PAMALS,REC,EM REPARO,AV AERONAUTICA,129.0
2026-08-20,3040262757,2606015-2,IND OIL TEMP/P,PAMALS,REC,EM REPARO,VEE ONE,129.0
2026-08-20,3040262706,2641011-5,AXLE-MAIN GEAR,BAMN,REC,,BANT,129.0
2026-08-20,3040262707,2641011-5,AXLE-MAIN GEAR,BABV,REC,REPARADO,VEE ONE,129.0
2026-08-20,3040262717,2641011-5,AXLE-MAIN GEAR,BANT,REC,REPARADO,VEE ONE,129.0
2026-08-20,3040262714,2641011-5,AXLE-MAIN GEAR,BAPV,REC,,BANT,129.0
2026-08-20,3040262713,2641011-5,AXLE-MAIN GEAR,BAPV,REC,REPARADO,VEE ONE,129.0
2026-08-20,3040262712,2641011-5,AXLE-MAIN GEAR,BABR,REC,,BANT,129.0
2026-08-20,3040262711,2641011-5,AXLE-MAIN GEAR,BABR,REC,,BANT,129.0
2026-08-20,3040262709,2641011-5,AXLE-MAIN GEAR,PAMALS,REC,,BANT,129.0
2026-08-20,3040262708,2641011-5,AXLE-MAIN GEAR,PAMALS,REC,,BANT,129.0
2026-08-20,3040262744,3244809-1A,F.C.U,PAMALS,REC,EM REPARO,LEAP,129.0
2026-08-20,3040262758,9910338-4,FUEL TOTALIZER INDICATOR,PAMALS,REC,EM REPARO,VEE ONE,129.0
2026-08-20,3040262759,9910338-6,"TRANSMITTER,RATE OF FLOW",BAMN,REC,EM REPARO,WILLIAM,129.0
2026-08-20,3040262760,9910338-6,"TRANSMITTER,RATE OF FLOW",BANT,REC,EM REPARO,VEE ONE,129.0
2026-08-20,3040262966,2682001-1,BRAKE CYL MAST,BACO,OS concluída,,PAMA-LS,
2026-08-20,3040262967,2682001-1,BRAKE CYL MAST,PAMALS,REC,REPARADO,V1 PAMA-LS,127.0
2026-08-20,3040262968,2682001-1,BRAKE CYL MAST,BANT,OS concluída,,PAMA-LS,
2026-08-20,3040262969,2682001-1,BRAKE CYL MAST,BABE,REC,REPARADO,V1 PAMA-LS,127.0
2026-08-20,3040263069,453-5060,ELT C406-N,BABE,OS concluída,,,
2026-08-20,3040263283,D145-00-46-2,FLAP ACTUATOR ASSY,PAMALS,REC,EM REPARO,LEAP,112.0
2026-08-20,3040263284,D145-00-46-2,FLAP ACTUATOR ASSY,BAFL,REC,EM REPARO,LEAP,112.0
2026-08-20,3040263324,069-01033-0101,"RECEIVER-TRANSMITTER,RADIO",PAMALS,REC,EM REPARO,LEAP,112.0
2026-08-20,3040263287,C661065-0237,AIRSPEED INDICATOR,BABR,REC,REPARADO,VEE ONE,112.0
2026-08-20,3040263288,C661065-0237,AIRSPEED INDICATOR,PAMASP,REC,REPARADO,VEE ONE,112.0
2026-08-20,3040263314,060-0017-00,FLIGHT DIR HOR,EEAR,REC,EM REPARO,LEAP,112.0
2026-08-20,3040263319,066-1055-00,AUDIO CONTROL PANEL,BABE,REC,REPARADO,VEE ONE,112.0
2026-08-20,3040263317,060-0017-00,FLIGHT DIR HOR,PAMASP,REC,,BANT,112.0
2026-08-20,3040263316,060-0017-00,FLIGHT DIR HOR,BANT,REC,,BANT,112.0
2026-08-20,3040263320,066-1055-00,AUDIO CONTROL PANEL,PAMALS,REC,EM REPARO,AV AERONAUTICA,112.0
2026-08-20,3040263325,069-01033-0101,"RECEIVER-TRANSMITTER,RADIO",PAMALS,REC,,PROCURANDO,112.0
2026-08-20,3040263335,C611008-0101,ALTERNATOR CONTROL UNIT,PAMALS,REC,EM REPARO,AV AERONAUTICA,112.0
2026-08-20,3040263336,C611008-0101,ALTERNATOR CONTROL UNIT,PAMALS,REC,EM REPARO,AV AERONAUTICA,112.0
2026-08-20,3040263286,C661065-0237,AIRSPEED INDICATOR,BANT,REC,DEVOLVIDO NO ESTADO,WILLIAM,112.0
2026-08-20,3040263322,066-1055-00,AUDIO CONTROL PANEL,ALA 9,REC,EM REPARO,WILLIAM,112.0
2026-08-20,3040263326,069-01033-0101,"RECEIVER-TRANSMITTER,RADIO",PAMALS,REC,,BANT,112.0
2026-08-20,3040263315,060-0017-00,FLIGHT DIR HOR,BACG,OS concluída,,BABR,
2026-08-20,3040263334,011-00916-10,"DISPLAY UNIT,FLIGHT INFORMATION",BACO,REC,VAI SER DEVOLVIDO SEM REPARO,WILLIAM,112.0
2026-08-20,3040263333,011-00916-10,"DISPLAY UNIT,FLIGHT INFORMATION",BACO,REC,EM REPARO,WILLIAM,112.0
2026-08-20,3040263332,011-00916-10,"DISPLAY UNIT,FLIGHT INFORMATION",BAMN,OS concluída,EM REPARO,WILLIAM,
2026-08-20,3040263331,C661064-0237,AIRSPEED INDICATOR,PAMALS,REC,VAI SER DEVOLVIDO SEM REPARO,WILLIAM,112.0
2026-08-20,3040263329,C661064-0237,AIRSPEED INDICATOR,PAMALS,REC,EM REPARO,WILLIAM,112.0
2026-08-20,3040263328,C661064-0237,AIRSPEED INDICATOR,BABR,REC,EM REPARO,WILLIAM,112.0
2026-08-20,3040263327,C661064-0237,AIRSPEED INDICATOR,BABR,REC,EM REPARO,WILLIAM,112.0
2026-08-20,3040263330,C661064-0237,AIRSPEED INDICATOR,PAMALS,REC,EM REPARO,WILLIAM,112.0
2026-08-20,3040263338,C611008-0101,ALTERNATOR CONTROL UNIT,PAMALS,REC,REPARADO,V1 PAMA-LS,112.0
2026-08-20,3040263433,066-03064-0005,"ALTIMETER,SERVO CONTROLLED,AUTOMATIC PRESSURE",BACG,REC,EM REPARO,WILLIAM,106.0
2026-08-20,3040263435,066-03064-0005,"ALTIMETER,SERVO CONTROLLED,AUTOMATIC PRESSURE",BANT,REC,EM REPARO,WILLIAM,106.0
2026-08-20,3040263434,066-03064-0005,"ALTIMETER,SERVO CONTROLLED,AUTOMATIC PRESSURE",PAMASP,REC,VAI SER DEVOLVIDO SEM REPARO,WILLIAM,106.0
2026-08-20,3040263417,069-01033-0101,"RECEIVER-TRANSMITTER,RADIO",PAMALS,REC,EM REPARO,WILLIAM,106.0
2026-08-20,3040263416,069-01033-0101,"RECEIVER-TRANSMITTER,RADIO",BASM,REC,EM REPARO,WILLIAM,106.0
2026-08-20,3040263415,069-01033-0101,"RECEIVER-TRANSMITTER,RADIO",BABR,REC,,BANT,106.0
2026-08-20,3040263447,066-3046-07,"CONTROL,INDICATOR",CLA,REC,,BABR,106.0
2026-08-20,3040263443,3244897-4,FUEL CONTROL UNIT,PAMALS,REC,EM REPARO,LEAP,105.0
2026-08-20,3040263444,3244897-4,FUEL CONTROL UNIT,PAMALS,REC,EM REPARO,LEAP,105.0
2026-08-20,3040263577,060-0015-00,"CONTROL,DIRECTIONAL,AUTOMATIC PILOT",ALA 5,REC,EM REPARO,WILLIAM,100.0
2026-08-20,3040263574,066-1072-04,"RECEIVER,RADIO",BABE,REC,EM REPARO,WILLIAM,100.0
2026-08-20,3040263576,066-1072-04,"RECEIVER,RADIO",BAMN,OS concluída,DEVOLVIDO NO ESTADO,WILLIAM,
2026-08-20,3040263575,066-1072-04,"RECEIVER,RADIO",BABE,REC,EM REPARO,WILLIAM,100.0
2026-08-20,3040263573,066-3084-32,IND RDR 2000 IN-182A,PAMALS,REC,,BABR,100.0
2026-08-20,3040263571,066-3084-32,IND RDR 2000 IN-182A,PAMALS,REC,EM REPARO,WILLIAM,100.0
2026-08-20,3040263572,066-3084-32,IND RDR 2000 IN-182A,PAMALS,REC,EM REPARO,WILLIAM,100.0
2026-08-20,3040263448,2618510-10,ALTERNATOR CONTROL UNIT ASSY,BABE,REC,EM REPARO,WILLIAM,100.0
2026-08-20,3040263449,2618510-10,ALTERNATOR CONTROL UNIT ASSY,PAMALS,REC,EM REPARO,WILLIAM,100.0
2026-08-20,3040263877,2641011-5,AXLE-MAIN GEAR,CLA,REC,EM REPARO,LEAP,90.0
2026-08-20,3040263878,2641011-5,AXLE-MAIN GEAR,CLA,REC,EM REPARO,LEAP,90.0
2026-08-20,3040264243,069-01033-0101,"RECEIVER-TRANSMITTER,RADIO",PAMALS,REC,EM REPARO,WILLIAM,83.0
2026-08-20,3040264244,069-01033-0101,"RECEIVER-TRANSMITTER,RADIO",PAMASP,REC,EM REPARO,WILLIAM,83.0
2026-08-20,3040264246,060-0017-00,FLIGHT DIR HOR,PAMALS,REC,EM REPARO,WILLIAM,83.0
2026-08-20,3040264237,200SGL119Q-2,STARTER GENERATOR,BAMN,REC,EM REPARO,AV AERONAUTICA,83.0
2026-08-20,3040264236,200SGL119Q-2,STARTER GENERATOR,BABE,REC,,BABE,83.0
2026-08-20,3040264121,3244897-4,FUEL CONTROL UNIT,BABE,OS concluída,EM REPARO,LEAP,
2026-08-20,3040264263,9910338-8,"INDICATOR,FUEL FLOW",PAMALS,OS concluída,,BABR,
2026-08-20,3040264262,9910338-8,"INDICATOR,FUEL FLOW",BABV,REC,EM REPARO,WILLIAM,83.0
2026-08-20,3040264242,324843-2020,HEADSET-MICROPHONE,BABE,REC,EM REPARO,WILLIAM,83.0
2026-08-20,3040264264,324843-2020,HEADSET-MICROPHONE,DACTA II,REC,EM REPARO,WILLIAM,83.0
2026-08-20,3040264238,324843-2020,HEADSET-MICROPHONE,DACTA II,REC,EM REPARO,WILLIAM,83.0
2026-08-20,3040264241,324843-2020,HEADSET-MICROPHONE,DACTA II,REC,EM REPARO,WILLIAM,83.0
2026-08-20,3040264240,324843-2020,HEADSET-MICROPHONE,DACTA II,REC,EM REPARO,WILLIAM,83.0
2026-08-20,3040264122,3244809-8,"FUEL CONTROL,MAIN,TURBINE ENGINE",BABE,OS concluída,,BABR,
2026-08-20,3040263797,066-3046-07,"CONTROL,INDICATOR",BABE,REC,EM REPARO,WILLIAM,83.0
2026-08-20,3040263798,066-3046-07,"CONTROL,INDICATOR",PAMASP,REC,EM REPARO,WILLIAM,83.0
2026-08-20,3040263799,066-3046-07,"CONTROL,INDICATOR",PAMASP,REC,EM REPARO,WILLIAM,83.0
2026-08-20,3040263795,071-01519-0101,"RECEIVER-EXCITER,RADAR",PAMALS,REC,,PROCURANDO,83.0
2026-08-20,3040263796,071-01519-0101,"RECEIVER-EXCITER,RADAR",PAMALS,REC,,PROCURANDO,83.0
2026-08-20,3040264579,060-0017-00,FLIGHT DIR HOR,BABR,OS concluída,,,
2026-08-20,3040264577,060-0017-00,FLIGHT DIR HOR,PAMALS,REC,,,71.0
2026-08-20,3040264573,060-0017-00,FLIGHT DIR HOR,BANT,REC,,,71.0
2026-08-20,3040264574,060-0017-00,FLIGHT DIR HOR,BANT,REC,,,71.0
2026-08-20,3040264576,060-0017-00,FLIGHT DIR HOR,PAMALS,REC,,,71.0
2026-08-20,3040264572,060-0017-00,FLIGHT DIR HOR,PAMASP,REC,,,71.0
2026-08-20,3040264647,1H75-21,PRESSURE REGULATOR,BAMN,REC,,,66.0
2026-08-20,3040264646,1H75-21,PRESSURE REGULATOR,PAMASP,REC,,,66.0
2026-08-20,3040264645,1H75-21,PRESSURE REGULATOR,PAMASP,REC,,,66.0
2026-08-20,3040264643,1H75-21,PRESSURE REGULATOR,PAMASP,REC,,,66.0
2026-08-20,3040264707,3244809-7,"FUEL CONTROL,MAIN,TURBINE ENGINE",BABE,REC,,,66.0
2026-08-20,3040264709,540-1407-4,"VALVE,BLEED,TURBINEENGINE",PAMASP,REC,,,66.0
2026-08-20,3040264710,200SGL153Q,"STARTER-GENERATOR,ENGINE,AIRCRAFT",CLA,REC,,,66.0
2026-08-20,3040264711,200SGL153Q,"STARTER-GENERATOR,ENGINE,AIRCRAFT",PAMASP,REC,,,66.0
2026-08-20,3040264712,200SGL153Q,"STARTER-GENERATOR,ENGINE,AIRCRAFT",BACG,REC,,,66.0
2026-08-20,3040264718,9910338-8,"INDICATOR,FUEL FLOW",PAMALS,REC,,,66.0
2026-08-20,3040264719,S3326-2,"INDICATOR,HORIZONTAL SITUATION",ALA 8,REC,,,66.0
2026-08-20,3040264720,S3326-2,"INDICATOR,HORIZONTAL SITUATION",PAMALS,REC,,,66.0
2026-08-20,3040264721,S3326-2,"INDICATOR,HORIZONTAL SITUATION",PAMASP,REC,,,66.0
2026-08-20,3040264724,2606013-1AM,INDICADOR PERCENTUAL RPM,BABV,REC,,,66.0
2026-08-20,3040264725,2606013-1AM,INDICADOR PERCENTUAL RPM,BABR,REC,,,66.0
2026-08-20,3040264726,2606015-4,INDICATOR-OIL TEMP/OIL PRESS,BANT,REC,,,66.0
2026-08-20,3040264727,C661051-0201,GYRO HORIZON,ALA 10,REC,,,66.0
2026-08-20,3040264728,504-0111-906,GYRO HORIZON,PAMALS,REC,,,66.0
2026-08-20,3040264729,504-0111-906,GYRO HORIZON,BACG,REC,,,66.0
2026-08-20,3040264730,8210-003,"GOVERNOR,FUEL CONTROL",PAMASP,REC,,,66.0
2026-08-20,3040264731,8210-002,"GOVERNOR,CONSTANT SPEED DRIVE",PAMASP,REC,,,66.0
2026-08-20,3040264732,8210-002,"GOVERNOR,CONSTANT SPEED DRIVE",BAMN,REC,,,66.0
2026-08-20,3040264733,030-18200,MAIN WHEEL BRAKE,BAMN,REC,,,66.0
2026-08-20,3040264734,030-18200,MAIN WHEEL BRAKE,BAMN,REC,,,66.0
2026-08-20,3040264735,161-11700,INNER WHEEL HALF ASSY,PAMALS,REC,,,66.0
2026-08-20,3040264736,161-12800,WHEEL HALF ASSY-INNER,BABR,REC,,,66.0
2026-08-20,3040264737,161-12800,WHEEL HALF ASSY-INNER,PAMALS,AUT,,,66.0
2026-08-20,3040264738,162-10700,OUTER WHEEL HALF ASSY,BACO,AUT,,,66.0
2026-08-20,3040264807,011-01105-01,INTEGRATED AVIONICS UNIT GIA63W,ALA 8,REC,,,58.0
2026-08-20,3040264808,011-01105-01,INTEGRATED AVIONICS UNIT GIA63W,BAMN,REC,,,58.0
2026-08-20,3040264907,011-00916-10,"DISPLAY UNIT,FLIGHT INFORMATION",BAMN,REC,,,51.0
2026-08-20,3040264908,011-00916-10,"DISPLAY UNIT,FLIGHT INFORMATION",BABV,REC,,,51.0
2026-08-20,3040264974,3244809-8,"FUEL CONTROL,MAIN,TURBINE ENGINE",BAMN,REC,,,49.0
2026-08-20,3040264961,3244897-4,FUEL CONTROL UNIT,CLA,REC,,,49.0
2026-08-20,3040264960,3034792,BOMBA DE COMBUSTÍVEL,CLA,REC,,,49.0
2026-08-20,3040265144,011-01020-10,AFCS MODE CONTROLLER GMC 710,BABE,REC,,,43.0
2026-08-20,3040265140,011-01020-10,AFCS MODE CONTROLLER GMC 710,BABE,REC,,,43.0
2026-08-20,3040265482,066-3084-32,IND RDR 2000 IN-182A,BABR,REC,,,28.0
2026-08-20,3040265484,066-3084-32,IND RDR 2000 IN-182A,BANT,REC,,,28.0
2026-08-20,3040265485,066-3084-32,IND RDR 2000 IN-182A,BABR,REC,,,28.0
2026-08-20,3040265526,ASG12000-2,ALTERNATOR,PAMALS,REC,,,24.0
2026-08-20,3040265525,ASG12000-2,ALTERNATOR,BABR,REC,,,24.0
2026-08-20,3040265527,9910592-2,ALTERNADOR,BABR,REC,,,24.0
2026-08-20,3040265533,3122678-04,FUEL CONTROL UNIT,BABR,REC,,,24.0
2026-08-20,3040265532,C611505-0201,ALTERNATOR,BANT,REC,,,24.0
2026-08-20,3040265530,C611505-0201,ALTERNATOR,BABV,REC,,,24.0
2026-08-20,3040265528,9910592-2,ALTERNADOR,BABR,REC,,,24.0
2026-08-20,3040265724,3244897-4,FUEL CONTROL UNIT,CLA,REC,,,23.0
2026-08-20,3040265474,C611008-0101,ALTERNATOR CONTROL UNIT,PAMALS,REC,,,21.0
2026-08-20,3040265475,C611008-0101,ALTERNATOR CONTROL UNIT,BABV,REC,,,21.0
2026-08-20,3040265476,C611008-0101,ALTERNATOR CONTROL UNIT,PAMALS,REC,,,21.0
2026-08-20,3040265477,C611008-0101,ALTERNATOR CONTROL UNIT,PAMALS,REC,,,21.0
2026-08-20,3040265576,011-00916-10,"DISPLAY UNIT,FLIGHT INFORMATION",BAMN,REC,,,20.0
2026-08-20,3040265580,011-00916-00,DISPLAY UNIT GDU 1040A,PAMALS,AUT,,,24.0
2026-08-20,3040265581,011-00916-00,DISPLAY UNIT GDU 1040A,PAMALS,AUT,,,24.0
2026-08-20,3040265589,EA-5175-52-CES,INDICATOR TRUE,BABV,AUT,,,24.0
2026-08-20,3040265590,EA-5175-52-CES,INDICATOR TRUE,BASM,AUT,,,24.0
2026-08-20,3040265591,EA-5175-52-CES,INDICATOR TRUE,BABV,AUT,,,24.0
2026-08-20,3040265592,EA-5175-52-CES,INDICATOR TRUE,BABV,AUT,,,24.0
2026-08-20,3040265668,9910592-2,ALTERNADOR,PAMALS,AUT,,,24.0
2026-08-20,3040265678,9910592-2,ALTERNADOR,BAMN,AUT,,,24.0
2026-08-20,3040265679,C611505-0201,ALTERNATOR,PAMALS,AUT,,,24.0
2026-08-20,3040265680,C611505-0201,ALTERNATOR,ALA 8,AUT,,,24.0
2026-08-20,3040265726,071-01519-0101,"RECEIVER-EXCITER,RADAR",PAMALS,AUT,,,23.0
2026-08-20,3040265727,071-01519-0101,"RECEIVER-EXCITER,RADAR",CLA,AUT,,,23.0
2026-08-20,3040265728,C163030-1001,MAIN W BRAKE A,BAMN,AUT,,,23.0
2026-08-20,3040265731,066-3046-07,"CONTROL,INDICATOR",BABR,AUT,,,23.0
2026-08-20,3040265732,066-3046-07,"CONTROL,INDICATOR",BANT,AUT,,,23.0
2026-08-20,3040265734,066-3046-07,"CONTROL,INDICATOR",EEAR,AUT,,,23.0
2026-08-20,3040265735,066-3046-07,"CONTROL,INDICATOR",CLA,AUT,,,23.0
2026-08-20,3040265736,C611008-0101,ALTERNATOR CONTROL UNIT,BABV,AUT,,,23.0
2026-08-20,3040265737,C611008-0101,ALTERNATOR CONTROL UNIT,EEAR,AUT,,,23.0
2026-08-20,3040265738,C611008-0101,ALTERNATOR CONTROL UNIT,PAMALS,AUT,,,23.0
2026-08-20,3040265739,C611008-0101,ALTERNATOR CONTROL UNIT,BANT,AUT,,,23.0
2026-08-20,3040265740,C611008-0101,ALTERNATOR CONTROL UNIT,BABE,AUT,,,23.0
2026-08-20,3040265741,C611008-0101,ALTERNATOR CONTROL UNIT,BABR,AUT,,,23.0
2026-08-20,3040265742,066-1072-04,"RECEIVER,RADIO",BACG,AUT,,,23.0
2026-08-20,3040265743,066-1072-04,"RECEIVER,RADIO",BAMN,AUT,,,23.0
2026-08-20,3040265744,066-1072-04,"RECEIVER,RADIO",PAMALS,AUT,,,23.0
2026-08-20,3040265745,066-3084-32,IND RDR 2000 IN-182A,PAMALS,AUT,,,23.0
2026-08-20,3040265746,066-3084-32,IND RDR 2000 IN-182A,PAMALS,AUT,,,23.0
2026-08-20,3040265747,30994-001,BATTERY-MARATHON TSP410 NICAD,PAMALS,AUT,,,23.0
2026-08-20,3040265748,30994-001,BATTERY-MARATHON TSP410 NICAD,PAMALS,AUT,,,23.0
2026-08-20,3040265749,30994-001,BATTERY-MARATHON TSP410 NICAD,PAMALS,AUT,,,23.0
2026-08-20,3040265750,30994-001,BATTERY-MARATHON TSP410 NICAD,PAMALS,AUT,,,23.0
2026-08-20,3040265751,30994-001,BATTERY-MARATHON TSP410 NICAD,PAMALS,AUT,,,23.0
2026-08-20,3040265752,2641011-5,AXLE-MAIN GEAR,BAMN,AUT,,,23.0
2026-08-20,3040265753,2641011-5,AXLE-MAIN GEAR,BAMN,AUT,,,23.0
2026-08-20,3040265754,161-11700,INNER WHEEL HALF ASSY,BACO,AUT,,,23.0
2026-08-20,3040265755,161-12800,WHEEL HALF ASSY-INNER,BABE,AUT,,,23.0
2026-08-20,3040265757,066-01141-0101,"RECEIVER,RADIO",PAMALS,AUT,,,23.0
2026-08-20,3040265758,066-01141-0101,"RECEIVER,RADIO",PAMALS,AUT,,,23.0
2026-08-20,3040265759,C660501-0103,"COMPASS,SPEC",DACTA II,AUT,,,23.0
2026-08-20,3040265769,023694-000,BATTERY NICKEL CADMIUM,BAPV,AUT,,,22.0
2026-08-20,3040265771,2651023-23,ENGINE MOUNT ASSEMBLY,PAMALS,AUT,,,22.0
2026-08-20,3040265772,2651023-23,ENGINE MOUNT ASSEMBLY,PAMALS,AUT,,,22.0
2026-08-20,3040265892,324843-0020,HEADSET-MICROPHONE,PAMALS,AUT,,,17.0
2026-08-20,3040265893,324843-0020,HEADSET-MICROPHONE,PAMALS,AUT,,,17.0
2026-08-20,3040265894,324843-0020,HEADSET-MICROPHONE,PAMALS,AUT,,,17.0
2026-08-20,3040265895,324843-0020,HEADSET-MICROPHONE,PAMALS,AUT,,,17.0
2026-08-21,3040249831,066-01141-5101,"RECEIVER-TRANSMITTER,RADIO (KT71)",PAMALS,REC,EM REPARO,LEAP,557.0
2026-08-21,3040250248,452-0133,"BATTERY,NONRECHARGEABLE",BABR,REC,CONDENADO,VEE ONE,541.0
2026-08-21,3040250249,452-0133,"BATTERY,NONRECHARGEABLE",BAMN,REC,CONDENADO,VEE ONE,541.0
2026-08-21,3040250234,3034792,BOMBA DE COMBUSTÍVEL,PAMALS,REC,,BANT,541.0
2026-08-21,3040250816,453-5060,"BEACON,DISTRESS",BAMN,REC,,PAMA-LS,519.0
2026-08-21,3040250830,799-1,TRANSDUCER,BACO,REC,,BANT,519.0
2026-08-21,3040250829,51539-012N,CONTROL UNIT ASSY-GENERATOR,BAMN,OS concluída,,,
2026-08-21,3040250828,51539-012N,CONTROL UNIT ASSY-GENERATOR,BACG,REC,,BABR,519.0
2026-08-21,3040250827,51539-012N,CONTROL UNIT ASSY-GENERATOR,BANT,REC,,BABR,519.0
2026-08-21,3040250831,799-1,TRANSDUCER,BANT,REC,,BANT,519.0
2026-08-21,3040250833,9910586-4,FLAP ACTUATOR AND MOTOR ASSEMBLY,ALA 3,REC,,BAMN,519.0
2026-08-21,3040250834,9910586-4,FLAP ACTUATOR AND MOTOR ASSEMBLY,ALA 3,OS concluída,,,
2026-08-21,3040250832,9910338-4,FUEL TOTALIZER INDICATOR,EEAR,REC,,PAMA-LS,519.0
2026-08-21,3040250835,ASG12000-2,ALTERNATOR,ALA 5,REC,REPARADO,V1 PAMA-LS,519.0
2026-08-21,3040250841,C661030-0301,TURN BANK,PAMALS,REC,EM REPARO,LEAP,519.0
2026-08-21,3040250842,C662041-0102,INDICATOR FUEL,ALA 5,REC,,PAMA-LS,519.0
2026-08-21,3040250844,C662041-0102,INDICATOR FUEL,ALA 9,REC,,PAMA-LS,519.0
2026-08-21,3040250843,C662041-0102,INDICATOR FUEL,ALA 10,OS concluída,,,
2026-08-21,3040250719,060-0017-00,FLIGHT DIR HOR,PAMALS,REC,,BANT,519.0
2026-08-21,3040250720,060-0017-00,FLIGHT DIR HOR,BABV,OS concluída,,,
2026-08-21,3040250722,066-01141-5101,"RECEIVER-TRANSMITTER,RADIO (KT71)",ALA 9,REC,EM REPARO,WILLIAM,519.0
2026-08-21,3040250723,066-01141-5101,"RECEIVER-TRANSMITTER,RADIO (KT71)",CLA,REC,,BABR,519.0
2026-08-21,3040250721,060-0017-00,FLIGHT DIR HOR,BANT,OS concluída,,,
2026-08-21,3040250725,066-3046-07,"CONTROL,INDICATOR",ALA 10,OS concluída,,,
2026-08-21,3040250724,066-04035-1101,"DISPLAY UNIT,RADAR",PAMALS,REC,,BANT,519.0
2026-08-21,3040250732,069-1025-25,"RECEIVER-TRANSMITTER,RADIO - KX165",PAMALS,REC,EM REPARO,WILLIAM,519.0
2026-08-21,3040250782,2606012-1,INDICATOR-INTER-TURBINE TEMPERATURE,ALA 9,OS concluída,,,
2026-08-21,3040250775,161-11700,INNER WHEEL HALF ASSY,BABE,OS concluída,,,
2026-08-21,3040250773,161-11700,INNER WHEEL HALF ASSY,EEAR,REC,,BACG,519.0
2026-08-21,3040250718,030-18200,MAIN WHEEL BRAKE,BACO,OS concluída,,,
2026-08-21,3040250716,030-18200,MAIN WHEEL BRAKE,BABV,REC,EM REPARO,LEAP,519.0
2026-08-21,3040250717,030-18200,MAIN WHEEL BRAKE,BACO,OS concluída,,,
2026-08-21,3040250780,162-11800,WHEEL HALF ASSY-OUTER,PAMALS,OS concluída,,,
2026-08-21,3040250781,162-11800,WHEEL HALF ASSY-OUTER,BACG,OS concluída,,,
2026-08-21,3040250778,161-12800,WHEEL HALF ASSY-INNER,BACG,OS concluída,,,
2026-08-21,3040250776,161-12800,WHEEL HALF ASSY-INNER,BABE,OS concluída,,,
2026-08-21,3040250790,2643031-7,"FORK ASSY,NOSE GEAR SPRING",BAMN,OS concluída,,,
2026-08-21,3040250791,2643090-1,SHIMMY DAMPENE,BANT,REC,EM REPARO,AV AERONAUTICA,519.0
2026-08-21,3040250792,2643090-1,SHIMMY DAMPENE,BAMN,REC,REPARADO,V1 PAMA-LS,519.0
2026-08-21,3040250789,2641012-14,TRUNNION ASSY-RH-MAIN GEAR,PAMASP,OS concluída,,,
2026-08-21,3040250793,2643099-4,"SUPPORT ASSY FOWARD, NLG SPRING",BAMN,OS concluída,,,
2026-08-21,3040250798,30994-001,BATTERY-MARATHON TSP410 NICAD,BANT,OS concluída,CONDENADO,AMA - VEE ONE,
2026-08-21,3040252191,C611008-0101,ALTERNATOR CONTROL UNIT,PAMALS,REC,,BABR,486.0
2026-08-21,3040252159,011-00916-00,DISPLAY UNIT GDU 1040A,BAMN,REC,,BAMN,486.0
2026-08-21,3040252161,065-0042-03,COMPUTER PA,ALA 10,REC,EM REPARO,WILLIAM,486.0
2026-08-21,3040252162,065-0042-03,COMPUTER PA,EEAR,REC,,BABE,486.0
2026-08-21,3040252164,065-0042-03,COMPUTER PA,EEAR,REC,EM REPARO,WILLIAM,486.0
2026-08-21,3040252165,065-0042-03,COMPUTER PA,PAMALS,OS concluída,,,
2026-08-21,3040252166,065-0059-01,SERVO PITCH,EEAR,REC,EM REPARO,WILLIAM,486.0
2026-08-21,3040252168,066-03064-0005,"ALTIMETER,SERVO CONTROLLED,AUTOMATIC PRESSURE",ALA 9,OS concluída,,,
2026-08-21,3040252173,066-03064-0005,"ALTIMETER,SERVO CONTROLLED,AUTOMATIC PRESSURE",BANT,REC,EM REPARO,LEAP,486.0
2026-08-21,3040252172,066-03064-0005,"ALTIMETER,SERVO CONTROLLED,AUTOMATIC PRESSURE",PAMALS,REC,NO ESTADO,VEE ONE,486.0
2026-08-21,3040252170,066-03064-0005,"ALTIMETER,SERVO CONTROLLED,AUTOMATIC PRESSURE",ALA 7,REC,NO ESTADO,VEE ONE,486.0
2026-08-21,3040252178,066-1072-00,RECEIVER ADF (KING KR87),PAMALS,OS concluída,,,
2026-08-21,3040252182,066-1072-04,"RECEIVER,RADIO",ALA 9,OS concluída,,,
2026-08-21,3040252181,066-1072-04,"RECEIVER,RADIO",PAMASP,REC,EM REPARO,WILLIAM,486.0
2026-08-21,3040252180,066-1072-04,"RECEIVER,RADIO",ALA 8,OS concluída,,,
2026-08-21,3040252185,066-1072-04,"RECEIVER,RADIO",BAMN,OS concluída,,,
2026-08-21,3040252189,9910338-6,"TRANSMITTER,RATE OF FLOW",ALA 8,OS concluída,,,
2026-08-21,3040252190,9910338-6,"TRANSMITTER,RATE OF FLOW",BABR,OS concluída,,,
2026-08-21,3040252160,011-01020-10,AFCS MODE CONTROLLER GMC 710,BAMN,OS concluída,,,
2026-08-21,3040252939,C163030-1001,MAIN W BRAKE A,BABV,REC,,BAMN,456.0
2026-08-21,3040252936,030-18200,MAIN WHEEL BRAKE,BACO,REC,,PAMA-LS,456.0
2026-08-21,3040252935,030-18200,MAIN WHEEL BRAKE,BAMN,OS concluída,,,
2026-08-21,3040252940,30-182,MAIN WHEEL BRAKE,BABV,OS concluída,,,
2026-08-21,3040252942,30-182,MAIN WHEEL BRAKE,BAMN,OS concluída,,,
2026-08-21,3040252943,30-182,MAIN WHEEL BRAKE,BAMN,OS concluída,,,
2026-08-21,3040253170,161-12800,WHEEL HALF ASSY-INNER,BASM,OS concluída,,,
2026-08-21,3040253168,161-12800,WHEEL HALF ASSY-INNER,BASM,REC,REPARADO,VEE ONE,452.0
2026-08-21,3040253172,161-12800,WHEEL HALF ASSY-INNER,PAMALS,REC,,PROCURANDO,452.0
2026-08-21,3040253174,161-12800,WHEEL HALF ASSY-INNER,PAMALS,OS concluída,,,
2026-08-21,3040253173,161-12800,WHEEL HALF ASSY-INNER,PAMALS,REC,EM REPARO,LEAP,452.0
2026-08-21,3040253176,162-10700,OUTER WHEEL HALF ASSY,BABE,OS concluída,,,
2026-08-21,3040253177,162-10700,OUTER WHEEL HALF ASSY,BABV,REC,REPARADO,VEE ONE,452.0
2026-08-21,3040253178,162-10700,OUTER WHEEL HALF ASSY,PAMALS,REC,,PROCURANDO,452.0
2026-08-21,3040253179,162-11800,WHEEL HALF ASSY-OUTER,CLA,OS concluída,,,
2026-08-21,3040253181,162-11800,WHEEL HALF ASSY-OUTER,PAMALS,OS concluída,,,
2026-08-21,3040253180,162-11800,WHEEL HALF ASSY-OUTER,BASM,REC,,PROCURANDO,452.0
2026-08-21,3040253182,162-11800,WHEEL HALF ASSY-OUTER,PAMALS,REC,REPARADO,VEE ONE,452.0
2026-08-21,3040253536,2641012-14,TRUNNION ASSY-RH-MAIN GEAR,PAMALS,OS concluída,,,
2026-08-21,3040253529,066-03064-0005,"ALTIMETER,SERVO CONTROLLED,AUTOMATIC PRESSURE",DSM-MN,REC,DEVOLVIDO NO ESTADO,WILLIAM,442.0
2026-08-21,3040253528,066-03064-0005,"ALTIMETER,SERVO CONTROLLED,AUTOMATIC PRESSURE",BANT,OS concluída,,,
2026-08-21,3040253532,799-1,TRANSDUCER,PAMALS,REC,,BANT,442.0
2026-08-21,3040253535,2643099-4,"SUPPORT ASSY FOWARD, NLG SPRING",BABE,REC,CONDENADO,VEE ONE,442.0
2026-08-21,3040253531,799-1,TRANSDUCER,BAMN,REC,,VEE ONE,442.0
2026-08-21,3040253530,799-1,TRANSDUCER,BAMN,REC,,BANT,442.0
2026-08-21,3040253526,30994-001,BATTERY-MARATHON TSP410 NICAD,PAMALS,OS concluída,CONDENADO,AMA - VEE ONE,
2026-08-21,3040253527,30994-001,BATTERY-MARATHON TSP410 NICAD,BAPV,OS concluída,CONDENADO,AMA - VEE ONE,
2026-08-21,3040254195,540-1407-4,"VALVE,BLEED,TURBINEENGINE",PAMALS,REC,,BANT,424.0
2026-08-21,3040254201,2643090-3,SHIMMY DAMPER-NOSE GEAR,PAMALS,REC,REPARADO,V1 PAMA-LS,424.0
2026-08-21,3040254203,SE1070-6,SHIMMY DAMPENER ASSY,BACGINAT,OS concluída,,,
2026-08-21,3040254205,C660501-0103,"COMPASS,SPEC",PAMALS,REC,REPARADO,V1 PAMA-LS,424.0
2026-08-21,3040254206,C660501-0103,"COMPASS,SPEC",ALA 8,REC,EM REPARO EM GARANTIA,WILLIAM,424.0
2026-08-21,3040254208,C660501-0103,"COMPASS,SPEC",BABV,REC,REPARADO,V1 PAMA-LS,424.0
2026-08-21,3040254210,799-1,TRANSDUCER,BANT,REC,,BANT,424.0
2026-08-21,3040254792,2606013-1RX,INDICATOR-PERCENT RPM,BABR,REC,,BANT,415.0
2026-08-21,3040254770,069-1025-25,"RECEIVER-TRANSMITTER,RADIO - KX165",ALA 9,REC,EM REPARO,WILLIAM,415.0
2026-08-21,3040254799,453-5000-710,EMERGENCY LOCATOR TRANSMITTER MODEL C406-2,PAMASP,OS concluída,,,
2026-08-21,3040254806,C352TS,"EXTINGUISHER,FIRE",PAMALS,REC,REPARADO,V1 PAMA-LS,415.0
2026-08-21,3040254805,C352TS,"EXTINGUISHER,FIRE",PAMALS,OS concluída,,,
2026-08-21,3040254810,C352TS,"EXTINGUISHER,FIRE",PAMALS,OS concluída,,,
2026-08-21,3040254809,C352TS,"EXTINGUISHER,FIRE",PAMAGL,OS concluída,,,
2026-08-21,3040254803,C352TS,"EXTINGUISHER,FIRE",2 ETA,REC,REPARADO,V1 PAMA-LS,415.0
2026-08-21,3040254808,C352TS,"EXTINGUISHER,FIRE",BABR,REC,REPARADO,V1 PAMA-LS,415.0
2026-08-21,3040254795,D145-00-46-2,FLAP ACTUATOR ASSY,BABE,REC,,PAMA-LS,415.0
2026-08-21,3040254793,D145-00-46-2,FLAP ACTUATOR ASSY,PAMALS,REC,,PAMA-LS,415.0
2026-08-21,3040254815,C482001-0402,VACUUM REGULAT,PAMALS,REC,CONDENADO,VEE ONE,415.0
2026-08-21,3040254816,C482001-0402,VACUUM REGULAT,PAMALS,REC,CONDENADO,VEE ONE,415.0
2026-08-21,3040254820,2641011-5,AXLE-MAIN GEAR,BAMN,OS concluída,,,
2026-08-21,3040254817,2641011-5,AXLE-MAIN GEAR,BABE,OS concluída,,,
2026-08-21,3040254818,2641011-5,AXLE-MAIN GEAR,BABE,OS concluída,,,
2026-08-21,3040254819,2641011-5,AXLE-MAIN GEAR,BANT,OS concluída,,,
2026-08-21,3040254796,30994-001,BATTERY-MARATHON TSP410 NICAD,BAMN,OS concluída,,,
2026-08-21,3040254789,452-0133,"BATTERY,NONRECHARGEABLE",BAMN,REC,CONDENADO,VEE ONE,415.0
2026-08-21,3040254788,452-0133,"BATTERY,NONRECHARGEABLE",BAMN,REC,CONDENADO,VEE ONE,415.0
2026-08-21,3040254787,452-0133,"BATTERY PACK,AIRCRAFT",DACTA II,REC,CONDENADO,VEE ONE,415.0
2026-08-21,3040254786,452-0133,"BATTERY PACK,AIRCRAFT",BAMN,REC,CONDENADO,VEE ONE,415.0
2026-08-21,3040254785,452-0133,"BATTERY,NONRECHARGEABLE",BAMN,REC,CONDENADO,VEE ONE,415.0
2026-08-21,3040254784,452-0133,"BATTERY,NONRECHARGEABLE",DACTA II,REC,CONDENADO,VEE ONE,415.0
2026-08-21,3040255326,011-00916-00,DISPLAY UNIT GDU 1040A,BAMN,REC,,BAMN,406.0
2026-08-21,3040255319,702801-5,FUEL PUMP,PAMASP,REC,EM REPARO,VEE ONE,406.0
2026-08-21,3040255321,8210-002,"GOVERNOR,CONSTANT SPEED DRIVE",PAMALS,OS concluída,,,
2026-08-21,3040255461,DAAS-A-010-1,ADAS-D PROCESSOR,PAMALS,REC,EM REPARO,VEE ONE,402.0
2026-08-21,3040255589,071-01519-0101,"RECEIVER-EXCITER,RADAR",BANT,REC,,PROCURANDO,400.0
2026-08-21,3040255590,071-01519-0101,"RECEIVER-EXCITER,RADAR",PAMALS,OS concluída,,,
2026-08-21,3040255706,C661064-0237,AIRSPEED INDICATOR,BAMN,OS concluída,,,
2026-08-21,3040256114,5934PAD-3,"ALTIMETER,PRESSURE",PAMALS,REC,EM REPARO,VEE ONE,386.0
2026-08-21,3040256119,011-00878-10,GSA-81 TORQUE SERVO,BAPV,REC,EM REPARO,LEAP,386.0
2026-08-21,3040256112,011-00883-20,RADAR GWX 68 WEATHER,BABE,REC,,BAMN,386.0
2026-08-21,3040256115,5934PAD-3,"ALTIMETER,PRESSURE",PAMALS,OS concluída,,,
2026-08-21,3040256118,011-00878-10,GSA-81 TORQUE SERVO,BAPV,REC,,BACO,386.0
2026-08-21,3040256120,011-00916-10,"DISPLAY UNIT,FLIGHT INFORMATION",BAMN,OS concluída,,,
2026-08-21,3040256314,066-4010-12,RECEIVER VOR/LOC (KNS81),EEAR,REC,EM REPARO,LEAP,373.0
2026-08-21,3040256311,3121248-03,"VALVE ASSEMBLY,COMPRESSOR BLEED",PAMALS,OS concluída,,,
2026-08-21,3040256704,C661064-0237,AIRSPEED INDICATOR,PAMALS,OS concluída,,,
2026-08-21,3040256707,D210507,"GOVERNOR,OVERSPEED",PAMALS,OS concluída,,,
2026-08-21,3040256708,D210507,"GOVERNOR,OVERSPEED",PAMALS,REC,REPARADO,VEE ONE,364.0
2026-08-21,3040256702,C661064-0237,AIRSPEED INDICATOR,BABR,OS concluída,,,
2026-08-21,3040256703,C661064-0237,AIRSPEED INDICATOR,PAMALS,OS concluída,,,
2026-08-21,3040256662,030-18200,MAIN WHEEL BRAKE,BASM,OS concluída,,,
2026-08-21,3040256665,161-11700,INNER WHEEL HALF ASSY,BABV,OS concluída,,,
2026-08-21,3040256666,161-11700,INNER WHEEL HALF ASSY,PAMALS,OS concluída,,,
2026-08-21,3040256667,161-11700,INNER WHEEL HALF ASSY,PAMALS,OS concluída,,,
2026-08-21,3040256668,161-11700,INNER WHEEL HALF ASSY,PAMALS,OS concluída,,,
2026-08-21,3040256669,161-11700,INNER WHEEL HALF ASSY,PAMALS,OS concluída,,,
2026-08-21,3040256670,161-11700,INNER WHEEL HALF ASSY,PAMALS,OS concluída,,,
2026-08-21,3040256671,161-11700,INNER WHEEL HALF ASSY,PAMALS,REC,REPARADO,VEE ONE,364.0
2026-08-21,3040256698,030-18200,MAIN WHEEL BRAKE,PAMASP,REC,,PROCURANDO,364.0
2026-08-21,3040256713,030-18200,MAIN WHEEL BRAKE,ALA 3,REC,,BAMN,364.0
2026-08-21,3040256694,162-11800,WHEEL HALF ASSY-OUTER,BANT,OS concluída,,,
2026-08-21,3040256696,162-11800,WHEEL HALF ASSY-OUTER,PAMALS,REC,,PAMA-LS,364.0
2026-08-21,3040256672,161-12800,WHEEL HALF ASSY-INNER,PAMALS,REC,REPARADO,VEE ONE,364.0
2026-08-21,3040256675,161-12800,WHEEL HALF ASSY-INNER,BANT,OS concluída,,,
2026-08-21,3040256792,011-00877-00,"GSA-80 SERVO ROL,YAW,SPEC",BAMN,REC,,PROCURANDO,364.0
2026-08-21,3040256787,011-00877-00,"GSA-80 SERVO ROL,YAW,SPEC",PAMALS,REC,EM REPARO,VEE ONE,364.0
2026-08-21,3040256828,011-00883-20,RADAR GWX 68 WEATHER,PAMALS,REC,CONDENADO,V1 PAMA-LS,364.0
2026-08-21,3040256709,3121248-03,"VALVE ASSEMBLY,COMPRESSOR BLEED",PAMASP,REC,,BANT,361.0
2026-08-21,3040256673,161-12800,WHEEL HALF ASSY-INNER,PAMALS,REC,CONDENADO,VEE ONE,361.0
2026-08-21,3040257095,011-01105-01,INTEGRATED AVIONICS UNIT GIA63W,BABE,REC,EM REPARO,VEE ONE,357.0
2026-08-21,3040257096,011-01105-01,INTEGRATED AVIONICS UNIT GIA63W,BABE,REC,,BAMN,357.0
2026-08-21,3040257093,065-00183-0501,AUTOPILOT COMPUTER KFC225,BABE,REC,,BANT,357.0
2026-08-21,3040257094,065-00183-0501,AUTOPILOT COMPUTER KFC225,BABE,REC,,BANT,357.0
2026-08-21,3040257443,161-12800,WHEEL HALF ASSY-INNER,ALA 3,AUT,,NÃO TEVE MOVIMENTAÇÃO,345.0
2026-08-21,3040257442,C163030-1001,MAIN W BRAKE A,BAMN,OS concluída,REPARADO,VEE ONE,
2026-08-21,3040257452,3244809-8,"FUEL CONTROL,MAIN,TURBINE ENGINE",BAPV,OS concluída,,,
2026-08-21,3040257454,EA-5172-45-CES,"INDICATOR,AIRSPEED",BACG,OS concluída,,,
2026-08-21,3040257453,EA-5172-45-CES,"INDICATOR,AIRSPEED",ALA 7,REC,DEVOLVIDO NO ESTADO,WILLIAM,338.0
2026-08-21,3040257451,3244809-7,"FUEL CONTROL,MAIN,TURBINE ENGINE",PAMASP,REC,,BANT,338.0
2026-08-21,3040257450,3244809-4,"FUEL CONTROL,MAIN,TURBINE ENGINE",PAMASP,OS concluída,EM REPARO,LEAP,
2026-08-21,3040257438,030-18200,MAIN WHEEL BRAKE,BAMN,REC,REPARADO,VEE ONE,338.0
2026-08-21,3040257444,162-10700,OUTER WHEEL HALF ASSY,PAMALS,OS concluída,,,
2026-08-21,3040257447,162-10700,OUTER WHEEL HALF ASSY,PAMALS,OS concluída,,,
2026-08-21,3040257436,30994-001,BATTERY-MARATHON TSP410 NICAD,PAMALS,OS concluída,CONDENADO,AMA - VEE ONE,
2026-08-21,3040257441,030-18200,MAIN WHEEL BRAKE,BAPV,REC,,BAMN,338.0
2026-08-21,3040257440,030-18200,MAIN WHEEL BRAKE,BANT,REC,CONDENADO,VEE ONE,338.0
2026-08-21,3040257439,030-18200,MAIN WHEEL BRAKE,BAMN,REC,,BAMN,338.0
2026-08-21,3040258306,D210507,"GOVERNOR,OVERSPEED",PAMALS,REC,EM REPARO,LEAP,318.0
2026-08-21,3040258310,D210507,"GOVERNOR,OVERSPEED",BACO,OS concluída,,,
2026-08-21,3040258309,D210507,"GOVERNOR,OVERSPEED",BAMN,REC,EM REPARO,LEAP,318.0
2026-08-21,3040258308,D210507,"GOVERNOR,OVERSPEED",BAMN,OS concluída,,,
2026-08-21,3040258307,D210507,"GOVERNOR,OVERSPEED",ALA 5,OS concluída,,,
2026-08-21,3040258303,011-00877-00,"GSA-80 SERVO ROL,YAW,SPEC",DACTA II,REC,EM REPARO,VEE ONE,318.0
2026-08-21,3040258422,2601188-8,COMPRESSOR DRIVE ASSY R134A,PAMASP,REC,,PROCURANDO,316.0
2026-08-21,3040258419,011-00877-00,"GSA-80 SERVO ROL,YAW,SPEC",DACTA II,REC,EM REPARO,VEE ONE,316.0
2026-08-21,3040258420,011-00877-00,"GSA-80 SERVO ROL,YAW,SPEC",BACO,REC,EM REPARO,VEE ONE,316.0
2026-08-21,3040258421,011-00877-00,"GSA-80 SERVO ROL,YAW,SPEC",BABE,REC,,BACO,316.0
2026-08-21,3040258764,069-01034-0102,"NAVIGATION SET,SATELLITE SIGNALS KLN-94",PAMALS,REC,,BANT,309.0
2026-08-21,3040259152,066-01141-5101,"TRANSPONDER,RADAR",BABE,REC,,BANT,290.0
2026-08-21,3040259151,066-01141-5101,"TRANSPONDER,RADAR",BANT,REC,REPARADO,V1 PAMA-LS,290.0
2026-08-21,3040259251,064-1019-05,VHF TRANSCEIVE KY196,EEAR,REC,,EEAR,288.0
2026-08-21,3040259146,1U149-015-15,HORIZ. GYRO-STADBY,PAMALS,REC,EM REPARO,VEE ONE,287.0
2026-08-21,3040259147,162-10700,OUTER WHEEL HALF ASSY,BANT,REC,EM REPARO,AMA - VEE ONE,287.0
2026-08-21,3040259148,3049038-03,"VALVE,COMPRESSOR BLEED",BANT,OS concluída,,,
2026-08-21,3040259316,2606015-4,INDICATOR-OIL TEMP/OIL PRESS,BACG,REC,REPARADO,V1 PAMA-LS,284.0
2026-08-21,3040259564,C414007-0102,BLOWER ASSY,PAMALS,OS concluída,,,
2026-08-21,3040259568,C414007-0102,BLOWER ASSY,ALA 10,OS concluída,,,
2026-08-21,3040259570,C414007-0102,BLOWER ASSY,ALA 10,OS concluída,,,
2026-08-21,3040259694,025323-150,FUEL PUMP,PAMASP,REC,,BACO,276.0
2026-08-21,3040259922,C414007-0102,BLOWER ASSY,BANT,REC,REPARADO,V1 PAMA-LS,269.0
2026-08-21,3040259928,C414007-0102,BLOWER ASSY,PAMALS,REC,EM REPARO,VEE ONE,269.0
2026-08-21,3040259924,C414007-0102,BLOWER ASSY,BACG,REC,EM REPARO,VEE ONE,269.0
2026-08-21,3040259918,C414007-0102,BLOWER ASSY,ALA 10,REC,EM REPARO,VEE ONE,269.0
2026-08-21,3040259950,065-0060-01,"CONTROL,SERVO,AUTOMATIC PILOT",PAMALS,REC,EM REPARO,LEAP,269.0
2026-08-21,3040259949,065-0060-01,"CONTROL,SERVO,AUTOMATIC PILOT",PAMALS,REC,EM REPARO,LEAP,269.0
2026-08-21,3040259947,066-3046-07,"CONTROL,INDICATOR",EEAR,OS concluída,,,
2026-08-21,3040259946,066-3046-07,"CONTROL,INDICATOR",BANT,REC,,BANT,269.0
2026-08-21,3040259944,066-3046-07,"CONTROL,INDICATOR",EEAR,REC,,PAMA-LS,269.0
2026-08-21,3040260209,011-00916-00,DISPLAY UNIT GDU 1040A,PAMALS,REC,,BAMN,255.0
2026-08-21,3040260208,324843-W020,HEADSET-MICROPHONE,PAMALS,REC,VAI SER DEVOLVIDO SEM REPARO,WILLIAM,255.0
2026-08-21,3040260204,324843-W020,HEADSET-MICROPHONE,PAMALS,OS concluída,,,
2026-08-21,3040260205,324843-W020,HEADSET-MICROPHONE,PAMALS,OS concluída,,,
2026-08-21,3040260388,SD5H14C4527,AIR COMPRESSOR,PAMALS,REC,EM REPARO,VEE ONE,248.0
2026-08-21,3040260382,065-00183-0501,AUTOPILOT COMPUTER KFC225,BANT,REC,,BANT,248.0
2026-08-21,3040260389,SD5H14C4527,AIR COMPRESSOR,PAMALS,REC,EM REPARO,VEE ONE,248.0
2026-08-21,3040260517,ASG12000-2,ALTERNATOR,PAMALS,OS concluída,,,
2026-08-21,3040260524,51539-012M,CONTROL UNIT ASSY-GENERATOR,BANT,REC,,BACG,245.0
2026-08-21,3040260516,ASG12000-2,ALTERNATOR,PAMALS,REC,REPARADO,V1 PAMA-LS,245.0
2026-08-21,3040260523,9910592-2,ALTERNADOR,BAMN,REC,REPARADO,V1 PAMA-LS,245.0
2026-08-21,3040260522,9910592-2,ALTERNADOR,BAMN,REC,REPARADO,V1 PAMA-LS,245.0
2026-08-21,3040260547,161-12800,WHEEL HALF ASSY-INNER,EPCAR,OS concluída,REPARADO,VEE ONE,
2026-08-21,3040260545,161-11700,INNER WHEEL HALF ASSY,BACG,REC,REPARADO,VEE ONE,227.0
2026-08-21,3040260544,161-11700,INNER WHEEL HALF ASSY,BANT,REC,REPARADO,VEE ONE,227.0
2026-08-21,3040260546,161-12800,WHEEL HALF ASSY-INNER,PAMALS,REC,REPARADO,VEE ONE,227.0
2026-08-21,3040260548,161-11700,INNER WHEEL HALF ASSY,CLA,REC,REPARADO,VEE ONE,227.0
2026-08-21,3040260549,162-10700,OUTER WHEEL HALF ASSY,BACG,REC,REPARADO,VEE ONE,227.0
2026-08-21,3040260550,162-10700,OUTER WHEEL HALF ASSY,CLA,REC,REPARADO,VEE ONE,227.0
2026-08-21,3040260551,162-11800,WHEEL HALF ASSY-OUTER,BANT,REC,REPARADO,VEE ONE,227.0
2026-08-21,3040260552,30994-001,BATTERY-MARATHON TSP410 NICAD,BABE,OS concluída,CONDENADO,AMA - VEE ONE,
2026-08-21,3040260543,324843-W020,HEADSET-MICROPHONE,PAMALS,REC,VAI SER DEVOLVIDO SEM REPARO,WILLIAM,227.0
2026-08-21,3040260542,324843-W020,HEADSET-MICROPHONE,PAMALS,REC,,BABE,227.0
2026-08-21,3040260541,324843-W020,HEADSET-MICROPHONE,PAMALS,OS concluída,,,
2026-08-21,3040260540,324843-W020,HEADSET-MICROPHONE,PAMALS,OS concluída,,,
2026-08-21,3040260538,324843-W020,HEADSET-MICROPHONE,PAMALS,REC,,BABE,227.0
2026-08-21,3040260539,324843-W020,HEADSET-MICROPHONE,PAMALS,REC,,BABE,227.0
2026-08-21,3040260595,9910586-4,FLAP ACTUATOR AND MOTOR ASSEMBLY,7 ETA,REC,,BAMN,227.0
2026-08-21,3040260597,9910586-4,FLAP ACTUATOR AND MOTOR ASSEMBLY,BAPV,REC,REPARADO,VEE ONE,227.0
2026-08-21,3040260583,3244897-4,FUEL CONTROL UNIT,PAMALS,OS concluída,,,
2026-08-21,3040260750,3122678-04,FUEL CONTROL UNIT,PAMASP,REC,,BANT,219.0
2026-08-21,3040260752,3244897-4,FUEL CONTROL UNIT,PAMASP,OS concluída,,,
2026-08-21,3040260753,3244809-7,"FUEL CONTROL,MAIN,TURBINE ENGINE",PAMASP,OS concluída,,,
2026-08-21,3040260754,3244809-1,"FUEL CONTROL,MAIN,TURBINE ENGINE",PAMASP,REC,EM QUARENTENA,LEAP,219.0
2026-08-21,3040254794,C145-350,"MOTOR,DIRECT CURRENT",PAMALS,OS concluída,,,
2026-08-21,3040260913,064-1054-30,RECEIVER-TRANSMITTER SUBASSEMBLY,EPCAR,REC,REPARADO,V1 PAMA-LS,207.0
2026-08-21,3040260915,064-1054-30,RECEIVER-TRANSMITTER SUBASSEMBLY,PAMALS,REC,REPARADO,V1 PAMA-LS,207.0
2026-08-21,3040260811,3034792,BOMBA DE COMBUSTÍVEL,BAPV,REC,,BABR,205.0
2026-08-21,3040260812,3034792,BOMBA DE COMBUSTÍVEL,BACG,OS concluída,,,
2026-08-21,3040260922,162-11800,WHEEL HALF ASSY-OUTER,PAMALS,OS concluída,,,
2026-08-21,3040260923,030-18200,MAIN WHEEL BRAKE,BACO,REC,REPARADO,VEE ONE,205.0
2026-08-21,3040261389,3034792,BOMBA DE COMBUSTÍVEL,PAMASP,REC,REPARADO,V1 PAMA-LS,192.0
2026-08-21,3040261388,3034792,BOMBA DE COMBUSTÍVEL,BABR,OS concluída,,,
2026-08-21,3040261387,3034792,BOMBA DE COMBUSTÍVEL,BABR,OS concluída,,,
2026-08-21,3040261371,TFF2905-13,FUEL FLOW TRANSDUCER,ALA 8,REC,EM REPARO,WILLIAM,192.0
2026-08-21,3040261375,C661065-0240RX,"INDICATOR, AIRSPEED",BACG,REC,EM REPARO,WILLIAM,192.0
2026-08-21,3040261373,C661065-0240,AIRSPEED INDICATOR,BABE,REC,REPARADO,V1 PAMA-LS,192.0
2026-08-21,3040261322,011-00831-00,"ENGINE INTERFA,SPEC",BAPV,REC,REPARADO,VEE ONE,192.0
2026-08-21,3040261326,011-00882-10,"COMPUTER,AIR DATA",BAMN,OS concluída,,,
2026-08-21,3040261324,011-00882-10,"COMPUTER,AIR DATA",BAMN,OS concluída,,,
2026-08-21,3040261327,064-1054-30,RECEIVER-TRANSMITTER SUBASSEMBLY,PAMASP,REC,REPARADO,V1 PAMA-LS,192.0
2026-08-21,3040261336,066-01141-0101,"RECEIVER,RADIO",BANT,REC,REPARADO,V1 PAMA-LS,192.0
2026-08-21,3040261334,065-0065-01,SELECTOR ALT,BANT,REC,EM REPARO,WILLIAM,192.0
2026-08-21,3040261331,065-0061-36,ACTUATOR TRIM (KS272A),PAMASP,REC,,BABR,192.0
2026-08-21,3040261329,065-0061-36,ACTUATOR TRIM (KS272A),ALA 10,OS concluída,,,
2026-08-21,3040261335,065-0065-01,SELECTOR ALT,BANT,REC,EM REPARO,WILLIAM,192.0
2026-08-21,3040261342,066-3084-02,COLOR RADAR INDICATOR,BABV,REC,EM REPARO,WILLIAM,192.0
2026-08-21,3040261340,066-1053-00,"RECEIVER,RADIO",BASM,REC,REPARADO,V1 PAMA-LS,192.0
2026-08-21,3040261377,066-3054-01,INDICATOR RADAR ALTIMETER - TYPE KI250,PAMALS,REC,EM REPARO,WILLIAM,192.0
2026-08-21,3040261376,066-1061-03,RT RADAR ALTIM (KRA10A),PAMALS,REC,PARA REPARO,VEE ONE,192.0
2026-08-21,3040261352,1134380-4,EVAPORATOR MODULE ASSY-RH,BAMN,REC,CONDENADO,VEE ONE,192.0
2026-08-21,3040261347,071-1234-00,ANTENNA ACCESSORY,ALA 1,REC,EM REPARO,WILLIAM,192.0
2026-08-21,3040261344,066-4010-12,RECEIVER VOR/LOC (KNS81),ALA 10,REC,EM REPARO,WILLIAM,192.0
2026-08-21,3040261353,1H75-21,PRESSURE REGULATOR,BAMN,REC,,BAMN,192.0
2026-08-21,3040261357,2682001-1,BRAKE CYL MAST,BABE,OS concluída,,,
2026-08-21,3040261356,2670104-2,ANNUNCIATOR PANEL,PAMALS,REC,REPARADO,VEE ONE,192.0
2026-08-21,3040261355,2643100-201,NOSE GEAR STRUT ASSY - TALL FORK,BABR,OS concluída,,,
2026-08-21,3040261354,2643100-201,NOSE GEAR STRUT ASSY - TALL FORK,BANT,REC,EM REPARO,AV AERONAUTICA,192.0
2026-08-21,3040261364,8210-002-01,GOVERNOR PROPELLER,PAMASP,REC,REPARADO,VEE ONE,192.0
2026-08-21,3040261627,S3828-1,ALTIMETER,BAMN,REC,EM REPARO,WILLIAM,178.0
2026-08-21,3040261628,S3828-1,ALTIMETER,BABE,REC,REPARADO,V1 PAMA-LS,178.0
2026-08-21,3040261851,51539-012MRX,CONTROL UNIT ASSY-GENERATOR,BABE,REC,EM REPARO,VEE ONE,170.0
2026-08-21,3040261852,51539-012MRX,CONTROL UNIT ASSY-GENERATOR,BABE,REC,EM REPARO,VEE ONE,170.0
2026-08-21,3040261843,3034792,BOMBA DE COMBUSTÍVEL,PAMALS,REC,EM REPARO,VEE ONE,165.0
2026-08-21,3040262245,200SGL119Q-2,STARTER GENERATOR,BAMN,OS concluída,,,
2026-08-21,3040262246,200SGL119Q-2,STARTER GENERATOR,BAMN,OS concluída,,,
2026-08-21,3040262273,324843-W020,HEADSET-MICROPHONE,BABE,OS concluída,,,
2026-08-21,3040262275,324843-W020,HEADSET-MICROPHONE,BANT,OS concluída,,,
2026-08-21,3040262363,066-1055-00,AUDIO CONTROL PANEL,ALA 5,OS concluída,,,
2026-08-21,3040262367,066-1055-00,AUDIO CONTROL PANEL,ALA 9,REC,EM REPARO,WILLIAM,148.0
2026-08-21,3040262368,066-1055-00,AUDIO CONTROL PANEL,CLA,OS concluída,,,
2026-08-21,3040262372,51539-012M,CONTROL UNIT ASSY-GENERATOR,BANT,REC,,V1 PAMA-LS,148.0
2026-08-21,3040262371,51539-012N,CONTROL UNIT ASSY-GENERATOR,BANT,REC,REPARADO,V1 PAMA-LS,148.0
2026-08-21,3040262419,065-0061-36,ACTUATOR TRIM (KS272A),ALA 9,REC,EM REPARO,WILLIAM,143.0
2026-08-21,3040262734,C352,PORTABLE HALON FIRE EXTINGUISHERS,ALA 5,REC,EM REPARO,AV AERONAUTICA,130.0
2026-08-21,3040262738,C352TS,"EXTINGUISHER,FIRE",BANT,REC,,PROCURANDO,130.0
2026-08-21,3040262739,C352TS,"EXTINGUISHER,FIRE",BANT,REC,,PROCURANDO,130.0
2026-08-21,3040262740,C352TS,"EXTINGUISHER,FIRE",PAMALS,REC,,PROCURANDO,130.0
2026-08-21,3040262766,011-00883-20,RADAR GWX 68 WEATHER,BAMN,OS concluída,EM REPARO,VEE ONE,
2026-08-21,3040262765,011-00883-20,RADAR GWX 68 WEATHER,BAMN,REC,EM REPARO,VEE ONE,130.0
2026-08-21,3040262772,011-01020-10,AFCS MODE CONTROLLER GMC 710,BAMN,REC,EM REPARO,WILLIAM,130.0
2026-08-21,3040262770,011-01020-10,AFCS MODE CONTROLLER GMC 710,BAMN,REC,EM REPARO,WILLIAM,130.0
2026-08-21,3040262773,011-01020-10,AFCS MODE CONTROLLER GMC 710,BAMN,REC,EM REPARO,WILLIAM,130.0
2026-08-21,3040262746,066-1070-01,TRANSCEIVER DME (KN63),BABE,REC,EM REPARO,WILLIAM,130.0
2026-08-21,3040262745,064-1019-05,VHF TRANSCEIVE KY196,EEAR,REC,EM REPARO,VEE ONE,130.0
2026-08-21,3040262747,066-1072-00,RECEIVER ADF (KING KR87),ALA 7,REC,EM REPARO,WILLIAM,130.0
2026-08-21,3040262748,066-3046-07,"CONTROL,INDICATOR",BABR,REC,,BANT,130.0
2026-08-21,3040262769,066-3046-07,"CONTROL,INDICATOR",BABR,REC,,BANT,130.0
2026-08-21,3040262768,066-3046-07,"CONTROL,INDICATOR",EEAR,REC,EM REPARO,LEAP,130.0
2026-08-21,3040262767,066-3046-07,"CONTROL,INDICATOR",EEAR,REC,EM REPARO,LEAP,130.0
2026-08-21,3040262791,066-3060-00,IND RMI KNI582,BANT,REC,EM REPARO,LEAP,130.0
2026-08-21,3040262630,161-11700,INNER WHEEL HALF ASSY,BANT,REC,REPARADO,VEE ONE,130.0
2026-08-21,3040262792,066-3060-00,IND RMI KNI582,BANT,REC,EM REPARO,LEAP,130.0
2026-08-21,3040262634,162-10700,OUTER WHEEL HALF ASSY,BANT,REC,REPARADO,VEE ONE,130.0
2026-08-21,3040262632,161-12800,WHEEL HALF ASSY-INNER,BANT,OS concluída,REPARADO,VEE ONE,
2026-08-21,3040262633,161-12800,WHEEL HALF ASSY-INNER,BANT,REC,REPARADO,VEE ONE,130.0
2026-08-21,3040262635,162-11800,WHEEL HALF ASSY-OUTER,EPCAR,REC,REPARADO,VEE ONE,130.0
2026-08-21,3040262637,162-11800,WHEEL HALF ASSY-OUTER,BANT,REC,REPARADO,VEE ONE,130.0
2026-08-21,3040262636,162-11800,WHEEL HALF ASSY-OUTER,BANT,REC,REPARADO,VEE ONE,130.0
2026-08-21,3040262646,200SGL119Q,STARTER GENERATOR,PAMASP,OS concluída,,,
2026-08-21,3040262639,200SGL119Q,STARTER GENERATOR,PAMASP,OS concluída,,PAMA-LS,
2026-08-21,3040262638,200SGL119Q,STARTER GENERATOR,PAMALS,REC,EM REPARO,AV AERONAUTICA,130.0
2026-08-21,3040262757,2606015-2,IND OIL TEMP/P,PAMALS,REC,EM REPARO,VEE ONE,130.0
2026-08-21,3040262706,2641011-5,AXLE-MAIN GEAR,BAMN,REC,,BANT,130.0
2026-08-21,3040262707,2641011-5,AXLE-MAIN GEAR,BABV,REC,REPARADO,VEE ONE,130.0
2026-08-21,3040262717,2641011-5,AXLE-MAIN GEAR,BANT,REC,REPARADO,VEE ONE,130.0
2026-08-21,3040262714,2641011-5,AXLE-MAIN GEAR,BAPV,REC,,BANT,130.0
2026-08-21,3040262713,2641011-5,AXLE-MAIN GEAR,BAPV,REC,REPARADO,VEE ONE,130.0
2026-08-21,3040262712,2641011-5,AXLE-MAIN GEAR,BABR,REC,,BANT,130.0
2026-08-21,3040262711,2641011-5,AXLE-MAIN GEAR,BABR,REC,,BANT,130.0
2026-08-21,3040262709,2641011-5,AXLE-MAIN GEAR,PAMALS,REC,,BANT,130.0
2026-08-21,3040262708,2641011-5,AXLE-MAIN GEAR,PAMALS,REC,,BANT,130.0
2026-08-21,3040262744,3244809-1A,F.C.U,PAMALS,REC,EM REPARO,LEAP,130.0
2026-08-21,3040262758,9910338-4,FUEL TOTALIZER INDICATOR,PAMALS,REC,EM REPARO,VEE ONE,130.0
2026-08-21,3040262759,9910338-6,"TRANSMITTER,RATE OF FLOW",BAMN,REC,EM REPARO,WILLIAM,130.0
2026-08-21,3040262760,9910338-6,"TRANSMITTER,RATE OF FLOW",BANT,REC,EM REPARO,VEE ONE,130.0
2026-08-21,3040262966,2682001-1,BRAKE CYL MAST,BACO,OS concluída,,PAMA-LS,
2026-08-21,3040262967,2682001-1,BRAKE CYL MAST,PAMALS,REC,REPARADO,V1 PAMA-LS,128.0
2026-08-21,3040262968,2682001-1,BRAKE CYL MAST,BANT,OS concluída,,PAMA-LS,
2026-08-21,3040262969,2682001-1,BRAKE CYL MAST,BABE,REC,REPARADO,V1 PAMA-LS,128.0
2026-08-21,3040263069,453-5060,ELT C406-N,BABE,OS concluída,,,
2026-08-21,3040263283,D145-00-46-2,FLAP ACTUATOR ASSY,PAMALS,REC,EM REPARO,LEAP,113.0
2026-08-21,3040263284,D145-00-46-2,FLAP ACTUATOR ASSY,BAFL,REC,EM REPARO,LEAP,113.0
2026-08-21,3040263324,069-01033-0101,"RECEIVER-TRANSMITTER,RADIO",PAMALS,REC,EM REPARO,LEAP,113.0
2026-08-21,3040263287,C661065-0237,AIRSPEED INDICATOR,BABR,REC,REPARADO,VEE ONE,113.0
2026-08-21,3040263288,C661065-0237,AIRSPEED INDICATOR,PAMASP,REC,REPARADO,VEE ONE,113.0
2026-08-21,3040263314,060-0017-00,FLIGHT DIR HOR,EEAR,REC,EM REPARO,LEAP,113.0
2026-08-21,3040263319,066-1055-00,AUDIO CONTROL PANEL,BABE,REC,REPARADO,VEE ONE,113.0
2026-08-21,3040263317,060-0017-00,FLIGHT DIR HOR,PAMASP,REC,,BANT,113.0
2026-08-21,3040263316,060-0017-00,FLIGHT DIR HOR,BANT,REC,,BANT,113.0
2026-08-21,3040263320,066-1055-00,AUDIO CONTROL PANEL,PAMALS,REC,EM REPARO,AV AERONAUTICA,113.0
2026-08-21,3040263325,069-01033-0101,"RECEIVER-TRANSMITTER,RADIO",PAMALS,REC,,PROCURANDO,113.0
2026-08-21,3040263335,C611008-0101,ALTERNATOR CONTROL UNIT,PAMALS,REC,EM REPARO,AV AERONAUTICA,113.0
2026-08-21,3040263336,C611008-0101,ALTERNATOR CONTROL UNIT,PAMALS,REC,EM REPARO,AV AERONAUTICA,113.0
2026-08-21,3040263286,C661065-0237,AIRSPEED INDICATOR,BANT,REC,DEVOLVIDO NO ESTADO,WILLIAM,113.0
2026-08-21,3040263322,066-1055-00,AUDIO CONTROL PANEL,ALA 9,REC,EM REPARO,WILLIAM,113.0
2026-08-21,3040263326,069-01033-0101,"RECEIVER-TRANSMITTER,RADIO",PAMALS,REC,,BANT,113.0
2026-08-21,3040263315,060-0017-00,FLIGHT DIR HOR,BACG,OS concluída,,BABR,
2026-08-21,3040263334,011-00916-10,"DISPLAY UNIT,FLIGHT INFORMATION",BACO,REC,VAI SER DEVOLVIDO SEM REPARO,WILLIAM,113.0
2026-08-21,3040263333,011-00916-10,"DISPLAY UNIT,FLIGHT INFORMATION",BACO,REC,EM REPARO,WILLIAM,113.0
2026-08-21,3040263332,011-00916-10,"DISPLAY UNIT,FLIGHT INFORMATION",BAMN,OS concluída,EM REPARO,WILLIAM,
2026-08-21,3040263331,C661064-0237,AIRSPEED INDICATOR,PAMALS,REC,VAI SER DEVOLVIDO SEM REPARO,WILLIAM,113.0
2026-08-21,3040263329,C661064-0237,AIRSPEED INDICATOR,PAMALS,REC,EM REPARO,WILLIAM,113.0
2026-08-21,3040263328,C661064-0237,AIRSPEED INDICATOR,BABR,REC,EM REPARO,WILLIAM,113.0
2026-08-21,3040263327,C661064-0237,AIRSPEED INDICATOR,BABR,REC,EM REPARO,WILLIAM,113.0
2026-08-21,3040263330,C661064-0237,AIRSPEED INDICATOR,PAMALS,REC,EM REPARO,WILLIAM,113.0
2026-08-21,3040263338,C611008-0101,ALTERNATOR CONTROL UNIT,PAMALS,REC,REPARADO,V1 PAMA-LS,113.0
2026-08-21,3040263433,066-03064-0005,"ALTIMETER,SERVO CONTROLLED,AUTOMATIC PRESSURE",BACG,REC,EM REPARO,WILLIAM,107.0
2026-08-21,3040263435,066-03064-0005,"ALTIMETER,SERVO CONTROLLED,AUTOMATIC PRESSURE",BANT,REC,EM REPARO,WILLIAM,107.0
2026-08-21,3040263434,066-03064-0005,"ALTIMETER,SERVO CONTROLLED,AUTOMATIC PRESSURE",PAMASP,REC,VAI SER DEVOLVIDO SEM REPARO,WILLIAM,107.0
2026-08-21,3040263417,069-01033-0101,"RECEIVER-TRANSMITTER,RADIO",PAMALS,REC,EM REPARO,WILLIAM,107.0
2026-08-21,3040263416,069-01033-0101,"RECEIVER-TRANSMITTER,RADIO",BASM,REC,EM REPARO,WILLIAM,107.0
2026-08-21,3040263415,069-01033-0101,"RECEIVER-TRANSMITTER,RADIO",BABR,REC,,BANT,107.0
2026-08-21,3040263447,066-3046-07,"CONTROL,INDICATOR",CLA,REC,,BABR,107.0
2026-08-21,3040263443,3244897-4,FUEL CONTROL UNIT,PAMALS,REC,EM REPARO,LEAP,106.0
2026-08-21,3040263444,3244897-4,FUEL CONTROL UNIT,PAMALS,REC,EM REPARO,LEAP,106.0
2026-08-21,3040263577,060-0015-00,"CONTROL,DIRECTIONAL,AUTOMATIC PILOT",ALA 5,REC,EM REPARO,WILLIAM,101.0
2026-08-21,3040263574,066-1072-04,"RECEIVER,RADIO",BABE,REC,EM REPARO,WILLIAM,101.0
2026-08-21,3040263576,066-1072-04,"RECEIVER,RADIO",BAMN,OS concluída,DEVOLVIDO NO ESTADO,WILLIAM,
2026-08-21,3040263575,066-1072-04,"RECEIVER,RADIO",BABE,REC,EM REPARO,WILLIAM,101.0
2026-08-21,3040263573,066-3084-32,IND RDR 2000 IN-182A,PAMALS,REC,,BABR,101.0
2026-08-21,3040263571,066-3084-32,IND RDR 2000 IN-182A,PAMALS,REC,EM REPARO,WILLIAM,101.0
2026-08-21,3040263572,066-3084-32,IND RDR 2000 IN-182A,PAMALS,REC,EM REPARO,WILLIAM,101.0
2026-08-21,3040263448,2618510-10,ALTERNATOR CONTROL UNIT ASSY,BABE,REC,EM REPARO,WILLIAM,101.0
2026-08-21,3040263449,2618510-10,ALTERNATOR CONTROL UNIT ASSY,PAMALS,REC,EM REPARO,WILLIAM,101.0
2026-08-21,3040263877,2641011-5,AXLE-MAIN GEAR,CLA,REC,EM REPARO,LEAP,91.0
2026-08-21,3040263878,2641011-5,AXLE-MAIN GEAR,CLA,REC,EM REPARO,LEAP,91.0
2026-08-21,3040264243,069-01033-0101,"RECEIVER-TRANSMITTER,RADIO",PAMALS,REC,EM REPARO,WILLIAM,84.0
2026-08-21,3040264244,069-01033-0101,"RECEIVER-TRANSMITTER,RADIO",PAMASP,REC,EM REPARO,WILLIAM,84.0
2026-08-21,3040264246,060-0017-00,FLIGHT DIR HOR,PAMALS,REC,EM REPARO,WILLIAM,84.0
2026-08-21,3040264237,200SGL119Q-2,STARTER GENERATOR,BAMN,REC,EM REPARO,AV AERONAUTICA,84.0
2026-08-21,3040264236,200SGL119Q-2,STARTER GENERATOR,BABE,REC,,BABE,84.0
2026-08-21,3040264121,3244897-4,FUEL CONTROL UNIT,BABE,OS concluída,EM REPARO,LEAP,
2026-08-21,3040264263,9910338-8,"INDICATOR,FUEL FLOW",PAMALS,OS concluída,,BABR,
2026-08-21,3040264262,9910338-8,"INDICATOR,FUEL FLOW",BABV,REC,EM REPARO,WILLIAM,84.0
2026-08-21,3040264242,324843-2020,HEADSET-MICROPHONE,BABE,REC,EM REPARO,WILLIAM,84.0
2026-08-21,3040264264,324843-2020,HEADSET-MICROPHONE,DACTA II,REC,EM REPARO,WILLIAM,84.0
2026-08-21,3040264238,324843-2020,HEADSET-MICROPHONE,DACTA II,REC,EM REPARO,WILLIAM,84.0
2026-08-21,3040264241,324843-2020,HEADSET-MICROPHONE,DACTA II,REC,EM REPARO,WILLIAM,84.0
2026-08-21,3040264240,324843-2020,HEADSET-MICROPHONE,DACTA II,REC,EM REPARO,WILLIAM,84.0
2026-08-21,3040264122,3244809-8,"FUEL CONTROL,MAIN,TURBINE ENGINE",BABE,OS concluída,,BABR,
2026-08-21,3040263797,066-3046-07,"CONTROL,INDICATOR",BABE,REC,EM REPARO,WILLIAM,84.0
2026-08-21,3040263798,066-3046-07,"CONTROL,INDICATOR",PAMASP,REC,EM REPARO,WILLIAM,84.0
2026-08-21,3040263799,066-3046-07,"CONTROL,INDICATOR",PAMASP,REC,EM REPARO,WILLIAM,84.0
2026-08-21,3040263795,071-01519-0101,"RECEIVER-EXCITER,RADAR",PAMALS,REC,,PROCURANDO,84.0
2026-08-21,3040263796,071-01519-0101,"RECEIVER-EXCITER,RADAR",PAMALS,REC,,PROCURANDO,84.0
2026-08-21,3040264579,060-0017-00,FLIGHT DIR HOR,BABR,OS concluída,,,
2026-08-21,3040264577,060-0017-00,FLIGHT DIR HOR,PAMALS,REC,,,72.0
2026-08-21,3040264573,060-0017-00,FLIGHT DIR HOR,BANT,REC,,,72.0
2026-08-21,3040264574,060-0017-00,FLIGHT DIR HOR,BANT,REC,,,72.0
2026-08-21,3040264576,060-0017-00,FLIGHT DIR HOR,PAMALS,REC,,,72.0
2026-08-21,3040264572,060-0017-00,FLIGHT DIR HOR,PAMASP,REC,,,72.0
2026-08-21,3040264647,1H75-21,PRESSURE REGULATOR,BAMN,REC,,,67.0
2026-08-21,3040264646,1H75-21,PRESSURE REGULATOR,PAMASP,REC,,,67.0
2026-08-21,3040264645,1H75-21,PRESSURE REGULATOR,PAMASP,REC,,,67.0
2026-08-21,3040264643,1H75-21,PRESSURE REGULATOR,PAMASP,REC,,,67.0
2026-08-21,3040264707,3244809-7,"FUEL CONTROL,MAIN,TURBINE ENGINE",BABE,REC,,,67.0
2026-08-21,3040264709,540-1407-4,"VALVE,BLEED,TURBINEENGINE",PAMASP,REC,,,67.0
2026-08-21,3040264710,200SGL153Q,"STARTER-GENERATOR,ENGINE,AIRCRAFT",CLA,REC,,,67.0
2026-08-21,3040264711,200SGL153Q,"STARTER-GENERATOR,ENGINE,AIRCRAFT",PAMASP,REC,,,67.0
2026-08-21,3040264712,200SGL153Q,"STARTER-GENERATOR,ENGINE,AIRCRAFT",BACG,REC,,,67.0
2026-08-21,3040264718,9910338-8,"INDICATOR,FUEL FLOW",PAMALS,REC,,,67.0
2026-08-21,3040264719,S3326-2,"INDICATOR,HORIZONTAL SITUATION",ALA 8,REC,,,67.0
2026-08-21,3040264720,S3326-2,"INDICATOR,HORIZONTAL SITUATION",PAMALS,REC,,,67.0
2026-08-21,3040264721,S3326-2,"INDICATOR,HORIZONTAL SITUATION",PAMASP,REC,,,67.0
2026-08-21,3040264724,2606013-1AM,INDICADOR PERCENTUAL RPM,BABV,REC,,,67.0
2026-08-21,3040264725,2606013-1AM,INDICADOR PERCENTUAL RPM,BABR,REC,,,67.0
2026-08-21,3040264726,2606015-4,INDICATOR-OIL TEMP/OIL PRESS,BANT,REC,,,67.0
2026-08-21,3040264727,C661051-0201,GYRO HORIZON,ALA 10,REC,,,67.0
2026-08-21,3040264728,504-0111-906,GYRO HORIZON,PAMALS,REC,,,67.0
2026-08-21,3040264729,504-0111-906,GYRO HORIZON,BACG,REC,,,67.0
2026-08-21,3040264730,8210-003,"GOVERNOR,FUEL CONTROL",PAMASP,REC,,,67.0
2026-08-21,3040264731,8210-002,"GOVERNOR,CONSTANT SPEED DRIVE",PAMASP,REC,,,67.0
2026-08-21,3040264732,8210-002,"GOVERNOR,CONSTANT SPEED DRIVE",BAMN,REC,,,67.0
2026-08-21,3040264733,030-18200,MAIN WHEEL BRAKE,BAMN,REC,,,67.0
2026-08-21,3040264734,030-18200,MAIN WHEEL BRAKE,BAMN,REC,,,67.0
2026-08-21,3040264735,161-11700,INNER WHEEL HALF ASSY,PAMALS,REC,,,67.0
2026-08-21,3040264736,161-12800,WHEEL HALF ASSY-INNER,BABR,REC,,,67.0
2026-08-21,3040264737,161-12800,WHEEL HALF ASSY-INNER,PAMALS,AUT,,,67.0
2026-08-21,3040264738,162-10700,OUTER WHEEL HALF ASSY,BACO,AUT,,,67.0
2026-08-21,3040264807,011-01105-01,INTEGRATED AVIONICS UNIT GIA63W,ALA 8,REC,,,59.0
2026-08-21,3040264808,011-01105-01,INTEGRATED AVIONICS UNIT GIA63W,BAMN,REC,,,59.0
2026-08-21,3040264907,011-00916-10,"DISPLAY UNIT,FLIGHT INFORMATION",BAMN,REC,,,52.0
2026-08-21,3040264908,011-00916-10,"DISPLAY UNIT,FLIGHT INFORMATION",BABV,REC,,,52.0
2026-08-21,3040264974,3244809-8,"FUEL CONTROL,MAIN,TURBINE ENGINE",BAMN,REC,,,50.0
2026-08-21,3040264961,3244897-4,FUEL CONTROL UNIT,CLA,REC,,,50.0
2026-08-21,3040264960,3034792,BOMBA DE COMBUSTÍVEL,CLA,REC,,,50.0
2026-08-21,3040265144,011-01020-10,AFCS MODE CONTROLLER GMC 710,BABE,REC,,,44.0
2026-08-21,3040265140,011-01020-10,AFCS MODE CONTROLLER GMC 710,BABE,REC,,,44.0
2026-08-21,3040265482,066-3084-32,IND RDR 2000 IN-182A,BABR,REC,,,29.0
2026-08-21,3040265484,066-3084-32,IND RDR 2000 IN-182A,BANT,REC,,,29.0
2026-08-21,3040265485,066-3084-32,IND RDR 2000 IN-182A,BABR,REC,,,29.0
2026-08-21,3040265526,ASG12000-2,ALTERNATOR,PAMALS,REC,,,25.0
2026-08-21,3040265525,ASG12000-2,ALTERNATOR,BABR,REC,,,25.0
2026-08-21,3040265527,9910592-2,ALTERNADOR,BABR,REC,,,25.0
2026-08-21,3040265533,3122678-04,FUEL CONTROL UNIT,BABR,REC,,,25.0
2026-08-21,3040265532,C611505-0201,ALTERNATOR,BANT,REC,,,25.0
2026-08-21,3040265530,C611505-0201,ALTERNATOR,BABV,REC,,,25.0
2026-08-21,3040265528,9910592-2,ALTERNADOR,BABR,REC,,,25.0
2026-08-21,3040265724,3244897-4,FUEL CONTROL UNIT,CLA,REC,,,24.0
2026-08-21,3040265474,C611008-0101,ALTERNATOR CONTROL UNIT,PAMALS,REC,,,22.0
2026-08-21,3040265475,C611008-0101,ALTERNATOR CONTROL UNIT,BABV,REC,,,22.0
2026-08-21,3040265476,C611008-0101,ALTERNATOR CONTROL UNIT,PAMALS,REC,,,22.0
2026-08-21,3040265477,C611008-0101,ALTERNATOR CONTROL UNIT,PAMALS,REC,,,22.0
2026-08-21,3040265576,011-00916-10,"DISPLAY UNIT,FLIGHT INFORMATION",BAMN,REC,,,21.0
2026-08-21,3040265580,011-00916-00,DISPLAY UNIT GDU 1040A,PAMALS,AUT,,,25.0
2026-08-21,3040265581,011-00916-00,DISPLAY UNIT GDU 1040A,PAMALS,AUT,,,25.0
2026-08-21,3040265589,EA-5175-52-CES,INDICATOR TRUE,BABV,AUT,,,25.0
2026-08-21,3040265590,EA-5175-52-CES,INDICATOR TRUE,BASM,AUT,,,25.0
2026-08-21,3040265591,EA-5175-52-CES,INDICATOR TRUE,BABV,AUT,,,25.0
2026-08-21,3040265592,EA-5175-52-CES,INDICATOR TRUE,BABV,AUT,,,25.0
2026-08-21,3040265668,9910592-2,ALTERNADOR,PAMALS,AUT,,,25.0
2026-08-21,3040265678,9910592-2,ALTERNADOR,BAMN,AUT,,,25.0
2026-08-21,3040265679,C611505-0201,ALTERNATOR,PAMALS,AUT,,,25.0
2026-08-21,3040265680,C611505-0201,ALTERNATOR,ALA 8,AUT,,,25.0
2026-08-21,3040265726,071-01519-0101,"RECEIVER-EXCITER,RADAR",PAMALS,AUT,,,24.0
2026-08-21,3040265727,071-01519-0101,"RECEIVER-EXCITER,RADAR",CLA,AUT,,,24.0
2026-08-21,3040265728,C163030-1001,MAIN W BRAKE A,BAMN,AUT,,,24.0
2026-08-21,3040265731,066-3046-07,"CONTROL,INDICATOR",BABR,AUT,,,24.0
2026-08-21,3040265732,066-3046-07,"CONTROL,INDICATOR",BANT,AUT,,,24.0
2026-08-21,3040265734,066-3046-07,"CONTROL,INDICATOR",EEAR,AUT,,,24.0
2026-08-21,3040265735,066-3046-07,"CONTROL,INDICATOR",CLA,AUT,,,24.0
2026-08-21,3040265736,C611008-0101,ALTERNATOR CONTROL UNIT,BABV,AUT,,,24.0
2026-08-21,3040265737,C611008-0101,ALTERNATOR CONTROL UNIT,EEAR,AUT,,,24.0
2026-08-21,3040265738,C611008-0101,ALTERNATOR CONTROL UNIT,PAMALS,AUT,,,24.0
2026-08-21,3040265739,C611008-0101,ALTERNATOR CONTROL UNIT,BANT,AUT,,,24.0
2026-08-21,3040265740,C611008-0101,ALTERNATOR CONTROL UNIT,BABE,AUT,,,24.0
2026-08-21,3040265741,C611008-0101,ALTERNATOR CONTROL UNIT,BABR,AUT,,,24.0
2026-08-21,3040265742,066-1072-04,"RECEIVER,RADIO",BACG,AUT,,,24.0
2026-08-21,3040265743,066-1072-04,"RECEIVER,RADIO",BAMN,AUT,,,24.0
2026-08-21,3040265744,066-1072-04,"RECEIVER,RADIO",PAMALS,AUT,,,24.0
2026-08-21,3040265745,066-3084-32,IND RDR 2000 IN-182A,PAMALS,AUT,,,24.0
2026-08-21,3040265746,066-3084-32,IND RDR 2000 IN-182A,PAMALS,AUT,,,24.0
2026-08-21,3040265747,30994-001,BATTERY-MARATHON TSP410 NICAD,PAMALS,AUT,,,24.0
2026-08-21,3040265748,30994-001,BATTERY-MARATHON TSP410 NICAD,PAMALS,AUT,,,24.0
2026-08-21,3040265749,30994-001,BATTERY-MARATHON TSP410 NICAD,PAMALS,AUT,,,24.0
2026-08-21,3040265750,30994-001,BATTERY-MARATHON TSP410 NICAD,PAMALS,AUT,,,24.0
2026-08-21,3040265751,30994-001,BATTERY-MARATHON TSP410 NICAD,PAMALS,AUT,,,24.0
2026-08-21,3040265752,2641011-5,AXLE-MAIN GEAR,BAMN,AUT,,,24.0
2026-08-21,3040265753,2641011-5,AXLE-MAIN GEAR,BAMN,AUT,,,24.0
2026-08-21,3040265754,161-11700,INNER WHEEL HALF ASSY,BACO,AUT,,,24.0
2026-08-21,3040265755,161-12800,WHEEL HALF ASSY-INNER,BABE,AUT,,,24.0
2026-08-21,3040265757,066-01141-0101,"RECEIVER,RADIO",PAMALS,AUT,,,24.0
2026-08-21,3040265758,066-01141-0101,"RECEIVER,RADIO",PAMALS,AUT,,,24.0
2026-08-21,3040265759,C660501-0103,"COMPASS,SPEC",DACTA II,AUT,,,24.0
2026-08-21,3040265769,023694-000,BATTERY NICKEL CADMIUM,BAPV,AUT,,,23.0
2026-08-21,3040265771,2651023-23,ENGINE MOUNT ASSEMBLY,PAMALS,AUT,,,23.0
2026-08-21,3040265772,2651023-23,ENGINE MOUNT ASSEMBLY,PAMALS,AUT,,,23.0
2026-08-21,3040265892,324843-0020,HEADSET-MICROPHONE,PAMALS,AUT,,,18.0
2026-08-21,3040265893,324843-0020,HEADSET-MICROPHONE,PAMALS,AUT,,,18.0
2026-08-21,3040265894,324843-0020,HEADSET-MICROPHONE,PAMALS,AUT,,,18.0
2026-08-21,3040265895,324843-0020,HEADSET-MICROPHONE,PAMALS,AUT,,,18.0
2026-08-24,3040249831,066-01141-5101,"RECEIVER-TRANSMITTER,RADIO (KT71)",PAMALS,REC,EM REPARO,LEAP,560.0
2026-08-24,3040250248,452-0133,"BATTERY,NONRECHARGEABLE",BABR,REC,CONDENADO,VEE ONE,544.0
2026-08-24,3040250249,452-0133,"BATTERY,NONRECHARGEABLE",BAMN,REC,CONDENADO,VEE ONE,544.0
2026-08-24,3040250234,3034792,BOMBA DE COMBUSTÍVEL,PAMALS,REC,,BANT,544.0
2026-08-24,3040250816,453-5060,"BEACON,DISTRESS",BAMN,REC,,PAMA-LS,522.0
2026-08-24,3040250830,799-1,TRANSDUCER,BACO,REC,,BANT,522.0
2026-08-24,3040250829,51539-012N,CONTROL UNIT ASSY-GENERATOR,BAMN,OS concluída,,,
2026-08-24,3040250828,51539-012N,CONTROL UNIT ASSY-GENERATOR,BACG,REC,,BABR,522.0
2026-08-24,3040250827,51539-012N,CONTROL UNIT ASSY-GENERATOR,BANT,REC,,BABR,522.0
2026-08-24,3040250831,799-1,TRANSDUCER,BANT,REC,,BANT,522.0
2026-08-24,3040250833,9910586-4,FLAP ACTUATOR AND MOTOR ASSEMBLY,ALA 3,REC,,BAMN,522.0
2026-08-24,3040250834,9910586-4,FLAP ACTUATOR AND MOTOR ASSEMBLY,ALA 3,OS concluída,,,
2026-08-24,3040250832,9910338-4,FUEL TOTALIZER INDICATOR,EEAR,REC,,PAMA-LS,522.0
2026-08-24,3040250835,ASG12000-2,ALTERNATOR,ALA 5,REC,REPARADO,V1 PAMA-LS,522.0
2026-08-24,3040250841,C661030-0301,TURN BANK,PAMALS,REC,EM REPARO,LEAP,522.0
2026-08-24,3040250842,C662041-0102,INDICATOR FUEL,ALA 5,REC,,PAMA-LS,522.0
2026-08-24,3040250844,C662041-0102,INDICATOR FUEL,ALA 9,REC,,PAMA-LS,522.0
2026-08-24,3040250843,C662041-0102,INDICATOR FUEL,ALA 10,OS concluída,,,
2026-08-24,3040250719,060-0017-00,FLIGHT DIR HOR,PAMALS,REC,,BANT,522.0
2026-08-24,3040250720,060-0017-00,FLIGHT DIR HOR,BABV,OS concluída,,,
2026-08-24,3040250722,066-01141-5101,"RECEIVER-TRANSMITTER,RADIO (KT71)",ALA 9,REC,EM REPARO,WILLIAM,522.0
2026-08-24,3040250723,066-01141-5101,"RECEIVER-TRANSMITTER,RADIO (KT71)",CLA,REC,,BABR,522.0
2026-08-24,3040250721,060-0017-00,FLIGHT DIR HOR,BANT,OS concluída,,,
2026-08-24,3040250725,066-3046-07,"CONTROL,INDICATOR",ALA 10,OS concluída,,,
2026-08-24,3040250724,066-04035-1101,"DISPLAY UNIT,RADAR",PAMALS,REC,,BANT,522.0
2026-08-24,3040250732,069-1025-25,"RECEIVER-TRANSMITTER,RADIO - KX165",PAMALS,REC,EM REPARO,WILLIAM,522.0
2026-08-24,3040250782,2606012-1,INDICATOR-INTER-TURBINE TEMPERATURE,ALA 9,OS concluída,,,
2026-08-24,3040250775,161-11700,INNER WHEEL HALF ASSY,BABE,OS concluída,,,
2026-08-24,3040250773,161-11700,INNER WHEEL HALF ASSY,EEAR,REC,,BACG,522.0
2026-08-24,3040250718,030-18200,MAIN WHEEL BRAKE,BACO,OS concluída,,,
2026-08-24,3040250716,030-18200,MAIN WHEEL BRAKE,BABV,REC,EM REPARO,LEAP,522.0
2026-08-24,3040250717,030-18200,MAIN WHEEL BRAKE,BACO,OS concluída,,,
2026-08-24,3040250780,162-11800,WHEEL HALF ASSY-OUTER,PAMALS,OS concluída,,,
2026-08-24,3040250781,162-11800,WHEEL HALF ASSY-OUTER,BACG,OS concluída,,,
2026-08-24,3040250778,161-12800,WHEEL HALF ASSY-INNER,BACG,OS concluída,,,
2026-08-24,3040250776,161-12800,WHEEL HALF ASSY-INNER,BABE,OS concluída,,,
2026-08-24,3040250790,2643031-7,"FORK ASSY,NOSE GEAR SPRING",BAMN,OS concluída,,,
2026-08-24,3040250791,2643090-1,SHIMMY DAMPENE,BANT,REC,EM REPARO,AV AERONAUTICA,522.0
2026-08-24,3040250792,2643090-1,SHIMMY DAMPENE,BAMN,REC,REPARADO,V1 PAMA-LS,522.0
2026-08-24,3040250789,2641012-14,TRUNNION ASSY-RH-MAIN GEAR,PAMASP,OS concluída,,,
2026-08-24,3040250793,2643099-4,"SUPPORT ASSY FOWARD, NLG SPRING",BAMN,OS concluída,,,
2026-08-24,3040250798,30994-001,BATTERY-MARATHON TSP410 NICAD,BANT,OS concluída,CONDENADO,AMA - VEE ONE,
2026-08-24,3040252191,C611008-0101,ALTERNATOR CONTROL UNIT,PAMALS,REC,,BABR,489.0
2026-08-24,3040252159,011-00916-00,DISPLAY UNIT GDU 1040A,BAMN,REC,,BAMN,489.0
2026-08-24,3040252161,065-0042-03,COMPUTER PA,ALA 10,REC,EM REPARO,WILLIAM,489.0
2026-08-24,3040252162,065-0042-03,COMPUTER PA,EEAR,REC,,BABE,489.0
2026-08-24,3040252164,065-0042-03,COMPUTER PA,EEAR,REC,EM REPARO,WILLIAM,489.0
2026-08-24,3040252165,065-0042-03,COMPUTER PA,PAMALS,OS concluída,,,
2026-08-24,3040252166,065-0059-01,SERVO PITCH,EEAR,REC,EM REPARO,WILLIAM,489.0
2026-08-24,3040252168,066-03064-0005,"ALTIMETER,SERVO CONTROLLED,AUTOMATIC PRESSURE",ALA 9,OS concluída,,,
2026-08-24,3040252173,066-03064-0005,"ALTIMETER,SERVO CONTROLLED,AUTOMATIC PRESSURE",BANT,REC,EM REPARO,LEAP,489.0
2026-08-24,3040252172,066-03064-0005,"ALTIMETER,SERVO CONTROLLED,AUTOMATIC PRESSURE",PAMALS,REC,NO ESTADO,VEE ONE,489.0
2026-08-24,3040252170,066-03064-0005,"ALTIMETER,SERVO CONTROLLED,AUTOMATIC PRESSURE",ALA 7,REC,NO ESTADO,VEE ONE,489.0
2026-08-24,3040252178,066-1072-00,RECEIVER ADF (KING KR87),PAMALS,OS concluída,,,
2026-08-24,3040252182,066-1072-04,"RECEIVER,RADIO",ALA 9,OS concluída,,,
2026-08-24,3040252181,066-1072-04,"RECEIVER,RADIO",PAMASP,REC,EM REPARO,WILLIAM,489.0
2026-08-24,3040252180,066-1072-04,"RECEIVER,RADIO",ALA 8,OS concluída,,,
2026-08-24,3040252185,066-1072-04,"RECEIVER,RADIO",BAMN,OS concluída,,,
2026-08-24,3040252189,9910338-6,"TRANSMITTER,RATE OF FLOW",ALA 8,OS concluída,,,
2026-08-24,3040252190,9910338-6,"TRANSMITTER,RATE OF FLOW",BABR,OS concluída,,,
2026-08-24,3040252160,011-01020-10,AFCS MODE CONTROLLER GMC 710,BAMN,OS concluída,,,
2026-08-24,3040252939,C163030-1001,MAIN W BRAKE A,BABV,REC,,BAMN,459.0
2026-08-24,3040252936,030-18200,MAIN WHEEL BRAKE,BACO,REC,,PAMA-LS,459.0
2026-08-24,3040252935,030-18200,MAIN WHEEL BRAKE,BAMN,OS concluída,,,
2026-08-24,3040252940,30-182,MAIN WHEEL BRAKE,BABV,OS concluída,,,
2026-08-24,3040252942,30-182,MAIN WHEEL BRAKE,BAMN,OS concluída,,,
2026-08-24,3040252943,30-182,MAIN WHEEL BRAKE,BAMN,OS concluída,,,
2026-08-24,3040253170,161-12800,WHEEL HALF ASSY-INNER,BASM,OS concluída,,,
2026-08-24,3040253168,161-12800,WHEEL HALF ASSY-INNER,BASM,REC,REPARADO,VEE ONE,455.0
2026-08-24,3040253172,161-12800,WHEEL HALF ASSY-INNER,PAMALS,REC,,PROCURANDO,455.0
2026-08-24,3040253174,161-12800,WHEEL HALF ASSY-INNER,PAMALS,OS concluída,,,
2026-08-24,3040253173,161-12800,WHEEL HALF ASSY-INNER,PAMALS,REC,EM REPARO,LEAP,455.0
2026-08-24,3040253176,162-10700,OUTER WHEEL HALF ASSY,BABE,OS concluída,,,
2026-08-24,3040253177,162-10700,OUTER WHEEL HALF ASSY,BABV,REC,REPARADO,VEE ONE,455.0
2026-08-24,3040253178,162-10700,OUTER WHEEL HALF ASSY,PAMALS,REC,,PROCURANDO,455.0
2026-08-24,3040253179,162-11800,WHEEL HALF ASSY-OUTER,CLA,OS concluída,,,
2026-08-24,3040253181,162-11800,WHEEL HALF ASSY-OUTER,PAMALS,OS concluída,,,
2026-08-24,3040253180,162-11800,WHEEL HALF ASSY-OUTER,BASM,REC,,PROCURANDO,455.0
2026-08-24,3040253182,162-11800,WHEEL HALF ASSY-OUTER,PAMALS,REC,REPARADO,VEE ONE,455.0
2026-08-24,3040253536,2641012-14,TRUNNION ASSY-RH-MAIN GEAR,PAMALS,OS concluída,,,
2026-08-24,3040253529,066-03064-0005,"ALTIMETER,SERVO CONTROLLED,AUTOMATIC PRESSURE",DSM-MN,REC,DEVOLVIDO NO ESTADO,WILLIAM,445.0
2026-08-24,3040253528,066-03064-0005,"ALTIMETER,SERVO CONTROLLED,AUTOMATIC PRESSURE",BANT,OS concluída,,,
2026-08-24,3040253532,799-1,TRANSDUCER,PAMALS,REC,,BANT,445.0
2026-08-24,3040253535,2643099-4,"SUPPORT ASSY FOWARD, NLG SPRING",BABE,REC,CONDENADO,VEE ONE,445.0
2026-08-24,3040253531,799-1,TRANSDUCER,BAMN,REC,,VEE ONE,445.0
2026-08-24,3040253530,799-1,TRANSDUCER,BAMN,REC,,BANT,445.0
2026-08-24,3040253526,30994-001,BATTERY-MARATHON TSP410 NICAD,PAMALS,OS concluída,CONDENADO,AMA - VEE ONE,
2026-08-24,3040253527,30994-001,BATTERY-MARATHON TSP410 NICAD,BAPV,OS concluída,CONDENADO,AMA - VEE ONE,
2026-08-24,3040254195,540-1407-4,"VALVE,BLEED,TURBINEENGINE",PAMALS,REC,,BANT,427.0
2026-08-24,3040254201,2643090-3,SHIMMY DAMPER-NOSE GEAR,PAMALS,REC,REPARADO,V1 PAMA-LS,427.0
2026-08-24,3040254203,SE1070-6,SHIMMY DAMPENER ASSY,BACGINAT,OS concluída,,,
2026-08-24,3040254205,C660501-0103,"COMPASS,SPEC",PAMALS,REC,REPARADO,V1 PAMA-LS,427.0
2026-08-24,3040254206,C660501-0103,"COMPASS,SPEC",ALA 8,REC,EM REPARO EM GARANTIA,WILLIAM,427.0
2026-08-24,3040254208,C660501-0103,"COMPASS,SPEC",BABV,REC,REPARADO,V1 PAMA-LS,427.0
2026-08-24,3040254210,799-1,TRANSDUCER,BANT,REC,,BANT,427.0
2026-08-24,3040254792,2606013-1RX,INDICATOR-PERCENT RPM,BABR,REC,,BANT,418.0
2026-08-24,3040254770,069-1025-25,"RECEIVER-TRANSMITTER,RADIO - KX165",ALA 9,REC,EM REPARO,WILLIAM,418.0
2026-08-24,3040254799,453-5000-710,EMERGENCY LOCATOR TRANSMITTER MODEL C406-2,PAMASP,OS concluída,,,
2026-08-24,3040254806,C352TS,"EXTINGUISHER,FIRE",PAMALS,REC,REPARADO,V1 PAMA-LS,418.0
2026-08-24,3040254805,C352TS,"EXTINGUISHER,FIRE",PAMALS,OS concluída,,,
2026-08-24,3040254810,C352TS,"EXTINGUISHER,FIRE",PAMALS,OS concluída,,,
2026-08-24,3040254809,C352TS,"EXTINGUISHER,FIRE",PAMAGL,OS concluída,,,
2026-08-24,3040254803,C352TS,"EXTINGUISHER,FIRE",2 ETA,REC,REPARADO,V1 PAMA-LS,418.0
2026-08-24,3040254808,C352TS,"EXTINGUISHER,FIRE",BABR,REC,REPARADO,V1 PAMA-LS,418.0
2026-08-24,3040254795,D145-00-46-2,FLAP ACTUATOR ASSY,BABE,REC,,PAMA-LS,418.0
2026-08-24,3040254793,D145-00-46-2,FLAP ACTUATOR ASSY,PAMALS,REC,,PAMA-LS,418.0
2026-08-24,3040254815,C482001-0402,VACUUM REGULAT,PAMALS,REC,CONDENADO,VEE ONE,418.0
2026-08-24,3040254816,C482001-0402,VACUUM REGULAT,PAMALS,REC,CONDENADO,VEE ONE,418.0
2026-08-24,3040254820,2641011-5,AXLE-MAIN GEAR,BAMN,OS concluída,,,
2026-08-24,3040254817,2641011-5,AXLE-MAIN GEAR,BABE,OS concluída,,,
2026-08-24,3040254818,2641011-5,AXLE-MAIN GEAR,BABE,OS concluída,,,
2026-08-24,3040254819,2641011-5,AXLE-MAIN GEAR,BANT,OS concluída,,,
2026-08-24,3040254796,30994-001,BATTERY-MARATHON TSP410 NICAD,BAMN,OS concluída,,,
2026-08-24,3040254789,452-0133,"BATTERY,NONRECHARGEABLE",BAMN,REC,CONDENADO,VEE ONE,418.0
2026-08-24,3040254788,452-0133,"BATTERY,NONRECHARGEABLE",BAMN,REC,CONDENADO,VEE ONE,418.0
2026-08-24,3040254787,452-0133,"BATTERY PACK,AIRCRAFT",DACTA II,REC,CONDENADO,VEE ONE,418.0
2026-08-24,3040254786,452-0133,"BATTERY PACK,AIRCRAFT",BAMN,REC,CONDENADO,VEE ONE,418.0
2026-08-24,3040254785,452-0133,"BATTERY,NONRECHARGEABLE",BAMN,REC,CONDENADO,VEE ONE,418.0
2026-08-24,3040254784,452-0133,"BATTERY,NONRECHARGEABLE",DACTA II,REC,CONDENADO,VEE ONE,418.0
2026-08-24,3040255326,011-00916-00,DISPLAY UNIT GDU 1040A,BAMN,REC,,BAMN,409.0
2026-08-24,3040255319,702801-5,FUEL PUMP,PAMASP,REC,EM REPARO,VEE ONE,409.0
2026-08-24,3040255321,8210-002,"GOVERNOR,CONSTANT SPEED DRIVE",PAMALS,OS concluída,,,
2026-08-24,3040255461,DAAS-A-010-1,ADAS-D PROCESSOR,PAMALS,REC,EM REPARO,VEE ONE,405.0
2026-08-24,3040255589,071-01519-0101,"RECEIVER-EXCITER,RADAR",BANT,REC,,PROCURANDO,403.0
2026-08-24,3040255590,071-01519-0101,"RECEIVER-EXCITER,RADAR",PAMALS,OS concluída,,,
2026-08-24,3040255706,C661064-0237,AIRSPEED INDICATOR,BAMN,OS concluída,,,
2026-08-24,3040256114,5934PAD-3,"ALTIMETER,PRESSURE",PAMALS,REC,EM REPARO,VEE ONE,389.0
2026-08-24,3040256119,011-00878-10,GSA-81 TORQUE SERVO,BAPV,REC,EM REPARO,LEAP,389.0
2026-08-24,3040256112,011-00883-20,RADAR GWX 68 WEATHER,BABE,REC,,BAMN,389.0
2026-08-24,3040256115,5934PAD-3,"ALTIMETER,PRESSURE",PAMALS,OS concluída,,,
2026-08-24,3040256118,011-00878-10,GSA-81 TORQUE SERVO,BAPV,REC,,BACO,389.0
2026-08-24,3040256120,011-00916-10,"DISPLAY UNIT,FLIGHT INFORMATION",BAMN,OS concluída,,,
2026-08-24,3040256314,066-4010-12,RECEIVER VOR/LOC (KNS81),EEAR,REC,EM REPARO,LEAP,376.0
2026-08-24,3040256311,3121248-03,"VALVE ASSEMBLY,COMPRESSOR BLEED",PAMALS,OS concluída,,,
2026-08-24,3040256704,C661064-0237,AIRSPEED INDICATOR,PAMALS,OS concluída,,,
2026-08-24,3040256707,D210507,"GOVERNOR,OVERSPEED",PAMALS,OS concluída,,,
2026-08-24,3040256708,D210507,"GOVERNOR,OVERSPEED",PAMALS,REC,REPARADO,VEE ONE,367.0
2026-08-24,3040256702,C661064-0237,AIRSPEED INDICATOR,BABR,OS concluída,,,
2026-08-24,3040256703,C661064-0237,AIRSPEED INDICATOR,PAMALS,OS concluída,,,
2026-08-24,3040256662,030-18200,MAIN WHEEL BRAKE,BASM,OS concluída,,,
2026-08-24,3040256665,161-11700,INNER WHEEL HALF ASSY,BABV,OS concluída,,,
2026-08-24,3040256666,161-11700,INNER WHEEL HALF ASSY,PAMALS,OS concluída,,,
2026-08-24,3040256667,161-11700,INNER WHEEL HALF ASSY,PAMALS,OS concluída,,,
2026-08-24,3040256668,161-11700,INNER WHEEL HALF ASSY,PAMALS,OS concluída,,,
2026-08-24,3040256669,161-11700,INNER WHEEL HALF ASSY,PAMALS,OS concluída,,,
2026-08-24,3040256670,161-11700,INNER WHEEL HALF ASSY,PAMALS,OS concluída,,,
2026-08-24,3040256671,161-11700,INNER WHEEL HALF ASSY,PAMALS,REC,REPARADO,VEE ONE,367.0
2026-08-24,3040256698,030-18200,MAIN WHEEL BRAKE,PAMASP,REC,,PROCURANDO,367.0
2026-08-24,3040256713,030-18200,MAIN WHEEL BRAKE,ALA 3,REC,,BAMN,367.0
2026-08-24,3040256694,162-11800,WHEEL HALF ASSY-OUTER,BANT,OS concluída,,,
2026-08-24,3040256696,162-11800,WHEEL HALF ASSY-OUTER,PAMALS,REC,,PAMA-LS,367.0
2026-08-24,3040256672,161-12800,WHEEL HALF ASSY-INNER,PAMALS,REC,REPARADO,VEE ONE,367.0
2026-08-24,3040256675,161-12800,WHEEL HALF ASSY-INNER,BANT,OS concluída,,,
2026-08-24,3040256792,011-00877-00,"GSA-80 SERVO ROL,YAW,SPEC",BAMN,REC,,PROCURANDO,367.0
2026-08-24,3040256787,011-00877-00,"GSA-80 SERVO ROL,YAW,SPEC",PAMALS,REC,EM REPARO,VEE ONE,367.0
2026-08-24,3040256828,011-00883-20,RADAR GWX 68 WEATHER,PAMALS,REC,CONDENADO,V1 PAMA-LS,367.0
2026-08-24,3040256709,3121248-03,"VALVE ASSEMBLY,COMPRESSOR BLEED",PAMASP,REC,,BANT,364.0
2026-08-24,3040256673,161-12800,WHEEL HALF ASSY-INNER,PAMALS,REC,CONDENADO,VEE ONE,364.0
2026-08-24,3040257095,011-01105-01,INTEGRATED AVIONICS UNIT GIA63W,BABE,REC,EM REPARO,VEE ONE,360.0
2026-08-24,3040257096,011-01105-01,INTEGRATED AVIONICS UNIT GIA63W,BABE,REC,,BAMN,360.0
2026-08-24,3040257093,065-00183-0501,AUTOPILOT COMPUTER KFC225,BABE,REC,,BANT,360.0
2026-08-24,3040257094,065-00183-0501,AUTOPILOT COMPUTER KFC225,BABE,REC,,BANT,360.0
2026-08-24,3040257443,161-12800,WHEEL HALF ASSY-INNER,ALA 3,AUT,,NÃO TEVE MOVIMENTAÇÃO,348.0
2026-08-24,3040257442,C163030-1001,MAIN W BRAKE A,BAMN,OS concluída,REPARADO,VEE ONE,
2026-08-24,3040257452,3244809-8,"FUEL CONTROL,MAIN,TURBINE ENGINE",BAPV,OS concluída,,,
2026-08-24,3040257454,EA-5172-45-CES,"INDICATOR,AIRSPEED",BACG,OS concluída,,,
2026-08-24,3040257453,EA-5172-45-CES,"INDICATOR,AIRSPEED",ALA 7,REC,DEVOLVIDO NO ESTADO,WILLIAM,341.0
2026-08-24,3040257451,3244809-7,"FUEL CONTROL,MAIN,TURBINE ENGINE",PAMASP,REC,,BANT,341.0
2026-08-24,3040257450,3244809-4,"FUEL CONTROL,MAIN,TURBINE ENGINE",PAMASP,OS concluída,EM REPARO,LEAP,
2026-08-24,3040257438,030-18200,MAIN WHEEL BRAKE,BAMN,REC,REPARADO,VEE ONE,341.0
2026-08-24,3040257444,162-10700,OUTER WHEEL HALF ASSY,PAMALS,OS concluída,,,
2026-08-24,3040257447,162-10700,OUTER WHEEL HALF ASSY,PAMALS,OS concluída,,,
2026-08-24,3040257436,30994-001,BATTERY-MARATHON TSP410 NICAD,PAMALS,OS concluída,CONDENADO,AMA - VEE ONE,
2026-08-24,3040257441,030-18200,MAIN WHEEL BRAKE,BAPV,REC,,BAMN,341.0
2026-08-24,3040257440,030-18200,MAIN WHEEL BRAKE,BANT,REC,CONDENADO,VEE ONE,341.0
2026-08-24,3040257439,030-18200,MAIN WHEEL BRAKE,BAMN,REC,,BAMN,341.0
2026-08-24,3040258306,D210507,"GOVERNOR,OVERSPEED",PAMALS,REC,EM REPARO,LEAP,321.0
2026-08-24,3040258310,D210507,"GOVERNOR,OVERSPEED",BACO,OS concluída,,,
2026-08-24,3040258309,D210507,"GOVERNOR,OVERSPEED",BAMN,REC,EM REPARO,LEAP,321.0
2026-08-24,3040258308,D210507,"GOVERNOR,OVERSPEED",BAMN,OS concluída,,,
2026-08-24,3040258307,D210507,"GOVERNOR,OVERSPEED",ALA 5,OS concluída,,,
2026-08-24,3040258303,011-00877-00,"GSA-80 SERVO ROL,YAW,SPEC",DACTA II,REC,EM REPARO,VEE ONE,321.0
2026-08-24,3040258422,2601188-8,COMPRESSOR DRIVE ASSY R134A,PAMASP,REC,,PROCURANDO,319.0
2026-08-24,3040258419,011-00877-00,"GSA-80 SERVO ROL,YAW,SPEC",DACTA II,REC,EM REPARO,VEE ONE,319.0
2026-08-24,3040258420,011-00877-00,"GSA-80 SERVO ROL,YAW,SPEC",BACO,REC,EM REPARO,VEE ONE,319.0
2026-08-24,3040258421,011-00877-00,"GSA-80 SERVO ROL,YAW,SPEC",BABE,REC,,BACO,319.0
2026-08-24,3040258764,069-01034-0102,"NAVIGATION SET,SATELLITE SIGNALS KLN-94",PAMALS,REC,,BANT,312.0
2026-08-24,3040259152,066-01141-5101,"TRANSPONDER,RADAR",BABE,REC,,BANT,293.0
2026-08-24,3040259151,066-01141-5101,"TRANSPONDER,RADAR",BANT,REC,REPARADO,V1 PAMA-LS,293.0
2026-08-24,3040259251,064-1019-05,VHF TRANSCEIVE KY196,EEAR,REC,,EEAR,291.0
2026-08-24,3040259146,1U149-015-15,HORIZ. GYRO-STADBY,PAMALS,REC,EM REPARO,VEE ONE,290.0
2026-08-24,3040259147,162-10700,OUTER WHEEL HALF ASSY,BANT,REC,EM REPARO,AMA - VEE ONE,290.0
2026-08-24,3040259148,3049038-03,"VALVE,COMPRESSOR BLEED",BANT,OS concluída,,,
2026-08-24,3040259316,2606015-4,INDICATOR-OIL TEMP/OIL PRESS,BACG,REC,REPARADO,V1 PAMA-LS,287.0
2026-08-24,3040259564,C414007-0102,BLOWER ASSY,PAMALS,OS concluída,,,
2026-08-24,3040259568,C414007-0102,BLOWER ASSY,ALA 10,OS concluída,,,
2026-08-24,3040259570,C414007-0102,BLOWER ASSY,ALA 10,OS concluída,,,
2026-08-24,3040259694,025323-150,FUEL PUMP,PAMASP,REC,,BACO,279.0
2026-08-24,3040259922,C414007-0102,BLOWER ASSY,BANT,REC,REPARADO,V1 PAMA-LS,272.0
2026-08-24,3040259928,C414007-0102,BLOWER ASSY,PAMALS,REC,EM REPARO,VEE ONE,272.0
2026-08-24,3040259924,C414007-0102,BLOWER ASSY,BACG,REC,EM REPARO,VEE ONE,272.0
2026-08-24,3040259918,C414007-0102,BLOWER ASSY,ALA 10,REC,EM REPARO,VEE ONE,272.0
2026-08-24,3040259950,065-0060-01,"CONTROL,SERVO,AUTOMATIC PILOT",PAMALS,REC,EM REPARO,LEAP,272.0
2026-08-24,3040259949,065-0060-01,"CONTROL,SERVO,AUTOMATIC PILOT",PAMALS,REC,EM REPARO,LEAP,272.0
2026-08-24,3040259947,066-3046-07,"CONTROL,INDICATOR",EEAR,OS concluída,,,
2026-08-24,3040259946,066-3046-07,"CONTROL,INDICATOR",BANT,REC,,BANT,272.0
2026-08-24,3040259944,066-3046-07,"CONTROL,INDICATOR",EEAR,REC,,PAMA-LS,272.0
2026-08-24,3040260209,011-00916-00,DISPLAY UNIT GDU 1040A,PAMALS,REC,,BAMN,258.0
2026-08-24,3040260208,324843-W020,HEADSET-MICROPHONE,PAMALS,REC,VAI SER DEVOLVIDO SEM REPARO,WILLIAM,258.0
2026-08-24,3040260204,324843-W020,HEADSET-MICROPHONE,PAMALS,OS concluída,,,
2026-08-24,3040260205,324843-W020,HEADSET-MICROPHONE,PAMALS,OS concluída,,,
2026-08-24,3040260388,SD5H14C4527,AIR COMPRESSOR,PAMALS,REC,EM REPARO,VEE ONE,251.0
2026-08-24,3040260382,065-00183-0501,AUTOPILOT COMPUTER KFC225,BANT,REC,,BANT,251.0
2026-08-24,3040260389,SD5H14C4527,AIR COMPRESSOR,PAMALS,REC,EM REPARO,VEE ONE,251.0
2026-08-24,3040260517,ASG12000-2,ALTERNATOR,PAMALS,OS concluída,,,
2026-08-24,3040260524,51539-012M,CONTROL UNIT ASSY-GENERATOR,BANT,REC,,BACG,248.0
2026-08-24,3040260516,ASG12000-2,ALTERNATOR,PAMALS,REC,REPARADO,V1 PAMA-LS,248.0
2026-08-24,3040260523,9910592-2,ALTERNADOR,BAMN,OS concluída,REPARADO,V1 PAMA-LS,
2026-08-24,3040260522,9910592-2,ALTERNADOR,BAMN,REC,REPARADO,V1 PAMA-LS,248.0
2026-08-24,3040260547,161-12800,WHEEL HALF ASSY-INNER,EPCAR,OS concluída,REPARADO,VEE ONE,
2026-08-24,3040260545,161-11700,INNER WHEEL HALF ASSY,BACG,REC,REPARADO,VEE ONE,230.0
2026-08-24,3040260544,161-11700,INNER WHEEL HALF ASSY,BANT,REC,REPARADO,VEE ONE,230.0
2026-08-24,3040260546,161-12800,WHEEL HALF ASSY-INNER,PAMALS,REC,REPARADO,VEE ONE,230.0
2026-08-24,3040260548,161-11700,INNER WHEEL HALF ASSY,CLA,REC,REPARADO,VEE ONE,230.0
2026-08-24,3040260549,162-10700,OUTER WHEEL HALF ASSY,BACG,REC,REPARADO,VEE ONE,230.0
2026-08-24,3040260550,162-10700,OUTER WHEEL HALF ASSY,CLA,REC,REPARADO,VEE ONE,230.0
2026-08-24,3040260551,162-11800,WHEEL HALF ASSY-OUTER,BANT,REC,REPARADO,VEE ONE,230.0
2026-08-24,3040260552,30994-001,BATTERY-MARATHON TSP410 NICAD,BABE,OS concluída,CONDENADO,AMA - VEE ONE,
2026-08-24,3040260543,324843-W020,HEADSET-MICROPHONE,PAMALS,REC,VAI SER DEVOLVIDO SEM REPARO,WILLIAM,230.0
2026-08-24,3040260542,324843-W020,HEADSET-MICROPHONE,PAMALS,REC,,BABE,230.0
2026-08-24,3040260541,324843-W020,HEADSET-MICROPHONE,PAMALS,OS concluída,,,
2026-08-24,3040260540,324843-W020,HEADSET-MICROPHONE,PAMALS,OS concluída,,,
2026-08-24,3040260538,324843-W020,HEADSET-MICROPHONE,PAMALS,REC,,BABE,230.0
2026-08-24,3040260539,324843-W020,HEADSET-MICROPHONE,PAMALS,REC,,BABE,230.0
2026-08-24,3040260595,9910586-4,FLAP ACTUATOR AND MOTOR ASSEMBLY,7 ETA,REC,,BAMN,230.0
2026-08-24,3040260597,9910586-4,FLAP ACTUATOR AND MOTOR ASSEMBLY,BAPV,OS concluída,REPARADO,VEE ONE,
2026-08-24,3040260583,3244897-4,FUEL CONTROL UNIT,PAMALS,OS concluída,,,
2026-08-24,3040260750,3122678-04,FUEL CONTROL UNIT,PAMASP,REC,,BANT,222.0
2026-08-24,3040260752,3244897-4,FUEL CONTROL UNIT,PAMASP,OS concluída,,,
2026-08-24,3040260753,3244809-7,"FUEL CONTROL,MAIN,TURBINE ENGINE",PAMASP,OS concluída,,,
2026-08-24,3040260754,3244809-1,"FUEL CONTROL,MAIN,TURBINE ENGINE",PAMASP,REC,EM QUARENTENA,LEAP,222.0
2026-08-24,3040254794,C145-350,"MOTOR,DIRECT CURRENT",PAMALS,OS concluída,,,
2026-08-24,3040260913,064-1054-30,RECEIVER-TRANSMITTER SUBASSEMBLY,EPCAR,REC,REPARADO,V1 PAMA-LS,210.0
2026-08-24,3040260915,064-1054-30,RECEIVER-TRANSMITTER SUBASSEMBLY,PAMALS,REC,REPARADO,V1 PAMA-LS,210.0
2026-08-24,3040260811,3034792,BOMBA DE COMBUSTÍVEL,BAPV,REC,,BABR,208.0
2026-08-24,3040260812,3034792,BOMBA DE COMBUSTÍVEL,BACG,OS concluída,,,
2026-08-24,3040260922,162-11800,WHEEL HALF ASSY-OUTER,PAMALS,OS concluída,,,
2026-08-24,3040260923,030-18200,MAIN WHEEL BRAKE,BACO,REC,REPARADO,VEE ONE,208.0
2026-08-24,3040261389,3034792,BOMBA DE COMBUSTÍVEL,PAMASP,OS concluída,REPARADO,V1 PAMA-LS,
2026-08-24,3040261388,3034792,BOMBA DE COMBUSTÍVEL,BABR,OS concluída,,,
2026-08-24,3040261387,3034792,BOMBA DE COMBUSTÍVEL,BABR,OS concluída,,,
2026-08-24,3040261371,TFF2905-13,FUEL FLOW TRANSDUCER,ALA 8,REC,EM REPARO,WILLIAM,195.0
2026-08-24,3040261375,C661065-0240RX,"INDICATOR, AIRSPEED",BACG,REC,EM REPARO,WILLIAM,195.0
2026-08-24,3040261373,C661065-0240,AIRSPEED INDICATOR,BABE,REC,REPARADO,V1 PAMA-LS,195.0
2026-08-24,3040261322,011-00831-00,"ENGINE INTERFA,SPEC",BAPV,REC,REPARADO,VEE ONE,195.0
2026-08-24,3040261326,011-00882-10,"COMPUTER,AIR DATA",BAMN,OS concluída,,,
2026-08-24,3040261324,011-00882-10,"COMPUTER,AIR DATA",BAMN,OS concluída,,,
2026-08-24,3040261327,064-1054-30,RECEIVER-TRANSMITTER SUBASSEMBLY,PAMASP,REC,REPARADO,V1 PAMA-LS,195.0
2026-08-24,3040261336,066-01141-0101,"RECEIVER,RADIO",BANT,REC,REPARADO,V1 PAMA-LS,195.0
2026-08-24,3040261334,065-0065-01,SELECTOR ALT,BANT,REC,EM REPARO,WILLIAM,195.0
2026-08-24,3040261331,065-0061-36,ACTUATOR TRIM (KS272A),PAMASP,OS concluída,,BABR,
2026-08-24,3040261329,065-0061-36,ACTUATOR TRIM (KS272A),ALA 10,OS concluída,,,
2026-08-24,3040261335,065-0065-01,SELECTOR ALT,BANT,REC,EM REPARO,WILLIAM,195.0
2026-08-24,3040261342,066-3084-02,COLOR RADAR INDICATOR,BABV,REC,EM REPARO,WILLIAM,195.0
2026-08-24,3040261340,066-1053-00,"RECEIVER,RADIO",BASM,REC,REPARADO,V1 PAMA-LS,195.0
2026-08-24,3040261377,066-3054-01,INDICATOR RADAR ALTIMETER - TYPE KI250,PAMALS,REC,EM REPARO,WILLIAM,195.0
2026-08-24,3040261376,066-1061-03,RT RADAR ALTIM (KRA10A),PAMALS,REC,PARA REPARO,VEE ONE,195.0
2026-08-24,3040261352,1134380-4,EVAPORATOR MODULE ASSY-RH,BAMN,REC,CONDENADO,VEE ONE,195.0
2026-08-24,3040261347,071-1234-00,ANTENNA ACCESSORY,ALA 1,REC,EM REPARO,WILLIAM,195.0
2026-08-24,3040261344,066-4010-12,RECEIVER VOR/LOC (KNS81),ALA 10,REC,EM REPARO,WILLIAM,195.0
2026-08-24,3040261353,1H75-21,PRESSURE REGULATOR,BAMN,OS concluída,,BAMN,
2026-08-24,3040261357,2682001-1,BRAKE CYL MAST,BABE,OS concluída,,,
2026-08-24,3040261356,2670104-2,ANNUNCIATOR PANEL,PAMALS,REC,REPARADO,VEE ONE,195.0
2026-08-24,3040261355,2643100-201,NOSE GEAR STRUT ASSY - TALL FORK,BABR,OS concluída,,,
2026-08-24,3040261354,2643100-201,NOSE GEAR STRUT ASSY - TALL FORK,BANT,REC,EM REPARO,AV AERONAUTICA,195.0
2026-08-24,3040261364,8210-002-01,GOVERNOR PROPELLER,PAMASP,REC,REPARADO,VEE ONE,195.0
2026-08-24,3040261627,S3828-1,ALTIMETER,BAMN,REC,EM REPARO,WILLIAM,181.0
2026-08-24,3040261628,S3828-1,ALTIMETER,BABE,REC,REPARADO,V1 PAMA-LS,181.0
2026-08-24,3040261851,51539-012MRX,CONTROL UNIT ASSY-GENERATOR,BABE,REC,EM REPARO,VEE ONE,173.0
2026-08-24,3040261852,51539-012MRX,CONTROL UNIT ASSY-GENERATOR,BABE,REC,EM REPARO,VEE ONE,173.0
2026-08-24,3040261843,3034792,BOMBA DE COMBUSTÍVEL,PAMALS,REC,EM REPARO,VEE ONE,168.0
2026-08-24,3040262245,200SGL119Q-2,STARTER GENERATOR,BAMN,OS concluída,,,
2026-08-24,3040262246,200SGL119Q-2,STARTER GENERATOR,BAMN,OS concluída,,,
2026-08-24,3040262273,324843-W020,HEADSET-MICROPHONE,BABE,OS concluída,,,
2026-08-24,3040262275,324843-W020,HEADSET-MICROPHONE,BANT,OS concluída,,,
2026-08-24,3040262363,066-1055-00,AUDIO CONTROL PANEL,ALA 5,OS concluída,,,
2026-08-24,3040262367,066-1055-00,AUDIO CONTROL PANEL,ALA 9,REC,EM REPARO,WILLIAM,151.0
2026-08-24,3040262368,066-1055-00,AUDIO CONTROL PANEL,CLA,OS concluída,,,
2026-08-24,3040262372,51539-012M,CONTROL UNIT ASSY-GENERATOR,BANT,REC,,V1 PAMA-LS,151.0
2026-08-24,3040262371,51539-012N,CONTROL UNIT ASSY-GENERATOR,BANT,REC,REPARADO,V1 PAMA-LS,151.0
2026-08-24,3040262419,065-0061-36,ACTUATOR TRIM (KS272A),ALA 9,REC,EM REPARO,WILLIAM,146.0
2026-08-24,3040262734,C352,PORTABLE HALON FIRE EXTINGUISHERS,ALA 5,REC,EM REPARO,AV AERONAUTICA,133.0
2026-08-24,3040262738,C352TS,"EXTINGUISHER,FIRE",BANT,REC,,PROCURANDO,133.0
2026-08-24,3040262739,C352TS,"EXTINGUISHER,FIRE",BANT,REC,,PROCURANDO,133.0
2026-08-24,3040262740,C352TS,"EXTINGUISHER,FIRE",PAMALS,REC,,PROCURANDO,133.0
2026-08-24,3040262766,011-00883-20,RADAR GWX 68 WEATHER,BAMN,OS concluída,EM REPARO,VEE ONE,
2026-08-24,3040262765,011-00883-20,RADAR GWX 68 WEATHER,BAMN,REC,EM REPARO,VEE ONE,133.0
2026-08-24,3040262772,011-01020-10,AFCS MODE CONTROLLER GMC 710,BAMN,REC,EM REPARO,WILLIAM,133.0
2026-08-24,3040262770,011-01020-10,AFCS MODE CONTROLLER GMC 710,BAMN,REC,EM REPARO,WILLIAM,133.0
2026-08-24,3040262773,011-01020-10,AFCS MODE CONTROLLER GMC 710,BAMN,REC,EM REPARO,WILLIAM,133.0
2026-08-24,3040262746,066-1070-01,TRANSCEIVER DME (KN63),BABE,REC,EM REPARO,WILLIAM,133.0
2026-08-24,3040262745,064-1019-05,VHF TRANSCEIVE KY196,EEAR,REC,EM REPARO,VEE ONE,133.0
2026-08-24,3040262747,066-1072-00,RECEIVER ADF (KING KR87),ALA 7,REC,EM REPARO,WILLIAM,133.0
2026-08-24,3040262748,066-3046-07,"CONTROL,INDICATOR",BABR,REC,,BANT,133.0
2026-08-24,3040262769,066-3046-07,"CONTROL,INDICATOR",BABR,REC,,BANT,133.0
2026-08-24,3040262768,066-3046-07,"CONTROL,INDICATOR",EEAR,OS concluída,EM REPARO,LEAP,
2026-08-24,3040262767,066-3046-07,"CONTROL,INDICATOR",EEAR,REC,EM REPARO,LEAP,133.0
2026-08-24,3040262791,066-3060-00,IND RMI KNI582,BANT,REC,EM REPARO,LEAP,133.0
2026-08-24,3040262630,161-11700,INNER WHEEL HALF ASSY,BANT,REC,REPARADO,VEE ONE,133.0
2026-08-24,3040262792,066-3060-00,IND RMI KNI582,BANT,REC,EM REPARO,LEAP,133.0
2026-08-24,3040262634,162-10700,OUTER WHEEL HALF ASSY,BANT,REC,REPARADO,VEE ONE,133.0
2026-08-24,3040262632,161-12800,WHEEL HALF ASSY-INNER,BANT,OS concluída,REPARADO,VEE ONE,
2026-08-24,3040262633,161-12800,WHEEL HALF ASSY-INNER,BANT,REC,REPARADO,VEE ONE,133.0
2026-08-24,3040262635,162-11800,WHEEL HALF ASSY-OUTER,EPCAR,REC,REPARADO,VEE ONE,133.0
2026-08-24,3040262637,162-11800,WHEEL HALF ASSY-OUTER,BANT,REC,REPARADO,VEE ONE,133.0
2026-08-24,3040262636,162-11800,WHEEL HALF ASSY-OUTER,BANT,REC,REPARADO,VEE ONE,133.0
2026-08-24,3040262646,200SGL119Q,STARTER GENERATOR,PAMASP,OS concluída,,,
2026-08-24,3040262639,200SGL119Q,STARTER GENERATOR,PAMASP,OS concluída,,PAMA-LS,
2026-08-24,3040262638,200SGL119Q,STARTER GENERATOR,PAMALS,REC,EM REPARO,AV AERONAUTICA,133.0
2026-08-24,3040262757,2606015-2,IND OIL TEMP/P,PAMALS,REC,EM REPARO,VEE ONE,133.0
2026-08-24,3040262706,2641011-5,AXLE-MAIN GEAR,BAMN,REC,,BANT,133.0
2026-08-24,3040262707,2641011-5,AXLE-MAIN GEAR,BABV,REC,REPARADO,VEE ONE,133.0
2026-08-24,3040262717,2641011-5,AXLE-MAIN GEAR,BANT,REC,REPARADO,VEE ONE,133.0
2026-08-24,3040262714,2641011-5,AXLE-MAIN GEAR,BAPV,REC,,BANT,133.0
2026-08-24,3040262713,2641011-5,AXLE-MAIN GEAR,BAPV,REC,REPARADO,VEE ONE,133.0
2026-08-24,3040262712,2641011-5,AXLE-MAIN GEAR,BABR,REC,,BANT,133.0
2026-08-24,3040262711,2641011-5,AXLE-MAIN GEAR,BABR,REC,,BANT,133.0
2026-08-24,3040262709,2641011-5,AXLE-MAIN GEAR,PAMALS,REC,,BANT,133.0
2026-08-24,3040262708,2641011-5,AXLE-MAIN GEAR,PAMALS,REC,,BANT,133.0
2026-08-24,3040262744,3244809-1A,F.C.U,PAMALS,REC,EM REPARO,LEAP,133.0
2026-08-24,3040262758,9910338-4,FUEL TOTALIZER INDICATOR,PAMALS,REC,EM REPARO,VEE ONE,133.0
2026-08-24,3040262759,9910338-6,"TRANSMITTER,RATE OF FLOW",BAMN,REC,EM REPARO,WILLIAM,133.0
2026-08-24,3040262760,9910338-6,"TRANSMITTER,RATE OF FLOW",BANT,REC,EM REPARO,VEE ONE,133.0
2026-08-24,3040262966,2682001-1,BRAKE CYL MAST,BACO,OS concluída,,PAMA-LS,
2026-08-24,3040262967,2682001-1,BRAKE CYL MAST,PAMALS,REC,REPARADO,V1 PAMA-LS,131.0
2026-08-24,3040262968,2682001-1,BRAKE CYL MAST,BANT,OS concluída,,PAMA-LS,
2026-08-24,3040262969,2682001-1,BRAKE CYL MAST,BABE,REC,REPARADO,V1 PAMA-LS,131.0
2026-08-24,3040263069,453-5060,ELT C406-N,BABE,OS concluída,,,
2026-08-24,3040263283,D145-00-46-2,FLAP ACTUATOR ASSY,PAMALS,REC,EM REPARO,LEAP,116.0
2026-08-24,3040263284,D145-00-46-2,FLAP ACTUATOR ASSY,BAFL,REC,EM REPARO,LEAP,116.0
2026-08-24,3040263324,069-01033-0101,"RECEIVER-TRANSMITTER,RADIO",PAMALS,REC,EM REPARO,LEAP,116.0
2026-08-24,3040263287,C661065-0237,AIRSPEED INDICATOR,BABR,REC,REPARADO,VEE ONE,116.0
2026-08-24,3040263288,C661065-0237,AIRSPEED INDICATOR,PAMASP,REC,REPARADO,VEE ONE,116.0
2026-08-24,3040263314,060-0017-00,FLIGHT DIR HOR,EEAR,REC,EM REPARO,LEAP,116.0
2026-08-24,3040263319,066-1055-00,AUDIO CONTROL PANEL,BABE,REC,REPARADO,VEE ONE,116.0
2026-08-24,3040263317,060-0017-00,FLIGHT DIR HOR,PAMASP,REC,,BANT,116.0
2026-08-24,3040263316,060-0017-00,FLIGHT DIR HOR,BANT,REC,,BANT,116.0
2026-08-24,3040263320,066-1055-00,AUDIO CONTROL PANEL,PAMALS,REC,EM REPARO,AV AERONAUTICA,116.0
2026-08-24,3040263325,069-01033-0101,"RECEIVER-TRANSMITTER,RADIO",PAMALS,REC,,PROCURANDO,116.0
2026-08-24,3040263335,C611008-0101,ALTERNATOR CONTROL UNIT,PAMALS,REC,EM REPARO,AV AERONAUTICA,116.0
2026-08-24,3040263336,C611008-0101,ALTERNATOR CONTROL UNIT,PAMALS,REC,EM REPARO,AV AERONAUTICA,116.0
2026-08-24,3040263286,C661065-0237,AIRSPEED INDICATOR,BANT,REC,DEVOLVIDO NO ESTADO,WILLIAM,116.0
2026-08-24,3040263322,066-1055-00,AUDIO CONTROL PANEL,ALA 9,REC,EM REPARO,WILLIAM,116.0
2026-08-24,3040263326,069-01033-0101,"RECEIVER-TRANSMITTER,RADIO",PAMALS,REC,,BANT,116.0
2026-08-24,3040263315,060-0017-00,FLIGHT DIR HOR,BACG,OS concluída,,BABR,
2026-08-24,3040263334,011-00916-10,"DISPLAY UNIT,FLIGHT INFORMATION",BACO,REC,VAI SER DEVOLVIDO SEM REPARO,WILLIAM,116.0
2026-08-24,3040263333,011-00916-10,"DISPLAY UNIT,FLIGHT INFORMATION",BACO,OS concluída,EM REPARO,WILLIAM,
2026-08-24,3040263332,011-00916-10,"DISPLAY UNIT,FLIGHT INFORMATION",BAMN,OS concluída,EM REPARO,WILLIAM,
2026-08-24,3040263331,C661064-0237,AIRSPEED INDICATOR,PAMALS,REC,VAI SER DEVOLVIDO SEM REPARO,WILLIAM,116.0
2026-08-24,3040263329,C661064-0237,AIRSPEED INDICATOR,PAMALS,REC,EM REPARO,WILLIAM,116.0
2026-08-24,3040263328,C661064-0237,AIRSPEED INDICATOR,BABR,REC,EM REPARO,WILLIAM,116.0
2026-08-24,3040263327,C661064-0237,AIRSPEED INDICATOR,BABR,REC,EM REPARO,WILLIAM,116.0
2026-08-24,3040263330,C661064-0237,AIRSPEED INDICATOR,PAMALS,REC,EM REPARO,WILLIAM,116.0
2026-08-24,3040263338,C611008-0101,ALTERNATOR CONTROL UNIT,PAMALS,REC,REPARADO,V1 PAMA-LS,116.0
2026-08-24,3040263433,066-03064-0005,"ALTIMETER,SERVO CONTROLLED,AUTOMATIC PRESSURE",BACG,REC,EM REPARO,WILLIAM,110.0
2026-08-24,3040263435,066-03064-0005,"ALTIMETER,SERVO CONTROLLED,AUTOMATIC PRESSURE",BANT,REC,EM REPARO,WILLIAM,110.0
2026-08-24,3040263434,066-03064-0005,"ALTIMETER,SERVO CONTROLLED,AUTOMATIC PRESSURE",PAMASP,REC,VAI SER DEVOLVIDO SEM REPARO,WILLIAM,110.0
2026-08-24,3040263417,069-01033-0101,"RECEIVER-TRANSMITTER,RADIO",PAMALS,REC,EM REPARO,WILLIAM,110.0
2026-08-24,3040263416,069-01033-0101,"RECEIVER-TRANSMITTER,RADIO",BASM,REC,EM REPARO,WILLIAM,110.0
2026-08-24,3040263415,069-01033-0101,"RECEIVER-TRANSMITTER,RADIO",BABR,REC,,BANT,110.0
2026-08-24,3040263447,066-3046-07,"CONTROL,INDICATOR",CLA,OS concluída,,BABR,
2026-08-24,3040263443,3244897-4,FUEL CONTROL UNIT,PAMALS,REC,EM REPARO,LEAP,109.0
2026-08-24,3040263444,3244897-4,FUEL CONTROL UNIT,PAMALS,REC,EM REPARO,LEAP,109.0
2026-08-24,3040263577,060-0015-00,"CONTROL,DIRECTIONAL,AUTOMATIC PILOT",ALA 5,REC,EM REPARO,WILLIAM,104.0
2026-08-24,3040263574,066-1072-04,"RECEIVER,RADIO",BABE,REC,EM REPARO,WILLIAM,104.0
2026-08-24,3040263576,066-1072-04,"RECEIVER,RADIO",BAMN,OS concluída,DEVOLVIDO NO ESTADO,WILLIAM,
2026-08-24,3040263575,066-1072-04,"RECEIVER,RADIO",BABE,REC,EM REPARO,WILLIAM,104.0
2026-08-24,3040263573,066-3084-32,IND RDR 2000 IN-182A,PAMALS,REC,,BABR,104.0
2026-08-24,3040263571,066-3084-32,IND RDR 2000 IN-182A,PAMALS,REC,EM REPARO,WILLIAM,104.0
2026-08-24,3040263572,066-3084-32,IND RDR 2000 IN-182A,PAMALS,REC,EM REPARO,WILLIAM,104.0
2026-08-24,3040263448,2618510-10,ALTERNATOR CONTROL UNIT ASSY,BABE,REC,EM REPARO,WILLIAM,104.0
2026-08-24,3040263449,2618510-10,ALTERNATOR CONTROL UNIT ASSY,PAMALS,REC,EM REPARO,WILLIAM,104.0
2026-08-24,3040263877,2641011-5,AXLE-MAIN GEAR,CLA,REC,EM REPARO,LEAP,94.0
2026-08-24,3040263878,2641011-5,AXLE-MAIN GEAR,CLA,REC,EM REPARO,LEAP,94.0
2026-08-24,3040264243,069-01033-0101,"RECEIVER-TRANSMITTER,RADIO",PAMALS,REC,EM REPARO,WILLIAM,87.0
2026-08-24,3040264244,069-01033-0101,"RECEIVER-TRANSMITTER,RADIO",PAMASP,REC,EM REPARO,WILLIAM,87.0
2026-08-24,3040264246,060-0017-00,FLIGHT DIR HOR,PAMALS,REC,EM REPARO,WILLIAM,87.0
2026-08-24,3040264237,200SGL119Q-2,STARTER GENERATOR,BAMN,REC,EM REPARO,AV AERONAUTICA,87.0
2026-08-24,3040264236,200SGL119Q-2,STARTER GENERATOR,BABE,OS concluída,,BABE,
2026-08-24,3040264121,3244897-4,FUEL CONTROL UNIT,BABE,OS concluída,EM REPARO,LEAP,
2026-08-24,3040264263,9910338-8,"INDICATOR,FUEL FLOW",PAMALS,OS concluída,,BABR,
2026-08-24,3040264262,9910338-8,"INDICATOR,FUEL FLOW",BABV,REC,EM REPARO,WILLIAM,87.0
2026-08-24,3040264242,324843-2020,HEADSET-MICROPHONE,BABE,OS concluída,EM REPARO,WILLIAM,
2026-08-24,3040264264,324843-2020,HEADSET-MICROPHONE,DACTA II,OS concluída,EM REPARO,WILLIAM,
2026-08-24,3040264238,324843-2020,HEADSET-MICROPHONE,DACTA II,OS concluída,EM REPARO,WILLIAM,
2026-08-24,3040264241,324843-2020,HEADSET-MICROPHONE,DACTA II,OS concluída,EM REPARO,WILLIAM,
2026-08-24,3040264240,324843-2020,HEADSET-MICROPHONE,DACTA II,OS concluída,EM REPARO,WILLIAM,
2026-08-24,3040264122,3244809-8,"FUEL CONTROL,MAIN,TURBINE ENGINE",BABE,OS concluída,,BABR,
2026-08-24,3040263797,066-3046-07,"CONTROL,INDICATOR",BABE,REC,EM REPARO,WILLIAM,87.0
2026-08-24,3040263798,066-3046-07,"CONTROL,INDICATOR",PAMASP,OS concluída,EM REPARO,WILLIAM,
2026-08-24,3040263799,066-3046-07,"CONTROL,INDICATOR",PAMASP,REC,EM REPARO,WILLIAM,87.0
2026-08-24,3040263795,071-01519-0101,"RECEIVER-EXCITER,RADAR",PAMALS,REC,,PROCURANDO,87.0
2026-08-24,3040263796,071-01519-0101,"RECEIVER-EXCITER,RADAR",PAMALS,REC,,PROCURANDO,87.0
2026-08-24,3040264579,060-0017-00,FLIGHT DIR HOR,BABR,OS concluída,,,
2026-08-24,3040264577,060-0017-00,FLIGHT DIR HOR,PAMALS,REC,,,75.0
2026-08-24,3040264573,060-0017-00,FLIGHT DIR HOR,BANT,REC,,,75.0
2026-08-24,3040264574,060-0017-00,FLIGHT DIR HOR,BANT,REC,,,75.0
2026-08-24,3040264576,060-0017-00,FLIGHT DIR HOR,PAMALS,REC,,,75.0
2026-08-24,3040264572,060-0017-00,FLIGHT DIR HOR,PAMASP,REC,,,75.0
2026-08-24,3040264647,1H75-21,PRESSURE REGULATOR,BAMN,REC,,,70.0
2026-08-24,3040264646,1H75-21,PRESSURE REGULATOR,PAMASP,REC,,,70.0
2026-08-24,3040264645,1H75-21,PRESSURE REGULATOR,PAMASP,REC,,,70.0
2026-08-24,3040264643,1H75-21,PRESSURE REGULATOR,PAMASP,REC,,,70.0
2026-08-24,3040264707,3244809-7,"FUEL CONTROL,MAIN,TURBINE ENGINE",BABE,OS concluída,,,
2026-08-24,3040264709,540-1407-4,"VALVE,BLEED,TURBINEENGINE",PAMASP,REC,,,70.0
2026-08-24,3040264710,200SGL153Q,"STARTER-GENERATOR,ENGINE,AIRCRAFT",CLA,OS concluída,,,
2026-08-24,3040264711,200SGL153Q,"STARTER-GENERATOR,ENGINE,AIRCRAFT",PAMASP,OS concluída,,,
2026-08-24,3040264712,200SGL153Q,"STARTER-GENERATOR,ENGINE,AIRCRAFT",BACG,REC,,,70.0
2026-08-24,3040264718,9910338-8,"INDICATOR,FUEL FLOW",PAMALS,REC,,,70.0
2026-08-24,3040264719,S3326-2,"INDICATOR,HORIZONTAL SITUATION",ALA 8,REC,,,70.0
2026-08-24,3040264720,S3326-2,"INDICATOR,HORIZONTAL SITUATION",PAMALS,REC,,,70.0
2026-08-24,3040264721,S3326-2,"INDICATOR,HORIZONTAL SITUATION",PAMASP,REC,,,70.0
2026-08-24,3040264724,2606013-1AM,INDICADOR PERCENTUAL RPM,BABV,REC,,,70.0
2026-08-24,3040264725,2606013-1AM,INDICADOR PERCENTUAL RPM,BABR,REC,,,70.0
2026-08-24,3040264726,2606015-4,INDICATOR-OIL TEMP/OIL PRESS,BANT,REC,,,70.0
2026-08-24,3040264727,C661051-0201,GYRO HORIZON,ALA 10,REC,,,70.0
2026-08-24,3040264728,504-0111-906,GYRO HORIZON,PAMALS,OS concluída,,,
2026-08-24,3040264729,504-0111-906,GYRO HORIZON,BACG,OS concluída,,,
2026-08-24,3040264730,8210-003,"GOVERNOR,FUEL CONTROL",PAMASP,REC,,,70.0
2026-08-24,3040264731,8210-002,"GOVERNOR,CONSTANT SPEED DRIVE",PAMASP,REC,,,70.0
2026-08-24,3040264732,8210-002,"GOVERNOR,CONSTANT SPEED DRIVE",BAMN,REC,,,70.0
2026-08-24,3040264733,030-18200,MAIN WHEEL BRAKE,BAMN,REC,,,70.0
2026-08-24,3040264734,030-18200,MAIN WHEEL BRAKE,BAMN,REC,,,70.0
2026-08-24,3040264735,161-11700,INNER WHEEL HALF ASSY,PAMALS,REC,,,70.0
2026-08-24,3040264736,161-12800,WHEEL HALF ASSY-INNER,BABR,REC,,,70.0
2026-08-24,3040264737,161-12800,WHEEL HALF ASSY-INNER,PAMALS,AUT,,,70.0
2026-08-24,3040264738,162-10700,OUTER WHEEL HALF ASSY,BACO,AUT,,,70.0
2026-08-24,3040264807,011-01105-01,INTEGRATED AVIONICS UNIT GIA63W,ALA 8,REC,,,62.0
2026-08-24,3040264808,011-01105-01,INTEGRATED AVIONICS UNIT GIA63W,BAMN,REC,,,62.0
2026-08-24,3040264907,011-00916-10,"DISPLAY UNIT,FLIGHT INFORMATION",BAMN,REC,,,55.0
2026-08-24,3040264908,011-00916-10,"DISPLAY UNIT,FLIGHT INFORMATION",BABV,OS concluída,,,
2026-08-24,3040264974,3244809-8,"FUEL CONTROL,MAIN,TURBINE ENGINE",BAMN,REC,,,53.0
2026-08-24,3040264961,3244897-4,FUEL CONTROL UNIT,CLA,OS concluída,,,
2026-08-24,3040264960,3034792,BOMBA DE COMBUSTÍVEL,CLA,REC,,,53.0
2026-08-24,3040265144,011-01020-10,AFCS MODE CONTROLLER GMC 710,BABE,REC,,,47.0
2026-08-24,3040265140,011-01020-10,AFCS MODE CONTROLLER GMC 710,BABE,REC,,,47.0
2026-08-24,3040265482,066-3084-32,IND RDR 2000 IN-182A,BABR,REC,,,32.0
2026-08-24,3040265484,066-3084-32,IND RDR 2000 IN-182A,BANT,REC,,,32.0
2026-08-24,3040265485,066-3084-32,IND RDR 2000 IN-182A,BABR,REC,,,32.0
2026-08-24,3040265526,ASG12000-2,ALTERNATOR,PAMALS,REC,,,28.0
2026-08-24,3040265525,ASG12000-2,ALTERNATOR,BABR,REC,,,28.0
2026-08-24,3040265527,9910592-2,ALTERNADOR,BABR,REC,,,28.0
2026-08-24,3040265533,3122678-04,FUEL CONTROL UNIT,BABR,REC,,,28.0
2026-08-24,3040265532,C611505-0201,ALTERNATOR,BANT,REC,,,28.0
2026-08-24,3040265530,C611505-0201,ALTERNATOR,BABV,REC,,,28.0
2026-08-24,3040265528,9910592-2,ALTERNADOR,BABR,REC,,,28.0
2026-08-24,3040265724,3244897-4,FUEL CONTROL UNIT,CLA,REC,,,27.0
2026-08-24,3040265474,C611008-0101,ALTERNATOR CONTROL UNIT,PAMALS,REC,,,25.0
2026-08-24,3040265475,C611008-0101,ALTERNATOR CONTROL UNIT,BABV,REC,,,25.0
2026-08-24,3040265476,C611008-0101,ALTERNATOR CONTROL UNIT,PAMALS,REC,,,25.0
2026-08-24,3040265477,C611008-0101,ALTERNATOR CONTROL UNIT,PAMALS,REC,,,25.0
2026-08-24,3040265576,011-00916-10,"DISPLAY UNIT,FLIGHT INFORMATION",BAMN,REC,,,24.0
2026-08-24,3040265580,011-00916-00,DISPLAY UNIT GDU 1040A,PAMALS,REC,,,28.0
2026-08-24,3040265581,011-00916-00,DISPLAY UNIT GDU 1040A,PAMALS,REC,,,28.0
2026-08-24,3040265589,EA-5175-52-CES,INDICATOR TRUE,BABV,REC,,,28.0
2026-08-24,3040265590,EA-5175-52-CES,INDICATOR TRUE,BASM,REC,,,28.0
2026-08-24,3040265591,EA-5175-52-CES,INDICATOR TRUE,BABV,REC,,,28.0
2026-08-24,3040265592,EA-5175-52-CES,INDICATOR TRUE,BABV,REC,,,28.0
2026-08-24,3040265668,9910592-2,ALTERNADOR,PAMALS,REC,,,28.0
2026-08-24,3040265678,9910592-2,ALTERNADOR,BAMN,REC,,,28.0
2026-08-24,3040265679,C611505-0201,ALTERNATOR,PAMALS,REC,,,28.0
2026-08-24,3040265680,C611505-0201,ALTERNATOR,ALA 8,REC,,,28.0
2026-08-24,3040265726,071-01519-0101,"RECEIVER-EXCITER,RADAR",PAMALS,REC,,,27.0
2026-08-24,3040265727,071-01519-0101,"RECEIVER-EXCITER,RADAR",CLA,REC,,,27.0
2026-08-24,3040265728,C163030-1001,MAIN W BRAKE A,BAMN,REC,,,27.0
2026-08-24,3040265731,066-3046-07,"CONTROL,INDICATOR",BABR,REC,,,27.0
2026-08-24,3040265732,066-3046-07,"CONTROL,INDICATOR",BANT,REC,,,27.0
2026-08-24,3040265734,066-3046-07,"CONTROL,INDICATOR",EEAR,REC,,,27.0
2026-08-24,3040265735,066-3046-07,"CONTROL,INDICATOR",CLA,REC,,,27.0
2026-08-24,3040265736,C611008-0101,ALTERNATOR CONTROL UNIT,BABV,REC,,,27.0
2026-08-24,3040265737,C611008-0101,ALTERNATOR CONTROL UNIT,EEAR,REC,,,27.0
2026-08-24,3040265738,C611008-0101,ALTERNATOR CONTROL UNIT,PAMALS,REC,,,27.0
2026-08-24,3040265739,C611008-0101,ALTERNATOR CONTROL UNIT,BANT,REC,,,27.0
2026-08-24,3040265740,C611008-0101,ALTERNATOR CONTROL UNIT,BABE,REC,,,27.0
2026-08-24,3040265741,C611008-0101,ALTERNATOR CONTROL UNIT,BABR,REC,,,27.0
2026-08-24,3040265742,066-1072-04,"RECEIVER,RADIO",BACG,REC,,,27.0
2026-08-24,3040265743,066-1072-04,"RECEIVER,RADIO",BAMN,REC,,,27.0
2026-08-24,3040265744,066-1072-04,"RECEIVER,RADIO",PAMALS,REC,,,27.0
2026-08-24,3040265745,066-3084-32,IND RDR 2000 IN-182A,PAMALS,REC,,,27.0
2026-08-24,3040265746,066-3084-32,IND RDR 2000 IN-182A,PAMALS,REC,,,27.0
2026-08-24,3040265747,30994-001,BATTERY-MARATHON TSP410 NICAD,PAMALS,AUT,,,27.0
2026-08-24,3040265748,30994-001,BATTERY-MARATHON TSP410 NICAD,PAMALS,AUT,,,27.0
2026-08-24,3040265749,30994-001,BATTERY-MARATHON TSP410 NICAD,PAMALS,AUT,,,27.0
2026-08-24,3040265750,30994-001,BATTERY-MARATHON TSP410 NICAD,PAMALS,AUT,,,27.0
2026-08-24,3040265751,30994-001,BATTERY-MARATHON TSP410 NICAD,PAMALS,AUT,,,27.0
2026-08-24,3040265752,2641011-5,AXLE-MAIN GEAR,BAMN,REC,,,27.0
2026-08-24,3040265753,2641011-5,AXLE-MAIN GEAR,BAMN,REC,,,27.0
2026-08-24,3040265754,161-11700,INNER WHEEL HALF ASSY,BACO,AUT,,,27.0
2026-08-24,3040265755,161-12800,WHEEL HALF ASSY-INNER,BABE,REC,,,27.0
2026-08-24,3040265757,066-01141-0101,"RECEIVER,RADIO",PAMALS,REC,,,27.0
2026-08-24,3040265758,066-01141-0101,"RECEIVER,RADIO",PAMALS,REC,,,27.0
2026-08-24,3040265759,C660501-0103,"COMPASS,SPEC",DACTA II,AUT,,,27.0
2026-08-24,3040265769,023694-000,BATTERY NICKEL CADMIUM,BAPV,REC,,,26.0
2026-08-24,3040265771,2651023-23,ENGINE MOUNT ASSEMBLY,PAMALS,REC,,,26.0
2026-08-24,3040265772,2651023-23,ENGINE MOUNT ASSEMBLY,PAMALS,REC,,,26.0
2026-08-24,3040265892,324843-0020,HEADSET-MICROPHONE,PAMALS,REC,,,21.0
2026-08-24,3040265893,324843-0020,HEADSET-MICROPHONE,PAMALS,OS concluída,,,
2026-08-24,3040265894,324843-0020,HEADSET-MICROPHONE,PAMALS,REC,,,21.0
2026-08-24,3040265895,324843-0020,HEADSET-MICROPHONE,PAMALS,REC,,,21.0
2026-08-24,3040265946,011-00870-00,MAGNETOMETER GMU 44,BAMN,REC,,,18.0
2026-08-24,3040265947,011-00870-00,MAGNETOMETER GMU 44,BAMN,REC,,,18.0
2026-08-24,3040266034,C662041-0102,INDICATOR FUEL,BABE,REC,,,14.0
2026-08-24,3040266040,C662041-0102,INDICATOR FUEL,PAMALS,REC,,,14.0
2026-08-24,3040266036,C662041-0102,INDICATOR FUEL,PAMALS,REC,,,14.0
2026-08-24,3040266035,C662041-0102,INDICATOR FUEL,PAMALS,REC,,,6.0
2026-08-24,3040266039,C662041-0102,INDICATOR FUEL,BANT,REC,,,6.0
2026-08-24,3040266041,C662041-0102,INDICATOR FUEL,PAMALS,REC,,,6.0
2026-08-24,3040266307,069-01033-0101,"RECEIVER-TRANSMITTER,RADIO",PAMALS,REC,,,4.0
2026-08-24,3040266308,069-01033-0101,"RECEIVER-TRANSMITTER,RADIO",BANT,REC,,,4.0
2026-08-24,3040266306,069-01033-0101,"RECEIVER-TRANSMITTER,RADIO",BACG,REC,,,4.0
2026-08-25,3040249831,066-01141-5101,"RECEIVER-TRANSMITTER,RADIO (KT71)",PAMALS,REC,EM REPARO,LEAP,561.0
2026-08-25,3040250248,452-0133,"BATTERY,NONRECHARGEABLE",BABR,REC,CONDENADO,VEE ONE,545.0
2026-08-25,3040250249,452-0133,"BATTERY,NONRECHARGEABLE",BAMN,REC,CONDENADO,VEE ONE,545.0
2026-08-25,3040250234,3034792,BOMBA DE COMBUSTÍVEL,PAMALS,REC,,BANT,545.0
2026-08-25,3040250816,453-5060,"BEACON,DISTRESS",BAMN,REC,,PAMA-LS,523.0
2026-08-25,3040250830,799-1,TRANSDUCER,BACO,REC,,BANT,523.0
2026-08-25,3040250829,51539-012N,CONTROL UNIT ASSY-GENERATOR,BAMN,OS concluída,,,
2026-08-25,3040250828,51539-012N,CONTROL UNIT ASSY-GENERATOR,BACG,REC,,BABR,523.0
2026-08-25,3040250827,51539-012N,CONTROL UNIT ASSY-GENERATOR,BANT,REC,,BABR,523.0
2026-08-25,3040250831,799-1,TRANSDUCER,BANT,REC,,BANT,523.0
2026-08-25,3040250833,9910586-4,FLAP ACTUATOR AND MOTOR ASSEMBLY,ALA 3,REC,,BAMN,523.0
2026-08-25,3040250834,9910586-4,FLAP ACTUATOR AND MOTOR ASSEMBLY,ALA 3,OS concluída,,,
2026-08-25,3040250832,9910338-4,FUEL TOTALIZER INDICATOR,EEAR,REC,,PAMA-LS,523.0
2026-08-25,3040250835,ASG12000-2,ALTERNATOR,ALA 5,REC,REPARADO,V1 PAMA-LS,523.0
2026-08-25,3040250841,C661030-0301,TURN BANK,PAMALS,REC,EM REPARO,LEAP,523.0
2026-08-25,3040250842,C662041-0102,INDICATOR FUEL,ALA 5,REC,,PAMA-LS,523.0
2026-08-25,3040250844,C662041-0102,INDICATOR FUEL,ALA 9,REC,,PAMA-LS,523.0
2026-08-25,3040250843,C662041-0102,INDICATOR FUEL,ALA 10,OS concluída,,,
2026-08-25,3040250719,060-0017-00,FLIGHT DIR HOR,PAMALS,REC,,BANT,523.0
2026-08-25,3040250720,060-0017-00,FLIGHT DIR HOR,BABV,OS concluída,,,
2026-08-25,3040250722,066-01141-5101,"RECEIVER-TRANSMITTER,RADIO (KT71)",ALA 9,REC,EM REPARO,WILLIAM,523.0
2026-08-25,3040250723,066-01141-5101,"RECEIVER-TRANSMITTER,RADIO (KT71)",CLA,REC,,BABR,523.0
2026-08-25,3040250721,060-0017-00,FLIGHT DIR HOR,BANT,OS concluída,,,
2026-08-25,3040250725,066-3046-07,"CONTROL,INDICATOR",ALA 10,OS concluída,,,
2026-08-25,3040250724,066-04035-1101,"DISPLAY UNIT,RADAR",PAMALS,REC,,BANT,523.0
2026-08-25,3040250732,069-1025-25,"RECEIVER-TRANSMITTER,RADIO - KX165",PAMALS,REC,EM REPARO,WILLIAM,523.0
2026-08-25,3040250782,2606012-1,INDICATOR-INTER-TURBINE TEMPERATURE,ALA 9,OS concluída,,,
2026-08-25,3040250775,161-11700,INNER WHEEL HALF ASSY,BABE,OS concluída,,,
2026-08-25,3040250773,161-11700,INNER WHEEL HALF ASSY,EEAR,REC,,BACG,523.0
2026-08-25,3040250718,030-18200,MAIN WHEEL BRAKE,BACO,OS concluída,,,
2026-08-25,3040250716,030-18200,MAIN WHEEL BRAKE,BABV,REC,EM REPARO,LEAP,523.0
2026-08-25,3040250717,030-18200,MAIN WHEEL BRAKE,BACO,OS concluída,,,
2026-08-25,3040250780,162-11800,WHEEL HALF ASSY-OUTER,PAMALS,OS concluída,,,
2026-08-25,3040250781,162-11800,WHEEL HALF ASSY-OUTER,BACG,OS concluída,,,
2026-08-25,3040250778,161-12800,WHEEL HALF ASSY-INNER,BACG,OS concluída,,,
2026-08-25,3040250776,161-12800,WHEEL HALF ASSY-INNER,BABE,OS concluída,,,
2026-08-25,3040250790,2643031-7,"FORK ASSY,NOSE GEAR SPRING",BAMN,OS concluída,,,
2026-08-25,3040250791,2643090-1,SHIMMY DAMPENE,BANT,REC,EM REPARO,AV AERONAUTICA,523.0
2026-08-25,3040250792,2643090-1,SHIMMY DAMPENE,BAMN,REC,REPARADO,V1 PAMA-LS,523.0
2026-08-25,3040250789,2641012-14,TRUNNION ASSY-RH-MAIN GEAR,PAMASP,OS concluída,,,
2026-08-25,3040250793,2643099-4,"SUPPORT ASSY FOWARD, NLG SPRING",BAMN,OS concluída,,,
2026-08-25,3040250798,30994-001,BATTERY-MARATHON TSP410 NICAD,BANT,OS concluída,CONDENADO,AMA - VEE ONE,
2026-08-25,3040252191,C611008-0101,ALTERNATOR CONTROL UNIT,PAMALS,REC,,BABR,490.0
2026-08-25,3040252159,011-00916-00,DISPLAY UNIT GDU 1040A,BAMN,REC,,BAMN,490.0
2026-08-25,3040252161,065-0042-03,COMPUTER PA,ALA 10,REC,EM REPARO,WILLIAM,490.0
2026-08-25,3040252162,065-0042-03,COMPUTER PA,EEAR,REC,,BABE,490.0
2026-08-25,3040252164,065-0042-03,COMPUTER PA,EEAR,REC,EM REPARO,WILLIAM,490.0
2026-08-25,3040252165,065-0042-03,COMPUTER PA,PAMALS,OS concluída,,,
2026-08-25,3040252166,065-0059-01,SERVO PITCH,EEAR,REC,EM REPARO,WILLIAM,490.0
2026-08-25,3040252168,066-03064-0005,"ALTIMETER,SERVO CONTROLLED,AUTOMATIC PRESSURE",ALA 9,OS concluída,,,
2026-08-25,3040252173,066-03064-0005,"ALTIMETER,SERVO CONTROLLED,AUTOMATIC PRESSURE",BANT,REC,EM REPARO,LEAP,490.0
2026-08-25,3040252172,066-03064-0005,"ALTIMETER,SERVO CONTROLLED,AUTOMATIC PRESSURE",PAMALS,REC,NO ESTADO,VEE ONE,490.0
2026-08-25,3040252170,066-03064-0005,"ALTIMETER,SERVO CONTROLLED,AUTOMATIC PRESSURE",ALA 7,REC,NO ESTADO,VEE ONE,490.0
2026-08-25,3040252178,066-1072-00,RECEIVER ADF (KING KR87),PAMALS,OS concluída,,,
2026-08-25,3040252182,066-1072-04,"RECEIVER,RADIO",ALA 9,OS concluída,,,
2026-08-25,3040252181,066-1072-04,"RECEIVER,RADIO",PAMASP,REC,EM REPARO,WILLIAM,490.0
2026-08-25,3040252180,066-1072-04,"RECEIVER,RADIO",ALA 8,OS concluída,,,
2026-08-25,3040252185,066-1072-04,"RECEIVER,RADIO",BAMN,OS concluída,,,
2026-08-25,3040252189,9910338-6,"TRANSMITTER,RATE OF FLOW",ALA 8,OS concluída,,,
2026-08-25,3040252190,9910338-6,"TRANSMITTER,RATE OF FLOW",BABR,OS concluída,,,
2026-08-25,3040252160,011-01020-10,AFCS MODE CONTROLLER GMC 710,BAMN,OS concluída,,,
2026-08-25,3040252939,C163030-1001,MAIN W BRAKE A,BABV,REC,,BAMN,460.0
2026-08-25,3040252936,030-18200,MAIN WHEEL BRAKE,BACO,REC,,PAMA-LS,460.0
2026-08-25,3040252935,030-18200,MAIN WHEEL BRAKE,BAMN,OS concluída,,,
2026-08-25,3040252940,30-182,MAIN WHEEL BRAKE,BABV,OS concluída,,,
2026-08-25,3040252942,30-182,MAIN WHEEL BRAKE,BAMN,OS concluída,,,
2026-08-25,3040252943,30-182,MAIN WHEEL BRAKE,BAMN,OS concluída,,,
2026-08-25,3040253170,161-12800,WHEEL HALF ASSY-INNER,BASM,OS concluída,,,
2026-08-25,3040253168,161-12800,WHEEL HALF ASSY-INNER,BASM,REC,REPARADO,VEE ONE,456.0
2026-08-25,3040253172,161-12800,WHEEL HALF ASSY-INNER,PAMALS,REC,,PROCURANDO,456.0
2026-08-25,3040253174,161-12800,WHEEL HALF ASSY-INNER,PAMALS,OS concluída,,,
2026-08-25,3040253173,161-12800,WHEEL HALF ASSY-INNER,PAMALS,REC,EM REPARO,LEAP,456.0
2026-08-25,3040253176,162-10700,OUTER WHEEL HALF ASSY,BABE,OS concluída,,,
2026-08-25,3040253177,162-10700,OUTER WHEEL HALF ASSY,BABV,REC,REPARADO,VEE ONE,456.0
2026-08-25,3040253178,162-10700,OUTER WHEEL HALF ASSY,PAMALS,REC,,PROCURANDO,456.0
2026-08-25,3040253179,162-11800,WHEEL HALF ASSY-OUTER,CLA,OS concluída,,,
2026-08-25,3040253181,162-11800,WHEEL HALF ASSY-OUTER,PAMALS,OS concluída,,,
2026-08-25,3040253180,162-11800,WHEEL HALF ASSY-OUTER,BASM,REC,,PROCURANDO,456.0
2026-08-25,3040253182,162-11800,WHEEL HALF ASSY-OUTER,PAMALS,REC,REPARADO,VEE ONE,456.0
2026-08-25,3040253536,2641012-14,TRUNNION ASSY-RH-MAIN GEAR,PAMALS,OS concluída,,,
2026-08-25,3040253529,066-03064-0005,"ALTIMETER,SERVO CONTROLLED,AUTOMATIC PRESSURE",DSM-MN,REC,DEVOLVIDO NO ESTADO,WILLIAM,446.0
2026-08-25,3040253528,066-03064-0005,"ALTIMETER,SERVO CONTROLLED,AUTOMATIC PRESSURE",BANT,OS concluída,,,
2026-08-25,3040253532,799-1,TRANSDUCER,PAMALS,REC,,BANT,446.0
2026-08-25,3040253535,2643099-4,"SUPPORT ASSY FOWARD, NLG SPRING",BABE,REC,CONDENADO,VEE ONE,446.0
2026-08-25,3040253531,799-1,TRANSDUCER,BAMN,REC,,VEE ONE,446.0
2026-08-25,3040253530,799-1,TRANSDUCER,BAMN,REC,,BANT,446.0
2026-08-25,3040253526,30994-001,BATTERY-MARATHON TSP410 NICAD,PAMALS,OS concluída,CONDENADO,AMA - VEE ONE,
2026-08-25,3040253527,30994-001,BATTERY-MARATHON TSP410 NICAD,BAPV,OS concluída,CONDENADO,AMA - VEE ONE,
2026-08-25,3040254195,540-1407-4,"VALVE,BLEED,TURBINEENGINE",PAMALS,REC,,BANT,428.0
2026-08-25,3040254201,2643090-3,SHIMMY DAMPER-NOSE GEAR,PAMALS,REC,REPARADO,V1 PAMA-LS,428.0
2026-08-25,3040254203,SE1070-6,SHIMMY DAMPENER ASSY,BACGINAT,OS concluída,,,
2026-08-25,3040254205,C660501-0103,"COMPASS,SPEC",PAMALS,REC,REPARADO,V1 PAMA-LS,428.0
2026-08-25,3040254206,C660501-0103,"COMPASS,SPEC",ALA 8,REC,EM REPARO EM GARANTIA,WILLIAM,428.0
2026-08-25,3040254208,C660501-0103,"COMPASS,SPEC",BABV,REC,REPARADO,V1 PAMA-LS,428.0
2026-08-25,3040254210,799-1,TRANSDUCER,BANT,REC,,BANT,428.0
2026-08-25,3040254792,2606013-1RX,INDICATOR-PERCENT RPM,BABR,REC,,BANT,419.0
2026-08-25,3040254770,069-1025-25,"RECEIVER-TRANSMITTER,RADIO - KX165",ALA 9,REC,EM REPARO,WILLIAM,419.0
2026-08-25,3040254799,453-5000-710,EMERGENCY LOCATOR TRANSMITTER MODEL C406-2,PAMASP,OS concluída,,,
2026-08-25,3040254806,C352TS,"EXTINGUISHER,FIRE",PAMALS,REC,REPARADO,V1 PAMA-LS,419.0
2026-08-25,3040254805,C352TS,"EXTINGUISHER,FIRE",PAMALS,OS concluída,,,
2026-08-25,3040254810,C352TS,"EXTINGUISHER,FIRE",PAMALS,OS concluída,,,
2026-08-25,3040254809,C352TS,"EXTINGUISHER,FIRE",PAMAGL,OS concluída,,,
2026-08-25,3040254803,C352TS,"EXTINGUISHER,FIRE",2 ETA,REC,REPARADO,V1 PAMA-LS,419.0
2026-08-25,3040254808,C352TS,"EXTINGUISHER,FIRE",BABR,REC,REPARADO,V1 PAMA-LS,419.0
2026-08-25,3040254795,D145-00-46-2,FLAP ACTUATOR ASSY,BABE,REC,,PAMA-LS,419.0
2026-08-25,3040254793,D145-00-46-2,FLAP ACTUATOR ASSY,PAMALS,REC,,PAMA-LS,419.0
2026-08-25,3040254815,C482001-0402,VACUUM REGULAT,PAMALS,REC,CONDENADO,VEE ONE,419.0
2026-08-25,3040254816,C482001-0402,VACUUM REGULAT,PAMALS,REC,CONDENADO,VEE ONE,419.0
2026-08-25,3040254820,2641011-5,AXLE-MAIN GEAR,BAMN,OS concluída,,,
2026-08-25,3040254817,2641011-5,AXLE-MAIN GEAR,BABE,OS concluída,,,
2026-08-25,3040254818,2641011-5,AXLE-MAIN GEAR,BABE,OS concluída,,,
2026-08-25,3040254819,2641011-5,AXLE-MAIN GEAR,BANT,OS concluída,,,
2026-08-25,3040254796,30994-001,BATTERY-MARATHON TSP410 NICAD,BAMN,OS concluída,,,
2026-08-25,3040254789,452-0133,"BATTERY,NONRECHARGEABLE",BAMN,REC,CONDENADO,VEE ONE,419.0
2026-08-25,3040254788,452-0133,"BATTERY,NONRECHARGEABLE",BAMN,REC,CONDENADO,VEE ONE,419.0
2026-08-25,3040254787,452-0133,"BATTERY PACK,AIRCRAFT",DACTA II,REC,CONDENADO,VEE ONE,419.0
2026-08-25,3040254786,452-0133,"BATTERY PACK,AIRCRAFT",BAMN,REC,CONDENADO,VEE ONE,419.0
2026-08-25,3040254785,452-0133,"BATTERY,NONRECHARGEABLE",BAMN,REC,CONDENADO,VEE ONE,419.0
2026-08-25,3040254784,452-0133,"BATTERY,NONRECHARGEABLE",DACTA II,REC,CONDENADO,VEE ONE,419.0
2026-08-25,3040255326,011-00916-00,DISPLAY UNIT GDU 1040A,BAMN,REC,,BAMN,410.0
2026-08-25,3040255319,702801-5,FUEL PUMP,PAMASP,REC,EM REPARO,VEE ONE,410.0
2026-08-25,3040255321,8210-002,"GOVERNOR,CONSTANT SPEED DRIVE",PAMALS,OS concluída,,,
2026-08-25,3040255461,DAAS-A-010-1,ADAS-D PROCESSOR,PAMALS,REC,EM REPARO,VEE ONE,406.0
2026-08-25,3040255589,071-01519-0101,"RECEIVER-EXCITER,RADAR",BANT,REC,,PROCURANDO,404.0
2026-08-25,3040255590,071-01519-0101,"RECEIVER-EXCITER,RADAR",PAMALS,OS concluída,,,
2026-08-25,3040255706,C661064-0237,AIRSPEED INDICATOR,BAMN,OS concluída,,,
2026-08-25,3040256114,5934PAD-3,"ALTIMETER,PRESSURE",PAMALS,REC,EM REPARO,VEE ONE,390.0
2026-08-25,3040256119,011-00878-10,GSA-81 TORQUE SERVO,BAPV,REC,EM REPARO,LEAP,390.0
2026-08-25,3040256112,011-00883-20,RADAR GWX 68 WEATHER,BABE,REC,,BAMN,390.0
2026-08-25,3040256115,5934PAD-3,"ALTIMETER,PRESSURE",PAMALS,OS concluída,,,
2026-08-25,3040256118,011-00878-10,GSA-81 TORQUE SERVO,BAPV,REC,,BACO,390.0
2026-08-25,3040256120,011-00916-10,"DISPLAY UNIT,FLIGHT INFORMATION",BAMN,OS concluída,,,
2026-08-25,3040256314,066-4010-12,RECEIVER VOR/LOC (KNS81),EEAR,REC,EM REPARO,LEAP,377.0
2026-08-25,3040256311,3121248-03,"VALVE ASSEMBLY,COMPRESSOR BLEED",PAMALS,OS concluída,,,
2026-08-25,3040256704,C661064-0237,AIRSPEED INDICATOR,PAMALS,OS concluída,,,
2026-08-25,3040256707,D210507,"GOVERNOR,OVERSPEED",PAMALS,OS concluída,,,
2026-08-25,3040256708,D210507,"GOVERNOR,OVERSPEED",PAMALS,REC,REPARADO,VEE ONE,368.0
2026-08-25,3040256702,C661064-0237,AIRSPEED INDICATOR,BABR,OS concluída,,,
2026-08-25,3040256703,C661064-0237,AIRSPEED INDICATOR,PAMALS,OS concluída,,,
2026-08-25,3040256662,030-18200,MAIN WHEEL BRAKE,BASM,OS concluída,,,
2026-08-25,3040256665,161-11700,INNER WHEEL HALF ASSY,BABV,OS concluída,,,
2026-08-25,3040256666,161-11700,INNER WHEEL HALF ASSY,PAMALS,OS concluída,,,
2026-08-25,3040256667,161-11700,INNER WHEEL HALF ASSY,PAMALS,OS concluída,,,
2026-08-25,3040256668,161-11700,INNER WHEEL HALF ASSY,PAMALS,OS concluída,,,
2026-08-25,3040256669,161-11700,INNER WHEEL HALF ASSY,PAMALS,OS concluída,,,
2026-08-25,3040256670,161-11700,INNER WHEEL HALF ASSY,PAMALS,OS concluída,,,
2026-08-25,3040256671,161-11700,INNER WHEEL HALF ASSY,PAMALS,REC,REPARADO,VEE ONE,368.0
2026-08-25,3040256698,030-18200,MAIN WHEEL BRAKE,PAMASP,REC,,PROCURANDO,368.0
2026-08-25,3040256713,030-18200,MAIN WHEEL BRAKE,ALA 3,REC,,BAMN,368.0
2026-08-25,3040256694,162-11800,WHEEL HALF ASSY-OUTER,BANT,OS concluída,,,
2026-08-25,3040256696,162-11800,WHEEL HALF ASSY-OUTER,PAMALS,REC,,PAMA-LS,368.0
2026-08-25,3040256672,161-12800,WHEEL HALF ASSY-INNER,PAMALS,REC,REPARADO,VEE ONE,368.0
2026-08-25,3040256675,161-12800,WHEEL HALF ASSY-INNER,BANT,OS concluída,,,
2026-08-25,3040256792,011-00877-00,"GSA-80 SERVO ROL,YAW,SPEC",BAMN,REC,,PROCURANDO,368.0
2026-08-25,3040256787,011-00877-00,"GSA-80 SERVO ROL,YAW,SPEC",PAMALS,REC,EM REPARO,VEE ONE,368.0
2026-08-25,3040256828,011-00883-20,RADAR GWX 68 WEATHER,PAMALS,REC,CONDENADO,V1 PAMA-LS,368.0
2026-08-25,3040256709,3121248-03,"VALVE ASSEMBLY,COMPRESSOR BLEED",PAMASP,REC,,BANT,365.0
2026-08-25,3040256673,161-12800,WHEEL HALF ASSY-INNER,PAMALS,REC,CONDENADO,VEE ONE,365.0
2026-08-25,3040257095,011-01105-01,INTEGRATED AVIONICS UNIT GIA63W,BABE,REC,EM REPARO,VEE ONE,361.0
2026-08-25,3040257096,011-01105-01,INTEGRATED AVIONICS UNIT GIA63W,BABE,REC,,BAMN,361.0
2026-08-25,3040257093,065-00183-0501,AUTOPILOT COMPUTER KFC225,BABE,REC,,BANT,361.0
2026-08-25,3040257094,065-00183-0501,AUTOPILOT COMPUTER KFC225,BABE,REC,,BANT,361.0
2026-08-25,3040257443,161-12800,WHEEL HALF ASSY-INNER,ALA 3,AUT,,NÃO TEVE MOVIMENTAÇÃO,349.0
2026-08-25,3040257442,C163030-1001,MAIN W BRAKE A,BAMN,OS concluída,REPARADO,VEE ONE,
2026-08-25,3040257452,3244809-8,"FUEL CONTROL,MAIN,TURBINE ENGINE",BAPV,OS concluída,,,
2026-08-25,3040257454,EA-5172-45-CES,"INDICATOR,AIRSPEED",BACG,OS concluída,,,
2026-08-25,3040257453,EA-5172-45-CES,"INDICATOR,AIRSPEED",ALA 7,REC,DEVOLVIDO NO ESTADO,WILLIAM,342.0
2026-08-25,3040257451,3244809-7,"FUEL CONTROL,MAIN,TURBINE ENGINE",PAMASP,REC,,BANT,342.0
2026-08-25,3040257450,3244809-4,"FUEL CONTROL,MAIN,TURBINE ENGINE",PAMASP,OS concluída,EM REPARO,LEAP,
2026-08-25,3040257438,030-18200,MAIN WHEEL BRAKE,BAMN,REC,REPARADO,VEE ONE,342.0
2026-08-25,3040257444,162-10700,OUTER WHEEL HALF ASSY,PAMALS,OS concluída,,,
2026-08-25,3040257447,162-10700,OUTER WHEEL HALF ASSY,PAMALS,OS concluída,,,
2026-08-25,3040257436,30994-001,BATTERY-MARATHON TSP410 NICAD,PAMALS,OS concluída,CONDENADO,AMA - VEE ONE,
2026-08-25,3040257441,030-18200,MAIN WHEEL BRAKE,BAPV,REC,,BAMN,342.0
2026-08-25,3040257440,030-18200,MAIN WHEEL BRAKE,BANT,REC,CONDENADO,VEE ONE,342.0
2026-08-25,3040257439,030-18200,MAIN WHEEL BRAKE,BAMN,REC,,BAMN,342.0
2026-08-25,3040258306,D210507,"GOVERNOR,OVERSPEED",PAMALS,REC,EM REPARO,LEAP,322.0
2026-08-25,3040258310,D210507,"GOVERNOR,OVERSPEED",BACO,OS concluída,,,
2026-08-25,3040258309,D210507,"GOVERNOR,OVERSPEED",BAMN,REC,EM REPARO,LEAP,322.0
2026-08-25,3040258308,D210507,"GOVERNOR,OVERSPEED",BAMN,OS concluída,,,
2026-08-25,3040258307,D210507,"GOVERNOR,OVERSPEED",ALA 5,OS concluída,,,
2026-08-25,3040258303,011-00877-00,"GSA-80 SERVO ROL,YAW,SPEC",DACTA II,REC,EM REPARO,VEE ONE,322.0
2026-08-25,3040258422,2601188-8,COMPRESSOR DRIVE ASSY R134A,PAMASP,REC,,PROCURANDO,320.0
2026-08-25,3040258419,011-00877-00,"GSA-80 SERVO ROL,YAW,SPEC",DACTA II,REC,EM REPARO,VEE ONE,320.0
2026-08-25,3040258420,011-00877-00,"GSA-80 SERVO ROL,YAW,SPEC",BACO,REC,EM REPARO,VEE ONE,320.0
2026-08-25,3040258421,011-00877-00,"GSA-80 SERVO ROL,YAW,SPEC",BABE,REC,,BACO,320.0
2026-08-25,3040258764,069-01034-0102,"NAVIGATION SET,SATELLITE SIGNALS KLN-94",PAMALS,REC,,BANT,313.0
2026-08-25,3040259152,066-01141-5101,"TRANSPONDER,RADAR",BABE,REC,,BANT,294.0
2026-08-25,3040259151,066-01141-5101,"TRANSPONDER,RADAR",BANT,REC,REPARADO,V1 PAMA-LS,294.0
2026-08-25,3040259251,064-1019-05,VHF TRANSCEIVE KY196,EEAR,REC,,EEAR,292.0
2026-08-25,3040259146,1U149-015-15,HORIZ. GYRO-STADBY,PAMALS,REC,EM REPARO,VEE ONE,291.0
2026-08-25,3040259147,162-10700,OUTER WHEEL HALF ASSY,BANT,REC,EM REPARO,AMA - VEE ONE,291.0
2026-08-25,3040259148,3049038-03,"VALVE,COMPRESSOR BLEED",BANT,OS concluída,,,
2026-08-25,3040259316,2606015-4,INDICATOR-OIL TEMP/OIL PRESS,BACG,REC,REPARADO,V1 PAMA-LS,288.0
2026-08-25,3040259564,C414007-0102,BLOWER ASSY,PAMALS,OS concluída,,,
2026-08-25,3040259568,C414007-0102,BLOWER ASSY,ALA 10,OS concluída,,,
2026-08-25,3040259570,C414007-0102,BLOWER ASSY,ALA 10,OS concluída,,,
2026-08-25,3040259694,025323-150,FUEL PUMP,PAMASP,REC,,BACO,280.0
2026-08-25,3040259922,C414007-0102,BLOWER ASSY,BANT,REC,REPARADO,V1 PAMA-LS,273.0
2026-08-25,3040259928,C414007-0102,BLOWER ASSY,PAMALS,REC,EM REPARO,VEE ONE,273.0
2026-08-25,3040259924,C414007-0102,BLOWER ASSY,BACG,REC,EM REPARO,VEE ONE,273.0
2026-08-25,3040259918,C414007-0102,BLOWER ASSY,ALA 10,REC,EM REPARO,VEE ONE,273.0
2026-08-25,3040259950,065-0060-01,"CONTROL,SERVO,AUTOMATIC PILOT",PAMALS,REC,EM REPARO,LEAP,273.0
2026-08-25,3040259949,065-0060-01,"CONTROL,SERVO,AUTOMATIC PILOT",PAMALS,REC,EM REPARO,LEAP,273.0
2026-08-25,3040259947,066-3046-07,"CONTROL,INDICATOR",EEAR,OS concluída,,,
2026-08-25,3040259946,066-3046-07,"CONTROL,INDICATOR",BANT,REC,,BANT,273.0
2026-08-25,3040259944,066-3046-07,"CONTROL,INDICATOR",EEAR,REC,,PAMA-LS,273.0
2026-08-25,3040260209,011-00916-00,DISPLAY UNIT GDU 1040A,PAMALS,REC,,BAMN,259.0
2026-08-25,3040260208,324843-W020,HEADSET-MICROPHONE,PAMALS,REC,VAI SER DEVOLVIDO SEM REPARO,WILLIAM,259.0
2026-08-25,3040260204,324843-W020,HEADSET-MICROPHONE,PAMALS,OS concluída,,,
2026-08-25,3040260205,324843-W020,HEADSET-MICROPHONE,PAMALS,OS concluída,,,
2026-08-25,3040260388,SD5H14C4527,AIR COMPRESSOR,PAMALS,REC,EM REPARO,VEE ONE,252.0
2026-08-25,3040260382,065-00183-0501,AUTOPILOT COMPUTER KFC225,BANT,REC,,BANT,252.0
2026-08-25,3040260389,SD5H14C4527,AIR COMPRESSOR,PAMALS,REC,EM REPARO,VEE ONE,252.0
2026-08-25,3040260517,ASG12000-2,ALTERNATOR,PAMALS,OS concluída,,,
2026-08-25,3040260524,51539-012M,CONTROL UNIT ASSY-GENERATOR,BANT,REC,,BACG,249.0
2026-08-25,3040260516,ASG12000-2,ALTERNATOR,PAMALS,REC,REPARADO,V1 PAMA-LS,249.0
2026-08-25,3040260523,9910592-2,ALTERNADOR,BAMN,OS concluída,REPARADO,V1 PAMA-LS,
2026-08-25,3040260522,9910592-2,ALTERNADOR,BAMN,REC,REPARADO,V1 PAMA-LS,249.0
2026-08-25,3040260547,161-12800,WHEEL HALF ASSY-INNER,EPCAR,OS concluída,REPARADO,VEE ONE,
2026-08-25,3040260545,161-11700,INNER WHEEL HALF ASSY,BACG,REC,REPARADO,VEE ONE,231.0
2026-08-25,3040260544,161-11700,INNER WHEEL HALF ASSY,BANT,REC,REPARADO,VEE ONE,231.0
2026-08-25,3040260546,161-12800,WHEEL HALF ASSY-INNER,PAMALS,REC,REPARADO,VEE ONE,231.0
2026-08-25,3040260548,161-11700,INNER WHEEL HALF ASSY,CLA,REC,REPARADO,VEE ONE,231.0
2026-08-25,3040260549,162-10700,OUTER WHEEL HALF ASSY,BACG,REC,REPARADO,VEE ONE,231.0
2026-08-25,3040260550,162-10700,OUTER WHEEL HALF ASSY,CLA,REC,REPARADO,VEE ONE,231.0
2026-08-25,3040260551,162-11800,WHEEL HALF ASSY-OUTER,BANT,REC,REPARADO,VEE ONE,231.0
2026-08-25,3040260552,30994-001,BATTERY-MARATHON TSP410 NICAD,BABE,OS concluída,CONDENADO,AMA - VEE ONE,
2026-08-25,3040260543,324843-W020,HEADSET-MICROPHONE,PAMALS,REC,VAI SER DEVOLVIDO SEM REPARO,WILLIAM,231.0
2026-08-25,3040260542,324843-W020,HEADSET-MICROPHONE,PAMALS,REC,,BABE,231.0
2026-08-25,3040260541,324843-W020,HEADSET-MICROPHONE,PAMALS,OS concluída,,,
2026-08-25,3040260540,324843-W020,HEADSET-MICROPHONE,PAMALS,OS concluída,,,
2026-08-25,3040260538,324843-W020,HEADSET-MICROPHONE,PAMALS,REC,,BABE,231.0
2026-08-25,3040260539,324843-W020,HEADSET-MICROPHONE,PAMALS,REC,,BABE,231.0
2026-08-25,3040260595,9910586-4,FLAP ACTUATOR AND MOTOR ASSEMBLY,7 ETA,REC,,BAMN,231.0
2026-08-25,3040260597,9910586-4,FLAP ACTUATOR AND MOTOR ASSEMBLY,BAPV,OS concluída,REPARADO,VEE ONE,
2026-08-25,3040260583,3244897-4,FUEL CONTROL UNIT,PAMALS,OS concluída,,,
2026-08-25,3040260750,3122678-04,FUEL CONTROL UNIT,PAMASP,REC,,BANT,223.0
2026-08-25,3040260752,3244897-4,FUEL CONTROL UNIT,PAMASP,OS concluída,,,
2026-08-25,3040260753,3244809-7,"FUEL CONTROL,MAIN,TURBINE ENGINE",PAMASP,OS concluída,,,
2026-08-25,3040260754,3244809-1,"FUEL CONTROL,MAIN,TURBINE ENGINE",PAMASP,REC,EM QUARENTENA,LEAP,223.0
2026-08-25,3040254794,C145-350,"MOTOR,DIRECT CURRENT",PAMALS,OS concluída,,,
2026-08-25,3040260913,064-1054-30,RECEIVER-TRANSMITTER SUBASSEMBLY,EPCAR,REC,REPARADO,V1 PAMA-LS,211.0
2026-08-25,3040260915,064-1054-30,RECEIVER-TRANSMITTER SUBASSEMBLY,PAMALS,REC,REPARADO,V1 PAMA-LS,211.0
2026-08-25,3040260811,3034792,BOMBA DE COMBUSTÍVEL,BAPV,REC,,BABR,209.0
2026-08-25,3040260812,3034792,BOMBA DE COMBUSTÍVEL,BACG,OS concluída,,,
2026-08-25,3040260922,162-11800,WHEEL HALF ASSY-OUTER,PAMALS,OS concluída,,,
2026-08-25,3040260923,030-18200,MAIN WHEEL BRAKE,BACO,REC,REPARADO,VEE ONE,209.0
2026-08-25,3040261389,3034792,BOMBA DE COMBUSTÍVEL,PAMASP,OS concluída,REPARADO,V1 PAMA-LS,
2026-08-25,3040261388,3034792,BOMBA DE COMBUSTÍVEL,BABR,OS concluída,,,
2026-08-25,3040261387,3034792,BOMBA DE COMBUSTÍVEL,BABR,OS concluída,,,
2026-08-25,3040261371,TFF2905-13,FUEL FLOW TRANSDUCER,ALA 8,REC,EM REPARO,WILLIAM,196.0
2026-08-25,3040261375,C661065-0240RX,"INDICATOR, AIRSPEED",BACG,REC,EM REPARO,WILLIAM,196.0
2026-08-25,3040261373,C661065-0240,AIRSPEED INDICATOR,BABE,REC,REPARADO,V1 PAMA-LS,196.0
2026-08-25,3040261322,011-00831-00,"ENGINE INTERFA,SPEC",BAPV,REC,REPARADO,VEE ONE,196.0
2026-08-25,3040261326,011-00882-10,"COMPUTER,AIR DATA",BAMN,OS concluída,,,
2026-08-25,3040261324,011-00882-10,"COMPUTER,AIR DATA",BAMN,OS concluída,,,
2026-08-25,3040261327,064-1054-30,RECEIVER-TRANSMITTER SUBASSEMBLY,PAMASP,REC,REPARADO,V1 PAMA-LS,196.0
2026-08-25,3040261336,066-01141-0101,"RECEIVER,RADIO",BANT,REC,REPARADO,V1 PAMA-LS,196.0
2026-08-25,3040261334,065-0065-01,SELECTOR ALT,BANT,REC,EM REPARO,WILLIAM,196.0
2026-08-25,3040261331,065-0061-36,ACTUATOR TRIM (KS272A),PAMASP,OS concluída,,BABR,
2026-08-25,3040261329,065-0061-36,ACTUATOR TRIM (KS272A),ALA 10,OS concluída,,,
2026-08-25,3040261335,065-0065-01,SELECTOR ALT,BANT,REC,EM REPARO,WILLIAM,196.0
2026-08-25,3040261342,066-3084-02,COLOR RADAR INDICATOR,BABV,REC,EM REPARO,WILLIAM,196.0
2026-08-25,3040261340,066-1053-00,"RECEIVER,RADIO",BASM,REC,REPARADO,V1 PAMA-LS,196.0
2026-08-25,3040261377,066-3054-01,INDICATOR RADAR ALTIMETER - TYPE KI250,PAMALS,REC,EM REPARO,WILLIAM,196.0
2026-08-25,3040261376,066-1061-03,RT RADAR ALTIM (KRA10A),PAMALS,REC,PARA REPARO,VEE ONE,196.0
2026-08-25,3040261352,1134380-4,EVAPORATOR MODULE ASSY-RH,BAMN,REC,CONDENADO,VEE ONE,196.0
2026-08-25,3040261347,071-1234-00,ANTENNA ACCESSORY,ALA 1,REC,EM REPARO,WILLIAM,196.0
2026-08-25,3040261344,066-4010-12,RECEIVER VOR/LOC (KNS81),ALA 10,REC,EM REPARO,WILLIAM,196.0
2026-08-25,3040261353,1H75-21,PRESSURE REGULATOR,BAMN,OS concluída,,BAMN,
2026-08-25,3040261357,2682001-1,BRAKE CYL MAST,BABE,OS concluída,,,
2026-08-25,3040261356,2670104-2,ANNUNCIATOR PANEL,PAMALS,REC,REPARADO,VEE ONE,196.0
2026-08-25,3040261355,2643100-201,NOSE GEAR STRUT ASSY - TALL FORK,BABR,OS concluída,,,
2026-08-25,3040261354,2643100-201,NOSE GEAR STRUT ASSY - TALL FORK,BANT,REC,EM REPARO,AV AERONAUTICA,196.0
2026-08-25,3040261364,8210-002-01,GOVERNOR PROPELLER,PAMASP,REC,REPARADO,VEE ONE,196.0
2026-08-25,3040261627,S3828-1,ALTIMETER,BAMN,REC,EM REPARO,WILLIAM,182.0
2026-08-25,3040261628,S3828-1,ALTIMETER,BABE,REC,REPARADO,V1 PAMA-LS,182.0
2026-08-25,3040261851,51539-012MRX,CONTROL UNIT ASSY-GENERATOR,BABE,REC,EM REPARO,VEE ONE,174.0
2026-08-25,3040261852,51539-012MRX,CONTROL UNIT ASSY-GENERATOR,BABE,REC,EM REPARO,VEE ONE,174.0
2026-08-25,3040261843,3034792,BOMBA DE COMBUSTÍVEL,PAMALS,REC,EM REPARO,VEE ONE,169.0
2026-08-25,3040262245,200SGL119Q-2,STARTER GENERATOR,BAMN,OS concluída,,,
2026-08-25,3040262246,200SGL119Q-2,STARTER GENERATOR,BAMN,OS concluída,,,
2026-08-25,3040262273,324843-W020,HEADSET-MICROPHONE,BABE,OS concluída,,,
2026-08-25,3040262275,324843-W020,HEADSET-MICROPHONE,BANT,OS concluída,,,
2026-08-25,3040262363,066-1055-00,AUDIO CONTROL PANEL,ALA 5,OS concluída,,,
2026-08-25,3040262367,066-1055-00,AUDIO CONTROL PANEL,ALA 9,REC,EM REPARO,WILLIAM,152.0
2026-08-25,3040262368,066-1055-00,AUDIO CONTROL PANEL,CLA,OS concluída,,,
2026-08-25,3040262372,51539-012M,CONTROL UNIT ASSY-GENERATOR,BANT,REC,,V1 PAMA-LS,152.0
2026-08-25,3040262371,51539-012N,CONTROL UNIT ASSY-GENERATOR,BANT,REC,REPARADO,V1 PAMA-LS,152.0
2026-08-25,3040262419,065-0061-36,ACTUATOR TRIM (KS272A),ALA 9,REC,EM REPARO,WILLIAM,147.0
2026-08-25,3040262734,C352,PORTABLE HALON FIRE EXTINGUISHERS,ALA 5,REC,EM REPARO,AV AERONAUTICA,134.0
2026-08-25,3040262738,C352TS,"EXTINGUISHER,FIRE",BANT,REC,,PROCURANDO,134.0
2026-08-25,3040262739,C352TS,"EXTINGUISHER,FIRE",BANT,REC,,PROCURANDO,134.0
2026-08-25,3040262740,C352TS,"EXTINGUISHER,FIRE",PAMALS,REC,,PROCURANDO,134.0
2026-08-25,3040262766,011-00883-20,RADAR GWX 68 WEATHER,BAMN,OS concluída,EM REPARO,VEE ONE,
2026-08-25,3040262765,011-00883-20,RADAR GWX 68 WEATHER,BAMN,REC,EM REPARO,VEE ONE,134.0
2026-08-25,3040262772,011-01020-10,AFCS MODE CONTROLLER GMC 710,BAMN,REC,EM REPARO,WILLIAM,134.0
2026-08-25,3040262770,011-01020-10,AFCS MODE CONTROLLER GMC 710,BAMN,REC,EM REPARO,WILLIAM,134.0
2026-08-25,3040262773,011-01020-10,AFCS MODE CONTROLLER GMC 710,BAMN,REC,EM REPARO,WILLIAM,134.0
2026-08-25,3040262746,066-1070-01,TRANSCEIVER DME (KN63),BABE,REC,EM REPARO,WILLIAM,134.0
2026-08-25,3040262745,064-1019-05,VHF TRANSCEIVE KY196,EEAR,REC,EM REPARO,VEE ONE,134.0
2026-08-25,3040262747,066-1072-00,RECEIVER ADF (KING KR87),ALA 7,REC,EM REPARO,WILLIAM,134.0
2026-08-25,3040262748,066-3046-07,"CONTROL,INDICATOR",BABR,REC,,BANT,134.0
2026-08-25,3040262769,066-3046-07,"CONTROL,INDICATOR",BABR,REC,,BANT,134.0
2026-08-25,3040262768,066-3046-07,"CONTROL,INDICATOR",EEAR,OS concluída,EM REPARO,LEAP,
2026-08-25,3040262767,066-3046-07,"CONTROL,INDICATOR",EEAR,REC,EM REPARO,LEAP,134.0
2026-08-25,3040262791,066-3060-00,IND RMI KNI582,BANT,REC,EM REPARO,LEAP,134.0
2026-08-25,3040262630,161-11700,INNER WHEEL HALF ASSY,BANT,REC,REPARADO,VEE ONE,134.0
2026-08-25,3040262792,066-3060-00,IND RMI KNI582,BANT,REC,EM REPARO,LEAP,134.0
2026-08-25,3040262634,162-10700,OUTER WHEEL HALF ASSY,BANT,REC,REPARADO,VEE ONE,134.0
2026-08-25,3040262632,161-12800,WHEEL HALF ASSY-INNER,BANT,OS concluída,REPARADO,VEE ONE,
2026-08-25,3040262633,161-12800,WHEEL HALF ASSY-INNER,BANT,REC,REPARADO,VEE ONE,134.0
2026-08-25,3040262635,162-11800,WHEEL HALF ASSY-OUTER,EPCAR,REC,REPARADO,VEE ONE,134.0
2026-08-25,3040262637,162-11800,WHEEL HALF ASSY-OUTER,BANT,REC,REPARADO,VEE ONE,134.0
2026-08-25,3040262636,162-11800,WHEEL HALF ASSY-OUTER,BANT,REC,REPARADO,VEE ONE,134.0
2026-08-25,3040262646,200SGL119Q,STARTER GENERATOR,PAMASP,OS concluída,,,
2026-08-25,3040262639,200SGL119Q,STARTER GENERATOR,PAMASP,OS concluída,,PAMA-LS,
2026-08-25,3040262638,200SGL119Q,STARTER GENERATOR,PAMALS,REC,EM REPARO,AV AERONAUTICA,134.0
2026-08-25,3040262757,2606015-2,IND OIL TEMP/P,PAMALS,REC,EM REPARO,VEE ONE,134.0
2026-08-25,3040262706,2641011-5,AXLE-MAIN GEAR,BAMN,REC,,BANT,134.0
2026-08-25,3040262707,2641011-5,AXLE-MAIN GEAR,BABV,REC,REPARADO,VEE ONE,134.0
2026-08-25,3040262717,2641011-5,AXLE-MAIN GEAR,BANT,REC,REPARADO,VEE ONE,134.0
2026-08-25,3040262714,2641011-5,AXLE-MAIN GEAR,BAPV,REC,,BANT,134.0
2026-08-25,3040262713,2641011-5,AXLE-MAIN GEAR,BAPV,REC,REPARADO,VEE ONE,134.0
2026-08-25,3040262712,2641011-5,AXLE-MAIN GEAR,BABR,REC,,BANT,134.0
2026-08-25,3040262711,2641011-5,AXLE-MAIN GEAR,BABR,REC,,BANT,134.0
2026-08-25,3040262709,2641011-5,AXLE-MAIN GEAR,PAMALS,REC,,BANT,134.0
2026-08-25,3040262708,2641011-5,AXLE-MAIN GEAR,PAMALS,REC,,BANT,134.0
2026-08-25,3040262744,3244809-1A,F.C.U,PAMALS,REC,EM REPARO,LEAP,134.0
2026-08-25,3040262758,9910338-4,FUEL TOTALIZER INDICATOR,PAMALS,REC,EM REPARO,VEE ONE,134.0
2026-08-25,3040262759,9910338-6,"TRANSMITTER,RATE OF FLOW",BAMN,REC,EM REPARO,WILLIAM,134.0
2026-08-25,3040262760,9910338-6,"TRANSMITTER,RATE OF FLOW",BANT,REC,EM REPARO,VEE ONE,134.0
2026-08-25,3040262966,2682001-1,BRAKE CYL MAST,BACO,OS concluída,,PAMA-LS,
2026-08-25,3040262967,2682001-1,BRAKE CYL MAST,PAMALS,REC,REPARADO,V1 PAMA-LS,132.0
2026-08-25,3040262968,2682001-1,BRAKE CYL MAST,BANT,OS concluída,,PAMA-LS,
2026-08-25,3040262969,2682001-1,BRAKE CYL MAST,BABE,REC,REPARADO,V1 PAMA-LS,132.0
2026-08-25,3040263069,453-5060,ELT C406-N,BABE,OS concluída,,,
2026-08-25,3040263283,D145-00-46-2,FLAP ACTUATOR ASSY,PAMALS,REC,EM REPARO,LEAP,117.0
2026-08-25,3040263284,D145-00-46-2,FLAP ACTUATOR ASSY,BAFL,REC,EM REPARO,LEAP,117.0
2026-08-25,3040263324,069-01033-0101,"RECEIVER-TRANSMITTER,RADIO",PAMALS,REC,EM REPARO,LEAP,117.0
2026-08-25,3040263287,C661065-0237,AIRSPEED INDICATOR,BABR,REC,REPARADO,VEE ONE,117.0
2026-08-25,3040263288,C661065-0237,AIRSPEED INDICATOR,PAMASP,REC,REPARADO,VEE ONE,117.0
2026-08-25,3040263314,060-0017-00,FLIGHT DIR HOR,EEAR,REC,EM REPARO,LEAP,117.0
2026-08-25,3040263319,066-1055-00,AUDIO CONTROL PANEL,BABE,REC,REPARADO,VEE ONE,117.0
2026-08-25,3040263317,060-0017-00,FLIGHT DIR HOR,PAMASP,REC,,BANT,117.0
2026-08-25,3040263316,060-0017-00,FLIGHT DIR HOR,BANT,REC,,BANT,117.0
2026-08-25,3040263320,066-1055-00,AUDIO CONTROL PANEL,PAMALS,REC,EM REPARO,AV AERONAUTICA,117.0
2026-08-25,3040263325,069-01033-0101,"RECEIVER-TRANSMITTER,RADIO",PAMALS,REC,,PROCURANDO,117.0
2026-08-25,3040263335,C611008-0101,ALTERNATOR CONTROL UNIT,PAMALS,REC,EM REPARO,AV AERONAUTICA,117.0
2026-08-25,3040263336,C611008-0101,ALTERNATOR CONTROL UNIT,PAMALS,REC,EM REPARO,AV AERONAUTICA,117.0
2026-08-25,3040263286,C661065-0237,AIRSPEED INDICATOR,BANT,REC,DEVOLVIDO NO ESTADO,WILLIAM,117.0
2026-08-25,3040263322,066-1055-00,AUDIO CONTROL PANEL,ALA 9,REC,EM REPARO,WILLIAM,117.0
2026-08-25,3040263326,069-01033-0101,"RECEIVER-TRANSMITTER,RADIO",PAMALS,REC,,BANT,117.0
2026-08-25,3040263315,060-0017-00,FLIGHT DIR HOR,BACG,OS concluída,,BABR,
2026-08-25,3040263334,011-00916-10,"DISPLAY UNIT,FLIGHT INFORMATION",BACO,REC,VAI SER DEVOLVIDO SEM REPARO,WILLIAM,117.0
2026-08-25,3040263333,011-00916-10,"DISPLAY UNIT,FLIGHT INFORMATION",BACO,OS concluída,EM REPARO,WILLIAM,
2026-08-25,3040263332,011-00916-10,"DISPLAY UNIT,FLIGHT INFORMATION",BAMN,OS concluída,EM REPARO,WILLIAM,
2026-08-25,3040263331,C661064-0237,AIRSPEED INDICATOR,PAMALS,REC,VAI SER DEVOLVIDO SEM REPARO,WILLIAM,117.0
2026-08-25,3040263329,C661064-0237,AIRSPEED INDICATOR,PAMALS,REC,EM REPARO,WILLIAM,117.0
2026-08-25,3040263328,C661064-0237,AIRSPEED INDICATOR,BABR,REC,EM REPARO,WILLIAM,117.0
2026-08-25,3040263327,C661064-0237,AIRSPEED INDICATOR,BABR,REC,EM REPARO,WILLIAM,117.0
2026-08-25,3040263330,C661064-0237,AIRSPEED INDICATOR,PAMALS,REC,EM REPARO,WILLIAM,117.0
2026-08-25,3040263338,C611008-0101,ALTERNATOR CONTROL UNIT,PAMALS,REC,REPARADO,V1 PAMA-LS,117.0
2026-08-25,3040263433,066-03064-0005,"ALTIMETER,SERVO CONTROLLED,AUTOMATIC PRESSURE",BACG,REC,EM REPARO,WILLIAM,111.0
2026-08-25,3040263435,066-03064-0005,"ALTIMETER,SERVO CONTROLLED,AUTOMATIC PRESSURE",BANT,REC,EM REPARO,WILLIAM,111.0
2026-08-25,3040263434,066-03064-0005,"ALTIMETER,SERVO CONTROLLED,AUTOMATIC PRESSURE",PAMASP,REC,VAI SER DEVOLVIDO SEM REPARO,WILLIAM,111.0
2026-08-25,3040263417,069-01033-0101,"RECEIVER-TRANSMITTER,RADIO",PAMALS,REC,EM REPARO,WILLIAM,111.0
2026-08-25,3040263416,069-01033-0101,"RECEIVER-TRANSMITTER,RADIO",BASM,REC,EM REPARO,WILLIAM,111.0
2026-08-25,3040263415,069-01033-0101,"RECEIVER-TRANSMITTER,RADIO",BABR,REC,,BANT,111.0
2026-08-25,3040263447,066-3046-07,"CONTROL,INDICATOR",CLA,OS concluída,,BABR,
2026-08-25,3040263443,3244897-4,FUEL CONTROL UNIT,PAMALS,REC,EM REPARO,LEAP,110.0
2026-08-25,3040263444,3244897-4,FUEL CONTROL UNIT,PAMALS,REC,EM REPARO,LEAP,110.0
2026-08-25,3040263577,060-0015-00,"CONTROL,DIRECTIONAL,AUTOMATIC PILOT",ALA 5,REC,EM REPARO,WILLIAM,105.0
2026-08-25,3040263574,066-1072-04,"RECEIVER,RADIO",BABE,REC,EM REPARO,WILLIAM,105.0
2026-08-25,3040263576,066-1072-04,"RECEIVER,RADIO",BAMN,OS concluída,DEVOLVIDO NO ESTADO,WILLIAM,
2026-08-25,3040263575,066-1072-04,"RECEIVER,RADIO",BABE,REC,EM REPARO,WILLIAM,105.0
2026-08-25,3040263573,066-3084-32,IND RDR 2000 IN-182A,PAMALS,REC,,BABR,105.0
2026-08-25,3040263571,066-3084-32,IND RDR 2000 IN-182A,PAMALS,REC,EM REPARO,WILLIAM,105.0
2026-08-25,3040263572,066-3084-32,IND RDR 2000 IN-182A,PAMALS,REC,EM REPARO,WILLIAM,105.0
2026-08-25,3040263448,2618510-10,ALTERNATOR CONTROL UNIT ASSY,BABE,REC,EM REPARO,WILLIAM,105.0
2026-08-25,3040263449,2618510-10,ALTERNATOR CONTROL UNIT ASSY,PAMALS,REC,EM REPARO,WILLIAM,105.0
2026-08-25,3040263877,2641011-5,AXLE-MAIN GEAR,CLA,REC,EM REPARO,LEAP,95.0
2026-08-25,3040263878,2641011-5,AXLE-MAIN GEAR,CLA,REC,EM REPARO,LEAP,95.0
2026-08-25,3040264243,069-01033-0101,"RECEIVER-TRANSMITTER,RADIO",PAMALS,REC,EM REPARO,WILLIAM,88.0
2026-08-25,3040264244,069-01033-0101,"RECEIVER-TRANSMITTER,RADIO",PAMASP,REC,EM REPARO,WILLIAM,88.0
2026-08-25,3040264246,060-0017-00,FLIGHT DIR HOR,PAMALS,REC,EM REPARO,WILLIAM,88.0
2026-08-25,3040264237,200SGL119Q-2,STARTER GENERATOR,BAMN,REC,EM REPARO,AV AERONAUTICA,88.0
2026-08-25,3040264236,200SGL119Q-2,STARTER GENERATOR,BABE,OS concluída,,BABE,
2026-08-25,3040264121,3244897-4,FUEL CONTROL UNIT,BABE,OS concluída,EM REPARO,LEAP,
2026-08-25,3040264263,9910338-8,"INDICATOR,FUEL FLOW",PAMALS,OS concluída,,BABR,
2026-08-25,3040264262,9910338-8,"INDICATOR,FUEL FLOW",BABV,REC,EM REPARO,WILLIAM,88.0
2026-08-25,3040264242,324843-2020,HEADSET-MICROPHONE,BABE,OS concluída,EM REPARO,WILLIAM,
2026-08-25,3040264264,324843-2020,HEADSET-MICROPHONE,DACTA II,OS concluída,EM REPARO,WILLIAM,
2026-08-25,3040264238,324843-2020,HEADSET-MICROPHONE,DACTA II,OS concluída,EM REPARO,WILLIAM,
2026-08-25,3040264241,324843-2020,HEADSET-MICROPHONE,DACTA II,OS concluída,EM REPARO,WILLIAM,
2026-08-25,3040264240,324843-2020,HEADSET-MICROPHONE,DACTA II,OS concluída,EM REPARO,WILLIAM,
2026-08-25,3040264122,3244809-8,"FUEL CONTROL,MAIN,TURBINE ENGINE",BABE,OS concluída,,BABR,
2026-08-25,3040263797,066-3046-07,"CONTROL,INDICATOR",BABE,REC,EM REPARO,WILLIAM,88.0
2026-08-25,3040263798,066-3046-07,"CONTROL,INDICATOR",PAMASP,OS concluída,EM REPARO,WILLIAM,
2026-08-25,3040263799,066-3046-07,"CONTROL,INDICATOR",PAMASP,REC,EM REPARO,WILLIAM,88.0
2026-08-25,3040263795,071-01519-0101,"RECEIVER-EXCITER,RADAR",PAMALS,REC,,PROCURANDO,88.0
2026-08-25,3040263796,071-01519-0101,"RECEIVER-EXCITER,RADAR",PAMALS,REC,,PROCURANDO,88.0
2026-08-25,3040264579,060-0017-00,FLIGHT DIR HOR,BABR,OS concluída,,,
2026-08-25,3040264577,060-0017-00,FLIGHT DIR HOR,PAMALS,REC,,,76.0
2026-08-25,3040264573,060-0017-00,FLIGHT DIR HOR,BANT,REC,,,76.0
2026-08-25,3040264574,060-0017-00,FLIGHT DIR HOR,BANT,REC,,,76.0
2026-08-25,3040264576,060-0017-00,FLIGHT DIR HOR,PAMALS,REC,,,76.0
2026-08-25,3040264572,060-0017-00,FLIGHT DIR HOR,PAMASP,REC,,,76.0
2026-08-25,3040264647,1H75-21,PRESSURE REGULATOR,BAMN,REC,,,71.0
2026-08-25,3040264646,1H75-21,PRESSURE REGULATOR,PAMASP,REC,,,71.0
2026-08-25,3040264645,1H75-21,PRESSURE REGULATOR,PAMASP,REC,,,71.0
2026-08-25,3040264643,1H75-21,PRESSURE REGULATOR,PAMASP,REC,,,71.0
2026-08-25,3040264707,3244809-7,"FUEL CONTROL,MAIN,TURBINE ENGINE",BABE,OS concluída,,,
2026-08-25,3040264709,540-1407-4,"VALVE,BLEED,TURBINEENGINE",PAMASP,REC,,,71.0
2026-08-25,3040264710,200SGL153Q,"STARTER-GENERATOR,ENGINE,AIRCRAFT",CLA,OS concluída,,,
2026-08-25,3040264711,200SGL153Q,"STARTER-GENERATOR,ENGINE,AIRCRAFT",PAMASP,OS concluída,,,
2026-08-25,3040264712,200SGL153Q,"STARTER-GENERATOR,ENGINE,AIRCRAFT",BACG,REC,,,71.0
2026-08-25,3040264718,9910338-8,"INDICATOR,FUEL FLOW",PAMALS,REC,,,71.0
2026-08-25,3040264719,S3326-2,"INDICATOR,HORIZONTAL SITUATION",ALA 8,REC,,,71.0
2026-08-25,3040264720,S3326-2,"INDICATOR,HORIZONTAL SITUATION",PAMALS,REC,,,71.0
2026-08-25,3040264721,S3326-2,"INDICATOR,HORIZONTAL SITUATION",PAMASP,REC,,,71.0
2026-08-25,3040264724,2606013-1AM,INDICADOR PERCENTUAL RPM,BABV,REC,,,71.0
2026-08-25,3040264725,2606013-1AM,INDICADOR PERCENTUAL RPM,BABR,REC,,,71.0
2026-08-25,3040264726,2606015-4,INDICATOR-OIL TEMP/OIL PRESS,BANT,REC,,,71.0
2026-08-25,3040264727,C661051-0201,GYRO HORIZON,ALA 10,REC,,,71.0
2026-08-25,3040264728,504-0111-906,GYRO HORIZON,PAMALS,OS concluída,,,
2026-08-25,3040264729,504-0111-906,GYRO HORIZON,BACG,OS concluída,,,
2026-08-25,3040264730,8210-003,"GOVERNOR,FUEL CONTROL",PAMASP,REC,,,71.0
2026-08-25,3040264731,8210-002,"GOVERNOR,CONSTANT SPEED DRIVE",PAMASP,REC,,,71.0
2026-08-25,3040264732,8210-002,"GOVERNOR,CONSTANT SPEED DRIVE",BAMN,REC,,,71.0
2026-08-25,3040264733,030-18200,MAIN WHEEL BRAKE,BAMN,REC,,,71.0
2026-08-25,3040264734,030-18200,MAIN WHEEL BRAKE,BAMN,REC,,,71.0
2026-08-25,3040264735,161-11700,INNER WHEEL HALF ASSY,PAMALS,REC,,,71.0
2026-08-25,3040264736,161-12800,WHEEL HALF ASSY-INNER,BABR,REC,,,71.0
2026-08-25,3040264737,161-12800,WHEEL HALF ASSY-INNER,PAMALS,AUT,,,71.0
2026-08-25,3040264738,162-10700,OUTER WHEEL HALF ASSY,BACO,AUT,,,71.0
2026-08-25,3040264807,011-01105-01,INTEGRATED AVIONICS UNIT GIA63W,ALA 8,REC,,,63.0
2026-08-25,3040264808,011-01105-01,INTEGRATED AVIONICS UNIT GIA63W,BAMN,REC,,,63.0
2026-08-25,3040264907,011-00916-10,"DISPLAY UNIT,FLIGHT INFORMATION",BAMN,REC,,,56.0
2026-08-25,3040264908,011-00916-10,"DISPLAY UNIT,FLIGHT INFORMATION",BABV,OS concluída,,,
2026-08-25,3040264974,3244809-8,"FUEL CONTROL,MAIN,TURBINE ENGINE",BAMN,REC,,,54.0
2026-08-25,3040264961,3244897-4,FUEL CONTROL UNIT,CLA,OS concluída,,,
2026-08-25,3040264960,3034792,BOMBA DE COMBUSTÍVEL,CLA,REC,,,54.0
2026-08-25,3040265144,011-01020-10,AFCS MODE CONTROLLER GMC 710,BABE,REC,,,48.0
2026-08-25,3040265140,011-01020-10,AFCS MODE CONTROLLER GMC 710,BABE,REC,,,48.0
2026-08-25,3040265482,066-3084-32,IND RDR 2000 IN-182A,BABR,REC,,,33.0
2026-08-25,3040265484,066-3084-32,IND RDR 2000 IN-182A,BANT,REC,,,33.0
2026-08-25,3040265485,066-3084-32,IND RDR 2000 IN-182A,BABR,REC,,,33.0
2026-08-25,3040265526,ASG12000-2,ALTERNATOR,PAMALS,REC,,,29.0
2026-08-25,3040265525,ASG12000-2,ALTERNATOR,BABR,REC,,,29.0
2026-08-25,3040265527,9910592-2,ALTERNADOR,BABR,REC,,,29.0
2026-08-25,3040265533,3122678-04,FUEL CONTROL UNIT,BABR,REC,,,29.0
2026-08-25,3040265532,C611505-0201,ALTERNATOR,BANT,REC,,,29.0
2026-08-25,3040265530,C611505-0201,ALTERNATOR,BABV,REC,,,29.0
2026-08-25,3040265528,9910592-2,ALTERNADOR,BABR,REC,,,29.0
2026-08-25,3040265724,3244897-4,FUEL CONTROL UNIT,CLA,REC,,,28.0
2026-08-25,3040265474,C611008-0101,ALTERNATOR CONTROL UNIT,PAMALS,REC,,,26.0
2026-08-25,3040265475,C611008-0101,ALTERNATOR CONTROL UNIT,BABV,REC,,,26.0
2026-08-25,3040265476,C611008-0101,ALTERNATOR CONTROL UNIT,PAMALS,REC,,,26.0
2026-08-25,3040265477,C611008-0101,ALTERNATOR CONTROL UNIT,PAMALS,REC,,,26.0
2026-08-25,3040265576,011-00916-10,"DISPLAY UNIT,FLIGHT INFORMATION",BAMN,REC,,,25.0
2026-08-25,3040265580,011-00916-00,DISPLAY UNIT GDU 1040A,PAMALS,REC,,,29.0
2026-08-25,3040265581,011-00916-00,DISPLAY UNIT GDU 1040A,PAMALS,REC,,,29.0
2026-08-25,3040265589,EA-5175-52-CES,INDICATOR TRUE,BABV,REC,,,29.0
2026-08-25,3040265590,EA-5175-52-CES,INDICATOR TRUE,BASM,REC,,,29.0
2026-08-25,3040265591,EA-5175-52-CES,INDICATOR TRUE,BABV,REC,,,29.0
2026-08-25,3040265592,EA-5175-52-CES,INDICATOR TRUE,BABV,REC,,,29.0
2026-08-25,3040265668,9910592-2,ALTERNADOR,PAMALS,REC,,,29.0
2026-08-25,3040265678,9910592-2,ALTERNADOR,BAMN,REC,,,29.0
2026-08-25,3040265679,C611505-0201,ALTERNATOR,PAMALS,REC,,,29.0
2026-08-25,3040265680,C611505-0201,ALTERNATOR,ALA 8,REC,,,29.0
2026-08-25,3040265726,071-01519-0101,"RECEIVER-EXCITER,RADAR",PAMALS,REC,,,28.0
2026-08-25,3040265727,071-01519-0101,"RECEIVER-EXCITER,RADAR",CLA,REC,,,28.0
2026-08-25,3040265728,C163030-1001,MAIN W BRAKE A,BAMN,REC,,,28.0
2026-08-25,3040265731,066-3046-07,"CONTROL,INDICATOR",BABR,REC,,,28.0
2026-08-25,3040265732,066-3046-07,"CONTROL,INDICATOR",BANT,REC,,,28.0
2026-08-25,3040265734,066-3046-07,"CONTROL,INDICATOR",EEAR,REC,,,28.0
2026-08-25,3040265735,066-3046-07,"CONTROL,INDICATOR",CLA,REC,,,28.0
2026-08-25,3040265736,C611008-0101,ALTERNATOR CONTROL UNIT,BABV,REC,,,28.0
2026-08-25,3040265737,C611008-0101,ALTERNATOR CONTROL UNIT,EEAR,REC,,,28.0
2026-08-25,3040265738,C611008-0101,ALTERNATOR CONTROL UNIT,PAMALS,REC,,,28.0
2026-08-25,3040265739,C611008-0101,ALTERNATOR CONTROL UNIT,BANT,REC,,,28.0
2026-08-25,3040265740,C611008-0101,ALTERNATOR CONTROL UNIT,BABE,REC,,,28.0
2026-08-25,3040265741,C611008-0101,ALTERNATOR CONTROL UNIT,BABR,REC,,,28.0
2026-08-25,3040265742,066-1072-04,"RECEIVER,RADIO",BACG,REC,,,28.0
2026-08-25,3040265743,066-1072-04,"RECEIVER,RADIO",BAMN,REC,,,28.0
2026-08-25,3040265744,066-1072-04,"RECEIVER,RADIO",PAMALS,REC,,,28.0
2026-08-25,3040265745,066-3084-32,IND RDR 2000 IN-182A,PAMALS,REC,,,28.0
2026-08-25,3040265746,066-3084-32,IND RDR 2000 IN-182A,PAMALS,REC,,,28.0
2026-08-25,3040265747,30994-001,BATTERY-MARATHON TSP410 NICAD,PAMALS,AUT,,,28.0
2026-08-25,3040265748,30994-001,BATTERY-MARATHON TSP410 NICAD,PAMALS,AUT,,,28.0
2026-08-25,3040265749,30994-001,BATTERY-MARATHON TSP410 NICAD,PAMALS,AUT,,,28.0
2026-08-25,3040265750,30994-001,BATTERY-MARATHON TSP410 NICAD,PAMALS,AUT,,,28.0
2026-08-25,3040265751,30994-001,BATTERY-MARATHON TSP410 NICAD,PAMALS,AUT,,,28.0
2026-08-25,3040265752,2641011-5,AXLE-MAIN GEAR,BAMN,REC,,,28.0
2026-08-25,3040265753,2641011-5,AXLE-MAIN GEAR,BAMN,REC,,,28.0
2026-08-25,3040265754,161-11700,INNER WHEEL HALF ASSY,BACO,AUT,,,28.0
2026-08-25,3040265755,161-12800,WHEEL HALF ASSY-INNER,BABE,REC,,,28.0
2026-08-25,3040265757,066-01141-0101,"RECEIVER,RADIO",PAMALS,REC,,,28.0
2026-08-25,3040265758,066-01141-0101,"RECEIVER,RADIO",PAMALS,REC,,,28.0
2026-08-25,3040265759,C660501-0103,"COMPASS,SPEC",DACTA II,AUT,,,28.0
2026-08-25,3040265769,023694-000,BATTERY NICKEL CADMIUM,BAPV,REC,,,27.0
2026-08-25,3040265771,2651023-23,ENGINE MOUNT ASSEMBLY,PAMALS,REC,,,27.0
2026-08-25,3040265772,2651023-23,ENGINE MOUNT ASSEMBLY,PAMALS,REC,,,27.0
2026-08-25,3040265892,324843-0020,HEADSET-MICROPHONE,PAMALS,REC,,,22.0
2026-08-25,3040265893,324843-0020,HEADSET-MICROPHONE,PAMALS,OS concluída,,,
2026-08-25,3040265894,324843-0020,HEADSET-MICROPHONE,PAMALS,REC,,,22.0
2026-08-25,3040265895,324843-0020,HEADSET-MICROPHONE,PAMALS,REC,,,22.0
2026-08-25,3040265946,011-00870-00,MAGNETOMETER GMU 44,BAMN,REC,,,19.0
2026-08-25,3040265947,011-00870-00,MAGNETOMETER GMU 44,BAMN,REC,,,19.0
2026-08-25,3040266034,C662041-0102,INDICATOR FUEL,BABE,REC,,,15.0
2026-08-25,3040266040,C662041-0102,INDICATOR FUEL,PAMALS,REC,,,15.0
2026-08-25,3040266036,C662041-0102,INDICATOR FUEL,PAMALS,REC,,,15.0
2026-08-25,3040266035,C662041-0102,INDICATOR FUEL,PAMALS,REC,,,7.0
2026-08-25,3040266039,C662041-0102,INDICATOR FUEL,BANT,REC,,,7.0
2026-08-25,3040266041,C662041-0102,INDICATOR FUEL,PAMALS,REC,,,7.0
2026-08-25,3040266307,069-01033-0101,"RECEIVER-TRANSMITTER,RADIO",PAMALS,REC,,,5.0
2026-08-25,3040266308,069-01033-0101,"RECEIVER-TRANSMITTER,RADIO",BANT,REC,,,5.0
2026-08-25,3040266306,069-01033-0101,"RECEIVER-TRANSMITTER,RADIO",BACG,REC,,,5.0
2026-08-26,3040249831,066-01141-5101,"RECEIVER-TRANSMITTER,RADIO (KT71)",PAMALS,REC,EM REPARO,LEAP,562.0
2026-08-26,3040250248,452-0133,"BATTERY,NONRECHARGEABLE",BABR,REC,CONDENADO,VEE ONE,546.0
2026-08-26,3040250249,452-0133,"BATTERY,NONRECHARGEABLE",BAMN,REC,CONDENADO,VEE ONE,546.0
2026-08-26,3040250234,3034792,BOMBA DE COMBUSTÍVEL,PAMALS,REC,,BANT,546.0
2026-08-26,3040250816,453-5060,"BEACON,DISTRESS",BAMN,REC,,PAMA-LS,524.0
2026-08-26,3040250830,799-1,TRANSDUCER,BACO,REC,,BANT,524.0
2026-08-26,3040250829,51539-012N,CONTROL UNIT ASSY-GENERATOR,BAMN,OS concluída,,,
2026-08-26,3040250828,51539-012N,CONTROL UNIT ASSY-GENERATOR,BACG,REC,,BABR,524.0
2026-08-26,3040250827,51539-012N,CONTROL UNIT ASSY-GENERATOR,BANT,REC,,BABR,524.0
2026-08-26,3040250831,799-1,TRANSDUCER,BANT,REC,,BANT,524.0
2026-08-26,3040250833,9910586-4,FLAP ACTUATOR AND MOTOR ASSEMBLY,ALA 3,REC,,BAMN,524.0
2026-08-26,3040250834,9910586-4,FLAP ACTUATOR AND MOTOR ASSEMBLY,ALA 3,OS concluída,,,
2026-08-26,3040250832,9910338-4,FUEL TOTALIZER INDICATOR,EEAR,REC,,PAMA-LS,524.0
2026-08-26,3040250835,ASG12000-2,ALTERNATOR,ALA 5,REC,REPARADO,V1 PAMA-LS,524.0
2026-08-26,3040250841,C661030-0301,TURN BANK,PAMALS,REC,EM REPARO,LEAP,524.0
2026-08-26,3040250842,C662041-0102,INDICATOR FUEL,ALA 5,REC,,PAMA-LS,524.0
2026-08-26,3040250844,C662041-0102,INDICATOR FUEL,ALA 9,REC,,PAMA-LS,524.0
2026-08-26,3040250843,C662041-0102,INDICATOR FUEL,ALA 10,OS concluída,,,
2026-08-26,3040250719,060-0017-00,FLIGHT DIR HOR,PAMALS,REC,,BANT,524.0
2026-08-26,3040250720,060-0017-00,FLIGHT DIR HOR,BABV,OS concluída,,,
2026-08-26,3040250722,066-01141-5101,"RECEIVER-TRANSMITTER,RADIO (KT71)",ALA 9,REC,EM REPARO,WILLIAM,524.0
2026-08-26,3040250723,066-01141-5101,"RECEIVER-TRANSMITTER,RADIO (KT71)",CLA,REC,,BABR,524.0
2026-08-26,3040250721,060-0017-00,FLIGHT DIR HOR,BANT,OS concluída,,,
2026-08-26,3040250725,066-3046-07,"CONTROL,INDICATOR",ALA 10,OS concluída,,,
2026-08-26,3040250724,066-04035-1101,"DISPLAY UNIT,RADAR",PAMALS,REC,,BANT,524.0
2026-08-26,3040250732,069-1025-25,"RECEIVER-TRANSMITTER,RADIO - KX165",PAMALS,REC,EM REPARO,WILLIAM,524.0
2026-08-26,3040250782,2606012-1,INDICATOR-INTER-TURBINE TEMPERATURE,ALA 9,OS concluída,,,
2026-08-26,3040250775,161-11700,INNER WHEEL HALF ASSY,BABE,OS concluída,,,
2026-08-26,3040250773,161-11700,INNER WHEEL HALF ASSY,EEAR,REC,,BACG,524.0
2026-08-26,3040250718,030-18200,MAIN WHEEL BRAKE,BACO,OS concluída,,,
2026-08-26,3040250716,030-18200,MAIN WHEEL BRAKE,BABV,REC,EM REPARO,LEAP,524.0
2026-08-26,3040250717,030-18200,MAIN WHEEL BRAKE,BACO,OS concluída,,,
2026-08-26,3040250780,162-11800,WHEEL HALF ASSY-OUTER,PAMALS,OS concluída,,,
2026-08-26,3040250781,162-11800,WHEEL HALF ASSY-OUTER,BACG,OS concluída,,,
2026-08-26,3040250778,161-12800,WHEEL HALF ASSY-INNER,BACG,OS concluída,,,
2026-08-26,3040250776,161-12800,WHEEL HALF ASSY-INNER,BABE,OS concluída,,,
2026-08-26,3040250790,2643031-7,"FORK ASSY,NOSE GEAR SPRING",BAMN,OS concluída,,,
2026-08-26,3040250791,2643090-1,SHIMMY DAMPENE,BANT,REC,EM REPARO,AV AERONAUTICA,524.0
2026-08-26,3040250792,2643090-1,SHIMMY DAMPENE,BAMN,REC,REPARADO,V1 PAMA-LS,524.0
2026-08-26,3040250789,2641012-14,TRUNNION ASSY-RH-MAIN GEAR,PAMASP,OS concluída,,,
2026-08-26,3040250793,2643099-4,"SUPPORT ASSY FOWARD, NLG SPRING",BAMN,OS concluída,,,
2026-08-26,3040250798,30994-001,BATTERY-MARATHON TSP410 NICAD,BANT,OS concluída,CONDENADO,AMA - VEE ONE,
2026-08-26,3040252191,C611008-0101,ALTERNATOR CONTROL UNIT,PAMALS,REC,,BABR,491.0
2026-08-26,3040252159,011-00916-00,DISPLAY UNIT GDU 1040A,BAMN,REC,,BAMN,491.0
2026-08-26,3040252161,065-0042-03,COMPUTER PA,ALA 10,REC,EM REPARO,WILLIAM,491.0
2026-08-26,3040252162,065-0042-03,COMPUTER PA,EEAR,REC,,BABE,491.0
2026-08-26,3040252164,065-0042-03,COMPUTER PA,EEAR,REC,EM REPARO,WILLIAM,491.0
2026-08-26,3040252165,065-0042-03,COMPUTER PA,PAMALS,OS concluída,,,
2026-08-26,3040252166,065-0059-01,SERVO PITCH,EEAR,REC,EM REPARO,WILLIAM,491.0
2026-08-26,3040252168,066-03064-0005,"ALTIMETER,SERVO CONTROLLED,AUTOMATIC PRESSURE",ALA 9,OS concluída,,,
2026-08-26,3040252173,066-03064-0005,"ALTIMETER,SERVO CONTROLLED,AUTOMATIC PRESSURE",BANT,REC,EM REPARO,LEAP,491.0
2026-08-26,3040252172,066-03064-0005,"ALTIMETER,SERVO CONTROLLED,AUTOMATIC PRESSURE",PAMALS,REC,NO ESTADO,VEE ONE,491.0
2026-08-26,3040252170,066-03064-0005,"ALTIMETER,SERVO CONTROLLED,AUTOMATIC PRESSURE",ALA 7,REC,NO ESTADO,VEE ONE,491.0
2026-08-26,3040252178,066-1072-00,RECEIVER ADF (KING KR87),PAMALS,OS concluída,,,
2026-08-26,3040252182,066-1072-04,"RECEIVER,RADIO",ALA 9,OS concluída,,,
2026-08-26,3040252181,066-1072-04,"RECEIVER,RADIO",PAMASP,REC,EM REPARO,WILLIAM,491.0
2026-08-26,3040252180,066-1072-04,"RECEIVER,RADIO",ALA 8,OS concluída,,,
2026-08-26,3040252185,066-1072-04,"RECEIVER,RADIO",BAMN,OS concluída,,,
2026-08-26,3040252189,9910338-6,"TRANSMITTER,RATE OF FLOW",ALA 8,OS concluída,,,
2026-08-26,3040252190,9910338-6,"TRANSMITTER,RATE OF FLOW",BABR,OS concluída,,,
2026-08-26,3040252160,011-01020-10,AFCS MODE CONTROLLER GMC 710,BAMN,OS concluída,,,
2026-08-26,3040252939,C163030-1001,MAIN W BRAKE A,BABV,REC,,BAMN,461.0
2026-08-26,3040252936,030-18200,MAIN WHEEL BRAKE,BACO,REC,,PAMA-LS,461.0
2026-08-26,3040252935,030-18200,MAIN WHEEL BRAKE,BAMN,OS concluída,,,
2026-08-26,3040252940,30-182,MAIN WHEEL BRAKE,BABV,OS concluída,,,
2026-08-26,3040252942,30-182,MAIN WHEEL BRAKE,BAMN,OS concluída,,,
2026-08-26,3040252943,30-182,MAIN WHEEL BRAKE,BAMN,OS concluída,,,
2026-08-26,3040253170,161-12800,WHEEL HALF ASSY-INNER,BASM,OS concluída,,,
2026-08-26,3040253168,161-12800,WHEEL HALF ASSY-INNER,BASM,REC,REPARADO,VEE ONE,457.0
2026-08-26,3040253172,161-12800,WHEEL HALF ASSY-INNER,PAMALS,REC,,PROCURANDO,457.0
2026-08-26,3040253174,161-12800,WHEEL HALF ASSY-INNER,PAMALS,OS concluída,,,
2026-08-26,3040253173,161-12800,WHEEL HALF ASSY-INNER,PAMALS,REC,EM REPARO,LEAP,457.0
2026-08-26,3040253176,162-10700,OUTER WHEEL HALF ASSY,BABE,OS concluída,,,
2026-08-26,3040253177,162-10700,OUTER WHEEL HALF ASSY,BABV,REC,REPARADO,VEE ONE,457.0
2026-08-26,3040253178,162-10700,OUTER WHEEL HALF ASSY,PAMALS,REC,,PROCURANDO,457.0
2026-08-26,3040253179,162-11800,WHEEL HALF ASSY-OUTER,CLA,OS concluída,,,
2026-08-26,3040253181,162-11800,WHEEL HALF ASSY-OUTER,PAMALS,OS concluída,,,
2026-08-26,3040253180,162-11800,WHEEL HALF ASSY-OUTER,BASM,REC,,PROCURANDO,457.0
2026-08-26,3040253182,162-11800,WHEEL HALF ASSY-OUTER,PAMALS,REC,REPARADO,VEE ONE,457.0
2026-08-26,3040253536,2641012-14,TRUNNION ASSY-RH-MAIN GEAR,PAMALS,OS concluída,,,
2026-08-26,3040253529,066-03064-0005,"ALTIMETER,SERVO CONTROLLED,AUTOMATIC PRESSURE",DSM-MN,REC,DEVOLVIDO NO ESTADO,WILLIAM,447.0
2026-08-26,3040253528,066-03064-0005,"ALTIMETER,SERVO CONTROLLED,AUTOMATIC PRESSURE",BANT,OS concluída,,,
2026-08-26,3040253532,799-1,TRANSDUCER,PAMALS,REC,,BANT,447.0
2026-08-26,3040253535,2643099-4,"SUPPORT ASSY FOWARD, NLG SPRING",BABE,REC,CONDENADO,VEE ONE,447.0
2026-08-26,3040253531,799-1,TRANSDUCER,BAMN,REC,,VEE ONE,447.0
2026-08-26,3040253530,799-1,TRANSDUCER,BAMN,REC,,BANT,447.0
2026-08-26,3040253526,30994-001,BATTERY-MARATHON TSP410 NICAD,PAMALS,OS concluída,CONDENADO,AMA - VEE ONE,
2026-08-26,3040253527,30994-001,BATTERY-MARATHON TSP410 NICAD,BAPV,OS concluída,CONDENADO,AMA - VEE ONE,
2026-08-26,3040254195,540-1407-4,"VALVE,BLEED,TURBINEENGINE",PAMALS,REC,,BANT,429.0
2026-08-26,3040254201,2643090-3,SHIMMY DAMPER-NOSE GEAR,PAMALS,REC,REPARADO,V1 PAMA-LS,429.0
2026-08-26,3040254203,SE1070-6,SHIMMY DAMPENER ASSY,BACGINAT,OS concluída,,,
2026-08-26,3040254205,C660501-0103,"COMPASS,SPEC",PAMALS,REC,REPARADO,V1 PAMA-LS,429.0
2026-08-26,3040254206,C660501-0103,"COMPASS,SPEC",ALA 8,REC,EM REPARO EM GARANTIA,WILLIAM,429.0
2026-08-26,3040254208,C660501-0103,"COMPASS,SPEC",BABV,REC,REPARADO,V1 PAMA-LS,429.0
2026-08-26,3040254210,799-1,TRANSDUCER,BANT,REC,,BANT,429.0
2026-08-26,3040254792,2606013-1RX,INDICATOR-PERCENT RPM,BABR,REC,,BANT,420.0
2026-08-26,3040254770,069-1025-25,"RECEIVER-TRANSMITTER,RADIO - KX165",ALA 9,REC,EM REPARO,WILLIAM,420.0
2026-08-26,3040254799,453-5000-710,EMERGENCY LOCATOR TRANSMITTER MODEL C406-2,PAMASP,OS concluída,,,
2026-08-26,3040254806,C352TS,"EXTINGUISHER,FIRE",PAMALS,REC,REPARADO,V1 PAMA-LS,420.0
2026-08-26,3040254805,C352TS,"EXTINGUISHER,FIRE",PAMALS,OS concluída,,,
2026-08-26,3040254810,C352TS,"EXTINGUISHER,FIRE",PAMALS,OS concluída,,,
2026-08-26,3040254809,C352TS,"EXTINGUISHER,FIRE",PAMAGL,OS concluída,,,
2026-08-26,3040254803,C352TS,"EXTINGUISHER,FIRE",2 ETA,REC,REPARADO,V1 PAMA-LS,420.0
2026-08-26,3040254808,C352TS,"EXTINGUISHER,FIRE",BABR,REC,REPARADO,V1 PAMA-LS,420.0
2026-08-26,3040254795,D145-00-46-2,FLAP ACTUATOR ASSY,BABE,REC,,PAMA-LS,420.0
2026-08-26,3040254793,D145-00-46-2,FLAP ACTUATOR ASSY,PAMALS,REC,,PAMA-LS,420.0
2026-08-26,3040254815,C482001-0402,VACUUM REGULAT,PAMALS,REC,CONDENADO,VEE ONE,420.0
2026-08-26,3040254816,C482001-0402,VACUUM REGULAT,PAMALS,REC,CONDENADO,VEE ONE,420.0
2026-08-26,3040254820,2641011-5,AXLE-MAIN GEAR,BAMN,OS concluída,,,
2026-08-26,3040254817,2641011-5,AXLE-MAIN GEAR,BABE,OS concluída,,,
2026-08-26,3040254818,2641011-5,AXLE-MAIN GEAR,BABE,OS concluída,,,
2026-08-26,3040254819,2641011-5,AXLE-MAIN GEAR,BANT,OS concluída,,,
2026-08-26,3040254796,30994-001,BATTERY-MARATHON TSP410 NICAD,BAMN,OS concluída,,,
2026-08-26,3040254789,452-0133,"BATTERY,NONRECHARGEABLE",BAMN,REC,CONDENADO,VEE ONE,420.0
2026-08-26,3040254788,452-0133,"BATTERY,NONRECHARGEABLE",BAMN,REC,CONDENADO,VEE ONE,420.0
2026-08-26,3040254787,452-0133,"BATTERY PACK,AIRCRAFT",DACTA II,REC,CONDENADO,VEE ONE,420.0
2026-08-26,3040254786,452-0133,"BATTERY PACK,AIRCRAFT",BAMN,REC,CONDENADO,VEE ONE,420.0
2026-08-26,3040254785,452-0133,"BATTERY,NONRECHARGEABLE",BAMN,REC,CONDENADO,VEE ONE,420.0
2026-08-26,3040254784,452-0133,"BATTERY,NONRECHARGEABLE",DACTA II,REC,CONDENADO,VEE ONE,420.0
2026-08-26,3040255326,011-00916-00,DISPLAY UNIT GDU 1040A,BAMN,REC,,BAMN,411.0
2026-08-26,3040255319,702801-5,FUEL PUMP,PAMASP,REC,EM REPARO,VEE ONE,411.0
2026-08-26,3040255321,8210-002,"GOVERNOR,CONSTANT SPEED DRIVE",PAMALS,OS concluída,,,
2026-08-26,3040255461,DAAS-A-010-1,ADAS-D PROCESSOR,PAMALS,REC,EM REPARO,VEE ONE,407.0
2026-08-26,3040255589,071-01519-0101,"RECEIVER-EXCITER,RADAR",BANT,REC,,PROCURANDO,405.0
2026-08-26,3040255590,071-01519-0101,"RECEIVER-EXCITER,RADAR",PAMALS,OS concluída,,,
2026-08-26,3040255706,C661064-0237,AIRSPEED INDICATOR,BAMN,OS concluída,,,
2026-08-26,3040256114,5934PAD-3,"ALTIMETER,PRESSURE",PAMALS,REC,EM REPARO,VEE ONE,391.0
2026-08-26,3040256119,011-00878-10,GSA-81 TORQUE SERVO,BAPV,REC,EM REPARO,LEAP,391.0
2026-08-26,3040256112,011-00883-20,RADAR GWX 68 WEATHER,BABE,REC,,BAMN,391.0
2026-08-26,3040256115,5934PAD-3,"ALTIMETER,PRESSURE",PAMALS,OS concluída,,,
2026-08-26,3040256118,011-00878-10,GSA-81 TORQUE SERVO,BAPV,REC,,BACO,391.0
2026-08-26,3040256120,011-00916-10,"DISPLAY UNIT,FLIGHT INFORMATION",BAMN,OS concluída,,,
2026-08-26,3040256314,066-4010-12,RECEIVER VOR/LOC (KNS81),EEAR,REC,EM REPARO,LEAP,378.0
2026-08-26,3040256311,3121248-03,"VALVE ASSEMBLY,COMPRESSOR BLEED",PAMALS,OS concluída,,,
2026-08-26,3040256704,C661064-0237,AIRSPEED INDICATOR,PAMALS,OS concluída,,,
2026-08-26,3040256707,D210507,"GOVERNOR,OVERSPEED",PAMALS,OS concluída,,,
2026-08-26,3040256708,D210507,"GOVERNOR,OVERSPEED",PAMALS,REC,REPARADO,VEE ONE,369.0
2026-08-26,3040256702,C661064-0237,AIRSPEED INDICATOR,BABR,OS concluída,,,
2026-08-26,3040256703,C661064-0237,AIRSPEED INDICATOR,PAMALS,OS concluída,,,
2026-08-26,3040256662,030-18200,MAIN WHEEL BRAKE,BASM,OS concluída,,,
2026-08-26,3040256665,161-11700,INNER WHEEL HALF ASSY,BABV,OS concluída,,,
2026-08-26,3040256666,161-11700,INNER WHEEL HALF ASSY,PAMALS,OS concluída,,,
2026-08-26,3040256667,161-11700,INNER WHEEL HALF ASSY,PAMALS,OS concluída,,,
2026-08-26,3040256668,161-11700,INNER WHEEL HALF ASSY,PAMALS,OS concluída,,,
2026-08-26,3040256669,161-11700,INNER WHEEL HALF ASSY,PAMALS,OS concluída,,,
2026-08-26,3040256670,161-11700,INNER WHEEL HALF ASSY,PAMALS,OS concluída,,,
2026-08-26,3040256671,161-11700,INNER WHEEL HALF ASSY,PAMALS,REC,REPARADO,VEE ONE,369.0
2026-08-26,3040256698,030-18200,MAIN WHEEL BRAKE,PAMASP,REC,,PROCURANDO,369.0
2026-08-26,3040256713,030-18200,MAIN WHEEL BRAKE,ALA 3,REC,,BAMN,369.0
2026-08-26,3040256694,162-11800,WHEEL HALF ASSY-OUTER,BANT,OS concluída,,,
2026-08-26,3040256696,162-11800,WHEEL HALF ASSY-OUTER,PAMALS,REC,,PAMA-LS,369.0
2026-08-26,3040256672,161-12800,WHEEL HALF ASSY-INNER,PAMALS,REC,REPARADO,VEE ONE,369.0
2026-08-26,3040256675,161-12800,WHEEL HALF ASSY-INNER,BANT,OS concluída,,,
2026-08-26,3040256792,011-00877-00,"GSA-80 SERVO ROL,YAW,SPEC",BAMN,REC,,PROCURANDO,369.0
2026-08-26,3040256787,011-00877-00,"GSA-80 SERVO ROL,YAW,SPEC",PAMALS,REC,EM REPARO,VEE ONE,369.0
2026-08-26,3040256828,011-00883-20,RADAR GWX 68 WEATHER,PAMALS,REC,CONDENADO,V1 PAMA-LS,369.0
2026-08-26,3040256709,3121248-03,"VALVE ASSEMBLY,COMPRESSOR BLEED",PAMASP,REC,,BANT,366.0
2026-08-26,3040256673,161-12800,WHEEL HALF ASSY-INNER,PAMALS,REC,CONDENADO,VEE ONE,366.0
2026-08-26,3040257095,011-01105-01,INTEGRATED AVIONICS UNIT GIA63W,BABE,REC,EM REPARO,VEE ONE,362.0
2026-08-26,3040257096,011-01105-01,INTEGRATED AVIONICS UNIT GIA63W,BABE,REC,,BAMN,362.0
2026-08-26,3040257093,065-00183-0501,AUTOPILOT COMPUTER KFC225,BABE,REC,,BANT,362.0
2026-08-26,3040257094,065-00183-0501,AUTOPILOT COMPUTER KFC225,BABE,REC,,BANT,362.0
2026-08-26,3040257443,161-12800,WHEEL HALF ASSY-INNER,ALA 3,AUT,,NÃO TEVE MOVIMENTAÇÃO,350.0
2026-08-26,3040257442,C163030-1001,MAIN W BRAKE A,BAMN,OS concluída,REPARADO,VEE ONE,
2026-08-26,3040257452,3244809-8,"FUEL CONTROL,MAIN,TURBINE ENGINE",BAPV,OS concluída,,,
2026-08-26,3040257454,EA-5172-45-CES,"INDICATOR,AIRSPEED",BACG,OS concluída,,,
2026-08-26,3040257453,EA-5172-45-CES,"INDICATOR,AIRSPEED",ALA 7,REC,DEVOLVIDO NO ESTADO,WILLIAM,343.0
2026-08-26,3040257451,3244809-7,"FUEL CONTROL,MAIN,TURBINE ENGINE",PAMASP,REC,,BANT,343.0
2026-08-26,3040257450,3244809-4,"FUEL CONTROL,MAIN,TURBINE ENGINE",PAMASP,OS concluída,EM REPARO,LEAP,
2026-08-26,3040257438,030-18200,MAIN WHEEL BRAKE,BAMN,REC,REPARADO,VEE ONE,343.0
2026-08-26,3040257444,162-10700,OUTER WHEEL HALF ASSY,PAMALS,OS concluída,,,
2026-08-26,3040257447,162-10700,OUTER WHEEL HALF ASSY,PAMALS,OS concluída,,,
2026-08-26,3040257436,30994-001,BATTERY-MARATHON TSP410 NICAD,PAMALS,OS concluída,CONDENADO,AMA - VEE ONE,
2026-08-26,3040257441,030-18200,MAIN WHEEL BRAKE,BAPV,REC,,BAMN,343.0
2026-08-26,3040257440,030-18200,MAIN WHEEL BRAKE,BANT,REC,CONDENADO,VEE ONE,343.0
2026-08-26,3040257439,030-18200,MAIN WHEEL BRAKE,BAMN,REC,,BAMN,343.0
2026-08-26,3040258306,D210507,"GOVERNOR,OVERSPEED",PAMALS,REC,EM REPARO,LEAP,323.0
2026-08-26,3040258310,D210507,"GOVERNOR,OVERSPEED",BACO,OS concluída,,,
2026-08-26,3040258309,D210507,"GOVERNOR,OVERSPEED",BAMN,REC,EM REPARO,LEAP,323.0
2026-08-26,3040258308,D210507,"GOVERNOR,OVERSPEED",BAMN,OS concluída,,,
2026-08-26,3040258307,D210507,"GOVERNOR,OVERSPEED",ALA 5,OS concluída,,,
2026-08-26,3040258303,011-00877-00,"GSA-80 SERVO ROL,YAW,SPEC",DACTA II,REC,EM REPARO,VEE ONE,323.0
2026-08-26,3040258422,2601188-8,COMPRESSOR DRIVE ASSY R134A,PAMASP,REC,,PROCURANDO,321.0
2026-08-26,3040258419,011-00877-00,"GSA-80 SERVO ROL,YAW,SPEC",DACTA II,REC,EM REPARO,VEE ONE,321.0
2026-08-26,3040258420,011-00877-00,"GSA-80 SERVO ROL,YAW,SPEC",BACO,REC,EM REPARO,VEE ONE,321.0
2026-08-26,3040258421,011-00877-00,"GSA-80 SERVO ROL,YAW,SPEC",BABE,REC,,BACO,321.0
2026-08-26,3040258764,069-01034-0102,"NAVIGATION SET,SATELLITE SIGNALS KLN-94",PAMALS,REC,,BANT,314.0
2026-08-26,3040259152,066-01141-5101,"TRANSPONDER,RADAR",BABE,REC,,BANT,295.0
2026-08-26,3040259151,066-01141-5101,"TRANSPONDER,RADAR",BANT,REC,REPARADO,V1 PAMA-LS,295.0
2026-08-26,3040259251,064-1019-05,VHF TRANSCEIVE KY196,EEAR,REC,,EEAR,293.0
2026-08-26,3040259146,1U149-015-15,HORIZ. GYRO-STADBY,PAMALS,REC,EM REPARO,VEE ONE,292.0
2026-08-26,3040259147,162-10700,OUTER WHEEL HALF ASSY,BANT,REC,EM REPARO,AMA - VEE ONE,292.0
2026-08-26,3040259148,3049038-03,"VALVE,COMPRESSOR BLEED",BANT,OS concluída,,,
2026-08-26,3040259316,2606015-4,INDICATOR-OIL TEMP/OIL PRESS,BACG,REC,REPARADO,V1 PAMA-LS,289.0
2026-08-26,3040259564,C414007-0102,BLOWER ASSY,PAMALS,OS concluída,,,
2026-08-26,3040259568,C414007-0102,BLOWER ASSY,ALA 10,OS concluída,,,
2026-08-26,3040259570,C414007-0102,BLOWER ASSY,ALA 10,OS concluída,,,
2026-08-26,3040259694,025323-150,FUEL PUMP,PAMASP,REC,,BACO,281.0
2026-08-26,3040259922,C414007-0102,BLOWER ASSY,BANT,REC,REPARADO,V1 PAMA-LS,274.0
2026-08-26,3040259928,C414007-0102,BLOWER ASSY,PAMALS,REC,EM REPARO,VEE ONE,274.0
2026-08-26,3040259924,C414007-0102,BLOWER ASSY,BACG,REC,EM REPARO,VEE ONE,274.0
2026-08-26,3040259918,C414007-0102,BLOWER ASSY,ALA 10,REC,EM REPARO,VEE ONE,274.0
2026-08-26,3040259950,065-0060-01,"CONTROL,SERVO,AUTOMATIC PILOT",PAMALS,REC,EM REPARO,LEAP,274.0
2026-08-26,3040259949,065-0060-01,"CONTROL,SERVO,AUTOMATIC PILOT",PAMALS,REC,EM REPARO,LEAP,274.0
2026-08-26,3040259947,066-3046-07,"CONTROL,INDICATOR",EEAR,OS concluída,,,
2026-08-26,3040259946,066-3046-07,"CONTROL,INDICATOR",BANT,REC,,BANT,274.0
2026-08-26,3040259944,066-3046-07,"CONTROL,INDICATOR",EEAR,REC,,PAMA-LS,274.0
2026-08-26,3040260209,011-00916-00,DISPLAY UNIT GDU 1040A,PAMALS,REC,,BAMN,260.0
2026-08-26,3040260208,324843-W020,HEADSET-MICROPHONE,PAMALS,REC,VAI SER DEVOLVIDO SEM REPARO,WILLIAM,260.0
2026-08-26,3040260204,324843-W020,HEADSET-MICROPHONE,PAMALS,OS concluída,,,
2026-08-26,3040260205,324843-W020,HEADSET-MICROPHONE,PAMALS,OS concluída,,,
2026-08-26,3040260388,SD5H14C4527,AIR COMPRESSOR,PAMALS,REC,EM REPARO,VEE ONE,253.0
2026-08-26,3040260382,065-00183-0501,AUTOPILOT COMPUTER KFC225,BANT,REC,,BANT,253.0
2026-08-26,3040260389,SD5H14C4527,AIR COMPRESSOR,PAMALS,REC,EM REPARO,VEE ONE,253.0
2026-08-26,3040260517,ASG12000-2,ALTERNATOR,PAMALS,OS concluída,,,
2026-08-26,3040260524,51539-012M,CONTROL UNIT ASSY-GENERATOR,BANT,REC,,BACG,250.0
2026-08-26,3040260516,ASG12000-2,ALTERNATOR,PAMALS,REC,REPARADO,V1 PAMA-LS,250.0
2026-08-26,3040260523,9910592-2,ALTERNADOR,BAMN,OS concluída,REPARADO,V1 PAMA-LS,
2026-08-26,3040260522,9910592-2,ALTERNADOR,BAMN,REC,REPARADO,V1 PAMA-LS,250.0
2026-08-26,3040260547,161-12800,WHEEL HALF ASSY-INNER,EPCAR,OS concluída,REPARADO,VEE ONE,
2026-08-26,3040260545,161-11700,INNER WHEEL HALF ASSY,BACG,REC,REPARADO,VEE ONE,232.0
2026-08-26,3040260544,161-11700,INNER WHEEL HALF ASSY,BANT,REC,REPARADO,VEE ONE,232.0
2026-08-26,3040260546,161-12800,WHEEL HALF ASSY-INNER,PAMALS,REC,REPARADO,VEE ONE,232.0
2026-08-26,3040260548,161-11700,INNER WHEEL HALF ASSY,CLA,REC,REPARADO,VEE ONE,232.0
2026-08-26,3040260549,162-10700,OUTER WHEEL HALF ASSY,BACG,REC,REPARADO,VEE ONE,232.0
2026-08-26,3040260550,162-10700,OUTER WHEEL HALF ASSY,CLA,REC,REPARADO,VEE ONE,232.0
2026-08-26,3040260551,162-11800,WHEEL HALF ASSY-OUTER,BANT,REC,REPARADO,VEE ONE,232.0
2026-08-26,3040260552,30994-001,BATTERY-MARATHON TSP410 NICAD,BABE,OS concluída,CONDENADO,AMA - VEE ONE,
2026-08-26,3040260543,324843-W020,HEADSET-MICROPHONE,PAMALS,REC,VAI SER DEVOLVIDO SEM REPARO,WILLIAM,232.0
2026-08-26,3040260542,324843-W020,HEADSET-MICROPHONE,PAMALS,REC,,BABE,232.0
2026-08-26,3040260541,324843-W020,HEADSET-MICROPHONE,PAMALS,OS concluída,,,
2026-08-26,3040260540,324843-W020,HEADSET-MICROPHONE,PAMALS,OS concluída,,,
2026-08-26,3040260538,324843-W020,HEADSET-MICROPHONE,PAMALS,REC,,BABE,232.0
2026-08-26,3040260539,324843-W020,HEADSET-MICROPHONE,PAMALS,REC,,BABE,232.0
2026-08-26,3040260595,9910586-4,FLAP ACTUATOR AND MOTOR ASSEMBLY,7 ETA,REC,,BAMN,232.0
2026-08-26,3040260597,9910586-4,FLAP ACTUATOR AND MOTOR ASSEMBLY,BAPV,OS concluída,REPARADO,VEE ONE,
2026-08-26,3040260583,3244897-4,FUEL CONTROL UNIT,PAMALS,OS concluída,,,
2026-08-26,3040260750,3122678-04,FUEL CONTROL UNIT,PAMASP,REC,,BANT,224.0
2026-08-26,3040260752,3244897-4,FUEL CONTROL UNIT,PAMASP,OS concluída,,,
2026-08-26,3040260753,3244809-7,"FUEL CONTROL,MAIN,TURBINE ENGINE",PAMASP,OS concluída,,,
2026-08-26,3040260754,3244809-1,"FUEL CONTROL,MAIN,TURBINE ENGINE",PAMASP,REC,EM QUARENTENA,LEAP,224.0
2026-08-26,3040254794,C145-350,"MOTOR,DIRECT CURRENT",PAMALS,OS concluída,,,
2026-08-26,3040260913,064-1054-30,RECEIVER-TRANSMITTER SUBASSEMBLY,EPCAR,REC,REPARADO,V1 PAMA-LS,212.0
2026-08-26,3040260915,064-1054-30,RECEIVER-TRANSMITTER SUBASSEMBLY,PAMALS,REC,REPARADO,V1 PAMA-LS,212.0
2026-08-26,3040260811,3034792,BOMBA DE COMBUSTÍVEL,BAPV,REC,,BABR,210.0
2026-08-26,3040260812,3034792,BOMBA DE COMBUSTÍVEL,BACG,OS concluída,,,
2026-08-26,3040260922,162-11800,WHEEL HALF ASSY-OUTER,PAMALS,OS concluída,,,
2026-08-26,3040260923,030-18200,MAIN WHEEL BRAKE,BACO,REC,REPARADO,VEE ONE,210.0
2026-08-26,3040261389,3034792,BOMBA DE COMBUSTÍVEL,PAMASP,OS concluída,REPARADO,V1 PAMA-LS,
2026-08-26,3040261388,3034792,BOMBA DE COMBUSTÍVEL,BABR,OS concluída,,,
2026-08-26,3040261387,3034792,BOMBA DE COMBUSTÍVEL,BABR,OS concluída,,,
2026-08-26,3040261371,TFF2905-13,FUEL FLOW TRANSDUCER,ALA 8,REC,EM REPARO,WILLIAM,197.0
2026-08-26,3040261375,C661065-0240RX,"INDICATOR, AIRSPEED",BACG,REC,EM REPARO,WILLIAM,197.0
2026-08-26,3040261373,C661065-0240,AIRSPEED INDICATOR,BABE,REC,REPARADO,V1 PAMA-LS,197.0
2026-08-26,3040261322,011-00831-00,"ENGINE INTERFA,SPEC",BAPV,REC,REPARADO,VEE ONE,197.0
2026-08-26,3040261326,011-00882-10,"COMPUTER,AIR DATA",BAMN,OS concluída,,,
2026-08-26,3040261324,011-00882-10,"COMPUTER,AIR DATA",BAMN,OS concluída,,,
2026-08-26,3040261327,064-1054-30,RECEIVER-TRANSMITTER SUBASSEMBLY,PAMASP,REC,REPARADO,V1 PAMA-LS,197.0
2026-08-26,3040261336,066-01141-0101,"RECEIVER,RADIO",BANT,REC,REPARADO,V1 PAMA-LS,197.0
2026-08-26,3040261334,065-0065-01,SELECTOR ALT,BANT,REC,EM REPARO,WILLIAM,197.0
2026-08-26,3040261331,065-0061-36,ACTUATOR TRIM (KS272A),PAMASP,OS concluída,,BABR,
2026-08-26,3040261329,065-0061-36,ACTUATOR TRIM (KS272A),ALA 10,OS concluída,,,
2026-08-26,3040261335,065-0065-01,SELECTOR ALT,BANT,REC,EM REPARO,WILLIAM,197.0
2026-08-26,3040261342,066-3084-02,COLOR RADAR INDICATOR,BABV,REC,EM REPARO,WILLIAM,197.0
2026-08-26,3040261340,066-1053-00,"RECEIVER,RADIO",BASM,REC,REPARADO,V1 PAMA-LS,197.0
2026-08-26,3040261377,066-3054-01,INDICATOR RADAR ALTIMETER - TYPE KI250,PAMALS,REC,EM REPARO,WILLIAM,197.0
2026-08-26,3040261376,066-1061-03,RT RADAR ALTIM (KRA10A),PAMALS,REC,PARA REPARO,VEE ONE,197.0
2026-08-26,3040261352,1134380-4,EVAPORATOR MODULE ASSY-RH,BAMN,REC,CONDENADO,VEE ONE,197.0
2026-08-26,3040261347,071-1234-00,ANTENNA ACCESSORY,ALA 1,REC,EM REPARO,WILLIAM,197.0
2026-08-26,3040261344,066-4010-12,RECEIVER VOR/LOC (KNS81),ALA 10,REC,EM REPARO,WILLIAM,197.0
2026-08-26,3040261353,1H75-21,PRESSURE REGULATOR,BAMN,OS concluída,,BAMN,
2026-08-26,3040261357,2682001-1,BRAKE CYL MAST,BABE,OS concluída,,,
2026-08-26,3040261356,2670104-2,ANNUNCIATOR PANEL,PAMALS,REC,REPARADO,VEE ONE,197.0
2026-08-26,3040261355,2643100-201,NOSE GEAR STRUT ASSY - TALL FORK,BABR,OS concluída,,,
2026-08-26,3040261354,2643100-201,NOSE GEAR STRUT ASSY - TALL FORK,BANT,REC,EM REPARO,AV AERONAUTICA,197.0
2026-08-26,3040261364,8210-002-01,GOVERNOR PROPELLER,PAMASP,REC,REPARADO,VEE ONE,197.0
2026-08-26,3040261627,S3828-1,ALTIMETER,BAMN,REC,EM REPARO,WILLIAM,183.0
2026-08-26,3040261628,S3828-1,ALTIMETER,BABE,REC,REPARADO,V1 PAMA-LS,183.0
2026-08-26,3040261851,51539-012MRX,CONTROL UNIT ASSY-GENERATOR,BABE,REC,EM REPARO,VEE ONE,175.0
2026-08-26,3040261852,51539-012MRX,CONTROL UNIT ASSY-GENERATOR,BABE,REC,EM REPARO,VEE ONE,175.0
2026-08-26,3040261843,3034792,BOMBA DE COMBUSTÍVEL,PAMALS,REC,EM REPARO,VEE ONE,170.0
2026-08-26,3040262245,200SGL119Q-2,STARTER GENERATOR,BAMN,OS concluída,,,
2026-08-26,3040262246,200SGL119Q-2,STARTER GENERATOR,BAMN,OS concluída,,,
2026-08-26,3040262273,324843-W020,HEADSET-MICROPHONE,BABE,OS concluída,,,
2026-08-26,3040262275,324843-W020,HEADSET-MICROPHONE,BANT,OS concluída,,,
2026-08-26,3040262363,066-1055-00,AUDIO CONTROL PANEL,ALA 5,OS concluída,,,
2026-08-26,3040262367,066-1055-00,AUDIO CONTROL PANEL,ALA 9,REC,EM REPARO,WILLIAM,153.0
2026-08-26,3040262368,066-1055-00,AUDIO CONTROL PANEL,CLA,OS concluída,,,
2026-08-26,3040262372,51539-012M,CONTROL UNIT ASSY-GENERATOR,BANT,REC,,V1 PAMA-LS,153.0
2026-08-26,3040262371,51539-012N,CONTROL UNIT ASSY-GENERATOR,BANT,REC,REPARADO,V1 PAMA-LS,153.0
2026-08-26,3040262419,065-0061-36,ACTUATOR TRIM (KS272A),ALA 9,REC,EM REPARO,WILLIAM,148.0
2026-08-26,3040262734,C352,PORTABLE HALON FIRE EXTINGUISHERS,ALA 5,REC,EM REPARO,AV AERONAUTICA,135.0
2026-08-26,3040262738,C352TS,"EXTINGUISHER,FIRE",BANT,REC,,PROCURANDO,135.0
2026-08-26,3040262739,C352TS,"EXTINGUISHER,FIRE",BANT,REC,,PROCURANDO,135.0
2026-08-26,3040262740,C352TS,"EXTINGUISHER,FIRE",PAMALS,REC,,PROCURANDO,135.0
2026-08-26,3040262766,011-00883-20,RADAR GWX 68 WEATHER,BAMN,OS concluída,EM REPARO,VEE ONE,
2026-08-26,3040262765,011-00883-20,RADAR GWX 68 WEATHER,BAMN,REC,EM REPARO,VEE ONE,135.0
2026-08-26,3040262772,011-01020-10,AFCS MODE CONTROLLER GMC 710,BAMN,REC,EM REPARO,WILLIAM,135.0
2026-08-26,3040262770,011-01020-10,AFCS MODE CONTROLLER GMC 710,BAMN,REC,EM REPARO,WILLIAM,135.0
2026-08-26,3040262773,011-01020-10,AFCS MODE CONTROLLER GMC 710,BAMN,REC,EM REPARO,WILLIAM,135.0
2026-08-26,3040262746,066-1070-01,TRANSCEIVER DME (KN63),BABE,REC,EM REPARO,WILLIAM,135.0
2026-08-26,3040262745,064-1019-05,VHF TRANSCEIVE KY196,EEAR,REC,EM REPARO,VEE ONE,135.0
2026-08-26,3040262747,066-1072-00,RECEIVER ADF (KING KR87),ALA 7,REC,EM REPARO,WILLIAM,135.0
2026-08-26,3040262748,066-3046-07,"CONTROL,INDICATOR",BABR,REC,,BANT,135.0
2026-08-26,3040262769,066-3046-07,"CONTROL,INDICATOR",BABR,REC,,BANT,135.0
2026-08-26,3040262768,066-3046-07,"CONTROL,INDICATOR",EEAR,OS concluída,EM REPARO,LEAP,
2026-08-26,3040262767,066-3046-07,"CONTROL,INDICATOR",EEAR,REC,EM REPARO,LEAP,135.0
2026-08-26,3040262791,066-3060-00,IND RMI KNI582,BANT,REC,EM REPARO,LEAP,135.0
2026-08-26,3040262630,161-11700,INNER WHEEL HALF ASSY,BANT,REC,REPARADO,VEE ONE,135.0
2026-08-26,3040262792,066-3060-00,IND RMI KNI582,BANT,REC,EM REPARO,LEAP,135.0
2026-08-26,3040262634,162-10700,OUTER WHEEL HALF ASSY,BANT,REC,REPARADO,VEE ONE,135.0
2026-08-26,3040262632,161-12800,WHEEL HALF ASSY-INNER,BANT,OS concluída,REPARADO,VEE ONE,
2026-08-26,3040262633,161-12800,WHEEL HALF ASSY-INNER,BANT,REC,REPARADO,VEE ONE,135.0
2026-08-26,3040262635,162-11800,WHEEL HALF ASSY-OUTER,EPCAR,REC,REPARADO,VEE ONE,135.0
2026-08-26,3040262637,162-11800,WHEEL HALF ASSY-OUTER,BANT,REC,REPARADO,VEE ONE,135.0
2026-08-26,3040262636,162-11800,WHEEL HALF ASSY-OUTER,BANT,REC,REPARADO,VEE ONE,135.0
2026-08-26,3040262646,200SGL119Q,STARTER GENERATOR,PAMASP,OS concluída,,,
2026-08-26,3040262639,200SGL119Q,STARTER GENERATOR,PAMASP,OS concluída,,PAMA-LS,
2026-08-26,3040262638,200SGL119Q,STARTER GENERATOR,PAMALS,REC,EM REPARO,AV AERONAUTICA,135.0
2026-08-26,3040262757,2606015-2,IND OIL TEMP/P,PAMALS,REC,EM REPARO,VEE ONE,135.0
2026-08-26,3040262706,2641011-5,AXLE-MAIN GEAR,BAMN,REC,,BANT,135.0
2026-08-26,3040262707,2641011-5,AXLE-MAIN GEAR,BABV,REC,REPARADO,VEE ONE,135.0
2026-08-26,3040262717,2641011-5,AXLE-MAIN GEAR,BANT,REC,REPARADO,VEE ONE,135.0
2026-08-26,3040262714,2641011-5,AXLE-MAIN GEAR,BAPV,REC,,BANT,135.0
2026-08-26,3040262713,2641011-5,AXLE-MAIN GEAR,BAPV,REC,REPARADO,VEE ONE,135.0
2026-08-26,3040262712,2641011-5,AXLE-MAIN GEAR,BABR,REC,,BANT,135.0
2026-08-26,3040262711,2641011-5,AXLE-MAIN GEAR,BABR,REC,,BANT,135.0
2026-08-26,3040262709,2641011-5,AXLE-MAIN GEAR,PAMALS,REC,,BANT,135.0
2026-08-26,3040262708,2641011-5,AXLE-MAIN GEAR,PAMALS,REC,,BANT,135.0
2026-08-26,3040262744,3244809-1A,F.C.U,PAMALS,REC,EM REPARO,LEAP,135.0
2026-08-26,3040262758,9910338-4,FUEL TOTALIZER INDICATOR,PAMALS,REC,EM REPARO,VEE ONE,135.0
2026-08-26,3040262759,9910338-6,"TRANSMITTER,RATE OF FLOW",BAMN,REC,EM REPARO,WILLIAM,135.0
2026-08-26,3040262760,9910338-6,"TRANSMITTER,RATE OF FLOW",BANT,REC,EM REPARO,VEE ONE,135.0
2026-08-26,3040262966,2682001-1,BRAKE CYL MAST,BACO,OS concluída,,PAMA-LS,
2026-08-26,3040262967,2682001-1,BRAKE CYL MAST,PAMALS,REC,REPARADO,V1 PAMA-LS,133.0
2026-08-26,3040262968,2682001-1,BRAKE CYL MAST,BANT,OS concluída,,PAMA-LS,
2026-08-26,3040262969,2682001-1,BRAKE CYL MAST,BABE,REC,REPARADO,V1 PAMA-LS,133.0
2026-08-26,3040263069,453-5060,ELT C406-N,BABE,OS concluída,,,
2026-08-26,3040263283,D145-00-46-2,FLAP ACTUATOR ASSY,PAMALS,REC,EM REPARO,LEAP,118.0
2026-08-26,3040263284,D145-00-46-2,FLAP ACTUATOR ASSY,BAFL,REC,EM REPARO,LEAP,118.0
2026-08-26,3040263324,069-01033-0101,"RECEIVER-TRANSMITTER,RADIO",PAMALS,REC,EM REPARO,LEAP,118.0
2026-08-26,3040263287,C661065-0237,AIRSPEED INDICATOR,BABR,REC,REPARADO,VEE ONE,118.0
2026-08-26,3040263288,C661065-0237,AIRSPEED INDICATOR,PAMASP,REC,REPARADO,VEE ONE,118.0
2026-08-26,3040263314,060-0017-00,FLIGHT DIR HOR,EEAR,REC,EM REPARO,LEAP,118.0
2026-08-26,3040263319,066-1055-00,AUDIO CONTROL PANEL,BABE,REC,REPARADO,VEE ONE,118.0
2026-08-26,3040263317,060-0017-00,FLIGHT DIR HOR,PAMASP,REC,,BANT,118.0
2026-08-26,3040263316,060-0017-00,FLIGHT DIR HOR,BANT,REC,,BANT,118.0
2026-08-26,3040263320,066-1055-00,AUDIO CONTROL PANEL,PAMALS,REC,EM REPARO,AV AERONAUTICA,118.0
2026-08-26,3040263325,069-01033-0101,"RECEIVER-TRANSMITTER,RADIO",PAMALS,REC,,PROCURANDO,118.0
2026-08-26,3040263335,C611008-0101,ALTERNATOR CONTROL UNIT,PAMALS,REC,EM REPARO,AV AERONAUTICA,118.0
2026-08-26,3040263336,C611008-0101,ALTERNATOR CONTROL UNIT,PAMALS,REC,EM REPARO,AV AERONAUTICA,118.0
2026-08-26,3040263286,C661065-0237,AIRSPEED INDICATOR,BANT,REC,DEVOLVIDO NO ESTADO,WILLIAM,118.0
2026-08-26,3040263322,066-1055-00,AUDIO CONTROL PANEL,ALA 9,REC,EM REPARO,WILLIAM,118.0
2026-08-26,3040263326,069-01033-0101,"RECEIVER-TRANSMITTER,RADIO",PAMALS,REC,,BANT,118.0
2026-08-26,3040263315,060-0017-00,FLIGHT DIR HOR,BACG,OS concluída,,BABR,
2026-08-26,3040263334,011-00916-10,"DISPLAY UNIT,FLIGHT INFORMATION",BACO,REC,VAI SER DEVOLVIDO SEM REPARO,WILLIAM,118.0
2026-08-26,3040263333,011-00916-10,"DISPLAY UNIT,FLIGHT INFORMATION",BACO,OS concluída,EM REPARO,WILLIAM,
2026-08-26,3040263332,011-00916-10,"DISPLAY UNIT,FLIGHT INFORMATION",BAMN,OS concluída,EM REPARO,WILLIAM,
2026-08-26,3040263331,C661064-0237,AIRSPEED INDICATOR,PAMALS,REC,VAI SER DEVOLVIDO SEM REPARO,WILLIAM,118.0
2026-08-26,3040263329,C661064-0237,AIRSPEED INDICATOR,PAMALS,REC,EM REPARO,WILLIAM,118.0
2026-08-26,3040263328,C661064-0237,AIRSPEED INDICATOR,BABR,REC,EM REPARO,WILLIAM,118.0
2026-08-26,3040263327,C661064-0237,AIRSPEED INDICATOR,BABR,REC,EM REPARO,WILLIAM,118.0
2026-08-26,3040263330,C661064-0237,AIRSPEED INDICATOR,PAMALS,REC,EM REPARO,WILLIAM,118.0
2026-08-26,3040263338,C611008-0101,ALTERNATOR CONTROL UNIT,PAMALS,REC,REPARADO,V1 PAMA-LS,118.0
2026-08-26,3040263433,066-03064-0005,"ALTIMETER,SERVO CONTROLLED,AUTOMATIC PRESSURE",BACG,REC,EM REPARO,WILLIAM,112.0
2026-08-26,3040263435,066-03064-0005,"ALTIMETER,SERVO CONTROLLED,AUTOMATIC PRESSURE",BANT,REC,EM REPARO,WILLIAM,112.0
2026-08-26,3040263434,066-03064-0005,"ALTIMETER,SERVO CONTROLLED,AUTOMATIC PRESSURE",PAMASP,REC,VAI SER DEVOLVIDO SEM REPARO,WILLIAM,112.0
2026-08-26,3040263417,069-01033-0101,"RECEIVER-TRANSMITTER,RADIO",PAMALS,REC,EM REPARO,WILLIAM,112.0
2026-08-26,3040263416,069-01033-0101,"RECEIVER-TRANSMITTER,RADIO",BASM,REC,EM REPARO,WILLIAM,112.0
2026-08-26,3040263415,069-01033-0101,"RECEIVER-TRANSMITTER,RADIO",BABR,REC,,BANT,112.0
2026-08-26,3040263447,066-3046-07,"CONTROL,INDICATOR",CLA,OS concluída,,BABR,
2026-08-26,3040263443,3244897-4,FUEL CONTROL UNIT,PAMALS,REC,EM REPARO,LEAP,111.0
2026-08-26,3040263444,3244897-4,FUEL CONTROL UNIT,PAMALS,REC,EM REPARO,LEAP,111.0
2026-08-26,3040263577,060-0015-00,"CONTROL,DIRECTIONAL,AUTOMATIC PILOT",ALA 5,REC,EM REPARO,WILLIAM,106.0
2026-08-26,3040263574,066-1072-04,"RECEIVER,RADIO",BABE,REC,EM REPARO,WILLIAM,106.0
2026-08-26,3040263576,066-1072-04,"RECEIVER,RADIO",BAMN,OS concluída,DEVOLVIDO NO ESTADO,WILLIAM,
2026-08-26,3040263575,066-1072-04,"RECEIVER,RADIO",BABE,REC,EM REPARO,WILLIAM,106.0
2026-08-26,3040263573,066-3084-32,IND RDR 2000 IN-182A,PAMALS,REC,,BABR,106.0
2026-08-26,3040263571,066-3084-32,IND RDR 2000 IN-182A,PAMALS,REC,EM REPARO,WILLIAM,106.0
2026-08-26,3040263572,066-3084-32,IND RDR 2000 IN-182A,PAMALS,REC,EM REPARO,WILLIAM,106.0
2026-08-26,3040263448,2618510-10,ALTERNATOR CONTROL UNIT ASSY,BABE,REC,EM REPARO,WILLIAM,106.0
2026-08-26,3040263449,2618510-10,ALTERNATOR CONTROL UNIT ASSY,PAMALS,REC,EM REPARO,WILLIAM,106.0
2026-08-26,3040263877,2641011-5,AXLE-MAIN GEAR,CLA,REC,EM REPARO,LEAP,96.0
2026-08-26,3040263878,2641011-5,AXLE-MAIN GEAR,CLA,REC,EM REPARO,LEAP,96.0
2026-08-26,3040264243,069-01033-0101,"RECEIVER-TRANSMITTER,RADIO",PAMALS,REC,EM REPARO,WILLIAM,89.0
2026-08-26,3040264244,069-01033-0101,"RECEIVER-TRANSMITTER,RADIO",PAMASP,REC,EM REPARO,WILLIAM,89.0
2026-08-26,3040264246,060-0017-00,FLIGHT DIR HOR,PAMALS,REC,EM REPARO,WILLIAM,89.0
2026-08-26,3040264237,200SGL119Q-2,STARTER GENERATOR,BAMN,REC,EM REPARO,AV AERONAUTICA,89.0
2026-08-26,3040264236,200SGL119Q-2,STARTER GENERATOR,BABE,OS concluída,,BABE,
2026-08-26,3040264121,3244897-4,FUEL CONTROL UNIT,BABE,OS concluída,EM REPARO,LEAP,
2026-08-26,3040264263,9910338-8,"INDICATOR,FUEL FLOW",PAMALS,OS concluída,,BABR,
2026-08-26,3040264262,9910338-8,"INDICATOR,FUEL FLOW",BABV,REC,EM REPARO,WILLIAM,89.0
2026-08-26,3040264242,324843-2020,HEADSET-MICROPHONE,BABE,OS concluída,EM REPARO,WILLIAM,
2026-08-26,3040264264,324843-2020,HEADSET-MICROPHONE,DACTA II,OS concluída,EM REPARO,WILLIAM,
2026-08-26,3040264238,324843-2020,HEADSET-MICROPHONE,DACTA II,OS concluída,EM REPARO,WILLIAM,
2026-08-26,3040264241,324843-2020,HEADSET-MICROPHONE,DACTA II,OS concluída,EM REPARO,WILLIAM,
2026-08-26,3040264240,324843-2020,HEADSET-MICROPHONE,DACTA II,OS concluída,EM REPARO,WILLIAM,
2026-08-26,3040264122,3244809-8,"FUEL CONTROL,MAIN,TURBINE ENGINE",BABE,OS concluída,,BABR,
2026-08-26,3040263797,066-3046-07,"CONTROL,INDICATOR",BABE,REC,EM REPARO,WILLIAM,89.0
2026-08-26,3040263798,066-3046-07,"CONTROL,INDICATOR",PAMASP,OS concluída,EM REPARO,WILLIAM,
2026-08-26,3040263799,066-3046-07,"CONTROL,INDICATOR",PAMASP,REC,EM REPARO,WILLIAM,89.0
2026-08-26,3040263795,071-01519-0101,"RECEIVER-EXCITER,RADAR",PAMALS,REC,,PROCURANDO,89.0
2026-08-26,3040263796,071-01519-0101,"RECEIVER-EXCITER,RADAR",PAMALS,REC,,PROCURANDO,89.0
2026-08-26,3040264579,060-0017-00,FLIGHT DIR HOR,BABR,OS concluída,,,
2026-08-26,3040264577,060-0017-00,FLIGHT DIR HOR,PAMALS,REC,,,77.0
2026-08-26,3040264573,060-0017-00,FLIGHT DIR HOR,BANT,REC,,,77.0
2026-08-26,3040264574,060-0017-00,FLIGHT DIR HOR,BANT,REC,,,77.0
2026-08-26,3040264576,060-0017-00,FLIGHT DIR HOR,PAMALS,REC,,,77.0
2026-08-26,3040264572,060-0017-00,FLIGHT DIR HOR,PAMASP,REC,,,77.0
2026-08-26,3040264647,1H75-21,PRESSURE REGULATOR,BAMN,REC,,,72.0
2026-08-26,3040264646,1H75-21,PRESSURE REGULATOR,PAMASP,REC,,,72.0
2026-08-26,3040264645,1H75-21,PRESSURE REGULATOR,PAMASP,REC,,,72.0
2026-08-26,3040264643,1H75-21,PRESSURE REGULATOR,PAMASP,REC,,,72.0
2026-08-26,3040264707,3244809-7,"FUEL CONTROL,MAIN,TURBINE ENGINE",BABE,OS concluída,,,
2026-08-26,3040264709,540-1407-4,"VALVE,BLEED,TURBINEENGINE",PAMASP,REC,,,72.0
2026-08-26,3040264710,200SGL153Q,"STARTER-GENERATOR,ENGINE,AIRCRAFT",CLA,OS concluída,,,
2026-08-26,3040264711,200SGL153Q,"STARTER-GENERATOR,ENGINE,AIRCRAFT",PAMASP,OS concluída,,,
2026-08-26,3040264712,200SGL153Q,"STARTER-GENERATOR,ENGINE,AIRCRAFT",BACG,REC,,,72.0
2026-08-26,3040264718,9910338-8,"INDICATOR,FUEL FLOW",PAMALS,REC,,,72.0
2026-08-26,3040264719,S3326-2,"INDICATOR,HORIZONTAL SITUATION",ALA 8,REC,,,72.0
2026-08-26,3040264720,S3326-2,"INDICATOR,HORIZONTAL SITUATION",PAMALS,REC,,,72.0
2026-08-26,3040264721,S3326-2,"INDICATOR,HORIZONTAL SITUATION",PAMASP,REC,,,72.0
2026-08-26,3040264724,2606013-1AM,INDICADOR PERCENTUAL RPM,BABV,REC,,,72.0
2026-08-26,3040264725,2606013-1AM,INDICADOR PERCENTUAL RPM,BABR,REC,,,72.0
2026-08-26,3040264726,2606015-4,INDICATOR-OIL TEMP/OIL PRESS,BANT,REC,,,72.0
2026-08-26,3040264727,C661051-0201,GYRO HORIZON,ALA 10,REC,,,72.0
2026-08-26,3040264728,504-0111-906,GYRO HORIZON,PAMALS,OS concluída,,,
2026-08-26,3040264729,504-0111-906,GYRO HORIZON,BACG,OS concluída,,,
2026-08-26,3040264730,8210-003,"GOVERNOR,FUEL CONTROL",PAMASP,REC,,,72.0
2026-08-26,3040264731,8210-002,"GOVERNOR,CONSTANT SPEED DRIVE",PAMASP,REC,,,72.0
2026-08-26,3040264732,8210-002,"GOVERNOR,CONSTANT SPEED DRIVE",BAMN,REC,,,72.0
2026-08-26,3040264733,030-18200,MAIN WHEEL BRAKE,BAMN,REC,,,72.0
2026-08-26,3040264734,030-18200,MAIN WHEEL BRAKE,BAMN,REC,,,72.0
2026-08-26,3040264735,161-11700,INNER WHEEL HALF ASSY,PAMALS,REC,,,72.0
2026-08-26,3040264736,161-12800,WHEEL HALF ASSY-INNER,BABR,REC,,,72.0
2026-08-26,3040264737,161-12800,WHEEL HALF ASSY-INNER,PAMALS,AUT,,,72.0
2026-08-26,3040264738,162-10700,OUTER WHEEL HALF ASSY,BACO,AUT,,,72.0
2026-08-26,3040264807,011-01105-01,INTEGRATED AVIONICS UNIT GIA63W,ALA 8,REC,,,64.0
2026-08-26,3040264808,011-01105-01,INTEGRATED AVIONICS UNIT GIA63W,BAMN,REC,,,64.0
2026-08-26,3040264907,011-00916-10,"DISPLAY UNIT,FLIGHT INFORMATION",BAMN,REC,,,57.0
2026-08-26,3040264908,011-00916-10,"DISPLAY UNIT,FLIGHT INFORMATION",BABV,OS concluída,,,
2026-08-26,3040264974,3244809-8,"FUEL CONTROL,MAIN,TURBINE ENGINE",BAMN,REC,,,55.0
2026-08-26,3040264961,3244897-4,FUEL CONTROL UNIT,CLA,OS concluída,,,
2026-08-26,3040264960,3034792,BOMBA DE COMBUSTÍVEL,CLA,REC,,,55.0
2026-08-26,3040265144,011-01020-10,AFCS MODE CONTROLLER GMC 710,BABE,REC,,,49.0
2026-08-26,3040265140,011-01020-10,AFCS MODE CONTROLLER GMC 710,BABE,REC,,,49.0
2026-08-26,3040265482,066-3084-32,IND RDR 2000 IN-182A,BABR,REC,,,34.0
2026-08-26,3040265484,066-3084-32,IND RDR 2000 IN-182A,BANT,REC,,,34.0
2026-08-26,3040265485,066-3084-32,IND RDR 2000 IN-182A,BABR,REC,,,34.0
2026-08-26,3040265526,ASG12000-2,ALTERNATOR,PAMALS,REC,,,30.0
2026-08-26,3040265525,ASG12000-2,ALTERNATOR,BABR,REC,,,30.0
2026-08-26,3040265527,9910592-2,ALTERNADOR,BABR,REC,,,30.0
2026-08-26,3040265533,3122678-04,FUEL CONTROL UNIT,BABR,REC,,,30.0
2026-08-26,3040265532,C611505-0201,ALTERNATOR,BANT,REC,,,30.0
2026-08-26,3040265530,C611505-0201,ALTERNATOR,BABV,REC,,,30.0
2026-08-26,3040265528,9910592-2,ALTERNADOR,BABR,REC,,,30.0
2026-08-26,3040265724,3244897-4,FUEL CONTROL UNIT,CLA,REC,,,29.0
2026-08-26,3040265474,C611008-0101,ALTERNATOR CONTROL UNIT,PAMALS,REC,,,27.0
2026-08-26,3040265475,C611008-0101,ALTERNATOR CONTROL UNIT,BABV,REC,,,27.0
2026-08-26,3040265476,C611008-0101,ALTERNATOR CONTROL UNIT,PAMALS,REC,,,27.0
2026-08-26,3040265477,C611008-0101,ALTERNATOR CONTROL UNIT,PAMALS,REC,,,27.0
2026-08-26,3040265576,011-00916-10,"DISPLAY UNIT,FLIGHT INFORMATION",BAMN,REC,,,26.0
2026-08-26,3040265580,011-00916-00,DISPLAY UNIT GDU 1040A,PAMALS,REC,,,30.0
2026-08-26,3040265581,011-00916-00,DISPLAY UNIT GDU 1040A,PAMALS,REC,,,30.0
2026-08-26,3040265589,EA-5175-52-CES,INDICATOR TRUE,BABV,REC,,,30.0
2026-08-26,3040265590,EA-5175-52-CES,INDICATOR TRUE,BASM,REC,,,30.0
2026-08-26,3040265591,EA-5175-52-CES,INDICATOR TRUE,BABV,REC,,,30.0
2026-08-26,3040265592,EA-5175-52-CES,INDICATOR TRUE,BABV,REC,,,30.0
2026-08-26,3040265668,9910592-2,ALTERNADOR,PAMALS,REC,,,30.0
2026-08-26,3040265678,9910592-2,ALTERNADOR,BAMN,REC,,,30.0
2026-08-26,3040265679,C611505-0201,ALTERNATOR,PAMALS,REC,,,30.0
2026-08-26,3040265680,C611505-0201,ALTERNATOR,ALA 8,REC,,,30.0
2026-08-26,3040265726,071-01519-0101,"RECEIVER-EXCITER,RADAR",PAMALS,REC,,,29.0
2026-08-26,3040265727,071-01519-0101,"RECEIVER-EXCITER,RADAR",CLA,REC,,,29.0
2026-08-26,3040265728,C163030-1001,MAIN W BRAKE A,BAMN,REC,,,29.0
2026-08-26,3040265731,066-3046-07,"CONTROL,INDICATOR",BABR,REC,,,29.0
2026-08-26,3040265732,066-3046-07,"CONTROL,INDICATOR",BANT,REC,,,29.0
2026-08-26,3040265734,066-3046-07,"CONTROL,INDICATOR",EEAR,REC,,,29.0
2026-08-26,3040265735,066-3046-07,"CONTROL,INDICATOR",CLA,REC,,,29.0
2026-08-26,3040265736,C611008-0101,ALTERNATOR CONTROL UNIT,BABV,REC,,,29.0
2026-08-26,3040265737,C611008-0101,ALTERNATOR CONTROL UNIT,EEAR,REC,,,29.0
2026-08-26,3040265738,C611008-0101,ALTERNATOR CONTROL UNIT,PAMALS,REC,,,29.0
2026-08-26,3040265739,C611008-0101,ALTERNATOR CONTROL UNIT,BANT,REC,,,29.0
2026-08-26,3040265740,C611008-0101,ALTERNATOR CONTROL UNIT,BABE,REC,,,29.0
2026-08-26,3040265741,C611008-0101,ALTERNATOR CONTROL UNIT,BABR,REC,,,29.0
2026-08-26,3040265742,066-1072-04,"RECEIVER,RADIO",BACG,REC,,,29.0
2026-08-26,3040265743,066-1072-04,"RECEIVER,RADIO",BAMN,REC,,,29.0
2026-08-26,3040265744,066-1072-04,"RECEIVER,RADIO",PAMALS,REC,,,29.0
2026-08-26,3040265745,066-3084-32,IND RDR 2000 IN-182A,PAMALS,REC,,,29.0
2026-08-26,3040265746,066-3084-32,IND RDR 2000 IN-182A,PAMALS,REC,,,29.0
2026-08-26,3040265747,30994-001,BATTERY-MARATHON TSP410 NICAD,PAMALS,AUT,,,29.0
2026-08-26,3040265748,30994-001,BATTERY-MARATHON TSP410 NICAD,PAMALS,AUT,,,29.0
2026-08-26,3040265749,30994-001,BATTERY-MARATHON TSP410 NICAD,PAMALS,AUT,,,29.0
2026-08-26,3040265750,30994-001,BATTERY-MARATHON TSP410 NICAD,PAMALS,AUT,,,29.0
2026-08-26,3040265751,30994-001,BATTERY-MARATHON TSP410 NICAD,PAMALS,AUT,,,29.0
2026-08-26,3040265752,2641011-5,AXLE-MAIN GEAR,BAMN,REC,,,29.0
2026-08-26,3040265753,2641011-5,AXLE-MAIN GEAR,BAMN,REC,,,29.0
2026-08-26,3040265754,161-11700,INNER WHEEL HALF ASSY,BACO,AUT,,,29.0
2026-08-26,3040265755,161-12800,WHEEL HALF ASSY-INNER,BABE,REC,,,29.0
2026-08-26,3040265757,066-01141-0101,"RECEIVER,RADIO",PAMALS,REC,,,29.0
2026-08-26,3040265758,066-01141-0101,"RECEIVER,RADIO",PAMALS,REC,,,29.0
2026-08-26,3040265759,C660501-0103,"COMPASS,SPEC",DACTA II,AUT,,,29.0
2026-08-26,3040265769,023694-000,BATTERY NICKEL CADMIUM,BAPV,REC,,,28.0
2026-08-26,3040265771,2651023-23,ENGINE MOUNT ASSEMBLY,PAMALS,REC,,,28.0
2026-08-26,3040265772,2651023-23,ENGINE MOUNT ASSEMBLY,PAMALS,REC,,,28.0
2026-08-26,3040265892,324843-0020,HEADSET-MICROPHONE,PAMALS,REC,,,23.0
2026-08-26,3040265893,324843-0020,HEADSET-MICROPHONE,PAMALS,OS concluída,,,
2026-08-26,3040265894,324843-0020,HEADSET-MICROPHONE,PAMALS,REC,,,23.0
2026-08-26,3040265895,324843-0020,HEADSET-MICROPHONE,PAMALS,REC,,,23.0
2026-08-26,3040265946,011-00870-00,MAGNETOMETER GMU 44,BAMN,REC,,,20.0
2026-08-26,3040265947,011-00870-00,MAGNETOMETER GMU 44,BAMN,REC,,,20.0
2026-08-26,3040266034,C662041-0102,INDICATOR FUEL,BABE,REC,,,16.0
2026-08-26,3040266040,C662041-0102,INDICATOR FUEL,PAMALS,REC,,,16.0
2026-08-26,3040266036,C662041-0102,INDICATOR FUEL,PAMALS,REC,,,16.0
2026-08-26,3040266035,C662041-0102,INDICATOR FUEL,PAMALS,REC,,,8.0
2026-08-26,3040266039,C662041-0102,INDICATOR FUEL,BANT,REC,,,8.0
2026-08-26,3040266041,C662041-0102,INDICATOR FUEL,PAMALS,REC,,,8.0
2026-08-26,3040266307,069-01033-0101,"RECEIVER-TRANSMITTER,RADIO",PAMALS,REC,,,6.0
2026-08-26,3040266308,069-01033-0101,"RECEIVER-TRANSMITTER,RADIO",BANT,REC,,,6.0
2026-08-26,3040266306,069-01033-0101,"RECEIVER-TRANSMITTER,RADIO",BACG,REC,,,6.0
2026-08-27,3040249831,066-01141-5101,"RECEIVER-TRANSMITTER,RADIO (KT71)",PAMALS,REC,EM REPARO,LEAP,563.0
2026-08-27,3040250248,452-0133,"BATTERY,NONRECHARGEABLE",BABR,REC,CONDENADO,VEE ONE,547.0
2026-08-27,3040250249,452-0133,"BATTERY,NONRECHARGEABLE",BAMN,REC,CONDENADO,VEE ONE,547.0
2026-08-27,3040250234,3034792,BOMBA DE COMBUSTÍVEL,PAMALS,REC,,BANT,547.0
2026-08-27,3040250816,453-5060,"BEACON,DISTRESS",BAMN,REC,,PAMA-LS,525.0
2026-08-27,3040250830,799-1,TRANSDUCER,BACO,REC,,BANT,525.0
2026-08-27,3040250829,51539-012N,CONTROL UNIT ASSY-GENERATOR,BAMN,OS concluída,,,
2026-08-27,3040250828,51539-012N,CONTROL UNIT ASSY-GENERATOR,BACG,REC,,BABR,525.0
2026-08-27,3040250827,51539-012N,CONTROL UNIT ASSY-GENERATOR,BANT,REC,,BABR,525.0
2026-08-27,3040250831,799-1,TRANSDUCER,BANT,REC,,BANT,525.0
2026-08-27,3040250833,9910586-4,FLAP ACTUATOR AND MOTOR ASSEMBLY,ALA 3,REC,,BAMN,525.0
2026-08-27,3040250834,9910586-4,FLAP ACTUATOR AND MOTOR ASSEMBLY,ALA 3,OS concluída,,,
2026-08-27,3040250832,9910338-4,FUEL TOTALIZER INDICATOR,EEAR,REC,,PAMA-LS,525.0
2026-08-27,3040250835,ASG12000-2,ALTERNATOR,ALA 5,REC,REPARADO,V1 PAMA-LS,525.0
2026-08-27,3040250841,C661030-0301,TURN BANK,PAMALS,REC,EM REPARO,LEAP,525.0
2026-08-27,3040250842,C662041-0102,INDICATOR FUEL,ALA 5,REC,,PAMA-LS,525.0
2026-08-27,3040250844,C662041-0102,INDICATOR FUEL,ALA 9,REC,,PAMA-LS,525.0
2026-08-27,3040250843,C662041-0102,INDICATOR FUEL,ALA 10,OS concluída,,,
2026-08-27,3040250719,060-0017-00,FLIGHT DIR HOR,PAMALS,REC,,BANT,525.0
2026-08-27,3040250720,060-0017-00,FLIGHT DIR HOR,BABV,OS concluída,,,
2026-08-27,3040250722,066-01141-5101,"RECEIVER-TRANSMITTER,RADIO (KT71)",ALA 9,REC,EM REPARO,WILLIAM,525.0
2026-08-27,3040250723,066-01141-5101,"RECEIVER-TRANSMITTER,RADIO (KT71)",CLA,REC,,BABR,525.0
2026-08-27,3040250721,060-0017-00,FLIGHT DIR HOR,BANT,OS concluída,,,
2026-08-27,3040250725,066-3046-07,"CONTROL,INDICATOR",ALA 10,OS concluída,,,
2026-08-27,3040250724,066-04035-1101,"DISPLAY UNIT,RADAR",PAMALS,REC,,BANT,525.0
2026-08-27,3040250732,069-1025-25,"RECEIVER-TRANSMITTER,RADIO - KX165",PAMALS,REC,EM REPARO,WILLIAM,525.0
2026-08-27,3040250782,2606012-1,INDICATOR-INTER-TURBINE TEMPERATURE,ALA 9,OS concluída,,,
2026-08-27,3040250775,161-11700,INNER WHEEL HALF ASSY,BABE,OS concluída,,,
2026-08-27,3040250773,161-11700,INNER WHEEL HALF ASSY,EEAR,REC,,BACG,525.0
2026-08-27,3040250718,030-18200,MAIN WHEEL BRAKE,BACO,OS concluída,,,
2026-08-27,3040250716,030-18200,MAIN WHEEL BRAKE,BABV,REC,EM REPARO,LEAP,525.0
2026-08-27,3040250717,030-18200,MAIN WHEEL BRAKE,BACO,OS concluída,,,
2026-08-27,3040250780,162-11800,WHEEL HALF ASSY-OUTER,PAMALS,OS concluída,,,
2026-08-27,3040250781,162-11800,WHEEL HALF ASSY-OUTER,BACG,OS concluída,,,
2026-08-27,3040250778,161-12800,WHEEL HALF ASSY-INNER,BACG,OS concluída,,,
2026-08-27,3040250776,161-12800,WHEEL HALF ASSY-INNER,BABE,OS concluída,,,
2026-08-27,3040250790,2643031-7,"FORK ASSY,NOSE GEAR SPRING",BAMN,OS concluída,,,
2026-08-27,3040250791,2643090-1,SHIMMY DAMPENE,BANT,REC,EM REPARO,AV AERONAUTICA,525.0
2026-08-27,3040250792,2643090-1,SHIMMY DAMPENE,BAMN,REC,REPARADO,V1 PAMA-LS,525.0
2026-08-27,3040250789,2641012-14,TRUNNION ASSY-RH-MAIN GEAR,PAMASP,OS concluída,,,
2026-08-27,3040250793,2643099-4,"SUPPORT ASSY FOWARD, NLG SPRING",BAMN,OS concluída,,,
2026-08-27,3040250798,30994-001,BATTERY-MARATHON TSP410 NICAD,BANT,OS concluída,CONDENADO,AMA - VEE ONE,
2026-08-27,3040252191,C611008-0101,ALTERNATOR CONTROL UNIT,PAMALS,REC,,BABR,492.0
2026-08-27,3040252159,011-00916-00,DISPLAY UNIT GDU 1040A,BAMN,REC,,BAMN,492.0
2026-08-27,3040252161,065-0042-03,COMPUTER PA,ALA 10,REC,EM REPARO,WILLIAM,492.0
2026-08-27,3040252162,065-0042-03,COMPUTER PA,EEAR,REC,,BABE,492.0
2026-08-27,3040252164,065-0042-03,COMPUTER PA,EEAR,REC,EM REPARO,WILLIAM,492.0
2026-08-27,3040252165,065-0042-03,COMPUTER PA,PAMALS,OS concluída,,,
2026-08-27,3040252166,065-0059-01,SERVO PITCH,EEAR,REC,EM REPARO,WILLIAM,492.0
2026-08-27,3040252168,066-03064-0005,"ALTIMETER,SERVO CONTROLLED,AUTOMATIC PRESSURE",ALA 9,OS concluída,,,
2026-08-27,3040252173,066-03064-0005,"ALTIMETER,SERVO CONTROLLED,AUTOMATIC PRESSURE",BANT,REC,EM REPARO,LEAP,492.0
2026-08-27,3040252172,066-03064-0005,"ALTIMETER,SERVO CONTROLLED,AUTOMATIC PRESSURE",PAMALS,REC,NO ESTADO,VEE ONE,492.0
2026-08-27,3040252170,066-03064-0005,"ALTIMETER,SERVO CONTROLLED,AUTOMATIC PRESSURE",ALA 7,REC,NO ESTADO,VEE ONE,492.0
2026-08-27,3040252178,066-1072-00,RECEIVER ADF (KING KR87),PAMALS,OS concluída,,,
2026-08-27,3040252182,066-1072-04,"RECEIVER,RADIO",ALA 9,OS concluída,,,
2026-08-27,3040252181,066-1072-04,"RECEIVER,RADIO",PAMASP,REC,EM REPARO,WILLIAM,492.0
2026-08-27,3040252180,066-1072-04,"RECEIVER,RADIO",ALA 8,OS concluída,,,
2026-08-27,3040252185,066-1072-04,"RECEIVER,RADIO",BAMN,OS concluída,,,
2026-08-27,3040252189,9910338-6,"TRANSMITTER,RATE OF FLOW",ALA 8,OS concluída,,,
2026-08-27,3040252190,9910338-6,"TRANSMITTER,RATE OF FLOW",BABR,OS concluída,,,
2026-08-27,3040252160,011-01020-10,AFCS MODE CONTROLLER GMC 710,BAMN,OS concluída,,,
2026-08-27,3040252939,C163030-1001,MAIN W BRAKE A,BABV,REC,,BAMN,462.0
2026-08-27,3040252936,030-18200,MAIN WHEEL BRAKE,BACO,REC,,PAMA-LS,462.0
2026-08-27,3040252935,030-18200,MAIN WHEEL BRAKE,BAMN,OS concluída,,,
2026-08-27,3040252940,30-182,MAIN WHEEL BRAKE,BABV,OS concluída,,,
2026-08-27,3040252942,30-182,MAIN WHEEL BRAKE,BAMN,OS concluída,,,
2026-08-27,3040252943,30-182,MAIN WHEEL BRAKE,BAMN,OS concluída,,,
2026-08-27,3040253170,161-12800,WHEEL HALF ASSY-INNER,BASM,OS concluída,,,
2026-08-27,3040253168,161-12800,WHEEL HALF ASSY-INNER,BASM,REC,REPARADO,VEE ONE,458.0
2026-08-27,3040253172,161-12800,WHEEL HALF ASSY-INNER,PAMALS,REC,,PROCURANDO,458.0
2026-08-27,3040253174,161-12800,WHEEL HALF ASSY-INNER,PAMALS,OS concluída,,,
2026-08-27,3040253173,161-12800,WHEEL HALF ASSY-INNER,PAMALS,REC,EM REPARO,LEAP,458.0
2026-08-27,3040253176,162-10700,OUTER WHEEL HALF ASSY,BABE,OS concluída,,,
2026-08-27,3040253177,162-10700,OUTER WHEEL HALF ASSY,BABV,REC,REPARADO,VEE ONE,458.0
2026-08-27,3040253178,162-10700,OUTER WHEEL HALF ASSY,PAMALS,REC,,PROCURANDO,458.0
2026-08-27,3040253179,162-11800,WHEEL HALF ASSY-OUTER,CLA,OS concluída,,,
2026-08-27,3040253181,162-11800,WHEEL HALF ASSY-OUTER,PAMALS,OS concluída,,,
2026-08-27,3040253180,162-11800,WHEEL HALF ASSY-OUTER,BASM,REC,,PROCURANDO,458.0
2026-08-27,3040253182,162-11800,WHEEL HALF ASSY-OUTER,PAMALS,REC,REPARADO,VEE ONE,458.0
2026-08-27,3040253536,2641012-14,TRUNNION ASSY-RH-MAIN GEAR,PAMALS,OS concluída,,,
2026-08-27,3040253529,066-03064-0005,"ALTIMETER,SERVO CONTROLLED,AUTOMATIC PRESSURE",DSM-MN,REC,DEVOLVIDO NO ESTADO,WILLIAM,448.0
2026-08-27,3040253528,066-03064-0005,"ALTIMETER,SERVO CONTROLLED,AUTOMATIC PRESSURE",BANT,OS concluída,,,
2026-08-27,3040253532,799-1,TRANSDUCER,PAMALS,REC,,BANT,448.0
2026-08-27,3040253535,2643099-4,"SUPPORT ASSY FOWARD, NLG SPRING",BABE,REC,CONDENADO,VEE ONE,448.0
2026-08-27,3040253531,799-1,TRANSDUCER,BAMN,REC,,VEE ONE,448.0
2026-08-27,3040253530,799-1,TRANSDUCER,BAMN,REC,,BANT,448.0
2026-08-27,3040253526,30994-001,BATTERY-MARATHON TSP410 NICAD,PAMALS,OS concluída,CONDENADO,AMA - VEE ONE,
2026-08-27,3040253527,30994-001,BATTERY-MARATHON TSP410 NICAD,BAPV,OS concluída,CONDENADO,AMA - VEE ONE,
2026-08-27,3040254195,540-1407-4,"VALVE,BLEED,TURBINEENGINE",PAMALS,REC,,BANT,430.0
2026-08-27,3040254201,2643090-3,SHIMMY DAMPER-NOSE GEAR,PAMALS,REC,REPARADO,V1 PAMA-LS,430.0
2026-08-27,3040254203,SE1070-6,SHIMMY DAMPENER ASSY,BACGINAT,OS concluída,,,
2026-08-27,3040254205,C660501-0103,"COMPASS,SPEC",PAMALS,REC,REPARADO,V1 PAMA-LS,430.0
2026-08-27,3040254206,C660501-0103,"COMPASS,SPEC",ALA 8,REC,EM REPARO EM GARANTIA,WILLIAM,430.0
2026-08-27,3040254208,C660501-0103,"COMPASS,SPEC",BABV,REC,REPARADO,V1 PAMA-LS,430.0
2026-08-27,3040254210,799-1,TRANSDUCER,BANT,REC,,BANT,430.0
2026-08-27,3040254792,2606013-1RX,INDICATOR-PERCENT RPM,BABR,REC,,BANT,421.0
2026-08-27,3040254770,069-1025-25,"RECEIVER-TRANSMITTER,RADIO - KX165",ALA 9,REC,EM REPARO,WILLIAM,421.0
2026-08-27,3040254799,453-5000-710,EMERGENCY LOCATOR TRANSMITTER MODEL C406-2,PAMASP,OS concluída,,,
2026-08-27,3040254806,C352TS,"EXTINGUISHER,FIRE",PAMALS,REC,REPARADO,V1 PAMA-LS,421.0
2026-08-27,3040254805,C352TS,"EXTINGUISHER,FIRE",PAMALS,OS concluída,,,
2026-08-27,3040254810,C352TS,"EXTINGUISHER,FIRE",PAMALS,OS concluída,,,
2026-08-27,3040254809,C352TS,"EXTINGUISHER,FIRE",PAMAGL,OS concluída,,,
2026-08-27,3040254803,C352TS,"EXTINGUISHER,FIRE",2 ETA,REC,REPARADO,V1 PAMA-LS,421.0
2026-08-27,3040254808,C352TS,"EXTINGUISHER,FIRE",BABR,REC,REPARADO,V1 PAMA-LS,421.0
2026-08-27,3040254795,D145-00-46-2,FLAP ACTUATOR ASSY,BABE,REC,,PAMA-LS,421.0
2026-08-27,3040254793,D145-00-46-2,FLAP ACTUATOR ASSY,PAMALS,REC,,PAMA-LS,421.0
2026-08-27,3040254815,C482001-0402,VACUUM REGULAT,PAMALS,REC,CONDENADO,VEE ONE,421.0
2026-08-27,3040254816,C482001-0402,VACUUM REGULAT,PAMALS,REC,CONDENADO,VEE ONE,421.0
2026-08-27,3040254820,2641011-5,AXLE-MAIN GEAR,BAMN,OS concluída,,,
2026-08-27,3040254817,2641011-5,AXLE-MAIN GEAR,BABE,OS concluída,,,
2026-08-27,3040254818,2641011-5,AXLE-MAIN GEAR,BABE,OS concluída,,,
2026-08-27,3040254819,2641011-5,AXLE-MAIN GEAR,BANT,OS concluída,,,
2026-08-27,3040254796,30994-001,BATTERY-MARATHON TSP410 NICAD,BAMN,OS concluída,,,
2026-08-27,3040254789,452-0133,"BATTERY,NONRECHARGEABLE",BAMN,REC,CONDENADO,VEE ONE,421.0
2026-08-27,3040254788,452-0133,"BATTERY,NONRECHARGEABLE",BAMN,REC,CONDENADO,VEE ONE,421.0
2026-08-27,3040254787,452-0133,"BATTERY PACK,AIRCRAFT",DACTA II,REC,CONDENADO,VEE ONE,421.0
2026-08-27,3040254786,452-0133,"BATTERY PACK,AIRCRAFT",BAMN,REC,CONDENADO,VEE ONE,421.0
2026-08-27,3040254785,452-0133,"BATTERY,NONRECHARGEABLE",BAMN,REC,CONDENADO,VEE ONE,421.0
2026-08-27,3040254784,452-0133,"BATTERY,NONRECHARGEABLE",DACTA II,REC,CONDENADO,VEE ONE,421.0
2026-08-27,3040255326,011-00916-00,DISPLAY UNIT GDU 1040A,BAMN,REC,,BAMN,412.0
2026-08-27,3040255319,702801-5,FUEL PUMP,PAMASP,REC,EM REPARO,VEE ONE,412.0
2026-08-27,3040255321,8210-002,"GOVERNOR,CONSTANT SPEED DRIVE",PAMALS,OS concluída,,,
2026-08-27,3040255461,DAAS-A-010-1,ADAS-D PROCESSOR,PAMALS,REC,EM REPARO,VEE ONE,408.0
2026-08-27,3040255589,071-01519-0101,"RECEIVER-EXCITER,RADAR",BANT,REC,,PROCURANDO,406.0
2026-08-27,3040255590,071-01519-0101,"RECEIVER-EXCITER,RADAR",PAMALS,OS concluída,,,
2026-08-27,3040255706,C661064-0237,AIRSPEED INDICATOR,BAMN,OS concluída,,,
2026-08-27,3040256114,5934PAD-3,"ALTIMETER,PRESSURE",PAMALS,REC,EM REPARO,VEE ONE,392.0
2026-08-27,3040256119,011-00878-10,GSA-81 TORQUE SERVO,BAPV,REC,EM REPARO,LEAP,392.0
2026-08-27,3040256112,011-00883-20,RADAR GWX 68 WEATHER,BABE,REC,,BAMN,392.0
2026-08-27,3040256115,5934PAD-3,"ALTIMETER,PRESSURE",PAMALS,OS concluída,,,
2026-08-27,3040256118,011-00878-10,GSA-81 TORQUE SERVO,BAPV,REC,,BACO,392.0
2026-08-27,3040256120,011-00916-10,"DISPLAY UNIT,FLIGHT INFORMATION",BAMN,OS concluída,,,
2026-08-27,3040256314,066-4010-12,RECEIVER VOR/LOC (KNS81),EEAR,REC,EM REPARO,LEAP,379.0
2026-08-27,3040256311,3121248-03,"VALVE ASSEMBLY,COMPRESSOR BLEED",PAMALS,OS concluída,,,
2026-08-27,3040256704,C661064-0237,AIRSPEED INDICATOR,PAMALS,OS concluída,,,
2026-08-27,3040256707,D210507,"GOVERNOR,OVERSPEED",PAMALS,OS concluída,,,
2026-08-27,3040256708,D210507,"GOVERNOR,OVERSPEED",PAMALS,REC,REPARADO,VEE ONE,370.0
2026-08-27,3040256702,C661064-0237,AIRSPEED INDICATOR,BABR,OS concluída,,,
2026-08-27,3040256703,C661064-0237,AIRSPEED INDICATOR,PAMALS,OS concluída,,,
2026-08-27,3040256662,030-18200,MAIN WHEEL BRAKE,BASM,OS concluída,,,
2026-08-27,3040256665,161-11700,INNER WHEEL HALF ASSY,BABV,OS concluída,,,
2026-08-27,3040256666,161-11700,INNER WHEEL HALF ASSY,PAMALS,OS concluída,,,
2026-08-27,3040256667,161-11700,INNER WHEEL HALF ASSY,PAMALS,OS concluída,,,
2026-08-27,3040256668,161-11700,INNER WHEEL HALF ASSY,PAMALS,OS concluída,,,
2026-08-27,3040256669,161-11700,INNER WHEEL HALF ASSY,PAMALS,OS concluída,,,
2026-08-27,3040256670,161-11700,INNER WHEEL HALF ASSY,PAMALS,OS concluída,,,
2026-08-27,3040256671,161-11700,INNER WHEEL HALF ASSY,PAMALS,REC,REPARADO,VEE ONE,370.0
2026-08-27,3040256698,030-18200,MAIN WHEEL BRAKE,PAMASP,REC,,PROCURANDO,370.0
2026-08-27,3040256713,030-18200,MAIN WHEEL BRAKE,ALA 3,REC,,BAMN,370.0
2026-08-27,3040256694,162-11800,WHEEL HALF ASSY-OUTER,BANT,OS concluída,,,
2026-08-27,3040256696,162-11800,WHEEL HALF ASSY-OUTER,PAMALS,REC,,PAMA-LS,370.0
2026-08-27,3040256672,161-12800,WHEEL HALF ASSY-INNER,PAMALS,REC,REPARADO,VEE ONE,370.0
2026-08-27,3040256675,161-12800,WHEEL HALF ASSY-INNER,BANT,OS concluída,,,
2026-08-27,3040256792,011-00877-00,"GSA-80 SERVO ROL,YAW,SPEC",BAMN,REC,,PROCURANDO,370.0
2026-08-27,3040256787,011-00877-00,"GSA-80 SERVO ROL,YAW,SPEC",PAMALS,REC,EM REPARO,VEE ONE,370.0
2026-08-27,3040256828,011-00883-20,RADAR GWX 68 WEATHER,PAMALS,REC,CONDENADO,V1 PAMA-LS,370.0
2026-08-27,3040256709,3121248-03,"VALVE ASSEMBLY,COMPRESSOR BLEED",PAMASP,REC,,BANT,367.0
2026-08-27,3040256673,161-12800,WHEEL HALF ASSY-INNER,PAMALS,REC,CONDENADO,VEE ONE,367.0
2026-08-27,3040257095,011-01105-01,INTEGRATED AVIONICS UNIT GIA63W,BABE,REC,EM REPARO,VEE ONE,363.0
2026-08-27,3040257096,011-01105-01,INTEGRATED AVIONICS UNIT GIA63W,BABE,REC,,BAMN,363.0
2026-08-27,3040257093,065-00183-0501,AUTOPILOT COMPUTER KFC225,BABE,REC,,BANT,363.0
2026-08-27,3040257094,065-00183-0501,AUTOPILOT COMPUTER KFC225,BABE,REC,,BANT,363.0
2026-08-27,3040257443,161-12800,WHEEL HALF ASSY-INNER,ALA 3,AUT,,NÃO TEVE MOVIMENTAÇÃO,351.0
2026-08-27,3040257442,C163030-1001,MAIN W BRAKE A,BAMN,OS concluída,REPARADO,VEE ONE,
2026-08-27,3040257452,3244809-8,"FUEL CONTROL,MAIN,TURBINE ENGINE",BAPV,OS concluída,,,
2026-08-27,3040257454,EA-5172-45-CES,"INDICATOR,AIRSPEED",BACG,OS concluída,,,
2026-08-27,3040257453,EA-5172-45-CES,"INDICATOR,AIRSPEED",ALA 7,REC,DEVOLVIDO NO ESTADO,WILLIAM,344.0
2026-08-27,3040257451,3244809-7,"FUEL CONTROL,MAIN,TURBINE ENGINE",PAMASP,REC,,BANT,344.0
2026-08-27,3040257450,3244809-4,"FUEL CONTROL,MAIN,TURBINE ENGINE",PAMASP,OS concluída,EM REPARO,LEAP,
2026-08-27,3040257438,030-18200,MAIN WHEEL BRAKE,BAMN,REC,REPARADO,VEE ONE,344.0
2026-08-27,3040257444,162-10700,OUTER WHEEL HALF ASSY,PAMALS,OS concluída,,,
2026-08-27,3040257447,162-10700,OUTER WHEEL HALF ASSY,PAMALS,OS concluída,,,
2026-08-27,3040257436,30994-001,BATTERY-MARATHON TSP410 NICAD,PAMALS,OS concluída,CONDENADO,AMA - VEE ONE,
2026-08-27,3040257441,030-18200,MAIN WHEEL BRAKE,BAPV,REC,,BAMN,344.0
2026-08-27,3040257440,030-18200,MAIN WHEEL BRAKE,BANT,REC,CONDENADO,VEE ONE,344.0
2026-08-27,3040257439,030-18200,MAIN WHEEL BRAKE,BAMN,REC,,BAMN,344.0
2026-08-27,3040258306,D210507,"GOVERNOR,OVERSPEED",PAMALS,REC,EM REPARO,LEAP,324.0
2026-08-27,3040258310,D210507,"GOVERNOR,OVERSPEED",BACO,OS concluída,,,
2026-08-27,3040258309,D210507,"GOVERNOR,OVERSPEED",BAMN,REC,EM REPARO,LEAP,324.0
2026-08-27,3040258308,D210507,"GOVERNOR,OVERSPEED",BAMN,OS concluída,,,
2026-08-27,3040258307,D210507,"GOVERNOR,OVERSPEED",ALA 5,OS concluída,,,
2026-08-27,3040258303,011-00877-00,"GSA-80 SERVO ROL,YAW,SPEC",DACTA II,REC,EM REPARO,VEE ONE,324.0
2026-08-27,3040258422,2601188-8,COMPRESSOR DRIVE ASSY R134A,PAMASP,REC,,PROCURANDO,322.0
2026-08-27,3040258419,011-00877-00,"GSA-80 SERVO ROL,YAW,SPEC",DACTA II,REC,EM REPARO,VEE ONE,322.0
2026-08-27,3040258420,011-00877-00,"GSA-80 SERVO ROL,YAW,SPEC",BACO,REC,EM REPARO,VEE ONE,322.0
2026-08-27,3040258421,011-00877-00,"GSA-80 SERVO ROL,YAW,SPEC",BABE,REC,,BACO,322.0
2026-08-27,3040258764,069-01034-0102,"NAVIGATION SET,SATELLITE SIGNALS KLN-94",PAMALS,REC,,BANT,315.0
2026-08-27,3040259152,066-01141-5101,"TRANSPONDER,RADAR",BABE,REC,,BANT,296.0
2026-08-27,3040259151,066-01141-5101,"TRANSPONDER,RADAR",BANT,REC,REPARADO,V1 PAMA-LS,296.0
2026-08-27,3040259251,064-1019-05,VHF TRANSCEIVE KY196,EEAR,REC,,EEAR,294.0
2026-08-27,3040259146,1U149-015-15,HORIZ. GYRO-STADBY,PAMALS,REC,EM REPARO,VEE ONE,293.0
2026-08-27,3040259147,162-10700,OUTER WHEEL HALF ASSY,BANT,REC,EM REPARO,AMA - VEE ONE,293.0
2026-08-27,3040259148,3049038-03,"VALVE,COMPRESSOR BLEED",BANT,OS concluída,,,
2026-08-27,3040259316,2606015-4,INDICATOR-OIL TEMP/OIL PRESS,BACG,REC,REPARADO,V1 PAMA-LS,290.0
2026-08-27,3040259564,C414007-0102,BLOWER ASSY,PAMALS,OS concluída,,,
2026-08-27,3040259568,C414007-0102,BLOWER ASSY,ALA 10,OS concluída,,,
2026-08-27,3040259570,C414007-0102,BLOWER ASSY,ALA 10,OS concluída,,,
2026-08-27,3040259694,025323-150,FUEL PUMP,PAMASP,REC,,BACO,282.0
2026-08-27,3040259922,C414007-0102,BLOWER ASSY,BANT,REC,REPARADO,V1 PAMA-LS,275.0
2026-08-27,3040259928,C414007-0102,BLOWER ASSY,PAMALS,REC,EM REPARO,VEE ONE,275.0
2026-08-27,3040259924,C414007-0102,BLOWER ASSY,BACG,REC,EM REPARO,VEE ONE,275.0
2026-08-27,3040259918,C414007-0102,BLOWER ASSY,ALA 10,REC,EM REPARO,VEE ONE,275.0
2026-08-27,3040259950,065-0060-01,"CONTROL,SERVO,AUTOMATIC PILOT",PAMALS,REC,EM REPARO,LEAP,275.0
2026-08-27,3040259949,065-0060-01,"CONTROL,SERVO,AUTOMATIC PILOT",PAMALS,REC,EM REPARO,LEAP,275.0
2026-08-27,3040259947,066-3046-07,"CONTROL,INDICATOR",EEAR,OS concluída,,,
2026-08-27,3040259946,066-3046-07,"CONTROL,INDICATOR",BANT,REC,,BANT,275.0
2026-08-27,3040259944,066-3046-07,"CONTROL,INDICATOR",EEAR,REC,,PAMA-LS,275.0
2026-08-27,3040260209,011-00916-00,DISPLAY UNIT GDU 1040A,PAMALS,REC,,BAMN,261.0
2026-08-27,3040260208,324843-W020,HEADSET-MICROPHONE,PAMALS,REC,VAI SER DEVOLVIDO SEM REPARO,WILLIAM,261.0
2026-08-27,3040260204,324843-W020,HEADSET-MICROPHONE,PAMALS,OS concluída,,,
2026-08-27,3040260205,324843-W020,HEADSET-MICROPHONE,PAMALS,OS concluída,,,
2026-08-27,3040260388,SD5H14C4527,AIR COMPRESSOR,PAMALS,REC,EM REPARO,VEE ONE,254.0
2026-08-27,3040260382,065-00183-0501,AUTOPILOT COMPUTER KFC225,BANT,REC,,BANT,254.0
2026-08-27,3040260389,SD5H14C4527,AIR COMPRESSOR,PAMALS,REC,EM REPARO,VEE ONE,254.0
2026-08-27,3040260517,ASG12000-2,ALTERNATOR,PAMALS,OS concluída,,,
2026-08-27,3040260524,51539-012M,CONTROL UNIT ASSY-GENERATOR,BANT,REC,,BACG,251.0
2026-08-27,3040260516,ASG12000-2,ALTERNATOR,PAMALS,REC,REPARADO,V1 PAMA-LS,251.0
2026-08-27,3040260523,9910592-2,ALTERNADOR,BAMN,OS concluída,REPARADO,V1 PAMA-LS,
2026-08-27,3040260522,9910592-2,ALTERNADOR,BAMN,REC,REPARADO,V1 PAMA-LS,251.0
2026-08-27,3040260547,161-12800,WHEEL HALF ASSY-INNER,EPCAR,OS concluída,REPARADO,VEE ONE,
2026-08-27,3040260545,161-11700,INNER WHEEL HALF ASSY,BACG,REC,REPARADO,VEE ONE,233.0
2026-08-27,3040260544,161-11700,INNER WHEEL HALF ASSY,BANT,REC,REPARADO,VEE ONE,233.0
2026-08-27,3040260546,161-12800,WHEEL HALF ASSY-INNER,PAMALS,REC,REPARADO,VEE ONE,233.0
2026-08-27,3040260548,161-11700,INNER WHEEL HALF ASSY,CLA,REC,REPARADO,VEE ONE,233.0
2026-08-27,3040260549,162-10700,OUTER WHEEL HALF ASSY,BACG,REC,REPARADO,VEE ONE,233.0
2026-08-27,3040260550,162-10700,OUTER WHEEL HALF ASSY,CLA,REC,REPARADO,VEE ONE,233.0
2026-08-27,3040260551,162-11800,WHEEL HALF ASSY-OUTER,BANT,REC,REPARADO,VEE ONE,233.0
2026-08-27,3040260552,30994-001,BATTERY-MARATHON TSP410 NICAD,BABE,OS concluída,CONDENADO,AMA - VEE ONE,
2026-08-27,3040260543,324843-W020,HEADSET-MICROPHONE,PAMALS,REC,VAI SER DEVOLVIDO SEM REPARO,WILLIAM,233.0
2026-08-27,3040260542,324843-W020,HEADSET-MICROPHONE,PAMALS,REC,,BABE,233.0
2026-08-27,3040260541,324843-W020,HEADSET-MICROPHONE,PAMALS,OS concluída,,,
2026-08-27,3040260540,324843-W020,HEADSET-MICROPHONE,PAMALS,OS concluída,,,
2026-08-27,3040260538,324843-W020,HEADSET-MICROPHONE,PAMALS,REC,,BABE,233.0
2026-08-27,3040260539,324843-W020,HEADSET-MICROPHONE,PAMALS,REC,,BABE,233.0
2026-08-27,3040260595,9910586-4,FLAP ACTUATOR AND MOTOR ASSEMBLY,7 ETA,REC,,BAMN,233.0
2026-08-27,3040260597,9910586-4,FLAP ACTUATOR AND MOTOR ASSEMBLY,BAPV,OS concluída,REPARADO,VEE ONE,
2026-08-27,3040260583,3244897-4,FUEL CONTROL UNIT,PAMALS,OS concluída,,,
2026-08-27,3040260750,3122678-04,FUEL CONTROL UNIT,PAMASP,REC,,BANT,225.0
2026-08-27,3040260752,3244897-4,FUEL CONTROL UNIT,PAMASP,OS concluída,,,
2026-08-27,3040260753,3244809-7,"FUEL CONTROL,MAIN,TURBINE ENGINE",PAMASP,OS concluída,,,
2026-08-27,3040260754,3244809-1,"FUEL CONTROL,MAIN,TURBINE ENGINE",PAMASP,REC,EM QUARENTENA,LEAP,225.0
2026-08-27,3040254794,C145-350,"MOTOR,DIRECT CURRENT",PAMALS,OS concluída,,,
2026-08-27,3040260913,064-1054-30,RECEIVER-TRANSMITTER SUBASSEMBLY,EPCAR,REC,REPARADO,V1 PAMA-LS,213.0
2026-08-27,3040260915,064-1054-30,RECEIVER-TRANSMITTER SUBASSEMBLY,PAMALS,REC,REPARADO,V1 PAMA-LS,213.0
2026-08-27,3040260811,3034792,BOMBA DE COMBUSTÍVEL,BAPV,REC,,BABR,211.0
2026-08-27,3040260812,3034792,BOMBA DE COMBUSTÍVEL,BACG,OS concluída,,,
2026-08-27,3040260922,162-11800,WHEEL HALF ASSY-OUTER,PAMALS,OS concluída,,,
2026-08-27,3040260923,030-18200,MAIN WHEEL BRAKE,BACO,REC,REPARADO,VEE ONE,211.0
2026-08-27,3040261389,3034792,BOMBA DE COMBUSTÍVEL,PAMASP,OS concluída,REPARADO,V1 PAMA-LS,
2026-08-27,3040261388,3034792,BOMBA DE COMBUSTÍVEL,BABR,OS concluída,,,
2026-08-27,3040261387,3034792,BOMBA DE COMBUSTÍVEL,BABR,OS concluída,,,
2026-08-27,3040261371,TFF2905-13,FUEL FLOW TRANSDUCER,ALA 8,REC,EM REPARO,WILLIAM,198.0
2026-08-27,3040261375,C661065-0240RX,"INDICATOR, AIRSPEED",BACG,REC,EM REPARO,WILLIAM,198.0
2026-08-27,3040261373,C661065-0240,AIRSPEED INDICATOR,BABE,REC,REPARADO,V1 PAMA-LS,198.0
2026-08-27,3040261322,011-00831-00,"ENGINE INTERFA,SPEC",BAPV,REC,REPARADO,VEE ONE,198.0
2026-08-27,3040261326,011-00882-10,"COMPUTER,AIR DATA",BAMN,OS concluída,,,
2026-08-27,3040261324,011-00882-10,"COMPUTER,AIR DATA",BAMN,OS concluída,,,
2026-08-27,3040261327,064-1054-30,RECEIVER-TRANSMITTER SUBASSEMBLY,PAMASP,REC,REPARADO,V1 PAMA-LS,198.0
2026-08-27,3040261336,066-01141-0101,"RECEIVER,RADIO",BANT,REC,REPARADO,V1 PAMA-LS,198.0
2026-08-27,3040261334,065-0065-01,SELECTOR ALT,BANT,REC,EM REPARO,WILLIAM,198.0
2026-08-27,3040261331,065-0061-36,ACTUATOR TRIM (KS272A),PAMASP,OS concluída,,BABR,
2026-08-27,3040261329,065-0061-36,ACTUATOR TRIM (KS272A),ALA 10,OS concluída,,,
2026-08-27,3040261335,065-0065-01,SELECTOR ALT,BANT,REC,EM REPARO,WILLIAM,198.0
2026-08-27,3040261342,066-3084-02,COLOR RADAR INDICATOR,BABV,REC,EM REPARO,WILLIAM,198.0
2026-08-27,3040261340,066-1053-00,"RECEIVER,RADIO",BASM,REC,REPARADO,V1 PAMA-LS,198.0
2026-08-27,3040261377,066-3054-01,INDICATOR RADAR ALTIMETER - TYPE KI250,PAMALS,REC,EM REPARO,WILLIAM,198.0
2026-08-27,3040261376,066-1061-03,RT RADAR ALTIM (KRA10A),PAMALS,REC,PARA REPARO,VEE ONE,198.0
2026-08-27,3040261352,1134380-4,EVAPORATOR MODULE ASSY-RH,BAMN,REC,CONDENADO,VEE ONE,198.0
2026-08-27,3040261347,071-1234-00,ANTENNA ACCESSORY,ALA 1,REC,EM REPARO,WILLIAM,198.0
2026-08-27,3040261344,066-4010-12,RECEIVER VOR/LOC (KNS81),ALA 10,REC,EM REPARO,WILLIAM,198.0
2026-08-27,3040261353,1H75-21,PRESSURE REGULATOR,BAMN,OS concluída,,BAMN,
2026-08-27,3040261357,2682001-1,BRAKE CYL MAST,BABE,OS concluída,,,
2026-08-27,3040261356,2670104-2,ANNUNCIATOR PANEL,PAMALS,REC,REPARADO,VEE ONE,198.0
2026-08-27,3040261355,2643100-201,NOSE GEAR STRUT ASSY - TALL FORK,BABR,OS concluída,,,
2026-08-27,3040261354,2643100-201,NOSE GEAR STRUT ASSY - TALL FORK,BANT,REC,EM REPARO,AV AERONAUTICA,198.0
2026-08-27,3040261364,8210-002-01,GOVERNOR PROPELLER,PAMASP,REC,REPARADO,VEE ONE,198.0
2026-08-27,3040261627,S3828-1,ALTIMETER,BAMN,REC,EM REPARO,WILLIAM,184.0
2026-08-27,3040261628,S3828-1,ALTIMETER,BABE,REC,REPARADO,V1 PAMA-LS,184.0
2026-08-27,3040261851,51539-012MRX,CONTROL UNIT ASSY-GENERATOR,BABE,REC,EM REPARO,VEE ONE,176.0
2026-08-27,3040261852,51539-012MRX,CONTROL UNIT ASSY-GENERATOR,BABE,REC,EM REPARO,VEE ONE,176.0
2026-08-27,3040261843,3034792,BOMBA DE COMBUSTÍVEL,PAMALS,REC,EM REPARO,VEE ONE,171.0
2026-08-27,3040262245,200SGL119Q-2,STARTER GENERATOR,BAMN,OS concluída,,,
2026-08-27,3040262246,200SGL119Q-2,STARTER GENERATOR,BAMN,OS concluída,,,
2026-08-27,3040262273,324843-W020,HEADSET-MICROPHONE,BABE,OS concluída,,,
2026-08-27,3040262275,324843-W020,HEADSET-MICROPHONE,BANT,OS concluída,,,
2026-08-27,3040262363,066-1055-00,AUDIO CONTROL PANEL,ALA 5,OS concluída,,,
2026-08-27,3040262367,066-1055-00,AUDIO CONTROL PANEL,ALA 9,REC,EM REPARO,WILLIAM,154.0
2026-08-27,3040262368,066-1055-00,AUDIO CONTROL PANEL,CLA,OS concluída,,,
2026-08-27,3040262372,51539-012M,CONTROL UNIT ASSY-GENERATOR,BANT,REC,,V1 PAMA-LS,154.0
2026-08-27,3040262371,51539-012N,CONTROL UNIT ASSY-GENERATOR,BANT,REC,REPARADO,V1 PAMA-LS,154.0
2026-08-27,3040262419,065-0061-36,ACTUATOR TRIM (KS272A),ALA 9,REC,EM REPARO,WILLIAM,149.0
2026-08-27,3040262734,C352,PORTABLE HALON FIRE EXTINGUISHERS,ALA 5,REC,EM REPARO,AV AERONAUTICA,136.0
2026-08-27,3040262738,C352TS,"EXTINGUISHER,FIRE",BANT,REC,,PROCURANDO,136.0
2026-08-27,3040262739,C352TS,"EXTINGUISHER,FIRE",BANT,REC,,PROCURANDO,136.0
2026-08-27,3040262740,C352TS,"EXTINGUISHER,FIRE",PAMALS,REC,,PROCURANDO,136.0
2026-08-27,3040262766,011-00883-20,RADAR GWX 68 WEATHER,BAMN,OS concluída,EM REPARO,VEE ONE,
2026-08-27,3040262765,011-00883-20,RADAR GWX 68 WEATHER,BAMN,REC,EM REPARO,VEE ONE,136.0
2026-08-27,3040262772,011-01020-10,AFCS MODE CONTROLLER GMC 710,BAMN,REC,EM REPARO,WILLIAM,136.0
2026-08-27,3040262770,011-01020-10,AFCS MODE CONTROLLER GMC 710,BAMN,REC,EM REPARO,WILLIAM,136.0
2026-08-27,3040262773,011-01020-10,AFCS MODE CONTROLLER GMC 710,BAMN,REC,EM REPARO,WILLIAM,136.0
2026-08-27,3040262746,066-1070-01,TRANSCEIVER DME (KN63),BABE,REC,EM REPARO,WILLIAM,136.0
2026-08-27,3040262745,064-1019-05,VHF TRANSCEIVE KY196,EEAR,REC,EM REPARO,VEE ONE,136.0
2026-08-27,3040262747,066-1072-00,RECEIVER ADF (KING KR87),ALA 7,REC,EM REPARO,WILLIAM,136.0
2026-08-27,3040262748,066-3046-07,"CONTROL,INDICATOR",BABR,REC,,BANT,136.0
2026-08-27,3040262769,066-3046-07,"CONTROL,INDICATOR",BABR,REC,,BANT,136.0
2026-08-27,3040262768,066-3046-07,"CONTROL,INDICATOR",EEAR,OS concluída,EM REPARO,LEAP,
2026-08-27,3040262767,066-3046-07,"CONTROL,INDICATOR",EEAR,REC,EM REPARO,LEAP,136.0
2026-08-27,3040262791,066-3060-00,IND RMI KNI582,BANT,REC,EM REPARO,LEAP,136.0
2026-08-27,3040262630,161-11700,INNER WHEEL HALF ASSY,BANT,REC,REPARADO,VEE ONE,136.0
2026-08-27,3040262792,066-3060-00,IND RMI KNI582,BANT,REC,EM REPARO,LEAP,136.0
2026-08-27,3040262634,162-10700,OUTER WHEEL HALF ASSY,BANT,REC,REPARADO,VEE ONE,136.0
2026-08-27,3040262632,161-12800,WHEEL HALF ASSY-INNER,BANT,OS concluída,REPARADO,VEE ONE,
2026-08-27,3040262633,161-12800,WHEEL HALF ASSY-INNER,BANT,REC,REPARADO,VEE ONE,136.0
2026-08-27,3040262635,162-11800,WHEEL HALF ASSY-OUTER,EPCAR,REC,REPARADO,VEE ONE,136.0
2026-08-27,3040262637,162-11800,WHEEL HALF ASSY-OUTER,BANT,REC,REPARADO,VEE ONE,136.0
2026-08-27,3040262636,162-11800,WHEEL HALF ASSY-OUTER,BANT,REC,REPARADO,VEE ONE,136.0
2026-08-27,3040262646,200SGL119Q,STARTER GENERATOR,PAMASP,OS concluída,,,
2026-08-27,3040262639,200SGL119Q,STARTER GENERATOR,PAMASP,OS concluída,,PAMA-LS,
2026-08-27,3040262638,200SGL119Q,STARTER GENERATOR,PAMALS,REC,EM REPARO,AV AERONAUTICA,136.0
2026-08-27,3040262757,2606015-2,IND OIL TEMP/P,PAMALS,REC,EM REPARO,VEE ONE,136.0
2026-08-27,3040262706,2641011-5,AXLE-MAIN GEAR,BAMN,REC,,BANT,136.0
2026-08-27,3040262707,2641011-5,AXLE-MAIN GEAR,BABV,REC,REPARADO,VEE ONE,136.0
2026-08-27,3040262717,2641011-5,AXLE-MAIN GEAR,BANT,REC,REPARADO,VEE ONE,136.0
2026-08-27,3040262714,2641011-5,AXLE-MAIN GEAR,BAPV,REC,,BANT,136.0
2026-08-27,3040262713,2641011-5,AXLE-MAIN GEAR,BAPV,REC,REPARADO,VEE ONE,136.0
2026-08-27,3040262712,2641011-5,AXLE-MAIN GEAR,BABR,REC,,BANT,136.0
2026-08-27,3040262711,2641011-5,AXLE-MAIN GEAR,BABR,REC,,BANT,136.0
2026-08-27,3040262709,2641011-5,AXLE-MAIN GEAR,PAMALS,REC,,BANT,136.0
2026-08-27,3040262708,2641011-5,AXLE-MAIN GEAR,PAMALS,REC,,BANT,136.0
2026-08-27,3040262744,3244809-1A,F.C.U,PAMALS,REC,EM REPARO,LEAP,136.0
2026-08-27,3040262758,9910338-4,FUEL TOTALIZER INDICATOR,PAMALS,REC,EM REPARO,VEE ONE,136.0
2026-08-27,3040262759,9910338-6,"TRANSMITTER,RATE OF FLOW",BAMN,REC,EM REPARO,WILLIAM,136.0
2026-08-27,3040262760,9910338-6,"TRANSMITTER,RATE OF FLOW",BANT,REC,EM REPARO,VEE ONE,136.0
2026-08-27,3040262966,2682001-1,BRAKE CYL MAST,BACO,OS concluída,,PAMA-LS,
2026-08-27,3040262967,2682001-1,BRAKE CYL MAST,PAMALS,REC,REPARADO,V1 PAMA-LS,134.0
2026-08-27,3040262968,2682001-1,BRAKE CYL MAST,BANT,OS concluída,,PAMA-LS,
2026-08-27,3040262969,2682001-1,BRAKE CYL MAST,BABE,REC,REPARADO,V1 PAMA-LS,134.0
2026-08-27,3040263069,453-5060,ELT C406-N,BABE,OS concluída,,,
2026-08-27,3040263283,D145-00-46-2,FLAP ACTUATOR ASSY,PAMALS,REC,EM REPARO,LEAP,119.0
2026-08-27,3040263284,D145-00-46-2,FLAP ACTUATOR ASSY,BAFL,REC,EM REPARO,LEAP,119.0
2026-08-27,3040263324,069-01033-0101,"RECEIVER-TRANSMITTER,RADIO",PAMALS,REC,EM REPARO,LEAP,119.0
2026-08-27,3040263287,C661065-0237,AIRSPEED INDICATOR,BABR,REC,REPARADO,VEE ONE,119.0
2026-08-27,3040263288,C661065-0237,AIRSPEED INDICATOR,PAMASP,REC,REPARADO,VEE ONE,119.0
2026-08-27,3040263314,060-0017-00,FLIGHT DIR HOR,EEAR,REC,EM REPARO,LEAP,119.0
2026-08-27,3040263319,066-1055-00,AUDIO CONTROL PANEL,BABE,REC,REPARADO,VEE ONE,119.0
2026-08-27,3040263317,060-0017-00,FLIGHT DIR HOR,PAMASP,REC,,BANT,119.0
2026-08-27,3040263316,060-0017-00,FLIGHT DIR HOR,BANT,REC,,BANT,119.0
2026-08-27,3040263320,066-1055-00,AUDIO CONTROL PANEL,PAMALS,REC,EM REPARO,AV AERONAUTICA,119.0
2026-08-27,3040263325,069-01033-0101,"RECEIVER-TRANSMITTER,RADIO",PAMALS,REC,,PROCURANDO,119.0
2026-08-27,3040263335,C611008-0101,ALTERNATOR CONTROL UNIT,PAMALS,REC,EM REPARO,AV AERONAUTICA,119.0
2026-08-27,3040263336,C611008-0101,ALTERNATOR CONTROL UNIT,PAMALS,REC,EM REPARO,AV AERONAUTICA,119.0
2026-08-27,3040263286,C661065-0237,AIRSPEED INDICATOR,BANT,REC,DEVOLVIDO NO ESTADO,WILLIAM,119.0
2026-08-27,3040263322,066-1055-00,AUDIO CONTROL PANEL,ALA 9,REC,EM REPARO,WILLIAM,119.0
2026-08-27,3040263326,069-01033-0101,"RECEIVER-TRANSMITTER,RADIO",PAMALS,REC,,BANT,119.0
2026-08-27,3040263315,060-0017-00,FLIGHT DIR HOR,BACG,OS concluída,,BABR,
2026-08-27,3040263334,011-00916-10,"DISPLAY UNIT,FLIGHT INFORMATION",BACO,REC,VAI SER DEVOLVIDO SEM REPARO,WILLIAM,119.0
2026-08-27,3040263333,011-00916-10,"DISPLAY UNIT,FLIGHT INFORMATION",BACO,OS concluída,EM REPARO,WILLIAM,
2026-08-27,3040263332,011-00916-10,"DISPLAY UNIT,FLIGHT INFORMATION",BAMN,OS concluída,EM REPARO,WILLIAM,
2026-08-27,3040263331,C661064-0237,AIRSPEED INDICATOR,PAMALS,REC,VAI SER DEVOLVIDO SEM REPARO,WILLIAM,119.0
2026-08-27,3040263329,C661064-0237,AIRSPEED INDICATOR,PAMALS,REC,EM REPARO,WILLIAM,119.0
2026-08-27,3040263328,C661064-0237,AIRSPEED INDICATOR,BABR,REC,EM REPARO,WILLIAM,119.0
2026-08-27,3040263327,C661064-0237,AIRSPEED INDICATOR,BABR,REC,EM REPARO,WILLIAM,119.0
2026-08-27,3040263330,C661064-0237,AIRSPEED INDICATOR,PAMALS,REC,EM REPARO,WILLIAM,119.0
2026-08-27,3040263338,C611008-0101,ALTERNATOR CONTROL UNIT,PAMALS,REC,REPARADO,V1 PAMA-LS,119.0
2026-08-27,3040263433,066-03064-0005,"ALTIMETER,SERVO CONTROLLED,AUTOMATIC PRESSURE",BACG,REC,EM REPARO,WILLIAM,113.0
2026-08-27,3040263435,066-03064-0005,"ALTIMETER,SERVO CONTROLLED,AUTOMATIC PRESSURE",BANT,REC,EM REPARO,WILLIAM,113.0
2026-08-27,3040263434,066-03064-0005,"ALTIMETER,SERVO CONTROLLED,AUTOMATIC PRESSURE",PAMASP,REC,VAI SER DEVOLVIDO SEM REPARO,WILLIAM,113.0
2026-08-27,3040263417,069-01033-0101,"RECEIVER-TRANSMITTER,RADIO",PAMALS,REC,EM REPARO,WILLIAM,113.0
2026-08-27,3040263416,069-01033-0101,"RECEIVER-TRANSMITTER,RADIO",BASM,REC,EM REPARO,WILLIAM,113.0
2026-08-27,3040263415,069-01033-0101,"RECEIVER-TRANSMITTER,RADIO",BABR,REC,,BANT,113.0
2026-08-27,3040263447,066-3046-07,"CONTROL,INDICATOR",CLA,OS concluída,,BABR,
2026-08-27,3040263443,3244897-4,FUEL CONTROL UNIT,PAMALS,REC,EM REPARO,LEAP,112.0
2026-08-27,3040263444,3244897-4,FUEL CONTROL UNIT,PAMALS,REC,EM REPARO,LEAP,112.0
2026-08-27,3040263577,060-0015-00,"CONTROL,DIRECTIONAL,AUTOMATIC PILOT",ALA 5,REC,EM REPARO,WILLIAM,107.0
2026-08-27,3040263574,066-1072-04,"RECEIVER,RADIO",BABE,REC,EM REPARO,WILLIAM,107.0
2026-08-27,3040263576,066-1072-04,"RECEIVER,RADIO",BAMN,OS concluída,DEVOLVIDO NO ESTADO,WILLIAM,
2026-08-27,3040263575,066-1072-04,"RECEIVER,RADIO",BABE,REC,EM REPARO,WILLIAM,107.0
2026-08-27,3040263573,066-3084-32,IND RDR 2000 IN-182A,PAMALS,REC,,BABR,107.0
2026-08-27,3040263571,066-3084-32,IND RDR 2000 IN-182A,PAMALS,REC,EM REPARO,WILLIAM,107.0
2026-08-27,3040263572,066-3084-32,IND RDR 2000 IN-182A,PAMALS,REC,EM REPARO,WILLIAM,107.0
2026-08-27,3040263448,2618510-10,ALTERNATOR CONTROL UNIT ASSY,BABE,REC,EM REPARO,WILLIAM,107.0
2026-08-27,3040263449,2618510-10,ALTERNATOR CONTROL UNIT ASSY,PAMALS,REC,EM REPARO,WILLIAM,107.0
2026-08-27,3040263877,2641011-5,AXLE-MAIN GEAR,CLA,REC,EM REPARO,LEAP,97.0
2026-08-27,3040263878,2641011-5,AXLE-MAIN GEAR,CLA,REC,EM REPARO,LEAP,97.0
2026-08-27,3040264243,069-01033-0101,"RECEIVER-TRANSMITTER,RADIO",PAMALS,REC,EM REPARO,WILLIAM,90.0
2026-08-27,3040264244,069-01033-0101,"RECEIVER-TRANSMITTER,RADIO",PAMASP,REC,EM REPARO,WILLIAM,90.0
2026-08-27,3040264246,060-0017-00,FLIGHT DIR HOR,PAMALS,REC,EM REPARO,WILLIAM,90.0
2026-08-27,3040264237,200SGL119Q-2,STARTER GENERATOR,BAMN,REC,EM REPARO,AV AERONAUTICA,90.0
2026-08-27,3040264236,200SGL119Q-2,STARTER GENERATOR,BABE,OS concluída,,BABE,
2026-08-27,3040264121,3244897-4,FUEL CONTROL UNIT,BABE,OS concluída,EM REPARO,LEAP,
2026-08-27,3040264263,9910338-8,"INDICATOR,FUEL FLOW",PAMALS,OS concluída,,BABR,
2026-08-27,3040264262,9910338-8,"INDICATOR,FUEL FLOW",BABV,REC,EM REPARO,WILLIAM,90.0
2026-08-27,3040264242,324843-2020,HEADSET-MICROPHONE,BABE,OS concluída,EM REPARO,WILLIAM,
2026-08-27,3040264264,324843-2020,HEADSET-MICROPHONE,DACTA II,OS concluída,EM REPARO,WILLIAM,
2026-08-27,3040264238,324843-2020,HEADSET-MICROPHONE,DACTA II,OS concluída,EM REPARO,WILLIAM,
2026-08-27,3040264241,324843-2020,HEADSET-MICROPHONE,DACTA II,OS concluída,EM REPARO,WILLIAM,
2026-08-27,3040264240,324843-2020,HEADSET-MICROPHONE,DACTA II,OS concluída,EM REPARO,WILLIAM,
2026-08-27,3040264122,3244809-8,"FUEL CONTROL,MAIN,TURBINE ENGINE",BABE,OS concluída,,BABR,
2026-08-27,3040263797,066-3046-07,"CONTROL,INDICATOR",BABE,REC,EM REPARO,WILLIAM,90.0
2026-08-27,3040263798,066-3046-07,"CONTROL,INDICATOR",PAMASP,OS concluída,EM REPARO,WILLIAM,
2026-08-27,3040263799,066-3046-07,"CONTROL,INDICATOR",PAMASP,REC,EM REPARO,WILLIAM,90.0
2026-08-27,3040263795,071-01519-0101,"RECEIVER-EXCITER,RADAR",PAMALS,REC,,PROCURANDO,90.0
2026-08-27,3040263796,071-01519-0101,"RECEIVER-EXCITER,RADAR",PAMALS,REC,,PROCURANDO,90.0
2026-08-27,3040264579,060-0017-00,FLIGHT DIR HOR,BABR,OS concluída,,,
2026-08-27,3040264577,060-0017-00,FLIGHT DIR HOR,PAMALS,REC,,,78.0
2026-08-27,3040264573,060-0017-00,FLIGHT DIR HOR,BANT,REC,,,78.0
2026-08-27,3040264574,060-0017-00,FLIGHT DIR HOR,BANT,REC,,,78.0
2026-08-27,3040264576,060-0017-00,FLIGHT DIR HOR,PAMALS,REC,,,78.0
2026-08-27,3040264572,060-0017-00,FLIGHT DIR HOR,PAMASP,REC,,,78.0
2026-08-27,3040264647,1H75-21,PRESSURE REGULATOR,BAMN,REC,,,73.0
2026-08-27,3040264646,1H75-21,PRESSURE REGULATOR,PAMASP,REC,,,73.0
2026-08-27,3040264645,1H75-21,PRESSURE REGULATOR,PAMASP,REC,,,73.0
2026-08-27,3040264643,1H75-21,PRESSURE REGULATOR,PAMASP,REC,,,73.0
2026-08-27,3040264707,3244809-7,"FUEL CONTROL,MAIN,TURBINE ENGINE",BABE,OS concluída,,,
2026-08-27,3040264709,540-1407-4,"VALVE,BLEED,TURBINEENGINE",PAMASP,REC,,,73.0
2026-08-27,3040264710,200SGL153Q,"STARTER-GENERATOR,ENGINE,AIRCRAFT",CLA,OS concluída,,,
2026-08-27,3040264711,200SGL153Q,"STARTER-GENERATOR,ENGINE,AIRCRAFT",PAMASP,OS concluída,,,
2026-08-27,3040264712,200SGL153Q,"STARTER-GENERATOR,ENGINE,AIRCRAFT",BACG,REC,,,73.0
2026-08-27,3040264718,9910338-8,"INDICATOR,FUEL FLOW",PAMALS,REC,,,73.0
2026-08-27,3040264719,S3326-2,"INDICATOR,HORIZONTAL SITUATION",ALA 8,REC,,,73.0
2026-08-27,3040264720,S3326-2,"INDICATOR,HORIZONTAL SITUATION",PAMALS,REC,,,73.0
2026-08-27,3040264721,S3326-2,"INDICATOR,HORIZONTAL SITUATION",PAMASP,REC,,,73.0
2026-08-27,3040264724,2606013-1AM,INDICADOR PERCENTUAL RPM,BABV,REC,,,73.0
2026-08-27,3040264725,2606013-1AM,INDICADOR PERCENTUAL RPM,BABR,REC,,,73.0
2026-08-27,3040264726,2606015-4,INDICATOR-OIL TEMP/OIL PRESS,BANT,REC,,,73.0
2026-08-27,3040264727,C661051-0201,GYRO HORIZON,ALA 10,REC,,,73.0
2026-08-27,3040264728,504-0111-906,GYRO HORIZON,PAMALS,OS concluída,,,
2026-08-27,3040264729,504-0111-906,GYRO HORIZON,BACG,OS concluída,,,
2026-08-27,3040264730,8210-003,"GOVERNOR,FUEL CONTROL",PAMASP,REC,,,73.0
2026-08-27,3040264731,8210-002,"GOVERNOR,CONSTANT SPEED DRIVE",PAMASP,REC,,,73.0
2026-08-27,3040264732,8210-002,"GOVERNOR,CONSTANT SPEED DRIVE",BAMN,REC,,,73.0
2026-08-27,3040264733,030-18200,MAIN WHEEL BRAKE,BAMN,REC,,,73.0
2026-08-27,3040264734,030-18200,MAIN WHEEL BRAKE,BAMN,REC,,,73.0
2026-08-27,3040264735,161-11700,INNER WHEEL HALF ASSY,PAMALS,REC,,,73.0
2026-08-27,3040264736,161-12800,WHEEL HALF ASSY-INNER,BABR,REC,,,73.0
2026-08-27,3040264737,161-12800,WHEEL HALF ASSY-INNER,PAMALS,AUT,,,73.0
2026-08-27,3040264738,162-10700,OUTER WHEEL HALF ASSY,BACO,AUT,,,73.0
2026-08-27,3040264807,011-01105-01,INTEGRATED AVIONICS UNIT GIA63W,ALA 8,REC,,,65.0
2026-08-27,3040264808,011-01105-01,INTEGRATED AVIONICS UNIT GIA63W,BAMN,REC,,,65.0
2026-08-27,3040264907,011-00916-10,"DISPLAY UNIT,FLIGHT INFORMATION",BAMN,REC,,,58.0
2026-08-27,3040264908,011-00916-10,"DISPLAY UNIT,FLIGHT INFORMATION",BABV,OS concluída,,,
2026-08-27,3040264974,3244809-8,"FUEL CONTROL,MAIN,TURBINE ENGINE",BAMN,REC,,,56.0
2026-08-27,3040264961,3244897-4,FUEL CONTROL UNIT,CLA,OS concluída,,,
2026-08-27,3040264960,3034792,BOMBA DE COMBUSTÍVEL,CLA,REC,,,56.0
2026-08-27,3040265144,011-01020-10,AFCS MODE CONTROLLER GMC 710,BABE,REC,,,50.0
2026-08-27,3040265140,011-01020-10,AFCS MODE CONTROLLER GMC 710,BABE,REC,,,50.0
2026-08-27,3040265482,066-3084-32,IND RDR 2000 IN-182A,BABR,REC,,,35.0
2026-08-27,3040265484,066-3084-32,IND RDR 2000 IN-182A,BANT,REC,,,35.0
2026-08-27,3040265485,066-3084-32,IND RDR 2000 IN-182A,BABR,REC,,,35.0
2026-08-27,3040265526,ASG12000-2,ALTERNATOR,PAMALS,REC,,,31.0
2026-08-27,3040265525,ASG12000-2,ALTERNATOR,BABR,REC,,,31.0
2026-08-27,3040265527,9910592-2,ALTERNADOR,BABR,REC,,,31.0
2026-08-27,3040265533,3122678-04,FUEL CONTROL UNIT,BABR,REC,,,31.0
2026-08-27,3040265532,C611505-0201,ALTERNATOR,BANT,REC,,,31.0
2026-08-27,3040265530,C611505-0201,ALTERNATOR,BABV,REC,,,31.0
2026-08-27,3040265528,9910592-2,ALTERNADOR,BABR,REC,,,31.0
2026-08-27,3040265724,3244897-4,FUEL CONTROL UNIT,CLA,REC,,,30.0
2026-08-27,3040265474,C611008-0101,ALTERNATOR CONTROL UNIT,PAMALS,REC,,,28.0
2026-08-27,3040265475,C611008-0101,ALTERNATOR CONTROL UNIT,BABV,REC,,,28.0
2026-08-27,3040265476,C611008-0101,ALTERNATOR CONTROL UNIT,PAMALS,REC,,,28.0
2026-08-27,3040265477,C611008-0101,ALTERNATOR CONTROL UNIT,PAMALS,REC,,,28.0
2026-08-27,3040265576,011-00916-10,"DISPLAY UNIT,FLIGHT INFORMATION",BAMN,REC,,,27.0
2026-08-27,3040265580,011-00916-00,DISPLAY UNIT GDU 1040A,PAMALS,REC,,,31.0
2026-08-27,3040265581,011-00916-00,DISPLAY UNIT GDU 1040A,PAMALS,REC,,,31.0
2026-08-27,3040265589,EA-5175-52-CES,INDICATOR TRUE,BABV,REC,,,31.0
2026-08-27,3040265590,EA-5175-52-CES,INDICATOR TRUE,BASM,REC,,,31.0
2026-08-27,3040265591,EA-5175-52-CES,INDICATOR TRUE,BABV,REC,,,31.0
2026-08-27,3040265592,EA-5175-52-CES,INDICATOR TRUE,BABV,REC,,,31.0
2026-08-27,3040265668,9910592-2,ALTERNADOR,PAMALS,REC,,,31.0
2026-08-27,3040265678,9910592-2,ALTERNADOR,BAMN,REC,,,31.0
2026-08-27,3040265679,C611505-0201,ALTERNATOR,PAMALS,REC,,,31.0
2026-08-27,3040265680,C611505-0201,ALTERNATOR,ALA 8,REC,,,31.0
2026-08-27,3040265726,071-01519-0101,"RECEIVER-EXCITER,RADAR",PAMALS,REC,,,30.0
2026-08-27,3040265727,071-01519-0101,"RECEIVER-EXCITER,RADAR",CLA,REC,,,30.0
2026-08-27,3040265728,C163030-1001,MAIN W BRAKE A,BAMN,REC,,,30.0
2026-08-27,3040265731,066-3046-07,"CONTROL,INDICATOR",BABR,REC,,,30.0
2026-08-27,3040265732,066-3046-07,"CONTROL,INDICATOR",BANT,REC,,,30.0
2026-08-27,3040265734,066-3046-07,"CONTROL,INDICATOR",EEAR,REC,,,30.0
2026-08-27,3040265735,066-3046-07,"CONTROL,INDICATOR",CLA,REC,,,30.0
2026-08-27,3040265736,C611008-0101,ALTERNATOR CONTROL UNIT,BABV,REC,,,30.0
2026-08-27,3040265737,C611008-0101,ALTERNATOR CONTROL UNIT,EEAR,REC,,,30.0
2026-08-27,3040265738,C611008-0101,ALTERNATOR CONTROL UNIT,PAMALS,REC,,,30.0
2026-08-27,3040265739,C611008-0101,ALTERNATOR CONTROL UNIT,BANT,REC,,,30.0
2026-08-27,3040265740,C611008-0101,ALTERNATOR CONTROL UNIT,BABE,REC,,,30.0
2026-08-27,3040265741,C611008-0101,ALTERNATOR CONTROL UNIT,BABR,REC,,,30.0
2026-08-27,3040265742,066-1072-04,"RECEIVER,RADIO",BACG,REC,,,30.0
2026-08-27,3040265743,066-1072-04,"RECEIVER,RADIO",BAMN,REC,,,30.0
2026-08-27,3040265744,066-1072-04,"RECEIVER,RADIO",PAMALS,REC,,,30.0
2026-08-27,3040265745,066-3084-32,IND RDR 2000 IN-182A,PAMALS,REC,,,30.0
2026-08-27,3040265746,066-3084-32,IND RDR 2000 IN-182A,PAMALS,REC,,,30.0
2026-08-27,3040265747,30994-001,BATTERY-MARATHON TSP410 NICAD,PAMALS,AUT,,,30.0
2026-08-27,3040265748,30994-001,BATTERY-MARATHON TSP410 NICAD,PAMALS,AUT,,,30.0
2026-08-27,3040265749,30994-001,BATTERY-MARATHON TSP410 NICAD,PAMALS,AUT,,,30.0
2026-08-27,3040265750,30994-001,BATTERY-MARATHON TSP410 NICAD,PAMALS,AUT,,,30.0
2026-08-27,3040265751,30994-001,BATTERY-MARATHON TSP410 NICAD,PAMALS,AUT,,,30.0
2026-08-27,3040265752,2641011-5,AXLE-MAIN GEAR,BAMN,REC,,,30.0
2026-08-27,3040265753,2641011-5,AXLE-MAIN GEAR,BAMN,REC,,,30.0
2026-08-27,3040265754,161-11700,INNER WHEEL HALF ASSY,BACO,AUT,,,30.0
2026-08-27,3040265755,161-12800,WHEEL HALF ASSY-INNER,BABE,REC,,,30.0
2026-08-27,3040265757,066-01141-0101,"RECEIVER,RADIO",PAMALS,REC,,,30.0
2026-08-27,3040265758,066-01141-0101,"RECEIVER,RADIO",PAMALS,REC,,,30.0
2026-08-27,3040265759,C660501-0103,"COMPASS,SPEC",DACTA II,AUT,,,30.0
2026-08-27,3040265769,023694-000,BATTERY NICKEL CADMIUM,BAPV,REC,,,29.0
2026-08-27,3040265771,2651023-23,ENGINE MOUNT ASSEMBLY,PAMALS,REC,,,29.0
2026-08-27,3040265772,2651023-23,ENGINE MOUNT ASSEMBLY,PAMALS,REC,,,29.0
2026-08-27,3040265892,324843-0020,HEADSET-MICROPHONE,PAMALS,REC,,,24.0
2026-08-27,3040265893,324843-0020,HEADSET-MICROPHONE,PAMALS,OS concluída,,,
2026-08-27,3040265894,324843-0020,HEADSET-MICROPHONE,PAMALS,REC,,,24.0
2026-08-27,3040265895,324843-0020,HEADSET-MICROPHONE,PAMALS,REC,,,24.0
2026-08-27,3040265946,011-00870-00,MAGNETOMETER GMU 44,BAMN,REC,,,21.0
2026-08-27,3040265947,011-00870-00,MAGNETOMETER GMU 44,BAMN,REC,,,21.0
2026-08-27,3040266034,C662041-0102,INDICATOR FUEL,BABE,REC,,,17.0
2026-08-27,3040266040,C662041-0102,INDICATOR FUEL,PAMALS,REC,,,17.0
2026-08-27,3040266036,C662041-0102,INDICATOR FUEL,PAMALS,REC,,,17.0
2026-08-27,3040266035,C662041-0102,INDICATOR FUEL,PAMALS,REC,,,9.0
2026-08-27,3040266039,C662041-0102,INDICATOR FUEL,BANT,REC,,,9.0
2026-08-27,3040266041,C662041-0102,INDICATOR FUEL,PAMALS,REC,,,9.0
2026-08-27,3040266307,069-01033-0101,"RECEIVER-TRANSMITTER,RADIO",PAMALS,REC,,,7.0
2026-08-27,3040266308,069-01033-0101,"RECEIVER-TRANSMITTER,RADIO",BANT,REC,,,7.0
2026-08-27,3040266306,069-01033-0101,"RECEIVER-TRANSMITTER,RADIO",BACG,REC,,,7.0
2026-08-28,3040249831,066-01141-5101,"RECEIVER-TRANSMITTER,RADIO (KT71)",PAMALS,REC,EM REPARO,LEAP,564.0
2026-08-28,3040250248,452-0133,"BATTERY,NONRECHARGEABLE",BABR,REC,CONDENADO,VEE ONE,548.0
2026-08-28,3040250249,452-0133,"BATTERY,NONRECHARGEABLE",BAMN,REC,CONDENADO,VEE ONE,548.0
2026-08-28,3040250234,3034792,BOMBA DE COMBUSTÍVEL,PAMALS,REC,,BANT,548.0
2026-08-28,3040250816,453-5060,"BEACON,DISTRESS",BAMN,REC,,PAMA-LS,526.0
2026-08-28,3040250830,799-1,TRANSDUCER,BACO,REC,,BANT,526.0
2026-08-28,3040250829,51539-012N,CONTROL UNIT ASSY-GENERATOR,BAMN,OS concluída,,,
2026-08-28,3040250828,51539-012N,CONTROL UNIT ASSY-GENERATOR,BACG,REC,,BABR,526.0
2026-08-28,3040250827,51539-012N,CONTROL UNIT ASSY-GENERATOR,BANT,REC,,BABR,526.0
2026-08-28,3040250831,799-1,TRANSDUCER,BANT,REC,,BANT,526.0
2026-08-28,3040250833,9910586-4,FLAP ACTUATOR AND MOTOR ASSEMBLY,ALA 3,REC,,BAMN,526.0
2026-08-28,3040250834,9910586-4,FLAP ACTUATOR AND MOTOR ASSEMBLY,ALA 3,OS concluída,,,
2026-08-28,3040250832,9910338-4,FUEL TOTALIZER INDICATOR,EEAR,REC,,PAMA-LS,526.0
2026-08-28,3040250835,ASG12000-2,ALTERNATOR,ALA 5,REC,REPARADO,V1 PAMA-LS,526.0
2026-08-28,3040250841,C661030-0301,TURN BANK,PAMALS,REC,EM REPARO,LEAP,526.0
2026-08-28,3040250842,C662041-0102,INDICATOR FUEL,ALA 5,REC,,PAMA-LS,526.0
2026-08-28,3040250844,C662041-0102,INDICATOR FUEL,ALA 9,REC,,PAMA-LS,526.0
2026-08-28,3040250843,C662041-0102,INDICATOR FUEL,ALA 10,OS concluída,,,
2026-08-28,3040250719,060-0017-00,FLIGHT DIR HOR,PAMALS,REC,,BANT,526.0
2026-08-28,3040250720,060-0017-00,FLIGHT DIR HOR,BABV,OS concluída,,,
2026-08-28,3040250722,066-01141-5101,"RECEIVER-TRANSMITTER,RADIO (KT71)",ALA 9,REC,EM REPARO,WILLIAM,526.0
2026-08-28,3040250723,066-01141-5101,"RECEIVER-TRANSMITTER,RADIO (KT71)",CLA,REC,,BABR,526.0
2026-08-28,3040250721,060-0017-00,FLIGHT DIR HOR,BANT,OS concluída,,,
2026-08-28,3040250725,066-3046-07,"CONTROL,INDICATOR",ALA 10,OS concluída,,,
2026-08-28,3040250724,066-04035-1101,"DISPLAY UNIT,RADAR",PAMALS,REC,,BANT,526.0
2026-08-28,3040250732,069-1025-25,"RECEIVER-TRANSMITTER,RADIO - KX165",PAMALS,REC,EM REPARO,WILLIAM,526.0
2026-08-28,3040250782,2606012-1,INDICATOR-INTER-TURBINE TEMPERATURE,ALA 9,OS concluída,,,
2026-08-28,3040250775,161-11700,INNER WHEEL HALF ASSY,BABE,OS concluída,,,
2026-08-28,3040250773,161-11700,INNER WHEEL HALF ASSY,EEAR,REC,,BACG,526.0
2026-08-28,3040250718,030-18200,MAIN WHEEL BRAKE,BACO,OS concluída,,,
2026-08-28,3040250716,030-18200,MAIN WHEEL BRAKE,BABV,REC,EM REPARO,LEAP,526.0
2026-08-28,3040250717,030-18200,MAIN WHEEL BRAKE,BACO,OS concluída,,,
2026-08-28,3040250780,162-11800,WHEEL HALF ASSY-OUTER,PAMALS,OS concluída,,,
2026-08-28,3040250781,162-11800,WHEEL HALF ASSY-OUTER,BACG,OS concluída,,,
2026-08-28,3040250778,161-12800,WHEEL HALF ASSY-INNER,BACG,OS concluída,,,
2026-08-28,3040250776,161-12800,WHEEL HALF ASSY-INNER,BABE,OS concluída,,,
2026-08-28,3040250790,2643031-7,"FORK ASSY,NOSE GEAR SPRING",BAMN,OS concluída,,,
2026-08-28,3040250791,2643090-1,SHIMMY DAMPENE,BANT,REC,EM REPARO,AV AERONAUTICA,526.0
2026-08-28,3040250792,2643090-1,SHIMMY DAMPENE,BAMN,REC,REPARADO,V1 PAMA-LS,526.0
2026-08-28,3040250789,2641012-14,TRUNNION ASSY-RH-MAIN GEAR,PAMASP,OS concluída,,,
2026-08-28,3040250793,2643099-4,"SUPPORT ASSY FOWARD, NLG SPRING",BAMN,OS concluída,,,
2026-08-28,3040250798,30994-001,BATTERY-MARATHON TSP410 NICAD,BANT,OS concluída,CONDENADO,AMA - VEE ONE,
2026-08-28,3040252191,C611008-0101,ALTERNATOR CONTROL UNIT,PAMALS,REC,,BABR,493.0
2026-08-28,3040252159,011-00916-00,DISPLAY UNIT GDU 1040A,BAMN,REC,,BAMN,493.0
2026-08-28,3040252161,065-0042-03,COMPUTER PA,ALA 10,REC,EM REPARO,WILLIAM,493.0
2026-08-28,3040252162,065-0042-03,COMPUTER PA,EEAR,REC,,BABE,493.0
2026-08-28,3040252164,065-0042-03,COMPUTER PA,EEAR,REC,EM REPARO,WILLIAM,493.0
2026-08-28,3040252165,065-0042-03,COMPUTER PA,PAMALS,OS concluída,,,
2026-08-28,3040252166,065-0059-01,SERVO PITCH,EEAR,REC,EM REPARO,WILLIAM,493.0
2026-08-28,3040252168,066-03064-0005,"ALTIMETER,SERVO CONTROLLED,AUTOMATIC PRESSURE",ALA 9,OS concluída,,,
2026-08-28,3040252173,066-03064-0005,"ALTIMETER,SERVO CONTROLLED,AUTOMATIC PRESSURE",BANT,REC,EM REPARO,LEAP,493.0
2026-08-28,3040252172,066-03064-0005,"ALTIMETER,SERVO CONTROLLED,AUTOMATIC PRESSURE",PAMALS,REC,NO ESTADO,VEE ONE,493.0
2026-08-28,3040252170,066-03064-0005,"ALTIMETER,SERVO CONTROLLED,AUTOMATIC PRESSURE",ALA 7,REC,NO ESTADO,VEE ONE,493.0
2026-08-28,3040252178,066-1072-00,RECEIVER ADF (KING KR87),PAMALS,OS concluída,,,
2026-08-28,3040252182,066-1072-04,"RECEIVER,RADIO",ALA 9,OS concluída,,,
2026-08-28,3040252181,066-1072-04,"RECEIVER,RADIO",PAMASP,REC,EM REPARO,WILLIAM,493.0
2026-08-28,3040252180,066-1072-04,"RECEIVER,RADIO",ALA 8,OS concluída,,,
2026-08-28,3040252185,066-1072-04,"RECEIVER,RADIO",BAMN,OS concluída,,,
2026-08-28,3040252189,9910338-6,"TRANSMITTER,RATE OF FLOW",ALA 8,OS concluída,,,
2026-08-28,3040252190,9910338-6,"TRANSMITTER,RATE OF FLOW",BABR,OS concluída,,,
2026-08-28,3040252160,011-01020-10,AFCS MODE CONTROLLER GMC 710,BAMN,OS concluída,,,
2026-08-28,3040252939,C163030-1001,MAIN W BRAKE A,BABV,REC,,BAMN,463.0
2026-08-28,3040252936,030-18200,MAIN WHEEL BRAKE,BACO,REC,,PAMA-LS,463.0
2026-08-28,3040252935,030-18200,MAIN WHEEL BRAKE,BAMN,OS concluída,,,
2026-08-28,3040252940,30-182,MAIN WHEEL BRAKE,BABV,OS concluída,,,
2026-08-28,3040252942,30-182,MAIN WHEEL BRAKE,BAMN,OS concluída,,,
2026-08-28,3040252943,30-182,MAIN WHEEL BRAKE,BAMN,OS concluída,,,
2026-08-28,3040253170,161-12800,WHEEL HALF ASSY-INNER,BASM,OS concluída,,,
2026-08-28,3040253168,161-12800,WHEEL HALF ASSY-INNER,BASM,REC,REPARADO,VEE ONE,459.0
2026-08-28,3040253172,161-12800,WHEEL HALF ASSY-INNER,PAMALS,REC,,PROCURANDO,459.0
2026-08-28,3040253174,161-12800,WHEEL HALF ASSY-INNER,PAMALS,OS concluída,,,
2026-08-28,3040253173,161-12800,WHEEL HALF ASSY-INNER,PAMALS,REC,EM REPARO,LEAP,459.0
2026-08-28,3040253176,162-10700,OUTER WHEEL HALF ASSY,BABE,OS concluída,,,
2026-08-28,3040253177,162-10700,OUTER WHEEL HALF ASSY,BABV,REC,REPARADO,VEE ONE,459.0
2026-08-28,3040253178,162-10700,OUTER WHEEL HALF ASSY,PAMALS,REC,,PROCURANDO,459.0
2026-08-28,3040253179,162-11800,WHEEL HALF ASSY-OUTER,CLA,OS concluída,,,
2026-08-28,3040253181,162-11800,WHEEL HALF ASSY-OUTER,PAMALS,OS concluída,,,
2026-08-28,3040253180,162-11800,WHEEL HALF ASSY-OUTER,BASM,REC,,PROCURANDO,459.0
2026-08-28,3040253182,162-11800,WHEEL HALF ASSY-OUTER,PAMALS,REC,REPARADO,VEE ONE,459.0
2026-08-28,3040253536,2641012-14,TRUNNION ASSY-RH-MAIN GEAR,PAMALS,OS concluída,,,
2026-08-28,3040253529,066-03064-0005,"ALTIMETER,SERVO CONTROLLED,AUTOMATIC PRESSURE",DSM-MN,REC,DEVOLVIDO NO ESTADO,WILLIAM,449.0
2026-08-28,3040253528,066-03064-0005,"ALTIMETER,SERVO CONTROLLED,AUTOMATIC PRESSURE",BANT,OS concluída,,,
2026-08-28,3040253532,799-1,TRANSDUCER,PAMALS,REC,,BANT,449.0
2026-08-28,3040253535,2643099-4,"SUPPORT ASSY FOWARD, NLG SPRING",BABE,REC,CONDENADO,VEE ONE,449.0
2026-08-28,3040253531,799-1,TRANSDUCER,BAMN,REC,,VEE ONE,449.0
2026-08-28,3040253530,799-1,TRANSDUCER,BAMN,REC,,BANT,449.0
2026-08-28,3040253526,30994-001,BATTERY-MARATHON TSP410 NICAD,PAMALS,OS concluída,CONDENADO,AMA - VEE ONE,
2026-08-28,3040253527,30994-001,BATTERY-MARATHON TSP410 NICAD,BAPV,OS concluída,CONDENADO,AMA - VEE ONE,
2026-08-28,3040254195,540-1407-4,"VALVE,BLEED,TURBINEENGINE",PAMALS,REC,,BANT,431.0
2026-08-28,3040254201,2643090-3,SHIMMY DAMPER-NOSE GEAR,PAMALS,REC,REPARADO,V1 PAMA-LS,431.0
2026-08-28,3040254203,SE1070-6,SHIMMY DAMPENER ASSY,BACGINAT,OS concluída,,,
2026-08-28,3040254205,C660501-0103,"COMPASS,SPEC",PAMALS,REC,REPARADO,V1 PAMA-LS,431.0
2026-08-28,3040254206,C660501-0103,"COMPASS,SPEC",ALA 8,REC,EM REPARO EM GARANTIA,WILLIAM,431.0
2026-08-28,3040254208,C660501-0103,"COMPASS,SPEC",BABV,REC,REPARADO,V1 PAMA-LS,431.0
2026-08-28,3040254210,799-1,TRANSDUCER,BANT,REC,,BANT,431.0
2026-08-28,3040254792,2606013-1RX,INDICATOR-PERCENT RPM,BABR,REC,,BANT,422.0
2026-08-28,3040254770,069-1025-25,"RECEIVER-TRANSMITTER,RADIO - KX165",ALA 9,REC,EM REPARO,WILLIAM,422.0
2026-08-28,3040254799,453-5000-710,EMERGENCY LOCATOR TRANSMITTER MODEL C406-2,PAMASP,OS concluída,,,
2026-08-28,3040254806,C352TS,"EXTINGUISHER,FIRE",PAMALS,REC,REPARADO,V1 PAMA-LS,422.0
2026-08-28,3040254805,C352TS,"EXTINGUISHER,FIRE",PAMALS,OS concluída,,,
2026-08-28,3040254810,C352TS,"EXTINGUISHER,FIRE",PAMALS,OS concluída,,,
2026-08-28,3040254809,C352TS,"EXTINGUISHER,FIRE",PAMAGL,OS concluída,,,
2026-08-28,3040254803,C352TS,"EXTINGUISHER,FIRE",2 ETA,REC,REPARADO,V1 PAMA-LS,422.0
2026-08-28,3040254808,C352TS,"EXTINGUISHER,FIRE",BABR,REC,REPARADO,V1 PAMA-LS,422.0
2026-08-28,3040254795,D145-00-46-2,FLAP ACTUATOR ASSY,BABE,REC,,PAMA-LS,422.0
2026-08-28,3040254793,D145-00-46-2,FLAP ACTUATOR ASSY,PAMALS,REC,,PAMA-LS,422.0
2026-08-28,3040254815,C482001-0402,VACUUM REGULAT,PAMALS,REC,CONDENADO,VEE ONE,422.0
2026-08-28,3040254816,C482001-0402,VACUUM REGULAT,PAMALS,REC,CONDENADO,VEE ONE,422.0
2026-08-28,3040254820,2641011-5,AXLE-MAIN GEAR,BAMN,OS concluída,,,
2026-08-28,3040254817,2641011-5,AXLE-MAIN GEAR,BABE,OS concluída,,,
2026-08-28,3040254818,2641011-5,AXLE-MAIN GEAR,BABE,OS concluída,,,
2026-08-28,3040254819,2641011-5,AXLE-MAIN GEAR,BANT,OS concluída,,,
2026-08-28,3040254796,30994-001,BATTERY-MARATHON TSP410 NICAD,BAMN,OS concluída,,,
2026-08-28,3040254789,452-0133,"BATTERY,NONRECHARGEABLE",BAMN,REC,CONDENADO,VEE ONE,422.0
2026-08-28,3040254788,452-0133,"BATTERY,NONRECHARGEABLE",BAMN,REC,CONDENADO,VEE ONE,422.0
2026-08-28,3040254787,452-0133,"BATTERY PACK,AIRCRAFT",DACTA II,REC,CONDENADO,VEE ONE,422.0
2026-08-28,3040254786,452-0133,"BATTERY PACK,AIRCRAFT",BAMN,REC,CONDENADO,VEE ONE,422.0
2026-08-28,3040254785,452-0133,"BATTERY,NONRECHARGEABLE",BAMN,REC,CONDENADO,VEE ONE,422.0
2026-08-28,3040254784,452-0133,"BATTERY,NONRECHARGEABLE",DACTA II,REC,CONDENADO,VEE ONE,422.0
2026-08-28,3040255326,011-00916-00,DISPLAY UNIT GDU 1040A,BAMN,REC,,BAMN,413.0
2026-08-28,3040255319,702801-5,FUEL PUMP,PAMASP,REC,EM REPARO,VEE ONE,413.0
2026-08-28,3040255321,8210-002,"GOVERNOR,CONSTANT SPEED DRIVE",PAMALS,OS concluída,,,
2026-08-28,3040255461,DAAS-A-010-1,ADAS-D PROCESSOR,PAMALS,REC,EM REPARO,VEE ONE,409.0
2026-08-28,3040255589,071-01519-0101,"RECEIVER-EXCITER,RADAR",BANT,REC,,PROCURANDO,407.0
2026-08-28,3040255590,071-01519-0101,"RECEIVER-EXCITER,RADAR",PAMALS,OS concluída,,,
2026-08-28,3040255706,C661064-0237,AIRSPEED INDICATOR,BAMN,OS concluída,,,
2026-08-28,3040256114,5934PAD-3,"ALTIMETER,PRESSURE",PAMALS,REC,EM REPARO,VEE ONE,393.0
2026-08-28,3040256119,011-00878-10,GSA-81 TORQUE SERVO,BAPV,REC,EM REPARO,LEAP,393.0
2026-08-28,3040256112,011-00883-20,RADAR GWX 68 WEATHER,BABE,REC,,BAMN,393.0
2026-08-28,3040256115,5934PAD-3,"ALTIMETER,PRESSURE",PAMALS,OS concluída,,,
2026-08-28,3040256118,011-00878-10,GSA-81 TORQUE SERVO,BAPV,REC,,BACO,393.0
2026-08-28,3040256120,011-00916-10,"DISPLAY UNIT,FLIGHT INFORMATION",BAMN,OS concluída,,,
2026-08-28,3040256314,066-4010-12,RECEIVER VOR/LOC (KNS81),EEAR,REC,EM REPARO,LEAP,380.0
2026-08-28,3040256311,3121248-03,"VALVE ASSEMBLY,COMPRESSOR BLEED",PAMALS,OS concluída,,,
2026-08-28,3040256704,C661064-0237,AIRSPEED INDICATOR,PAMALS,OS concluída,,,
2026-08-28,3040256707,D210507,"GOVERNOR,OVERSPEED",PAMALS,OS concluída,,,
2026-08-28,3040256708,D210507,"GOVERNOR,OVERSPEED",PAMALS,REC,REPARADO,VEE ONE,371.0
2026-08-28,3040256702,C661064-0237,AIRSPEED INDICATOR,BABR,OS concluída,,,
2026-08-28,3040256703,C661064-0237,AIRSPEED INDICATOR,PAMALS,OS concluída,,,
2026-08-28,3040256662,030-18200,MAIN WHEEL BRAKE,BASM,OS concluída,,,
2026-08-28,3040256665,161-11700,INNER WHEEL HALF ASSY,BABV,OS concluída,,,
2026-08-28,3040256666,161-11700,INNER WHEEL HALF ASSY,PAMALS,OS concluída,,,
2026-08-28,3040256667,161-11700,INNER WHEEL HALF ASSY,PAMALS,OS concluída,,,
2026-08-28,3040256668,161-11700,INNER WHEEL HALF ASSY,PAMALS,OS concluída,,,
2026-08-28,3040256669,161-11700,INNER WHEEL HALF ASSY,PAMALS,OS concluída,,,
2026-08-28,3040256670,161-11700,INNER WHEEL HALF ASSY,PAMALS,OS concluída,,,
2026-08-28,3040256671,161-11700,INNER WHEEL HALF ASSY,PAMALS,REC,REPARADO,VEE ONE,371.0
2026-08-28,3040256698,030-18200,MAIN WHEEL BRAKE,PAMASP,REC,,PROCURANDO,371.0
2026-08-28,3040256713,030-18200,MAIN WHEEL BRAKE,ALA 3,REC,,BAMN,371.0
2026-08-28,3040256694,162-11800,WHEEL HALF ASSY-OUTER,BANT,OS concluída,,,
2026-08-28,3040256696,162-11800,WHEEL HALF ASSY-OUTER,PAMALS,REC,,PAMA-LS,371.0
2026-08-28,3040256672,161-12800,WHEEL HALF ASSY-INNER,PAMALS,REC,REPARADO,VEE ONE,371.0
2026-08-28,3040256675,161-12800,WHEEL HALF ASSY-INNER,BANT,OS concluída,,,
2026-08-28,3040256792,011-00877-00,"GSA-80 SERVO ROL,YAW,SPEC",BAMN,REC,,PROCURANDO,371.0
2026-08-28,3040256787,011-00877-00,"GSA-80 SERVO ROL,YAW,SPEC",PAMALS,REC,EM REPARO,VEE ONE,371.0
2026-08-28,3040256828,011-00883-20,RADAR GWX 68 WEATHER,PAMALS,REC,CONDENADO,V1 PAMA-LS,371.0
2026-08-28,3040256709,3121248-03,"VALVE ASSEMBLY,COMPRESSOR BLEED",PAMASP,REC,,BANT,368.0
2026-08-28,3040256673,161-12800,WHEEL HALF ASSY-INNER,PAMALS,REC,CONDENADO,VEE ONE,368.0
2026-08-28,3040257095,011-01105-01,INTEGRATED AVIONICS UNIT GIA63W,BABE,REC,EM REPARO,VEE ONE,364.0
2026-08-28,3040257096,011-01105-01,INTEGRATED AVIONICS UNIT GIA63W,BABE,REC,,BAMN,364.0
2026-08-28,3040257093,065-00183-0501,AUTOPILOT COMPUTER KFC225,BABE,REC,,BANT,364.0
2026-08-28,3040257094,065-00183-0501,AUTOPILOT COMPUTER KFC225,BABE,REC,,BANT,364.0
2026-08-28,3040257443,161-12800,WHEEL HALF ASSY-INNER,ALA 3,AUT,,NÃO TEVE MOVIMENTAÇÃO,352.0
2026-08-28,3040257442,C163030-1001,MAIN W BRAKE A,BAMN,OS concluída,REPARADO,VEE ONE,
2026-08-28,3040257452,3244809-8,"FUEL CONTROL,MAIN,TURBINE ENGINE",BAPV,OS concluída,,,
2026-08-28,3040257454,EA-5172-45-CES,"INDICATOR,AIRSPEED",BACG,OS concluída,,,
2026-08-28,3040257453,EA-5172-45-CES,"INDICATOR,AIRSPEED",ALA 7,REC,DEVOLVIDO NO ESTADO,WILLIAM,345.0
2026-08-28,3040257451,3244809-7,"FUEL CONTROL,MAIN,TURBINE ENGINE",PAMASP,REC,,BANT,345.0
2026-08-28,3040257450,3244809-4,"FUEL CONTROL,MAIN,TURBINE ENGINE",PAMASP,OS concluída,EM REPARO,LEAP,
2026-08-28,3040257438,030-18200,MAIN WHEEL BRAKE,BAMN,REC,REPARADO,VEE ONE,345.0
2026-08-28,3040257444,162-10700,OUTER WHEEL HALF ASSY,PAMALS,OS concluída,,,
2026-08-28,3040257447,162-10700,OUTER WHEEL HALF ASSY,PAMALS,OS concluída,,,
2026-08-28,3040257436,30994-001,BATTERY-MARATHON TSP410 NICAD,PAMALS,OS concluída,CONDENADO,AMA - VEE ONE,
2026-08-28,3040257441,030-18200,MAIN WHEEL BRAKE,BAPV,REC,,BAMN,345.0
2026-08-28,3040257440,030-18200,MAIN WHEEL BRAKE,BANT,REC,CONDENADO,VEE ONE,345.0
2026-08-28,3040257439,030-18200,MAIN WHEEL BRAKE,BAMN,REC,,BAMN,345.0
2026-08-28,3040258306,D210507,"GOVERNOR,OVERSPEED",PAMALS,REC,EM REPARO,LEAP,325.0
2026-08-28,3040258310,D210507,"GOVERNOR,OVERSPEED",BACO,OS concluída,,,
2026-08-28,3040258309,D210507,"GOVERNOR,OVERSPEED",BAMN,REC,EM REPARO,LEAP,325.0
2026-08-28,3040258308,D210507,"GOVERNOR,OVERSPEED",BAMN,OS concluída,,,
2026-08-28,3040258307,D210507,"GOVERNOR,OVERSPEED",ALA 5,OS concluída,,,
2026-08-28,3040258303,011-00877-00,"GSA-80 SERVO ROL,YAW,SPEC",DACTA II,REC,EM REPARO,VEE ONE,325.0
2026-08-28,3040258422,2601188-8,COMPRESSOR DRIVE ASSY R134A,PAMASP,REC,,PROCURANDO,323.0
2026-08-28,3040258419,011-00877-00,"GSA-80 SERVO ROL,YAW,SPEC",DACTA II,REC,EM REPARO,VEE ONE,323.0
2026-08-28,3040258420,011-00877-00,"GSA-80 SERVO ROL,YAW,SPEC",BACO,REC,EM REPARO,VEE ONE,323.0
2026-08-28,3040258421,011-00877-00,"GSA-80 SERVO ROL,YAW,SPEC",BABE,REC,,BACO,323.0
2026-08-28,3040258764,069-01034-0102,"NAVIGATION SET,SATELLITE SIGNALS KLN-94",PAMALS,REC,,BANT,316.0
2026-08-28,3040259152,066-01141-5101,"TRANSPONDER,RADAR",BABE,REC,,BANT,297.0
2026-08-28,3040259151,066-01141-5101,"TRANSPONDER,RADAR",BANT,REC,REPARADO,V1 PAMA-LS,297.0
2026-08-28,3040259251,064-1019-05,VHF TRANSCEIVE KY196,EEAR,REC,,EEAR,295.0
2026-08-28,3040259146,1U149-015-15,HORIZ. GYRO-STADBY,PAMALS,REC,EM REPARO,VEE ONE,294.0
2026-08-28,3040259147,162-10700,OUTER WHEEL HALF ASSY,BANT,REC,EM REPARO,AMA - VEE ONE,294.0
2026-08-28,3040259148,3049038-03,"VALVE,COMPRESSOR BLEED",BANT,OS concluída,,,
2026-08-28,3040259316,2606015-4,INDICATOR-OIL TEMP/OIL PRESS,BACG,REC,REPARADO,V1 PAMA-LS,291.0
2026-08-28,3040259564,C414007-0102,BLOWER ASSY,PAMALS,OS concluída,,,
2026-08-28,3040259568,C414007-0102,BLOWER ASSY,ALA 10,OS concluída,,,
2026-08-28,3040259570,C414007-0102,BLOWER ASSY,ALA 10,OS concluída,,,
2026-08-28,3040259694,025323-150,FUEL PUMP,PAMASP,REC,,BACO,283.0
2026-08-28,3040259922,C414007-0102,BLOWER ASSY,BANT,REC,REPARADO,V1 PAMA-LS,276.0
2026-08-28,3040259928,C414007-0102,BLOWER ASSY,PAMALS,REC,EM REPARO,VEE ONE,276.0
2026-08-28,3040259924,C414007-0102,BLOWER ASSY,BACG,REC,EM REPARO,VEE ONE,276.0
2026-08-28,3040259918,C414007-0102,BLOWER ASSY,ALA 10,REC,EM REPARO,VEE ONE,276.0
2026-08-28,3040259950,065-0060-01,"CONTROL,SERVO,AUTOMATIC PILOT",PAMALS,REC,EM REPARO,LEAP,276.0
2026-08-28,3040259949,065-0060-01,"CONTROL,SERVO,AUTOMATIC PILOT",PAMALS,REC,EM REPARO,LEAP,276.0
2026-08-28,3040259947,066-3046-07,"CONTROL,INDICATOR",EEAR,OS concluída,,,
2026-08-28,3040259946,066-3046-07,"CONTROL,INDICATOR",BANT,REC,,BANT,276.0
2026-08-28,3040259944,066-3046-07,"CONTROL,INDICATOR",EEAR,REC,,PAMA-LS,276.0
2026-08-28,3040260209,011-00916-00,DISPLAY UNIT GDU 1040A,PAMALS,REC,,BAMN,262.0
2026-08-28,3040260208,324843-W020,HEADSET-MICROPHONE,PAMALS,REC,VAI SER DEVOLVIDO SEM REPARO,WILLIAM,262.0
2026-08-28,3040260204,324843-W020,HEADSET-MICROPHONE,PAMALS,OS concluída,,,
2026-08-28,3040260205,324843-W020,HEADSET-MICROPHONE,PAMALS,OS concluída,,,
2026-08-28,3040260388,SD5H14C4527,AIR COMPRESSOR,PAMALS,REC,EM REPARO,VEE ONE,255.0
2026-08-28,3040260382,065-00183-0501,AUTOPILOT COMPUTER KFC225,BANT,REC,,BANT,255.0
2026-08-28,3040260389,SD5H14C4527,AIR COMPRESSOR,PAMALS,REC,EM REPARO,VEE ONE,255.0
2026-08-28,3040260517,ASG12000-2,ALTERNATOR,PAMALS,OS concluída,,,
2026-08-28,3040260524,51539-012M,CONTROL UNIT ASSY-GENERATOR,BANT,REC,,BACG,252.0
2026-08-28,3040260516,ASG12000-2,ALTERNATOR,PAMALS,REC,REPARADO,V1 PAMA-LS,252.0
2026-08-28,3040260523,9910592-2,ALTERNADOR,BAMN,OS concluída,REPARADO,V1 PAMA-LS,
2026-08-28,3040260522,9910592-2,ALTERNADOR,BAMN,REC,REPARADO,V1 PAMA-LS,252.0
2026-08-28,3040260547,161-12800,WHEEL HALF ASSY-INNER,EPCAR,OS concluída,REPARADO,VEE ONE,
2026-08-28,3040260545,161-11700,INNER WHEEL HALF ASSY,BACG,REC,REPARADO,VEE ONE,234.0
2026-08-28,3040260544,161-11700,INNER WHEEL HALF ASSY,BANT,REC,REPARADO,VEE ONE,234.0
2026-08-28,3040260546,161-12800,WHEEL HALF ASSY-INNER,PAMALS,REC,REPARADO,VEE ONE,234.0
2026-08-28,3040260548,161-11700,INNER WHEEL HALF ASSY,CLA,REC,REPARADO,VEE ONE,234.0
2026-08-28,3040260549,162-10700,OUTER WHEEL HALF ASSY,BACG,REC,REPARADO,VEE ONE,234.0
2026-08-28,3040260550,162-10700,OUTER WHEEL HALF ASSY,CLA,REC,REPARADO,VEE ONE,234.0
2026-08-28,3040260551,162-11800,WHEEL HALF ASSY-OUTER,BANT,REC,REPARADO,VEE ONE,234.0
2026-08-28,3040260552,30994-001,BATTERY-MARATHON TSP410 NICAD,BABE,OS concluída,CONDENADO,AMA - VEE ONE,
2026-08-28,3040260543,324843-W020,HEADSET-MICROPHONE,PAMALS,REC,VAI SER DEVOLVIDO SEM REPARO,WILLIAM,234.0
2026-08-28,3040260542,324843-W020,HEADSET-MICROPHONE,PAMALS,REC,,BABE,234.0
2026-08-28,3040260541,324843-W020,HEADSET-MICROPHONE,PAMALS,OS concluída,,,
2026-08-28,3040260540,324843-W020,HEADSET-MICROPHONE,PAMALS,OS concluída,,,
2026-08-28,3040260538,324843-W020,HEADSET-MICROPHONE,PAMALS,REC,,BABE,234.0
2026-08-28,3040260539,324843-W020,HEADSET-MICROPHONE,PAMALS,REC,,BABE,234.0
2026-08-28,3040260595,9910586-4,FLAP ACTUATOR AND MOTOR ASSEMBLY,7 ETA,REC,,BAMN,234.0
2026-08-28,3040260597,9910586-4,FLAP ACTUATOR AND MOTOR ASSEMBLY,BAPV,OS concluída,REPARADO,VEE ONE,
2026-08-28,3040260583,3244897-4,FUEL CONTROL UNIT,PAMALS,OS concluída,,,
2026-08-28,3040260750,3122678-04,FUEL CONTROL UNIT,PAMASP,REC,,BANT,226.0
2026-08-28,3040260752,3244897-4,FUEL CONTROL UNIT,PAMASP,OS concluída,,,
2026-08-28,3040260753,3244809-7,"FUEL CONTROL,MAIN,TURBINE ENGINE",PAMASP,OS concluída,,,
2026-08-28,3040260754,3244809-1,"FUEL CONTROL,MAIN,TURBINE ENGINE",PAMASP,REC,EM QUARENTENA,LEAP,226.0
2026-08-28,3040254794,C145-350,"MOTOR,DIRECT CURRENT",PAMALS,OS concluída,,,
2026-08-28,3040260913,064-1054-30,RECEIVER-TRANSMITTER SUBASSEMBLY,EPCAR,REC,REPARADO,V1 PAMA-LS,214.0
2026-08-28,3040260915,064-1054-30,RECEIVER-TRANSMITTER SUBASSEMBLY,PAMALS,REC,REPARADO,V1 PAMA-LS,214.0
2026-08-28,3040260811,3034792,BOMBA DE COMBUSTÍVEL,BAPV,REC,,BABR,212.0
2026-08-28,3040260812,3034792,BOMBA DE COMBUSTÍVEL,BACG,OS concluída,,,
2026-08-28,3040260922,162-11800,WHEEL HALF ASSY-OUTER,PAMALS,OS concluída,,,
2026-08-28,3040260923,030-18200,MAIN WHEEL BRAKE,BACO,REC,REPARADO,VEE ONE,212.0
2026-08-28,3040261389,3034792,BOMBA DE COMBUSTÍVEL,PAMASP,OS concluída,REPARADO,V1 PAMA-LS,
2026-08-28,3040261388,3034792,BOMBA DE COMBUSTÍVEL,BABR,OS concluída,,,
2026-08-28,3040261387,3034792,BOMBA DE COMBUSTÍVEL,BABR,OS concluída,,,
2026-08-28,3040261371,TFF2905-13,FUEL FLOW TRANSDUCER,ALA 8,REC,EM REPARO,WILLIAM,199.0
2026-08-28,3040261375,C661065-0240RX,"INDICATOR, AIRSPEED",BACG,REC,EM REPARO,WILLIAM,199.0
2026-08-28,3040261373,C661065-0240,AIRSPEED INDICATOR,BABE,REC,REPARADO,V1 PAMA-LS,199.0
2026-08-28,3040261322,011-00831-00,"ENGINE INTERFA,SPEC",BAPV,REC,REPARADO,VEE ONE,199.0
2026-08-28,3040261326,011-00882-10,"COMPUTER,AIR DATA",BAMN,OS concluída,,,
2026-08-28,3040261324,011-00882-10,"COMPUTER,AIR DATA",BAMN,OS concluída,,,
2026-08-28,3040261327,064-1054-30,RECEIVER-TRANSMITTER SUBASSEMBLY,PAMASP,REC,REPARADO,V1 PAMA-LS,199.0
2026-08-28,3040261336,066-01141-0101,"RECEIVER,RADIO",BANT,REC,REPARADO,V1 PAMA-LS,199.0
2026-08-28,3040261334,065-0065-01,SELECTOR ALT,BANT,REC,EM REPARO,WILLIAM,199.0
2026-08-28,3040261331,065-0061-36,ACTUATOR TRIM (KS272A),PAMASP,OS concluída,,BABR,
2026-08-28,3040261329,065-0061-36,ACTUATOR TRIM (KS272A),ALA 10,OS concluída,,,
2026-08-28,3040261335,065-0065-01,SELECTOR ALT,BANT,REC,EM REPARO,WILLIAM,199.0
2026-08-28,3040261342,066-3084-02,COLOR RADAR INDICATOR,BABV,REC,EM REPARO,WILLIAM,199.0
2026-08-28,3040261340,066-1053-00,"RECEIVER,RADIO",BASM,REC,REPARADO,V1 PAMA-LS,199.0
2026-08-28,3040261377,066-3054-01,INDICATOR RADAR ALTIMETER - TYPE KI250,PAMALS,REC,EM REPARO,WILLIAM,199.0
2026-08-28,3040261376,066-1061-03,RT RADAR ALTIM (KRA10A),PAMALS,REC,PARA REPARO,VEE ONE,199.0
2026-08-28,3040261352,1134380-4,EVAPORATOR MODULE ASSY-RH,BAMN,REC,CONDENADO,VEE ONE,199.0
2026-08-28,3040261347,071-1234-00,ANTENNA ACCESSORY,ALA 1,REC,EM REPARO,WILLIAM,199.0
2026-08-28,3040261344,066-4010-12,RECEIVER VOR/LOC (KNS81),ALA 10,REC,EM REPARO,WILLIAM,199.0
2026-08-28,3040261353,1H75-21,PRESSURE REGULATOR,BAMN,OS concluída,,BAMN,
2026-08-28,3040261357,2682001-1,BRAKE CYL MAST,BABE,OS concluída,,,
2026-08-28,3040261356,2670104-2,ANNUNCIATOR PANEL,PAMALS,REC,REPARADO,VEE ONE,199.0
2026-08-28,3040261355,2643100-201,NOSE GEAR STRUT ASSY - TALL FORK,BABR,OS concluída,,,
2026-08-28,3040261354,2643100-201,NOSE GEAR STRUT ASSY - TALL FORK,BANT,REC,EM REPARO,AV AERONAUTICA,199.0
2026-08-28,3040261364,8210-002-01,GOVERNOR PROPELLER,PAMASP,REC,REPARADO,VEE ONE,199.0
2026-08-28,3040261627,S3828-1,ALTIMETER,BAMN,REC,EM REPARO,WILLIAM,185.0
2026-08-28,3040261628,S3828-1,ALTIMETER,BABE,REC,REPARADO,V1 PAMA-LS,185.0
2026-08-28,3040261851,51539-012MRX,CONTROL UNIT ASSY-GENERATOR,BABE,REC,EM REPARO,VEE ONE,177.0
2026-08-28,3040261852,51539-012MRX,CONTROL UNIT ASSY-GENERATOR,BABE,REC,EM REPARO,VEE ONE,177.0
2026-08-28,3040261843,3034792,BOMBA DE COMBUSTÍVEL,PAMALS,REC,EM REPARO,VEE ONE,172.0
2026-08-28,3040262245,200SGL119Q-2,STARTER GENERATOR,BAMN,OS concluída,,,
2026-08-28,3040262246,200SGL119Q-2,STARTER GENERATOR,BAMN,OS concluída,,,
2026-08-28,3040262273,324843-W020,HEADSET-MICROPHONE,BABE,OS concluída,,,
2026-08-28,3040262275,324843-W020,HEADSET-MICROPHONE,BANT,OS concluída,,,
2026-08-28,3040262363,066-1055-00,AUDIO CONTROL PANEL,ALA 5,OS concluída,,,
2026-08-28,3040262367,066-1055-00,AUDIO CONTROL PANEL,ALA 9,REC,EM REPARO,WILLIAM,155.0
2026-08-28,3040262368,066-1055-00,AUDIO CONTROL PANEL,CLA,OS concluída,,,
2026-08-28,3040262372,51539-012M,CONTROL UNIT ASSY-GENERATOR,BANT,REC,,V1 PAMA-LS,155.0
2026-08-28,3040262371,51539-012N,CONTROL UNIT ASSY-GENERATOR,BANT,REC,REPARADO,V1 PAMA-LS,155.0
2026-08-28,3040262419,065-0061-36,ACTUATOR TRIM (KS272A),ALA 9,REC,EM REPARO,WILLIAM,150.0
2026-08-28,3040262734,C352,PORTABLE HALON FIRE EXTINGUISHERS,ALA 5,REC,EM REPARO,AV AERONAUTICA,137.0
2026-08-28,3040262738,C352TS,"EXTINGUISHER,FIRE",BANT,REC,,PROCURANDO,137.0
2026-08-28,3040262739,C352TS,"EXTINGUISHER,FIRE",BANT,REC,,PROCURANDO,137.0
2026-08-28,3040262740,C352TS,"EXTINGUISHER,FIRE",PAMALS,REC,,PROCURANDO,137.0
2026-08-28,3040262766,011-00883-20,RADAR GWX 68 WEATHER,BAMN,OS concluída,EM REPARO,VEE ONE,
2026-08-28,3040262765,011-00883-20,RADAR GWX 68 WEATHER,BAMN,REC,EM REPARO,VEE ONE,137.0
2026-08-28,3040262772,011-01020-10,AFCS MODE CONTROLLER GMC 710,BAMN,REC,EM REPARO,WILLIAM,137.0
2026-08-28,3040262770,011-01020-10,AFCS MODE CONTROLLER GMC 710,BAMN,REC,EM REPARO,WILLIAM,137.0
2026-08-28,3040262773,011-01020-10,AFCS MODE CONTROLLER GMC 710,BAMN,REC,EM REPARO,WILLIAM,137.0
2026-08-28,3040262746,066-1070-01,TRANSCEIVER DME (KN63),BABE,REC,EM REPARO,WILLIAM,137.0
2026-08-28,3040262745,064-1019-05,VHF TRANSCEIVE KY196,EEAR,REC,EM REPARO,VEE ONE,137.0
2026-08-28,3040262747,066-1072-00,RECEIVER ADF (KING KR87),ALA 7,REC,EM REPARO,WILLIAM,137.0
2026-08-28,3040262748,066-3046-07,"CONTROL,INDICATOR",BABR,REC,,BANT,137.0
2026-08-28,3040262769,066-3046-07,"CONTROL,INDICATOR",BABR,REC,,BANT,137.0
2026-08-28,3040262768,066-3046-07,"CONTROL,INDICATOR",EEAR,OS concluída,EM REPARO,LEAP,
2026-08-28,3040262767,066-3046-07,"CONTROL,INDICATOR",EEAR,REC,EM REPARO,LEAP,137.0
2026-08-28,3040262791,066-3060-00,IND RMI KNI582,BANT,REC,EM REPARO,LEAP,137.0
2026-08-28,3040262630,161-11700,INNER WHEEL HALF ASSY,BANT,REC,REPARADO,VEE ONE,137.0
2026-08-28,3040262792,066-3060-00,IND RMI KNI582,BANT,REC,EM REPARO,LEAP,137.0
2026-08-28,3040262634,162-10700,OUTER WHEEL HALF ASSY,BANT,REC,REPARADO,VEE ONE,137.0
2026-08-28,3040262632,161-12800,WHEEL HALF ASSY-INNER,BANT,OS concluída,REPARADO,VEE ONE,
2026-08-28,3040262633,161-12800,WHEEL HALF ASSY-INNER,BANT,REC,REPARADO,VEE ONE,137.0
2026-08-28,3040262635,162-11800,WHEEL HALF ASSY-OUTER,EPCAR,REC,REPARADO,VEE ONE,137.0
2026-08-28,3040262637,162-11800,WHEEL HALF ASSY-OUTER,BANT,REC,REPARADO,VEE ONE,137.0
2026-08-28,3040262636,162-11800,WHEEL HALF ASSY-OUTER,BANT,REC,REPARADO,VEE ONE,137.0
2026-08-28,3040262646,200SGL119Q,STARTER GENERATOR,PAMASP,OS concluída,,,
2026-08-28,3040262639,200SGL119Q,STARTER GENERATOR,PAMASP,OS concluída,,PAMA-LS,
2026-08-28,3040262638,200SGL119Q,STARTER GENERATOR,PAMALS,REC,EM REPARO,AV AERONAUTICA,137.0
2026-08-28,3040262757,2606015-2,IND OIL TEMP/P,PAMALS,REC,EM REPARO,VEE ONE,137.0
2026-08-28,3040262706,2641011-5,AXLE-MAIN GEAR,BAMN,REC,,BANT,137.0
2026-08-28,3040262707,2641011-5,AXLE-MAIN GEAR,BABV,REC,REPARADO,VEE ONE,137.0
2026-08-28,3040262717,2641011-5,AXLE-MAIN GEAR,BANT,REC,REPARADO,VEE ONE,137.0
2026-08-28,3040262714,2641011-5,AXLE-MAIN GEAR,BAPV,REC,,BANT,137.0
2026-08-28,3040262713,2641011-5,AXLE-MAIN GEAR,BAPV,REC,REPARADO,VEE ONE,137.0
2026-08-28,3040262712,2641011-5,AXLE-MAIN GEAR,BABR,REC,,BANT,137.0
2026-08-28,3040262711,2641011-5,AXLE-MAIN GEAR,BABR,REC,,BANT,137.0
2026-08-28,3040262709,2641011-5,AXLE-MAIN GEAR,PAMALS,REC,,BANT,137.0
2026-08-28,3040262708,2641011-5,AXLE-MAIN GEAR,PAMALS,REC,,BANT,137.0
2026-08-28,3040262744,3244809-1A,F.C.U,PAMALS,REC,EM REPARO,LEAP,137.0
2026-08-28,3040262758,9910338-4,FUEL TOTALIZER INDICATOR,PAMALS,REC,EM REPARO,VEE ONE,137.0
2026-08-28,3040262759,9910338-6,"TRANSMITTER,RATE OF FLOW",BAMN,REC,EM REPARO,WILLIAM,137.0
2026-08-28,3040262760,9910338-6,"TRANSMITTER,RATE OF FLOW",BANT,REC,EM REPARO,VEE ONE,137.0
2026-08-28,3040262966,2682001-1,BRAKE CYL MAST,BACO,OS concluída,,PAMA-LS,
2026-08-28,3040262967,2682001-1,BRAKE CYL MAST,PAMALS,REC,REPARADO,V1 PAMA-LS,135.0
2026-08-28,3040262968,2682001-1,BRAKE CYL MAST,BANT,OS concluída,,PAMA-LS,
2026-08-28,3040262969,2682001-1,BRAKE CYL MAST,BABE,REC,REPARADO,V1 PAMA-LS,135.0
2026-08-28,3040263069,453-5060,ELT C406-N,BABE,OS concluída,,,
2026-08-28,3040263283,D145-00-46-2,FLAP ACTUATOR ASSY,PAMALS,REC,EM REPARO,LEAP,120.0
2026-08-28,3040263284,D145-00-46-2,FLAP ACTUATOR ASSY,BAFL,REC,EM REPARO,LEAP,120.0
2026-08-28,3040263324,069-01033-0101,"RECEIVER-TRANSMITTER,RADIO",PAMALS,REC,EM REPARO,LEAP,120.0
2026-08-28,3040263287,C661065-0237,AIRSPEED INDICATOR,BABR,REC,REPARADO,VEE ONE,120.0
2026-08-28,3040263288,C661065-0237,AIRSPEED INDICATOR,PAMASP,REC,REPARADO,VEE ONE,120.0
2026-08-28,3040263314,060-0017-00,FLIGHT DIR HOR,EEAR,REC,EM REPARO,LEAP,120.0
2026-08-28,3040263319,066-1055-00,AUDIO CONTROL PANEL,BABE,REC,REPARADO,VEE ONE,120.0
2026-08-28,3040263317,060-0017-00,FLIGHT DIR HOR,PAMASP,REC,,BANT,120.0
2026-08-28,3040263316,060-0017-00,FLIGHT DIR HOR,BANT,REC,,BANT,120.0
2026-08-28,3040263320,066-1055-00,AUDIO CONTROL PANEL,PAMALS,REC,EM REPARO,AV AERONAUTICA,120.0
2026-08-28,3040263325,069-01033-0101,"RECEIVER-TRANSMITTER,RADIO",PAMALS,REC,,PROCURANDO,120.0
2026-08-28,3040263335,C611008-0101,ALTERNATOR CONTROL UNIT,PAMALS,REC,EM REPARO,AV AERONAUTICA,120.0
2026-08-28,3040263336,C611008-0101,ALTERNATOR CONTROL UNIT,PAMALS,REC,EM REPARO,AV AERONAUTICA,120.0
2026-08-28,3040263286,C661065-0237,AIRSPEED INDICATOR,BANT,REC,DEVOLVIDO NO ESTADO,WILLIAM,120.0
2026-08-28,3040263322,066-1055-00,AUDIO CONTROL PANEL,ALA 9,REC,EM REPARO,WILLIAM,120.0
2026-08-28,3040263326,069-01033-0101,"RECEIVER-TRANSMITTER,RADIO",PAMALS,REC,,BANT,120.0
2026-08-28,3040263315,060-0017-00,FLIGHT DIR HOR,BACG,OS concluída,,BABR,
2026-08-28,3040263334,011-00916-10,"DISPLAY UNIT,FLIGHT INFORMATION",BACO,REC,VAI SER DEVOLVIDO SEM REPARO,WILLIAM,120.0
2026-08-28,3040263333,011-00916-10,"DISPLAY UNIT,FLIGHT INFORMATION",BACO,OS concluída,EM REPARO,WILLIAM,
2026-08-28,3040263332,011-00916-10,"DISPLAY UNIT,FLIGHT INFORMATION",BAMN,OS concluída,EM REPARO,WILLIAM,
2026-08-28,3040263331,C661064-0237,AIRSPEED INDICATOR,PAMALS,REC,VAI SER DEVOLVIDO SEM REPARO,WILLIAM,120.0
2026-08-28,3040263329,C661064-0237,AIRSPEED INDICATOR,PAMALS,REC,EM REPARO,WILLIAM,120.0
2026-08-28,3040263328,C661064-0237,AIRSPEED INDICATOR,BABR,REC,EM REPARO,WILLIAM,120.0
2026-08-28,3040263327,C661064-0237,AIRSPEED INDICATOR,BABR,REC,EM REPARO,WILLIAM,120.0
2026-08-28,3040263330,C661064-0237,AIRSPEED INDICATOR,PAMALS,REC,EM REPARO,WILLIAM,120.0
2026-08-28,3040263338,C611008-0101,ALTERNATOR CONTROL UNIT,PAMALS,REC,REPARADO,V1 PAMA-LS,120.0
2026-08-28,3040263433,066-03064-0005,"ALTIMETER,SERVO CONTROLLED,AUTOMATIC PRESSURE",BACG,REC,EM REPARO,WILLIAM,114.0
2026-08-28,3040263435,066-03064-0005,"ALTIMETER,SERVO CONTROLLED,AUTOMATIC PRESSURE",BANT,REC,EM REPARO,WILLIAM,114.0
2026-08-28,3040263434,066-03064-0005,"ALTIMETER,SERVO CONTROLLED,AUTOMATIC PRESSURE",PAMASP,REC,VAI SER DEVOLVIDO SEM REPARO,WILLIAM,114.0
2026-08-28,3040263417,069-01033-0101,"RECEIVER-TRANSMITTER,RADIO",PAMALS,REC,EM REPARO,WILLIAM,114.0
2026-08-28,3040263416,069-01033-0101,"RECEIVER-TRANSMITTER,RADIO",BASM,REC,EM REPARO,WILLIAM,114.0
2026-08-28,3040263415,069-01033-0101,"RECEIVER-TRANSMITTER,RADIO",BABR,REC,,BANT,114.0
2026-08-28,3040263447,066-3046-07,"CONTROL,INDICATOR",CLA,OS concluída,,BABR,
2026-08-28,3040263443,3244897-4,FUEL CONTROL UNIT,PAMALS,REC,EM REPARO,LEAP,113.0
2026-08-28,3040263444,3244897-4,FUEL CONTROL UNIT,PAMALS,REC,EM REPARO,LEAP,113.0
2026-08-28,3040263577,060-0015-00,"CONTROL,DIRECTIONAL,AUTOMATIC PILOT",ALA 5,REC,EM REPARO,WILLIAM,108.0
2026-08-28,3040263574,066-1072-04,"RECEIVER,RADIO",BABE,REC,EM REPARO,WILLIAM,108.0
2026-08-28,3040263576,066-1072-04,"RECEIVER,RADIO",BAMN,OS concluída,DEVOLVIDO NO ESTADO,WILLIAM,
2026-08-28,3040263575,066-1072-04,"RECEIVER,RADIO",BABE,REC,EM REPARO,WILLIAM,108.0
2026-08-28,3040263573,066-3084-32,IND RDR 2000 IN-182A,PAMALS,REC,,BABR,108.0
2026-08-28,3040263571,066-3084-32,IND RDR 2000 IN-182A,PAMALS,REC,EM REPARO,WILLIAM,108.0
2026-08-28,3040263572,066-3084-32,IND RDR 2000 IN-182A,PAMALS,REC,EM REPARO,WILLIAM,108.0
2026-08-28,3040263448,2618510-10,ALTERNATOR CONTROL UNIT ASSY,BABE,REC,EM REPARO,WILLIAM,108.0
2026-08-28,3040263449,2618510-10,ALTERNATOR CONTROL UNIT ASSY,PAMALS,REC,EM REPARO,WILLIAM,108.0
2026-08-28,3040263877,2641011-5,AXLE-MAIN GEAR,CLA,REC,EM REPARO,LEAP,98.0
2026-08-28,3040263878,2641011-5,AXLE-MAIN GEAR,CLA,REC,EM REPARO,LEAP,98.0
2026-08-28,3040264243,069-01033-0101,"RECEIVER-TRANSMITTER,RADIO",PAMALS,REC,EM REPARO,WILLIAM,91.0
2026-08-28,3040264244,069-01033-0101,"RECEIVER-TRANSMITTER,RADIO",PAMASP,REC,EM REPARO,WILLIAM,91.0
2026-08-28,3040264246,060-0017-00,FLIGHT DIR HOR,PAMALS,REC,EM REPARO,WILLIAM,91.0
2026-08-28,3040264237,200SGL119Q-2,STARTER GENERATOR,BAMN,REC,EM REPARO,AV AERONAUTICA,91.0
2026-08-28,3040264236,200SGL119Q-2,STARTER GENERATOR,BABE,OS concluída,,BABE,
2026-08-28,3040264121,3244897-4,FUEL CONTROL UNIT,BABE,OS concluída,EM REPARO,LEAP,
2026-08-28,3040264263,9910338-8,"INDICATOR,FUEL FLOW",PAMALS,OS concluída,,BABR,
2026-08-28,3040264262,9910338-8,"INDICATOR,FUEL FLOW",BABV,REC,EM REPARO,WILLIAM,91.0
2026-08-28,3040264242,324843-2020,HEADSET-MICROPHONE,BABE,OS concluída,EM REPARO,WILLIAM,
2026-08-28,3040264264,324843-2020,HEADSET-MICROPHONE,DACTA II,OS concluída,EM REPARO,WILLIAM,
2026-08-28,3040264238,324843-2020,HEADSET-MICROPHONE,DACTA II,OS concluída,EM REPARO,WILLIAM,
2026-08-28,3040264241,324843-2020,HEADSET-MICROPHONE,DACTA II,OS concluída,EM REPARO,WILLIAM,
2026-08-28,3040264240,324843-2020,HEADSET-MICROPHONE,DACTA II,OS concluída,EM REPARO,WILLIAM,
2026-08-28,3040264122,3244809-8,"FUEL CONTROL,MAIN,TURBINE ENGINE",BABE,OS concluída,,BABR,
2026-08-28,3040263797,066-3046-07,"CONTROL,INDICATOR",BABE,REC,EM REPARO,WILLIAM,91.0
2026-08-28,3040263798,066-3046-07,"CONTROL,INDICATOR",PAMASP,OS concluída,EM REPARO,WILLIAM,
2026-08-28,3040263799,066-3046-07,"CONTROL,INDICATOR",PAMASP,REC,EM REPARO,WILLIAM,91.0
2026-08-28,3040263795,071-01519-0101,"RECEIVER-EXCITER,RADAR",PAMALS,REC,,PROCURANDO,91.0
2026-08-28,3040263796,071-01519-0101,"RECEIVER-EXCITER,RADAR",PAMALS,REC,,PROCURANDO,91.0
2026-08-28,3040264579,060-0017-00,FLIGHT DIR HOR,BABR,OS concluída,,,
2026-08-28,3040264577,060-0017-00,FLIGHT DIR HOR,PAMALS,REC,,,79.0
2026-08-28,3040264573,060-0017-00,FLIGHT DIR HOR,BANT,REC,,,79.0
2026-08-28,3040264574,060-0017-00,FLIGHT DIR HOR,BANT,REC,,,79.0
2026-08-28,3040264576,060-0017-00,FLIGHT DIR HOR,PAMALS,REC,,,79.0
2026-08-28,3040264572,060-0017-00,FLIGHT DIR HOR,PAMASP,REC,,,79.0
2026-08-28,3040264647,1H75-21,PRESSURE REGULATOR,BAMN,REC,,,74.0
2026-08-28,3040264646,1H75-21,PRESSURE REGULATOR,PAMASP,REC,,,74.0
2026-08-28,3040264645,1H75-21,PRESSURE REGULATOR,PAMASP,REC,,,74.0
2026-08-28,3040264643,1H75-21,PRESSURE REGULATOR,PAMASP,REC,,,74.0
2026-08-28,3040264707,3244809-7,"FUEL CONTROL,MAIN,TURBINE ENGINE",BABE,OS concluída,,,
2026-08-28,3040264709,540-1407-4,"VALVE,BLEED,TURBINEENGINE",PAMASP,REC,,,74.0
2026-08-28,3040264710,200SGL153Q,"STARTER-GENERATOR,ENGINE,AIRCRAFT",CLA,OS concluída,,,
2026-08-28,3040264711,200SGL153Q,"STARTER-GENERATOR,ENGINE,AIRCRAFT",PAMASP,OS concluída,,,
2026-08-28,3040264712,200SGL153Q,"STARTER-GENERATOR,ENGINE,AIRCRAFT",BACG,REC,,,74.0
2026-08-28,3040264718,9910338-8,"INDICATOR,FUEL FLOW",PAMALS,REC,,,74.0
2026-08-28,3040264719,S3326-2,"INDICATOR,HORIZONTAL SITUATION",ALA 8,REC,,,74.0
2026-08-28,3040264720,S3326-2,"INDICATOR,HORIZONTAL SITUATION",PAMALS,REC,,,74.0
2026-08-28,3040264721,S3326-2,"INDICATOR,HORIZONTAL SITUATION",PAMASP,REC,,,74.0
2026-08-28,3040264724,2606013-1AM,INDICADOR PERCENTUAL RPM,BABV,REC,,,74.0
2026-08-28,3040264725,2606013-1AM,INDICADOR PERCENTUAL RPM,BABR,REC,,,74.0
2026-08-28,3040264726,2606015-4,INDICATOR-OIL TEMP/OIL PRESS,BANT,REC,,,74.0
2026-08-28,3040264727,C661051-0201,GYRO HORIZON,ALA 10,REC,,,74.0
2026-08-28,3040264728,504-0111-906,GYRO HORIZON,PAMALS,OS concluída,,,
2026-08-28,3040264729,504-0111-906,GYRO HORIZON,BACG,OS concluída,,,
2026-08-28,3040264730,8210-003,"GOVERNOR,FUEL CONTROL",PAMASP,REC,,,74.0
2026-08-28,3040264731,8210-002,"GOVERNOR,CONSTANT SPEED DRIVE",PAMASP,REC,,,74.0
2026-08-28,3040264732,8210-002,"GOVERNOR,CONSTANT SPEED DRIVE",BAMN,REC,,,74.0
2026-08-28,3040264733,030-18200,MAIN WHEEL BRAKE,BAMN,REC,,,74.0
2026-08-28,3040264734,030-18200,MAIN WHEEL BRAKE,BAMN,REC,,,74.0
2026-08-28,3040264735,161-11700,INNER WHEEL HALF ASSY,PAMALS,REC,,,74.0
2026-08-28,3040264736,161-12800,WHEEL HALF ASSY-INNER,BABR,REC,,,74.0
2026-08-28,3040264737,161-12800,WHEEL HALF ASSY-INNER,PAMALS,AUT,,,74.0
2026-08-28,3040264738,162-10700,OUTER WHEEL HALF ASSY,BACO,AUT,,,74.0
2026-08-28,3040264807,011-01105-01,INTEGRATED AVIONICS UNIT GIA63W,ALA 8,REC,,,66.0
2026-08-28,3040264808,011-01105-01,INTEGRATED AVIONICS UNIT GIA63W,BAMN,REC,,,66.0
2026-08-28,3040264907,011-00916-10,"DISPLAY UNIT,FLIGHT INFORMATION",BAMN,REC,,,59.0
2026-08-28,3040264908,011-00916-10,"DISPLAY UNIT,FLIGHT INFORMATION",BABV,OS concluída,,,
2026-08-28,3040264974,3244809-8,"FUEL CONTROL,MAIN,TURBINE ENGINE",BAMN,REC,,,57.0
2026-08-28,3040264961,3244897-4,FUEL CONTROL UNIT,CLA,OS concluída,,,
2026-08-28,3040264960,3034792,BOMBA DE COMBUSTÍVEL,CLA,REC,,,57.0
2026-08-28,3040265144,011-01020-10,AFCS MODE CONTROLLER GMC 710,BABE,REC,,,51.0
2026-08-28,3040265140,011-01020-10,AFCS MODE CONTROLLER GMC 710,BABE,REC,,,51.0
2026-08-28,3040265482,066-3084-32,IND RDR 2000 IN-182A,BABR,REC,,,36.0
2026-08-28,3040265484,066-3084-32,IND RDR 2000 IN-182A,BANT,REC,,,36.0
2026-08-28,3040265485,066-3084-32,IND RDR 2000 IN-182A,BABR,REC,,,36.0
2026-08-28,3040265526,ASG12000-2,ALTERNATOR,PAMALS,REC,,,32.0
2026-08-28,3040265525,ASG12000-2,ALTERNATOR,BABR,REC,,,32.0
2026-08-28,3040265527,9910592-2,ALTERNADOR,BABR,REC,,,32.0
2026-08-28,3040265533,3122678-04,FUEL CONTROL UNIT,BABR,REC,,,32.0
2026-08-28,3040265532,C611505-0201,ALTERNATOR,BANT,REC,,,32.0
2026-08-28,3040265530,C611505-0201,ALTERNATOR,BABV,REC,,,32.0
2026-08-28,3040265528,9910592-2,ALTERNADOR,BABR,REC,,,32.0
2026-08-28,3040265724,3244897-4,FUEL CONTROL UNIT,CLA,REC,,,31.0
2026-08-28,3040265474,C611008-0101,ALTERNATOR CONTROL UNIT,PAMALS,REC,,,29.0
2026-08-28,3040265475,C611008-0101,ALTERNATOR CONTROL UNIT,BABV,REC,,,29.0
2026-08-28,3040265476,C611008-0101,ALTERNATOR CONTROL UNIT,PAMALS,REC,,,29.0
2026-08-28,3040265477,C611008-0101,ALTERNATOR CONTROL UNIT,PAMALS,REC,,,29.0
2026-08-28,3040265576,011-00916-10,"DISPLAY UNIT,FLIGHT INFORMATION",BAMN,REC,,,28.0
2026-08-28,3040265580,011-00916-00,DISPLAY UNIT GDU 1040A,PAMALS,REC,,,32.0
2026-08-28,3040265581,011-00916-00,DISPLAY UNIT GDU 1040A,PAMALS,REC,,,32.0
2026-08-28,3040265589,EA-5175-52-CES,INDICATOR TRUE,BABV,REC,,,32.0
2026-08-28,3040265590,EA-5175-52-CES,INDICATOR TRUE,BASM,REC,,,32.0
2026-08-28,3040265591,EA-5175-52-CES,INDICATOR TRUE,BABV,REC,,,32.0
2026-08-28,3040265592,EA-5175-52-CES,INDICATOR TRUE,BABV,REC,,,32.0
2026-08-28,3040265668,9910592-2,ALTERNADOR,PAMALS,REC,,,32.0
2026-08-28,3040265678,9910592-2,ALTERNADOR,BAMN,REC,,,32.0
2026-08-28,3040265679,C611505-0201,ALTERNATOR,PAMALS,REC,,,32.0
2026-08-28,3040265680,C611505-0201,ALTERNATOR,ALA 8,REC,,,32.0
2026-08-28,3040265726,071-01519-0101,"RECEIVER-EXCITER,RADAR",PAMALS,REC,,,31.0
2026-08-28,3040265727,071-01519-0101,"RECEIVER-EXCITER,RADAR",CLA,REC,,,31.0
2026-08-28,3040265728,C163030-1001,MAIN W BRAKE A,BAMN,REC,,,31.0
2026-08-28,3040265731,066-3046-07,"CONTROL,INDICATOR",BABR,REC,,,31.0
2026-08-28,3040265732,066-3046-07,"CONTROL,INDICATOR",BANT,REC,,,31.0
2026-08-28,3040265734,066-3046-07,"CONTROL,INDICATOR",EEAR,REC,,,31.0
2026-08-28,3040265735,066-3046-07,"CONTROL,INDICATOR",CLA,REC,,,31.0
2026-08-28,3040265736,C611008-0101,ALTERNATOR CONTROL UNIT,BABV,REC,,,31.0
2026-08-28,3040265737,C611008-0101,ALTERNATOR CONTROL UNIT,EEAR,REC,,,31.0
2026-08-28,3040265738,C611008-0101,ALTERNATOR CONTROL UNIT,PAMALS,REC,,,31.0
2026-08-28,3040265739,C611008-0101,ALTERNATOR CONTROL UNIT,BANT,REC,,,31.0
2026-08-28,3040265740,C611008-0101,ALTERNATOR CONTROL UNIT,BABE,REC,,,31.0
2026-08-28,3040265741,C611008-0101,ALTERNATOR CONTROL UNIT,BABR,REC,,,31.0
2026-08-28,3040265742,066-1072-04,"RECEIVER,RADIO",BACG,REC,,,31.0
2026-08-28,3040265743,066-1072-04,"RECEIVER,RADIO",BAMN,REC,,,31.0
2026-08-28,3040265744,066-1072-04,"RECEIVER,RADIO",PAMALS,REC,,,31.0
2026-08-28,3040265745,066-3084-32,IND RDR 2000 IN-182A,PAMALS,REC,,,31.0
2026-08-28,3040265746,066-3084-32,IND RDR 2000 IN-182A,PAMALS,REC,,,31.0
2026-08-28,3040265747,30994-001,BATTERY-MARATHON TSP410 NICAD,PAMALS,AUT,,,31.0
2026-08-28,3040265748,30994-001,BATTERY-MARATHON TSP410 NICAD,PAMALS,AUT,,,31.0
2026-08-28,3040265749,30994-001,BATTERY-MARATHON TSP410 NICAD,PAMALS,AUT,,,31.0
2026-08-28,3040265750,30994-001,BATTERY-MARATHON TSP410 NICAD,PAMALS,AUT,,,31.0
2026-08-28,3040265751,30994-001,BATTERY-MARATHON TSP410 NICAD,PAMALS,AUT,,,31.0
2026-08-28,3040265752,2641011-5,AXLE-MAIN GEAR,BAMN,REC,,,31.0
2026-08-28,3040265753,2641011-5,AXLE-MAIN GEAR,BAMN,REC,,,31.0
2026-08-28,3040265754,161-11700,INNER WHEEL HALF ASSY,BACO,AUT,,,31.0
2026-08-28,3040265755,161-12800,WHEEL HALF ASSY-INNER,BABE,REC,,,31.0
2026-08-28,3040265757,066-01141-0101,"RECEIVER,RADIO",PAMALS,REC,,,31.0
2026-08-28,3040265758,066-01141-0101,"RECEIVER,RADIO",PAMALS,REC,,,31.0
2026-08-28,3040265759,C660501-0103,"COMPASS,SPEC",DACTA II,AUT,,,31.0
2026-08-28,3040265769,023694-000,BATTERY NICKEL CADMIUM,BAPV,REC,,,30.0
2026-08-28,3040265771,2651023-23,ENGINE MOUNT ASSEMBLY,PAMALS,REC,,,30.0
2026-08-28,3040265772,2651023-23,ENGINE MOUNT ASSEMBLY,PAMALS,REC,,,30.0
2026-08-28,3040265892,324843-0020,HEADSET-MICROPHONE,PAMALS,REC,,,25.0
2026-08-28,3040265893,324843-0020,HEADSET-MICROPHONE,PAMALS,OS concluída,,,
2026-08-28,3040265894,324843-0020,HEADSET-MICROPHONE,PAMALS,REC,,,25.0
2026-08-28,3040265895,324843-0020,HEADSET-MICROPHONE,PAMALS,REC,,,25.0
2026-08-28,3040265946,011-00870-00,MAGNETOMETER GMU 44,BAMN,REC,,,22.0
2026-08-28,3040265947,011-00870-00,MAGNETOMETER GMU 44,BAMN,REC,,,22.0
2026-08-28,3040266034,C662041-0102,INDICATOR FUEL,BABE,REC,,,18.0
2026-08-28,3040266040,C662041-0102,INDICATOR FUEL,PAMALS,REC,,,18.0
2026-08-28,3040266036,C662041-0102,INDICATOR FUEL,PAMALS,REC,,,18.0
2026-08-28,3040266035,C662041-0102,INDICATOR FUEL,PAMALS,REC,,,10.0
2026-08-28,3040266039,C662041-0102,INDICATOR FUEL,BANT,REC,,,10.0
2026-08-28,3040266041,C662041-0102,INDICATOR FUEL,PAMALS,REC,,,10.0
2026-08-28,3040266307,069-01033-0101,"RECEIVER-TRANSMITTER,RADIO",PAMALS,REC,,,8.0
2026-08-28,3040266308,069-01033-0101,"RECEIVER-TRANSMITTER,RADIO",BANT,REC,,,8.0
2026-08-28,3040266306,069-01033-0101,"RECEIVER-TRANSMITTER,RADIO",BACG,REC,,,8.0
2026-08-29,3040249831,066-01141-5101,"RECEIVER-TRANSMITTER,RADIO (KT71)",PAMALS,REC,EM REPARO,LEAP,565.0
2026-08-29,3040250248,452-0133,"BATTERY,NONRECHARGEABLE",BABR,REC,CONDENADO,VEE ONE,549.0
2026-08-29,3040250249,452-0133,"BATTERY,NONRECHARGEABLE",BAMN,REC,CONDENADO,VEE ONE,549.0
2026-08-29,3040250234,3034792,BOMBA DE COMBUSTÍVEL,PAMALS,REC,,BANT,549.0
2026-08-29,3040250816,453-5060,"BEACON,DISTRESS",BAMN,REC,,PAMA-LS,527.0
2026-08-29,3040250830,799-1,TRANSDUCER,BACO,REC,,BANT,527.0
2026-08-29,3040250829,51539-012N,CONTROL UNIT ASSY-GENERATOR,BAMN,OS concluída,,,
2026-08-29,3040250828,51539-012N,CONTROL UNIT ASSY-GENERATOR,BACG,REC,,BABR,527.0
2026-08-29,3040250827,51539-012N,CONTROL UNIT ASSY-GENERATOR,BANT,REC,,BABR,527.0
2026-08-29,3040250831,799-1,TRANSDUCER,BANT,REC,,BANT,527.0
2026-08-29,3040250833,9910586-4,FLAP ACTUATOR AND MOTOR ASSEMBLY,ALA 3,REC,,BAMN,527.0
2026-08-29,3040250834,9910586-4,FLAP ACTUATOR AND MOTOR ASSEMBLY,ALA 3,OS concluída,,,
2026-08-29,3040250832,9910338-4,FUEL TOTALIZER INDICATOR,EEAR,REC,,PAMA-LS,527.0
2026-08-29,3040250835,ASG12000-2,ALTERNATOR,ALA 5,REC,REPARADO,V1 PAMA-LS,527.0
2026-08-29,3040250841,C661030-0301,TURN BANK,PAMALS,REC,EM REPARO,LEAP,527.0
2026-08-29,3040250842,C662041-0102,INDICATOR FUEL,ALA 5,REC,,PAMA-LS,527.0
2026-08-29,3040250844,C662041-0102,INDICATOR FUEL,ALA 9,REC,,PAMA-LS,527.0
2026-08-29,3040250843,C662041-0102,INDICATOR FUEL,ALA 10,OS concluída,,,
2026-08-29,3040250719,060-0017-00,FLIGHT DIR HOR,PAMALS,REC,,BANT,527.0
2026-08-29,3040250720,060-0017-00,FLIGHT DIR HOR,BABV,OS concluída,,,
2026-08-29,3040250722,066-01141-5101,"RECEIVER-TRANSMITTER,RADIO (KT71)",ALA 9,REC,EM REPARO,WILLIAM,527.0
2026-08-29,3040250723,066-01141-5101,"RECEIVER-TRANSMITTER,RADIO (KT71)",CLA,REC,,BABR,527.0
2026-08-29,3040250721,060-0017-00,FLIGHT DIR HOR,BANT,OS concluída,,,
2026-08-29,3040250725,066-3046-07,"CONTROL,INDICATOR",ALA 10,OS concluída,,,
2026-08-29,3040250724,066-04035-1101,"DISPLAY UNIT,RADAR",PAMALS,REC,,BANT,527.0
2026-08-29,3040250732,069-1025-25,"RECEIVER-TRANSMITTER,RADIO - KX165",PAMALS,REC,EM REPARO,WILLIAM,527.0
2026-08-29,3040250782,2606012-1,INDICATOR-INTER-TURBINE TEMPERATURE,ALA 9,OS concluída,,,
2026-08-29,3040250775,161-11700,INNER WHEEL HALF ASSY,BABE,OS concluída,,,
2026-08-29,3040250773,161-11700,INNER WHEEL HALF ASSY,EEAR,REC,,BACG,527.0
2026-08-29,3040250718,030-18200,MAIN WHEEL BRAKE,BACO,OS concluída,,,
2026-08-29,3040250716,030-18200,MAIN WHEEL BRAKE,BABV,REC,EM REPARO,LEAP,527.0
2026-08-29,3040250717,030-18200,MAIN WHEEL BRAKE,BACO,OS concluída,,,
2026-08-29,3040250780,162-11800,WHEEL HALF ASSY-OUTER,PAMALS,OS concluída,,,
2026-08-29,3040250781,162-11800,WHEEL HALF ASSY-OUTER,BACG,OS concluída,,,
2026-08-29,3040250778,161-12800,WHEEL HALF ASSY-INNER,BACG,OS concluída,,,
2026-08-29,3040250776,161-12800,WHEEL HALF ASSY-INNER,BABE,OS concluída,,,
2026-08-29,3040250790,2643031-7,"FORK ASSY,NOSE GEAR SPRING",BAMN,OS concluída,,,
2026-08-29,3040250791,2643090-1,SHIMMY DAMPENE,BANT,REC,EM REPARO,AV AERONAUTICA,527.0
2026-08-29,3040250792,2643090-1,SHIMMY DAMPENE,BAMN,REC,REPARADO,V1 PAMA-LS,527.0
2026-08-29,3040250789,2641012-14,TRUNNION ASSY-RH-MAIN GEAR,PAMASP,OS concluída,,,
2026-08-29,3040250793,2643099-4,"SUPPORT ASSY FOWARD, NLG SPRING",BAMN,OS concluída,,,
2026-08-29,3040250798,30994-001,BATTERY-MARATHON TSP410 NICAD,BANT,OS concluída,CONDENADO,AMA - VEE ONE,
2026-08-29,3040252191,C611008-0101,ALTERNATOR CONTROL UNIT,PAMALS,REC,,BABR,494.0
2026-08-29,3040252159,011-00916-00,DISPLAY UNIT GDU 1040A,BAMN,REC,,BAMN,494.0
2026-08-29,3040252161,065-0042-03,COMPUTER PA,ALA 10,REC,EM REPARO,WILLIAM,494.0
2026-08-29,3040252162,065-0042-03,COMPUTER PA,EEAR,REC,,BABE,494.0
2026-08-29,3040252164,065-0042-03,COMPUTER PA,EEAR,REC,EM REPARO,WILLIAM,494.0
2026-08-29,3040252165,065-0042-03,COMPUTER PA,PAMALS,OS concluída,,,
2026-08-29,3040252166,065-0059-01,SERVO PITCH,EEAR,REC,EM REPARO,WILLIAM,494.0
2026-08-29,3040252168,066-03064-0005,"ALTIMETER,SERVO CONTROLLED,AUTOMATIC PRESSURE",ALA 9,OS concluída,,,
2026-08-29,3040252173,066-03064-0005,"ALTIMETER,SERVO CONTROLLED,AUTOMATIC PRESSURE",BANT,REC,EM REPARO,LEAP,494.0
2026-08-29,3040252172,066-03064-0005,"ALTIMETER,SERVO CONTROLLED,AUTOMATIC PRESSURE",PAMALS,REC,NO ESTADO,VEE ONE,494.0
2026-08-29,3040252170,066-03064-0005,"ALTIMETER,SERVO CONTROLLED,AUTOMATIC PRESSURE",ALA 7,REC,NO ESTADO,VEE ONE,494.0
2026-08-29,3040252178,066-1072-00,RECEIVER ADF (KING KR87),PAMALS,OS concluída,,,
2026-08-29,3040252182,066-1072-04,"RECEIVER,RADIO",ALA 9,OS concluída,,,
2026-08-29,3040252181,066-1072-04,"RECEIVER,RADIO",PAMASP,REC,EM REPARO,WILLIAM,494.0
2026-08-29,3040252180,066-1072-04,"RECEIVER,RADIO",ALA 8,OS concluída,,,
2026-08-29,3040252185,066-1072-04,"RECEIVER,RADIO",BAMN,OS concluída,,,
2026-08-29,3040252189,9910338-6,"TRANSMITTER,RATE OF FLOW",ALA 8,OS concluída,,,
2026-08-29,3040252190,9910338-6,"TRANSMITTER,RATE OF FLOW",BABR,OS concluída,,,
2026-08-29,3040252160,011-01020-10,AFCS MODE CONTROLLER GMC 710,BAMN,OS concluída,,,
2026-08-29,3040252939,C163030-1001,MAIN W BRAKE A,BABV,REC,,BAMN,464.0
2026-08-29,3040252936,030-18200,MAIN WHEEL BRAKE,BACO,REC,,PAMA-LS,464.0
2026-08-29,3040252935,030-18200,MAIN WHEEL BRAKE,BAMN,OS concluída,,,
2026-08-29,3040252940,30-182,MAIN WHEEL BRAKE,BABV,OS concluída,,,
2026-08-29,3040252942,30-182,MAIN WHEEL BRAKE,BAMN,OS concluída,,,
2026-08-29,3040252943,30-182,MAIN WHEEL BRAKE,BAMN,OS concluída,,,
2026-08-29,3040253170,161-12800,WHEEL HALF ASSY-INNER,BASM,OS concluída,,,
2026-08-29,3040253168,161-12800,WHEEL HALF ASSY-INNER,BASM,REC,REPARADO,VEE ONE,460.0
2026-08-29,3040253172,161-12800,WHEEL HALF ASSY-INNER,PAMALS,REC,,PROCURANDO,460.0
2026-08-29,3040253174,161-12800,WHEEL HALF ASSY-INNER,PAMALS,OS concluída,,,
2026-08-29,3040253173,161-12800,WHEEL HALF ASSY-INNER,PAMALS,REC,EM REPARO,LEAP,460.0
2026-08-29,3040253176,162-10700,OUTER WHEEL HALF ASSY,BABE,OS concluída,,,
2026-08-29,3040253177,162-10700,OUTER WHEEL HALF ASSY,BABV,REC,REPARADO,VEE ONE,460.0
2026-08-29,3040253178,162-10700,OUTER WHEEL HALF ASSY,PAMALS,REC,,PROCURANDO,460.0
2026-08-29,3040253179,162-11800,WHEEL HALF ASSY-OUTER,CLA,OS concluída,,,
2026-08-29,3040253181,162-11800,WHEEL HALF ASSY-OUTER,PAMALS,OS concluída,,,
2026-08-29,3040253180,162-11800,WHEEL HALF ASSY-OUTER,BASM,REC,,PROCURANDO,460.0
2026-08-29,3040253182,162-11800,WHEEL HALF ASSY-OUTER,PAMALS,REC,REPARADO,VEE ONE,460.0
2026-08-29,3040253536,2641012-14,TRUNNION ASSY-RH-MAIN GEAR,PAMALS,OS concluída,,,
2026-08-29,3040253529,066-03064-0005,"ALTIMETER,SERVO CONTROLLED,AUTOMATIC PRESSURE",DSM-MN,REC,DEVOLVIDO NO ESTADO,WILLIAM,450.0
2026-08-29,3040253528,066-03064-0005,"ALTIMETER,SERVO CONTROLLED,AUTOMATIC PRESSURE",BANT,OS concluída,,,
2026-08-29,3040253532,799-1,TRANSDUCER,PAMALS,REC,,BANT,450.0
2026-08-29,3040253535,2643099-4,"SUPPORT ASSY FOWARD, NLG SPRING",BABE,REC,CONDENADO,VEE ONE,450.0
2026-08-29,3040253531,799-1,TRANSDUCER,BAMN,REC,,VEE ONE,450.0
2026-08-29,3040253530,799-1,TRANSDUCER,BAMN,REC,,BANT,450.0
2026-08-29,3040253526,30994-001,BATTERY-MARATHON TSP410 NICAD,PAMALS,OS concluída,CONDENADO,AMA - VEE ONE,
2026-08-29,3040253527,30994-001,BATTERY-MARATHON TSP410 NICAD,BAPV,OS concluída,CONDENADO,AMA - VEE ONE,
2026-08-29,3040254195,540-1407-4,"VALVE,BLEED,TURBINEENGINE",PAMALS,REC,,BANT,432.0
2026-08-29,3040254201,2643090-3,SHIMMY DAMPER-NOSE GEAR,PAMALS,REC,REPARADO,V1 PAMA-LS,432.0
2026-08-29,3040254203,SE1070-6,SHIMMY DAMPENER ASSY,BACGINAT,OS concluída,,,
2026-08-29,3040254205,C660501-0103,"COMPASS,SPEC",PAMALS,REC,REPARADO,V1 PAMA-LS,432.0
2026-08-29,3040254206,C660501-0103,"COMPASS,SPEC",ALA 8,REC,EM REPARO EM GARANTIA,WILLIAM,432.0
2026-08-29,3040254208,C660501-0103,"COMPASS,SPEC",BABV,REC,REPARADO,V1 PAMA-LS,432.0
2026-08-29,3040254210,799-1,TRANSDUCER,BANT,REC,,BANT,432.0
2026-08-29,3040254792,2606013-1RX,INDICATOR-PERCENT RPM,BABR,REC,,BANT,423.0
2026-08-29,3040254770,069-1025-25,"RECEIVER-TRANSMITTER,RADIO - KX165",ALA 9,REC,EM REPARO,WILLIAM,423.0
2026-08-29,3040254799,453-5000-710,EMERGENCY LOCATOR TRANSMITTER MODEL C406-2,PAMASP,OS concluída,,,
2026-08-29,3040254806,C352TS,"EXTINGUISHER,FIRE",PAMALS,REC,REPARADO,V1 PAMA-LS,423.0
2026-08-29,3040254805,C352TS,"EXTINGUISHER,FIRE",PAMALS,OS concluída,,,
2026-08-29,3040254810,C352TS,"EXTINGUISHER,FIRE",PAMALS,OS concluída,,,
2026-08-29,3040254809,C352TS,"EXTINGUISHER,FIRE",PAMAGL,OS concluída,,,
2026-08-29,3040254803,C352TS,"EXTINGUISHER,FIRE",2 ETA,REC,REPARADO,V1 PAMA-LS,423.0
2026-08-29,3040254808,C352TS,"EXTINGUISHER,FIRE",BABR,REC,REPARADO,V1 PAMA-LS,423.0
2026-08-29,3040254795,D145-00-46-2,FLAP ACTUATOR ASSY,BABE,REC,,PAMA-LS,423.0
2026-08-29,3040254793,D145-00-46-2,FLAP ACTUATOR ASSY,PAMALS,REC,,PAMA-LS,423.0
2026-08-29,3040254815,C482001-0402,VACUUM REGULAT,PAMALS,REC,CONDENADO,VEE ONE,423.0
2026-08-29,3040254816,C482001-0402,VACUUM REGULAT,PAMALS,REC,CONDENADO,VEE ONE,423.0
2026-08-29,3040254820,2641011-5,AXLE-MAIN GEAR,BAMN,OS concluída,,,
2026-08-29,3040254817,2641011-5,AXLE-MAIN GEAR,BABE,OS concluída,,,
2026-08-29,3040254818,2641011-5,AXLE-MAIN GEAR,BABE,OS concluída,,,
2026-08-29,3040254819,2641011-5,AXLE-MAIN GEAR,BANT,OS concluída,,,
2026-08-29,3040254796,30994-001,BATTERY-MARATHON TSP410 NICAD,BAMN,OS concluída,,,
2026-08-29,3040254789,452-0133,"BATTERY,NONRECHARGEABLE",BAMN,REC,CONDENADO,VEE ONE,423.0
2026-08-29,3040254788,452-0133,"BATTERY,NONRECHARGEABLE",BAMN,REC,CONDENADO,VEE ONE,423.0
2026-08-29,3040254787,452-0133,"BATTERY PACK,AIRCRAFT",DACTA II,REC,CONDENADO,VEE ONE,423.0
2026-08-29,3040254786,452-0133,"BATTERY PACK,AIRCRAFT",BAMN,REC,CONDENADO,VEE ONE,423.0
2026-08-29,3040254785,452-0133,"BATTERY,NONRECHARGEABLE",BAMN,REC,CONDENADO,VEE ONE,423.0
2026-08-29,3040254784,452-0133,"BATTERY,NONRECHARGEABLE",DACTA II,REC,CONDENADO,VEE ONE,423.0
2026-08-29,3040255326,011-00916-00,DISPLAY UNIT GDU 1040A,BAMN,REC,,BAMN,414.0
2026-08-29,3040255319,702801-5,FUEL PUMP,PAMASP,REC,EM REPARO,VEE ONE,414.0
2026-08-29,3040255321,8210-002,"GOVERNOR,CONSTANT SPEED DRIVE",PAMALS,OS concluída,,,
2026-08-29,3040255461,DAAS-A-010-1,ADAS-D PROCESSOR,PAMALS,REC,EM REPARO,VEE ONE,410.0
2026-08-29,3040255589,071-01519-0101,"RECEIVER-EXCITER,RADAR",BANT,REC,,PROCURANDO,408.0
2026-08-29,3040255590,071-01519-0101,"RECEIVER-EXCITER,RADAR",PAMALS,OS concluída,,,
2026-08-29,3040255706,C661064-0237,AIRSPEED INDICATOR,BAMN,OS concluída,,,
2026-08-29,3040256114,5934PAD-3,"ALTIMETER,PRESSURE",PAMALS,REC,EM REPARO,VEE ONE,394.0
2026-08-29,3040256119,011-00878-10,GSA-81 TORQUE SERVO,BAPV,REC,EM REPARO,LEAP,394.0
2026-08-29,3040256112,011-00883-20,RADAR GWX 68 WEATHER,BABE,REC,,BAMN,394.0
2026-08-29,3040256115,5934PAD-3,"ALTIMETER,PRESSURE",PAMALS,OS concluída,,,
2026-08-29,3040256118,011-00878-10,GSA-81 TORQUE SERVO,BAPV,REC,,BACO,394.0
2026-08-29,3040256120,011-00916-10,"DISPLAY UNIT,FLIGHT INFORMATION",BAMN,OS concluída,,,
2026-08-29,3040256314,066-4010-12,RECEIVER VOR/LOC (KNS81),EEAR,REC,EM REPARO,LEAP,381.0
2026-08-29,3040256311,3121248-03,"VALVE ASSEMBLY,COMPRESSOR BLEED",PAMALS,OS concluída,,,
2026-08-29,3040256704,C661064-0237,AIRSPEED INDICATOR,PAMALS,OS concluída,,,
2026-08-29,3040256707,D210507,"GOVERNOR,OVERSPEED",PAMALS,OS concluída,,,
2026-08-29,3040256708,D210507,"GOVERNOR,OVERSPEED",PAMALS,REC,REPARADO,VEE ONE,372.0
2026-08-29,3040256702,C661064-0237,AIRSPEED INDICATOR,BABR,OS concluída,,,
2026-08-29,3040256703,C661064-0237,AIRSPEED INDICATOR,PAMALS,OS concluída,,,
2026-08-29,3040256662,030-18200,MAIN WHEEL BRAKE,BASM,OS concluída,,,
2026-08-29,3040256665,161-11700,INNER WHEEL HALF ASSY,BABV,OS concluída,,,
2026-08-29,3040256666,161-11700,INNER WHEEL HALF ASSY,PAMALS,OS concluída,,,
2026-08-29,3040256667,161-11700,INNER WHEEL HALF ASSY,PAMALS,OS concluída,,,
2026-08-29,3040256668,161-11700,INNER WHEEL HALF ASSY,PAMALS,OS concluída,,,
2026-08-29,3040256669,161-11700,INNER WHEEL HALF ASSY,PAMALS,OS concluída,,,
2026-08-29,3040256670,161-11700,INNER WHEEL HALF ASSY,PAMALS,OS concluída,,,
2026-08-29,3040256671,161-11700,INNER WHEEL HALF ASSY,PAMALS,REC,REPARADO,VEE ONE,372.0
2026-08-29,3040256698,030-18200,MAIN WHEEL BRAKE,PAMASP,REC,,PROCURANDO,372.0
2026-08-29,3040256713,030-18200,MAIN WHEEL BRAKE,ALA 3,REC,,BAMN,372.0
2026-08-29,3040256694,162-11800,WHEEL HALF ASSY-OUTER,BANT,OS concluída,,,
2026-08-29,3040256696,162-11800,WHEEL HALF ASSY-OUTER,PAMALS,REC,,PAMA-LS,372.0
2026-08-29,3040256672,161-12800,WHEEL HALF ASSY-INNER,PAMALS,REC,REPARADO,VEE ONE,372.0
2026-08-29,3040256675,161-12800,WHEEL HALF ASSY-INNER,BANT,OS concluída,,,
2026-08-29,3040256792,011-00877-00,"GSA-80 SERVO ROL,YAW,SPEC",BAMN,REC,,PROCURANDO,372.0
2026-08-29,3040256787,011-00877-00,"GSA-80 SERVO ROL,YAW,SPEC",PAMALS,REC,EM REPARO,VEE ONE,372.0
2026-08-29,3040256828,011-00883-20,RADAR GWX 68 WEATHER,PAMALS,REC,CONDENADO,V1 PAMA-LS,372.0
2026-08-29,3040256709,3121248-03,"VALVE ASSEMBLY,COMPRESSOR BLEED",PAMASP,REC,,BANT,369.0
2026-08-29,3040256673,161-12800,WHEEL HALF ASSY-INNER,PAMALS,REC,CONDENADO,VEE ONE,369.0
2026-08-29,3040257095,011-01105-01,INTEGRATED AVIONICS UNIT GIA63W,BABE,REC,EM REPARO,VEE ONE,365.0
2026-08-29,3040257096,011-01105-01,INTEGRATED AVIONICS UNIT GIA63W,BABE,REC,,BAMN,365.0
2026-08-29,3040257093,065-00183-0501,AUTOPILOT COMPUTER KFC225,BABE,REC,,BANT,365.0
2026-08-29,3040257094,065-00183-0501,AUTOPILOT COMPUTER KFC225,BABE,REC,,BANT,365.0
2026-08-29,3040257443,161-12800,WHEEL HALF ASSY-INNER,ALA 3,AUT,,NÃO TEVE MOVIMENTAÇÃO,353.0
2026-08-29,3040257442,C163030-1001,MAIN W BRAKE A,BAMN,OS concluída,REPARADO,VEE ONE,
2026-08-29,3040257452,3244809-8,"FUEL CONTROL,MAIN,TURBINE ENGINE",BAPV,OS concluída,,,
2026-08-29,3040257454,EA-5172-45-CES,"INDICATOR,AIRSPEED",BACG,OS concluída,,,
2026-08-29,3040257453,EA-5172-45-CES,"INDICATOR,AIRSPEED",ALA 7,REC,DEVOLVIDO NO ESTADO,WILLIAM,346.0
2026-08-29,3040257451,3244809-7,"FUEL CONTROL,MAIN,TURBINE ENGINE",PAMASP,REC,,BANT,346.0
2026-08-29,3040257450,3244809-4,"FUEL CONTROL,MAIN,TURBINE ENGINE",PAMASP,OS concluída,EM REPARO,LEAP,
2026-08-29,3040257438,030-18200,MAIN WHEEL BRAKE,BAMN,REC,REPARADO,VEE ONE,346.0
2026-08-29,3040257444,162-10700,OUTER WHEEL HALF ASSY,PAMALS,OS concluída,,,
2026-08-29,3040257447,162-10700,OUTER WHEEL HALF ASSY,PAMALS,OS concluída,,,
2026-08-29,3040257436,30994-001,BATTERY-MARATHON TSP410 NICAD,PAMALS,OS concluída,CONDENADO,AMA - VEE ONE,
2026-08-29,3040257441,030-18200,MAIN WHEEL BRAKE,BAPV,REC,,BAMN,346.0
2026-08-29,3040257440,030-18200,MAIN WHEEL BRAKE,BANT,REC,CONDENADO,VEE ONE,346.0
2026-08-29,3040257439,030-18200,MAIN WHEEL BRAKE,BAMN,REC,,BAMN,346.0
2026-08-29,3040258306,D210507,"GOVERNOR,OVERSPEED",PAMALS,REC,EM REPARO,LEAP,326.0
2026-08-29,3040258310,D210507,"GOVERNOR,OVERSPEED",BACO,OS concluída,,,
2026-08-29,3040258309,D210507,"GOVERNOR,OVERSPEED",BAMN,REC,EM REPARO,LEAP,326.0
2026-08-29,3040258308,D210507,"GOVERNOR,OVERSPEED",BAMN,OS concluída,,,
2026-08-29,3040258307,D210507,"GOVERNOR,OVERSPEED",ALA 5,OS concluída,,,
2026-08-29,3040258303,011-00877-00,"GSA-80 SERVO ROL,YAW,SPEC",DACTA II,REC,EM REPARO,VEE ONE,326.0
2026-08-29,3040258422,2601188-8,COMPRESSOR DRIVE ASSY R134A,PAMASP,REC,,PROCURANDO,324.0
2026-08-29,3040258419,011-00877-00,"GSA-80 SERVO ROL,YAW,SPEC",DACTA II,REC,EM REPARO,VEE ONE,324.0
2026-08-29,3040258420,011-00877-00,"GSA-80 SERVO ROL,YAW,SPEC",BACO,REC,EM REPARO,VEE ONE,324.0
2026-08-29,3040258421,011-00877-00,"GSA-80 SERVO ROL,YAW,SPEC",BABE,REC,,BACO,324.0
2026-08-29,3040258764,069-01034-0102,"NAVIGATION SET,SATELLITE SIGNALS KLN-94",PAMALS,REC,,BANT,317.0
2026-08-29,3040259152,066-01141-5101,"TRANSPONDER,RADAR",BABE,REC,,BANT,298.0
2026-08-29,3040259151,066-01141-5101,"TRANSPONDER,RADAR",BANT,REC,REPARADO,V1 PAMA-LS,298.0
2026-08-29,3040259251,064-1019-05,VHF TRANSCEIVE KY196,EEAR,REC,,EEAR,296.0
2026-08-29,3040259146,1U149-015-15,HORIZ. GYRO-STADBY,PAMALS,REC,EM REPARO,VEE ONE,295.0
2026-08-29,3040259147,162-10700,OUTER WHEEL HALF ASSY,BANT,REC,EM REPARO,AMA - VEE ONE,295.0
2026-08-29,3040259148,3049038-03,"VALVE,COMPRESSOR BLEED",BANT,OS concluída,,,
2026-08-29,3040259316,2606015-4,INDICATOR-OIL TEMP/OIL PRESS,BACG,REC,REPARADO,V1 PAMA-LS,292.0
2026-08-29,3040259564,C414007-0102,BLOWER ASSY,PAMALS,OS concluída,,,
2026-08-29,3040259568,C414007-0102,BLOWER ASSY,ALA 10,OS concluída,,,
2026-08-29,3040259570,C414007-0102,BLOWER ASSY,ALA 10,OS concluída,,,
2026-08-29,3040259694,025323-150,FUEL PUMP,PAMASP,REC,,BACO,284.0
2026-08-29,3040259922,C414007-0102,BLOWER ASSY,BANT,REC,REPARADO,V1 PAMA-LS,277.0
2026-08-29,3040259928,C414007-0102,BLOWER ASSY,PAMALS,REC,EM REPARO,VEE ONE,277.0
2026-08-29,3040259924,C414007-0102,BLOWER ASSY,BACG,REC,EM REPARO,VEE ONE,277.0
2026-08-29,3040259918,C414007-0102,BLOWER ASSY,ALA 10,REC,EM REPARO,VEE ONE,277.0
2026-08-29,3040259950,065-0060-01,"CONTROL,SERVO,AUTOMATIC PILOT",PAMALS,REC,EM REPARO,LEAP,277.0
2026-08-29,3040259949,065-0060-01,"CONTROL,SERVO,AUTOMATIC PILOT",PAMALS,REC,EM REPARO,LEAP,277.0
2026-08-29,3040259947,066-3046-07,"CONTROL,INDICATOR",EEAR,OS concluída,,,
2026-08-29,3040259946,066-3046-07,"CONTROL,INDICATOR",BANT,REC,,BANT,277.0
2026-08-29,3040259944,066-3046-07,"CONTROL,INDICATOR",EEAR,REC,,PAMA-LS,277.0
2026-08-29,3040260209,011-00916-00,DISPLAY UNIT GDU 1040A,PAMALS,REC,,BAMN,263.0
2026-08-29,3040260208,324843-W020,HEADSET-MICROPHONE,PAMALS,REC,VAI SER DEVOLVIDO SEM REPARO,WILLIAM,263.0
2026-08-29,3040260204,324843-W020,HEADSET-MICROPHONE,PAMALS,OS concluída,,,
2026-08-29,3040260205,324843-W020,HEADSET-MICROPHONE,PAMALS,OS concluída,,,
2026-08-29,3040260388,SD5H14C4527,AIR COMPRESSOR,PAMALS,REC,EM REPARO,VEE ONE,256.0
2026-08-29,3040260382,065-00183-0501,AUTOPILOT COMPUTER KFC225,BANT,REC,,BANT,256.0
2026-08-29,3040260389,SD5H14C4527,AIR COMPRESSOR,PAMALS,REC,EM REPARO,VEE ONE,256.0
2026-08-29,3040260517,ASG12000-2,ALTERNATOR,PAMALS,OS concluída,,,
2026-08-29,3040260524,51539-012M,CONTROL UNIT ASSY-GENERATOR,BANT,REC,,BACG,253.0
2026-08-29,3040260516,ASG12000-2,ALTERNATOR,PAMALS,REC,REPARADO,V1 PAMA-LS,253.0
2026-08-29,3040260523,9910592-2,ALTERNADOR,BAMN,OS concluída,REPARADO,V1 PAMA-LS,
2026-08-29,3040260522,9910592-2,ALTERNADOR,BAMN,REC,REPARADO,V1 PAMA-LS,253.0
2026-08-29,3040260547,161-12800,WHEEL HALF ASSY-INNER,EPCAR,OS concluída,REPARADO,VEE ONE,
2026-08-29,3040260545,161-11700,INNER WHEEL HALF ASSY,BACG,REC,REPARADO,VEE ONE,235.0
2026-08-29,3040260544,161-11700,INNER WHEEL HALF ASSY,BANT,REC,REPARADO,VEE ONE,235.0
2026-08-29,3040260546,161-12800,WHEEL HALF ASSY-INNER,PAMALS,REC,REPARADO,VEE ONE,235.0
2026-08-29,3040260548,161-11700,INNER WHEEL HALF ASSY,CLA,REC,REPARADO,VEE ONE,235.0
2026-08-29,3040260549,162-10700,OUTER WHEEL HALF ASSY,BACG,REC,REPARADO,VEE ONE,235.0
2026-08-29,3040260550,162-10700,OUTER WHEEL HALF ASSY,CLA,REC,REPARADO,VEE ONE,235.0
2026-08-29,3040260551,162-11800,WHEEL HALF ASSY-OUTER,BANT,REC,REPARADO,VEE ONE,235.0
2026-08-29,3040260552,30994-001,BATTERY-MARATHON TSP410 NICAD,BABE,OS concluída,CONDENADO,AMA - VEE ONE,
2026-08-29,3040260543,324843-W020,HEADSET-MICROPHONE,PAMALS,REC,VAI SER DEVOLVIDO SEM REPARO,WILLIAM,235.0
2026-08-29,3040260542,324843-W020,HEADSET-MICROPHONE,PAMALS,REC,,BABE,235.0
2026-08-29,3040260541,324843-W020,HEADSET-MICROPHONE,PAMALS,OS concluída,,,
2026-08-29,3040260540,324843-W020,HEADSET-MICROPHONE,PAMALS,OS concluída,,,
2026-08-29,3040260538,324843-W020,HEADSET-MICROPHONE,PAMALS,REC,,BABE,235.0
2026-08-29,3040260539,324843-W020,HEADSET-MICROPHONE,PAMALS,REC,,BABE,235.0
2026-08-29,3040260595,9910586-4,FLAP ACTUATOR AND MOTOR ASSEMBLY,7 ETA,REC,,BAMN,235.0
2026-08-29,3040260597,9910586-4,FLAP ACTUATOR AND MOTOR ASSEMBLY,BAPV,OS concluída,REPARADO,VEE ONE,
2026-08-29,3040260583,3244897-4,FUEL CONTROL UNIT,PAMALS,OS concluída,,,
2026-08-29,3040260750,3122678-04,FUEL CONTROL UNIT,PAMASP,REC,,BANT,227.0
2026-08-29,3040260752,3244897-4,FUEL CONTROL UNIT,PAMASP,OS concluída,,,
2026-08-29,3040260753,3244809-7,"FUEL CONTROL,MAIN,TURBINE ENGINE",PAMASP,OS concluída,,,
2026-08-29,3040260754,3244809-1,"FUEL CONTROL,MAIN,TURBINE ENGINE",PAMASP,REC,EM QUARENTENA,LEAP,227.0
2026-08-29,3040254794,C145-350,"MOTOR,DIRECT CURRENT",PAMALS,OS concluída,,,
2026-08-29,3040260913,064-1054-30,RECEIVER-TRANSMITTER SUBASSEMBLY,EPCAR,REC,REPARADO,V1 PAMA-LS,215.0
2026-08-29,3040260915,064-1054-30,RECEIVER-TRANSMITTER SUBASSEMBLY,PAMALS,REC,REPARADO,V1 PAMA-LS,215.0
2026-08-29,3040260811,3034792,BOMBA DE COMBUSTÍVEL,BAPV,REC,,BABR,213.0
2026-08-29,3040260812,3034792,BOMBA DE COMBUSTÍVEL,BACG,OS concluída,,,
2026-08-29,3040260922,162-11800,WHEEL HALF ASSY-OUTER,PAMALS,OS concluída,,,
2026-08-29,3040260923,030-18200,MAIN WHEEL BRAKE,BACO,REC,REPARADO,VEE ONE,213.0
2026-08-29,3040261389,3034792,BOMBA DE COMBUSTÍVEL,PAMASP,OS concluída,REPARADO,V1 PAMA-LS,
2026-08-29,3040261388,3034792,BOMBA DE COMBUSTÍVEL,BABR,OS concluída,,,
2026-08-29,3040261387,3034792,BOMBA DE COMBUSTÍVEL,BABR,OS concluída,,,
2026-08-29,3040261371,TFF2905-13,FUEL FLOW TRANSDUCER,ALA 8,REC,EM REPARO,WILLIAM,200.0
2026-08-29,3040261375,C661065-0240RX,"INDICATOR, AIRSPEED",BACG,REC,EM REPARO,WILLIAM,200.0
2026-08-29,3040261373,C661065-0240,AIRSPEED INDICATOR,BABE,REC,REPARADO,V1 PAMA-LS,200.0
2026-08-29,3040261322,011-00831-00,"ENGINE INTERFA,SPEC",BAPV,REC,REPARADO,VEE ONE,200.0
2026-08-29,3040261326,011-00882-10,"COMPUTER,AIR DATA",BAMN,OS concluída,,,
2026-08-29,3040261324,011-00882-10,"COMPUTER,AIR DATA",BAMN,OS concluída,,,
2026-08-29,3040261327,064-1054-30,RECEIVER-TRANSMITTER SUBASSEMBLY,PAMASP,REC,REPARADO,V1 PAMA-LS,200.0
2026-08-29,3040261336,066-01141-0101,"RECEIVER,RADIO",BANT,REC,REPARADO,V1 PAMA-LS,200.0
2026-08-29,3040261334,065-0065-01,SELECTOR ALT,BANT,REC,EM REPARO,WILLIAM,200.0
2026-08-29,3040261331,065-0061-36,ACTUATOR TRIM (KS272A),PAMASP,OS concluída,,BABR,
2026-08-29,3040261329,065-0061-36,ACTUATOR TRIM (KS272A),ALA 10,OS concluída,,,
2026-08-29,3040261335,065-0065-01,SELECTOR ALT,BANT,REC,EM REPARO,WILLIAM,200.0
2026-08-29,3040261342,066-3084-02,COLOR RADAR INDICATOR,BABV,REC,EM REPARO,WILLIAM,200.0
2026-08-29,3040261340,066-1053-00,"RECEIVER,RADIO",BASM,REC,REPARADO,V1 PAMA-LS,200.0
2026-08-29,3040261377,066-3054-01,INDICATOR RADAR ALTIMETER - TYPE KI250,PAMALS,REC,EM REPARO,WILLIAM,200.0
2026-08-29,3040261376,066-1061-03,RT RADAR ALTIM (KRA10A),PAMALS,REC,PARA REPARO,VEE ONE,200.0
2026-08-29,3040261352,1134380-4,EVAPORATOR MODULE ASSY-RH,BAMN,REC,CONDENADO,VEE ONE,200.0
2026-08-29,3040261347,071-1234-00,ANTENNA ACCESSORY,ALA 1,REC,EM REPARO,WILLIAM,200.0
2026-08-29,3040261344,066-4010-12,RECEIVER VOR/LOC (KNS81),ALA 10,REC,EM REPARO,WILLIAM,200.0
2026-08-29,3040261353,1H75-21,PRESSURE REGULATOR,BAMN,OS concluída,,BAMN,
2026-08-29,3040261357,2682001-1,BRAKE CYL MAST,BABE,OS concluída,,,
2026-08-29,3040261356,2670104-2,ANNUNCIATOR PANEL,PAMALS,REC,REPARADO,VEE ONE,200.0
2026-08-29,3040261355,2643100-201,NOSE GEAR STRUT ASSY - TALL FORK,BABR,OS concluída,,,
2026-08-29,3040261354,2643100-201,NOSE GEAR STRUT ASSY - TALL FORK,BANT,REC,EM REPARO,AV AERONAUTICA,200.0
2026-08-29,3040261364,8210-002-01,GOVERNOR PROPELLER,PAMASP,REC,REPARADO,VEE ONE,200.0
2026-08-29,3040261627,S3828-1,ALTIMETER,BAMN,REC,EM REPARO,WILLIAM,186.0
2026-08-29,3040261628,S3828-1,ALTIMETER,BABE,REC,REPARADO,V1 PAMA-LS,186.0
2026-08-29,3040261851,51539-012MRX,CONTROL UNIT ASSY-GENERATOR,BABE,REC,EM REPARO,VEE ONE,178.0
2026-08-29,3040261852,51539-012MRX,CONTROL UNIT ASSY-GENERATOR,BABE,REC,EM REPARO,VEE ONE,178.0
2026-08-29,3040261843,3034792,BOMBA DE COMBUSTÍVEL,PAMALS,REC,EM REPARO,VEE ONE,173.0
2026-08-29,3040262245,200SGL119Q-2,STARTER GENERATOR,BAMN,OS concluída,,,
2026-08-29,3040262246,200SGL119Q-2,STARTER GENERATOR,BAMN,OS concluída,,,
2026-08-29,3040262273,324843-W020,HEADSET-MICROPHONE,BABE,OS concluída,,,
2026-08-29,3040262275,324843-W020,HEADSET-MICROPHONE,BANT,OS concluída,,,
2026-08-29,3040262363,066-1055-00,AUDIO CONTROL PANEL,ALA 5,OS concluída,,,
2026-08-29,3040262367,066-1055-00,AUDIO CONTROL PANEL,ALA 9,REC,EM REPARO,WILLIAM,156.0
2026-08-29,3040262368,066-1055-00,AUDIO CONTROL PANEL,CLA,OS concluída,,,
2026-08-29,3040262372,51539-012M,CONTROL UNIT ASSY-GENERATOR,BANT,REC,,V1 PAMA-LS,156.0
2026-08-29,3040262371,51539-012N,CONTROL UNIT ASSY-GENERATOR,BANT,REC,REPARADO,V1 PAMA-LS,156.0
2026-08-29,3040262419,065-0061-36,ACTUATOR TRIM (KS272A),ALA 9,REC,EM REPARO,WILLIAM,151.0
2026-08-29,3040262734,C352,PORTABLE HALON FIRE EXTINGUISHERS,ALA 5,REC,EM REPARO,AV AERONAUTICA,138.0
2026-08-29,3040262738,C352TS,"EXTINGUISHER,FIRE",BANT,REC,,PROCURANDO,138.0
2026-08-29,3040262739,C352TS,"EXTINGUISHER,FIRE",BANT,REC,,PROCURANDO,138.0
2026-08-29,3040262740,C352TS,"EXTINGUISHER,FIRE",PAMALS,REC,,PROCURANDO,138.0
2026-08-29,3040262766,011-00883-20,RADAR GWX 68 WEATHER,BAMN,OS concluída,EM REPARO,VEE ONE,
2026-08-29,3040262765,011-00883-20,RADAR GWX 68 WEATHER,BAMN,REC,EM REPARO,VEE ONE,138.0
2026-08-29,3040262772,011-01020-10,AFCS MODE CONTROLLER GMC 710,BAMN,REC,EM REPARO,WILLIAM,138.0
2026-08-29,3040262770,011-01020-10,AFCS MODE CONTROLLER GMC 710,BAMN,REC,EM REPARO,WILLIAM,138.0
2026-08-29,3040262773,011-01020-10,AFCS MODE CONTROLLER GMC 710,BAMN,REC,EM REPARO,WILLIAM,138.0
2026-08-29,3040262746,066-1070-01,TRANSCEIVER DME (KN63),BABE,REC,EM REPARO,WILLIAM,138.0
2026-08-29,3040262745,064-1019-05,VHF TRANSCEIVE KY196,EEAR,REC,EM REPARO,VEE ONE,138.0
2026-08-29,3040262747,066-1072-00,RECEIVER ADF (KING KR87),ALA 7,REC,EM REPARO,WILLIAM,138.0
2026-08-29,3040262748,066-3046-07,"CONTROL,INDICATOR",BABR,REC,,BANT,138.0
2026-08-29,3040262769,066-3046-07,"CONTROL,INDICATOR",BABR,REC,,BANT,138.0
2026-08-29,3040262768,066-3046-07,"CONTROL,INDICATOR",EEAR,OS concluída,EM REPARO,LEAP,
2026-08-29,3040262767,066-3046-07,"CONTROL,INDICATOR",EEAR,REC,EM REPARO,LEAP,138.0
2026-08-29,3040262791,066-3060-00,IND RMI KNI582,BANT,REC,EM REPARO,LEAP,138.0
2026-08-29,3040262630,161-11700,INNER WHEEL HALF ASSY,BANT,REC,REPARADO,VEE ONE,138.0
2026-08-29,3040262792,066-3060-00,IND RMI KNI582,BANT,REC,EM REPARO,LEAP,138.0
2026-08-29,3040262634,162-10700,OUTER WHEEL HALF ASSY,BANT,REC,REPARADO,VEE ONE,138.0
2026-08-29,3040262632,161-12800,WHEEL HALF ASSY-INNER,BANT,OS concluída,REPARADO,VEE ONE,
2026-08-29,3040262633,161-12800,WHEEL HALF ASSY-INNER,BANT,REC,REPARADO,VEE ONE,138.0
2026-08-29,3040262635,162-11800,WHEEL HALF ASSY-OUTER,EPCAR,REC,REPARADO,VEE ONE,138.0
2026-08-29,3040262637,162-11800,WHEEL HALF ASSY-OUTER,BANT,REC,REPARADO,VEE ONE,138.0
2026-08-29,3040262636,162-11800,WHEEL HALF ASSY-OUTER,BANT,REC,REPARADO,VEE ONE,138.0
2026-08-29,3040262646,200SGL119Q,STARTER GENERATOR,PAMASP,OS concluída,,,
2026-08-29,3040262639,200SGL119Q,STARTER GENERATOR,PAMASP,OS concluída,,PAMA-LS,
2026-08-29,3040262638,200SGL119Q,STARTER GENERATOR,PAMALS,REC,EM REPARO,AV AERONAUTICA,138.0
2026-08-29,3040262757,2606015-2,IND OIL TEMP/P,PAMALS,REC,EM REPARO,VEE ONE,138.0
2026-08-29,3040262706,2641011-5,AXLE-MAIN GEAR,BAMN,REC,,BANT,138.0
2026-08-29,3040262707,2641011-5,AXLE-MAIN GEAR,BABV,REC,REPARADO,VEE ONE,138.0
2026-08-29,3040262717,2641011-5,AXLE-MAIN GEAR,BANT,REC,REPARADO,VEE ONE,138.0
2026-08-29,3040262714,2641011-5,AXLE-MAIN GEAR,BAPV,REC,,BANT,138.0
2026-08-29,3040262713,2641011-5,AXLE-MAIN GEAR,BAPV,REC,REPARADO,VEE ONE,138.0
2026-08-29,3040262712,2641011-5,AXLE-MAIN GEAR,BABR,REC,,BANT,138.0
2026-08-29,3040262711,2641011-5,AXLE-MAIN GEAR,BABR,REC,,BANT,138.0
2026-08-29,3040262709,2641011-5,AXLE-MAIN GEAR,PAMALS,REC,,BANT,138.0
2026-08-29,3040262708,2641011-5,AXLE-MAIN GEAR,PAMALS,REC,,BANT,138.0
2026-08-29,3040262744,3244809-1A,F.C.U,PAMALS,REC,EM REPARO,LEAP,138.0
2026-08-29,3040262758,9910338-4,FUEL TOTALIZER INDICATOR,PAMALS,REC,EM REPARO,VEE ONE,138.0
2026-08-29,3040262759,9910338-6,"TRANSMITTER,RATE OF FLOW",BAMN,REC,EM REPARO,WILLIAM,138.0
2026-08-29,3040262760,9910338-6,"TRANSMITTER,RATE OF FLOW",BANT,REC,EM REPARO,VEE ONE,138.0
2026-08-29,3040262966,2682001-1,BRAKE CYL MAST,BACO,OS concluída,,PAMA-LS,
2026-08-29,3040262967,2682001-1,BRAKE CYL MAST,PAMALS,REC,REPARADO,V1 PAMA-LS,136.0
2026-08-29,3040262968,2682001-1,BRAKE CYL MAST,BANT,OS concluída,,PAMA-LS,
2026-08-29,3040262969,2682001-1,BRAKE CYL MAST,BABE,REC,REPARADO,V1 PAMA-LS,136.0
2026-08-29,3040263069,453-5060,ELT C406-N,BABE,OS concluída,,,
2026-08-29,3040263283,D145-00-46-2,FLAP ACTUATOR ASSY,PAMALS,REC,EM REPARO,LEAP,121.0
2026-08-29,3040263284,D145-00-46-2,FLAP ACTUATOR ASSY,BAFL,REC,EM REPARO,LEAP,121.0
2026-08-29,3040263324,069-01033-0101,"RECEIVER-TRANSMITTER,RADIO",PAMALS,REC,EM REPARO,LEAP,121.0
2026-08-29,3040263287,C661065-0237,AIRSPEED INDICATOR,BABR,REC,REPARADO,VEE ONE,121.0
2026-08-29,3040263288,C661065-0237,AIRSPEED INDICATOR,PAMASP,REC,REPARADO,VEE ONE,121.0
2026-08-29,3040263314,060-0017-00,FLIGHT DIR HOR,EEAR,REC,EM REPARO,LEAP,121.0
2026-08-29,3040263319,066-1055-00,AUDIO CONTROL PANEL,BABE,REC,REPARADO,VEE ONE,121.0
2026-08-29,3040263317,060-0017-00,FLIGHT DIR HOR,PAMASP,REC,,BANT,121.0
2026-08-29,3040263316,060-0017-00,FLIGHT DIR HOR,BANT,REC,,BANT,121.0
2026-08-29,3040263320,066-1055-00,AUDIO CONTROL PANEL,PAMALS,REC,EM REPARO,AV AERONAUTICA,121.0
2026-08-29,3040263325,069-01033-0101,"RECEIVER-TRANSMITTER,RADIO",PAMALS,REC,,PROCURANDO,121.0
2026-08-29,3040263335,C611008-0101,ALTERNATOR CONTROL UNIT,PAMALS,REC,EM REPARO,AV AERONAUTICA,121.0
2026-08-29,3040263336,C611008-0101,ALTERNATOR CONTROL UNIT,PAMALS,REC,EM REPARO,AV AERONAUTICA,121.0
2026-08-29,3040263286,C661065-0237,AIRSPEED INDICATOR,BANT,REC,DEVOLVIDO NO ESTADO,WILLIAM,121.0
2026-08-29,3040263322,066-1055-00,AUDIO CONTROL PANEL,ALA 9,REC,EM REPARO,WILLIAM,121.0
2026-08-29,3040263326,069-01033-0101,"RECEIVER-TRANSMITTER,RADIO",PAMALS,REC,,BANT,121.0
2026-08-29,3040263315,060-0017-00,FLIGHT DIR HOR,BACG,OS concluída,,BABR,
2026-08-29,3040263334,011-00916-10,"DISPLAY UNIT,FLIGHT INFORMATION",BACO,REC,VAI SER DEVOLVIDO SEM REPARO,WILLIAM,121.0
2026-08-29,3040263333,011-00916-10,"DISPLAY UNIT,FLIGHT INFORMATION",BACO,OS concluída,EM REPARO,WILLIAM,
2026-08-29,3040263332,011-00916-10,"DISPLAY UNIT,FLIGHT INFORMATION",BAMN,OS concluída,EM REPARO,WILLIAM,
2026-08-29,3040263331,C661064-0237,AIRSPEED INDICATOR,PAMALS,REC,VAI SER DEVOLVIDO SEM REPARO,WILLIAM,121.0
2026-08-29,3040263329,C661064-0237,AIRSPEED INDICATOR,PAMALS,REC,EM REPARO,WILLIAM,121.0
2026-08-29,3040263328,C661064-0237,AIRSPEED INDICATOR,BABR,REC,EM REPARO,WILLIAM,121.0
2026-08-29,3040263327,C661064-0237,AIRSPEED INDICATOR,BABR,REC,EM REPARO,WILLIAM,121.0
2026-08-29,3040263330,C661064-0237,AIRSPEED INDICATOR,PAMALS,REC,EM REPARO,WILLIAM,121.0
2026-08-29,3040263338,C611008-0101,ALTERNATOR CONTROL UNIT,PAMALS,REC,REPARADO,V1 PAMA-LS,121.0
2026-08-29,3040263433,066-03064-0005,"ALTIMETER,SERVO CONTROLLED,AUTOMATIC PRESSURE",BACG,REC,EM REPARO,WILLIAM,115.0
2026-08-29,3040263435,066-03064-0005,"ALTIMETER,SERVO CONTROLLED,AUTOMATIC PRESSURE",BANT,REC,EM REPARO,WILLIAM,115.0
2026-08-29,3040263434,066-03064-0005,"ALTIMETER,SERVO CONTROLLED,AUTOMATIC PRESSURE",PAMASP,REC,VAI SER DEVOLVIDO SEM REPARO,WILLIAM,115.0
2026-08-29,3040263417,069-01033-0101,"RECEIVER-TRANSMITTER,RADIO",PAMALS,REC,EM REPARO,WILLIAM,115.0
2026-08-29,3040263416,069-01033-0101,"RECEIVER-TRANSMITTER,RADIO",BASM,REC,EM REPARO,WILLIAM,115.0
2026-08-29,3040263415,069-01033-0101,"RECEIVER-TRANSMITTER,RADIO",BABR,REC,,BANT,115.0
2026-08-29,3040263447,066-3046-07,"CONTROL,INDICATOR",CLA,OS concluída,,BABR,
2026-08-29,3040263443,3244897-4,FUEL CONTROL UNIT,PAMALS,REC,EM REPARO,LEAP,114.0
2026-08-29,3040263444,3244897-4,FUEL CONTROL UNIT,PAMALS,REC,EM REPARO,LEAP,114.0
2026-08-29,3040263577,060-0015-00,"CONTROL,DIRECTIONAL,AUTOMATIC PILOT",ALA 5,REC,EM REPARO,WILLIAM,109.0
2026-08-29,3040263574,066-1072-04,"RECEIVER,RADIO",BABE,REC,EM REPARO,WILLIAM,109.0
2026-08-29,3040263576,066-1072-04,"RECEIVER,RADIO",BAMN,OS concluída,DEVOLVIDO NO ESTADO,WILLIAM,
2026-08-29,3040263575,066-1072-04,"RECEIVER,RADIO",BABE,REC,EM REPARO,WILLIAM,109.0
2026-08-29,3040263573,066-3084-32,IND RDR 2000 IN-182A,PAMALS,REC,,BABR,109.0
2026-08-29,3040263571,066-3084-32,IND RDR 2000 IN-182A,PAMALS,REC,EM REPARO,WILLIAM,109.0
2026-08-29,3040263572,066-3084-32,IND RDR 2000 IN-182A,PAMALS,REC,EM REPARO,WILLIAM,109.0
2026-08-29,3040263448,2618510-10,ALTERNATOR CONTROL UNIT ASSY,BABE,REC,EM REPARO,WILLIAM,109.0
2026-08-29,3040263449,2618510-10,ALTERNATOR CONTROL UNIT ASSY,PAMALS,REC,EM REPARO,WILLIAM,109.0
2026-08-29,3040263877,2641011-5,AXLE-MAIN GEAR,CLA,REC,EM REPARO,LEAP,99.0
2026-08-29,3040263878,2641011-5,AXLE-MAIN GEAR,CLA,REC,EM REPARO,LEAP,99.0
2026-08-29,3040264243,069-01033-0101,"RECEIVER-TRANSMITTER,RADIO",PAMALS,REC,EM REPARO,WILLIAM,92.0
2026-08-29,3040264244,069-01033-0101,"RECEIVER-TRANSMITTER,RADIO",PAMASP,REC,EM REPARO,WILLIAM,92.0
2026-08-29,3040264246,060-0017-00,FLIGHT DIR HOR,PAMALS,REC,EM REPARO,WILLIAM,92.0
2026-08-29,3040264237,200SGL119Q-2,STARTER GENERATOR,BAMN,REC,EM REPARO,AV AERONAUTICA,92.0
2026-08-29,3040264236,200SGL119Q-2,STARTER GENERATOR,BABE,OS concluída,,BABE,
2026-08-29,3040264121,3244897-4,FUEL CONTROL UNIT,BABE,OS concluída,EM REPARO,LEAP,
2026-08-29,3040264263,9910338-8,"INDICATOR,FUEL FLOW",PAMALS,OS concluída,,BABR,
2026-08-29,3040264262,9910338-8,"INDICATOR,FUEL FLOW",BABV,REC,EM REPARO,WILLIAM,92.0
2026-08-29,3040264242,324843-2020,HEADSET-MICROPHONE,BABE,OS concluída,EM REPARO,WILLIAM,
2026-08-29,3040264264,324843-2020,HEADSET-MICROPHONE,DACTA II,OS concluída,EM REPARO,WILLIAM,
2026-08-29,3040264238,324843-2020,HEADSET-MICROPHONE,DACTA II,OS concluída,EM REPARO,WILLIAM,
2026-08-29,3040264241,324843-2020,HEADSET-MICROPHONE,DACTA II,OS concluída,EM REPARO,WILLIAM,
2026-08-29,3040264240,324843-2020,HEADSET-MICROPHONE,DACTA II,OS concluída,EM REPARO,WILLIAM,
2026-08-29,3040264122,3244809-8,"FUEL CONTROL,MAIN,TURBINE ENGINE",BABE,OS concluída,,BABR,
2026-08-29,3040263797,066-3046-07,"CONTROL,INDICATOR",BABE,REC,EM REPARO,WILLIAM,92.0
2026-08-29,3040263798,066-3046-07,"CONTROL,INDICATOR",PAMASP,OS concluída,EM REPARO,WILLIAM,
2026-08-29,3040263799,066-3046-07,"CONTROL,INDICATOR",PAMASP,REC,EM REPARO,WILLIAM,92.0
2026-08-29,3040263795,071-01519-0101,"RECEIVER-EXCITER,RADAR",PAMALS,REC,,PROCURANDO,92.0
2026-08-29,3040263796,071-01519-0101,"RECEIVER-EXCITER,RADAR",PAMALS,REC,,PROCURANDO,92.0
2026-08-29,3040264579,060-0017-00,FLIGHT DIR HOR,BABR,OS concluída,,,
2026-08-29,3040264577,060-0017-00,FLIGHT DIR HOR,PAMALS,REC,,,80.0
2026-08-29,3040264573,060-0017-00,FLIGHT DIR HOR,BANT,REC,,,80.0
2026-08-29,3040264574,060-0017-00,FLIGHT DIR HOR,BANT,REC,,,80.0
2026-08-29,3040264576,060-0017-00,FLIGHT DIR HOR,PAMALS,REC,,,80.0
2026-08-29,3040264572,060-0017-00,FLIGHT DIR HOR,PAMASP,REC,,,80.0
2026-08-29,3040264647,1H75-21,PRESSURE REGULATOR,BAMN,REC,,,75.0
2026-08-29,3040264646,1H75-21,PRESSURE REGULATOR,PAMASP,REC,,,75.0
2026-08-29,3040264645,1H75-21,PRESSURE REGULATOR,PAMASP,REC,,,75.0
2026-08-29,3040264643,1H75-21,PRESSURE REGULATOR,PAMASP,REC,,,75.0
2026-08-29,3040264707,3244809-7,"FUEL CONTROL,MAIN,TURBINE ENGINE",BABE,OS concluída,,,
2026-08-29,3040264709,540-1407-4,"VALVE,BLEED,TURBINEENGINE",PAMASP,REC,,,75.0
2026-08-29,3040264710,200SGL153Q,"STARTER-GENERATOR,ENGINE,AIRCRAFT",CLA,OS concluída,,,
2026-08-29,3040264711,200SGL153Q,"STARTER-GENERATOR,ENGINE,AIRCRAFT",PAMASP,OS concluída,,,
2026-08-29,3040264712,200SGL153Q,"STARTER-GENERATOR,ENGINE,AIRCRAFT",BACG,REC,,,75.0
2026-08-29,3040264718,9910338-8,"INDICATOR,FUEL FLOW",PAMALS,REC,,,75.0
2026-08-29,3040264719,S3326-2,"INDICATOR,HORIZONTAL SITUATION",ALA 8,REC,,,75.0
2026-08-29,3040264720,S3326-2,"INDICATOR,HORIZONTAL SITUATION",PAMALS,REC,,,75.0
2026-08-29,3040264721,S3326-2,"INDICATOR,HORIZONTAL SITUATION",PAMASP,REC,,,75.0
2026-08-29,3040264724,2606013-1AM,INDICADOR PERCENTUAL RPM,BABV,REC,,,75.0
2026-08-29,3040264725,2606013-1AM,INDICADOR PERCENTUAL RPM,BABR,REC,,,75.0
2026-08-29,3040264726,2606015-4,INDICATOR-OIL TEMP/OIL PRESS,BANT,REC,,,75.0
2026-08-29,3040264727,C661051-0201,GYRO HORIZON,ALA 10,REC,,,75.0
2026-08-29,3040264728,504-0111-906,GYRO HORIZON,PAMALS,OS concluída,,,
2026-08-29,3040264729,504-0111-906,GYRO HORIZON,BACG,OS concluída,,,
2026-08-29,3040264730,8210-003,"GOVERNOR,FUEL CONTROL",PAMASP,REC,,,75.0
2026-08-29,3040264731,8210-002,"GOVERNOR,CONSTANT SPEED DRIVE",PAMASP,REC,,,75.0
2026-08-29,3040264732,8210-002,"GOVERNOR,CONSTANT SPEED DRIVE",BAMN,REC,,,75.0
2026-08-29,3040264733,030-18200,MAIN WHEEL BRAKE,BAMN,REC,,,75.0
2026-08-29,3040264734,030-18200,MAIN WHEEL BRAKE,BAMN,REC,,,75.0
2026-08-29,3040264735,161-11700,INNER WHEEL HALF ASSY,PAMALS,REC,,,75.0
2026-08-29,3040264736,161-12800,WHEEL HALF ASSY-INNER,BABR,REC,,,75.0
2026-08-29,3040264737,161-12800,WHEEL HALF ASSY-INNER,PAMALS,AUT,,,75.0
2026-08-29,3040264738,162-10700,OUTER WHEEL HALF ASSY,BACO,AUT,,,75.0
2026-08-29,3040264807,011-01105-01,INTEGRATED AVIONICS UNIT GIA63W,ALA 8,REC,,,67.0
2026-08-29,3040264808,011-01105-01,INTEGRATED AVIONICS UNIT GIA63W,BAMN,REC,,,67.0
2026-08-29,3040264907,011-00916-10,"DISPLAY UNIT,FLIGHT INFORMATION",BAMN,REC,,,60.0
2026-08-29,3040264908,011-00916-10,"DISPLAY UNIT,FLIGHT INFORMATION",BABV,OS concluída,,,
2026-08-29,3040264974,3244809-8,"FUEL CONTROL,MAIN,TURBINE ENGINE",BAMN,REC,,,58.0
2026-08-29,3040264961,3244897-4,FUEL CONTROL UNIT,CLA,OS concluída,,,
2026-08-29,3040264960,3034792,BOMBA DE COMBUSTÍVEL,CLA,REC,,,58.0
2026-08-29,3040265144,011-01020-10,AFCS MODE CONTROLLER GMC 710,BABE,REC,,,52.0
2026-08-29,3040265140,011-01020-10,AFCS MODE CONTROLLER GMC 710,BABE,REC,,,52.0
2026-08-29,3040265482,066-3084-32,IND RDR 2000 IN-182A,BABR,REC,,,37.0
2026-08-29,3040265484,066-3084-32,IND RDR 2000 IN-182A,BANT,REC,,,37.0
2026-08-29,3040265485,066-3084-32,IND RDR 2000 IN-182A,BABR,REC,,,37.0
2026-08-29,3040265526,ASG12000-2,ALTERNATOR,PAMALS,REC,,,33.0
2026-08-29,3040265525,ASG12000-2,ALTERNATOR,BABR,REC,,,33.0
2026-08-29,3040265527,9910592-2,ALTERNADOR,BABR,REC,,,33.0
2026-08-29,3040265533,3122678-04,FUEL CONTROL UNIT,BABR,REC,,,33.0
2026-08-29,3040265532,C611505-0201,ALTERNATOR,BANT,REC,,,33.0
2026-08-29,3040265530,C611505-0201,ALTERNATOR,BABV,REC,,,33.0
2026-08-29,3040265528,9910592-2,ALTERNADOR,BABR,REC,,,33.0
2026-08-29,3040265724,3244897-4,FUEL CONTROL UNIT,CLA,REC,,,32.0
2026-08-29,3040265474,C611008-0101,ALTERNATOR CONTROL UNIT,PAMALS,REC,,,30.0
2026-08-29,3040265475,C611008-0101,ALTERNATOR CONTROL UNIT,BABV,REC,,,30.0
2026-08-29,3040265476,C611008-0101,ALTERNATOR CONTROL UNIT,PAMALS,REC,,,30.0
2026-08-29,3040265477,C611008-0101,ALTERNATOR CONTROL UNIT,PAMALS,REC,,,30.0
2026-08-29,3040265576,011-00916-10,"DISPLAY UNIT,FLIGHT INFORMATION",BAMN,REC,,,29.0
2026-08-29,3040265580,011-00916-00,DISPLAY UNIT GDU 1040A,PAMALS,REC,,,33.0
2026-08-29,3040265581,011-00916-00,DISPLAY UNIT GDU 1040A,PAMALS,REC,,,33.0
2026-08-29,3040265589,EA-5175-52-CES,INDICATOR TRUE,BABV,REC,,,33.0
2026-08-29,3040265590,EA-5175-52-CES,INDICATOR TRUE,BASM,REC,,,33.0
2026-08-29,3040265591,EA-5175-52-CES,INDICATOR TRUE,BABV,REC,,,33.0
2026-08-29,3040265592,EA-5175-52-CES,INDICATOR TRUE,BABV,REC,,,33.0
2026-08-29,3040265668,9910592-2,ALTERNADOR,PAMALS,REC,,,33.0
2026-08-29,3040265678,9910592-2,ALTERNADOR,BAMN,REC,,,33.0
2026-08-29,3040265679,C611505-0201,ALTERNATOR,PAMALS,REC,,,33.0
2026-08-29,3040265680,C611505-0201,ALTERNATOR,ALA 8,REC,,,33.0
2026-08-29,3040265726,071-01519-0101,"RECEIVER-EXCITER,RADAR",PAMALS,REC,,,32.0
2026-08-29,3040265727,071-01519-0101,"RECEIVER-EXCITER,RADAR",CLA,REC,,,32.0
2026-08-29,3040265728,C163030-1001,MAIN W BRAKE A,BAMN,REC,,,32.0
2026-08-29,3040265731,066-3046-07,"CONTROL,INDICATOR",BABR,REC,,,32.0
2026-08-29,3040265732,066-3046-07,"CONTROL,INDICATOR",BANT,REC,,,32.0
2026-08-29,3040265734,066-3046-07,"CONTROL,INDICATOR",EEAR,REC,,,32.0
2026-08-29,3040265735,066-3046-07,"CONTROL,INDICATOR",CLA,REC,,,32.0
2026-08-29,3040265736,C611008-0101,ALTERNATOR CONTROL UNIT,BABV,REC,,,32.0
2026-08-29,3040265737,C611008-0101,ALTERNATOR CONTROL UNIT,EEAR,REC,,,32.0
2026-08-29,3040265738,C611008-0101,ALTERNATOR CONTROL UNIT,PAMALS,REC,,,32.0
2026-08-29,3040265739,C611008-0101,ALTERNATOR CONTROL UNIT,BANT,REC,,,32.0
2026-08-29,3040265740,C611008-0101,ALTERNATOR CONTROL UNIT,BABE,REC,,,32.0
2026-08-29,3040265741,C611008-0101,ALTERNATOR CONTROL UNIT,BABR,REC,,,32.0
2026-08-29,3040265742,066-1072-04,"RECEIVER,RADIO",BACG,REC,,,32.0
2026-08-29,3040265743,066-1072-04,"RECEIVER,RADIO",BAMN,REC,,,32.0
2026-08-29,3040265744,066-1072-04,"RECEIVER,RADIO",PAMALS,REC,,,32.0
2026-08-29,3040265745,066-3084-32,IND RDR 2000 IN-182A,PAMALS,REC,,,32.0
2026-08-29,3040265746,066-3084-32,IND RDR 2000 IN-182A,PAMALS,REC,,,32.0
2026-08-29,3040265747,30994-001,BATTERY-MARATHON TSP410 NICAD,PAMALS,AUT,,,32.0
2026-08-29,3040265748,30994-001,BATTERY-MARATHON TSP410 NICAD,PAMALS,AUT,,,32.0
2026-08-29,3040265749,30994-001,BATTERY-MARATHON TSP410 NICAD,PAMALS,AUT,,,32.0
2026-08-29,3040265750,30994-001,BATTERY-MARATHON TSP410 NICAD,PAMALS,AUT,,,32.0
2026-08-29,3040265751,30994-001,BATTERY-MARATHON TSP410 NICAD,PAMALS,AUT,,,32.0
2026-08-29,3040265752,2641011-5,AXLE-MAIN GEAR,BAMN,REC,,,32.0
2026-08-29,3040265753,2641011-5,AXLE-MAIN GEAR,BAMN,REC,,,32.0
2026-08-29,3040265754,161-11700,INNER WHEEL HALF ASSY,BACO,AUT,,,32.0
2026-08-29,3040265755,161-12800,WHEEL HALF ASSY-INNER,BABE,REC,,,32.0
2026-08-29,3040265757,066-01141-0101,"RECEIVER,RADIO",PAMALS,REC,,,32.0
2026-08-29,3040265758,066-01141-0101,"RECEIVER,RADIO",PAMALS,REC,,,32.0
2026-08-29,3040265759,C660501-0103,"COMPASS,SPEC",DACTA II,AUT,,,32.0
2026-08-29,3040265769,023694-000,BATTERY NICKEL CADMIUM,BAPV,REC,,,31.0
2026-08-29,3040265771,2651023-23,ENGINE MOUNT ASSEMBLY,PAMALS,REC,,,31.0
2026-08-29,3040265772,2651023-23,ENGINE MOUNT ASSEMBLY,PAMALS,REC,,,31.0
2026-08-29,3040265892,324843-0020,HEADSET-MICROPHONE,PAMALS,REC,,,26.0
2026-08-29,3040265893,324843-0020,HEADSET-MICROPHONE,PAMALS,OS concluída,,,
2026-08-29,3040265894,324843-0020,HEADSET-MICROPHONE,PAMALS,REC,,,26.0
2026-08-29,3040265895,324843-0020,HEADSET-MICROPHONE,PAMALS,REC,,,26.0
2026-08-29,3040265946,011-00870-00,MAGNETOMETER GMU 44,BAMN,REC,,,23.0
2026-08-29,3040265947,011-00870-00,MAGNETOMETER GMU 44,BAMN,REC,,,23.0
2026-08-29,3040266034,C662041-0102,INDICATOR FUEL,BABE,REC,,,19.0
2026-08-29,3040266040,C662041-0102,INDICATOR FUEL,PAMALS,REC,,,19.0
2026-08-29,3040266036,C662041-0102,INDICATOR FUEL,PAMALS,REC,,,19.0
2026-08-29,3040266035,C662041-0102,INDICATOR FUEL,PAMALS,REC,,,11.0
2026-08-29,3040266039,C662041-0102,INDICATOR FUEL,BANT,REC,,,11.0
2026-08-29,3040266041,C662041-0102,INDICATOR FUEL,PAMALS,REC,,,11.0
2026-08-29,3040266307,069-01033-0101,"RECEIVER-TRANSMITTER,RADIO",PAMALS,REC,,,9.0
2026-08-29,3040266308,069-01033-0101,"RECEIVER-TRANSMITTER,RADIO",BANT,REC,,,9.0
2026-08-29,3040266306,069-01033-0101,"RECEIVER-TRANSMITTER,RADIO",BACG,REC,,,9.0
2026-08-31,3040249831,066-01141-5101,"RECEIVER-TRANSMITTER,RADIO (KT71)",PAMALS,REC,EM REPARO,LEAP,567.0
2026-08-31,3040250248,452-0133,"BATTERY,NONRECHARGEABLE",BABR,REC,CONDENADO,VEE ONE,551.0
2026-08-31,3040250249,452-0133,"BATTERY,NONRECHARGEABLE",BAMN,REC,CONDENADO,VEE ONE,551.0
2026-08-31,3040250234,3034792,BOMBA DE COMBUSTÍVEL,PAMALS,REC,,BANT,551.0
2026-08-31,3040250816,453-5060,"BEACON,DISTRESS",BAMN,REC,,PAMA-LS,529.0
2026-08-31,3040250830,799-1,TRANSDUCER,BACO,REC,,BANT,529.0
2026-08-31,3040250829,51539-012N,CONTROL UNIT ASSY-GENERATOR,BAMN,OS concluída,,,
2026-08-31,3040250828,51539-012N,CONTROL UNIT ASSY-GENERATOR,BACG,REC,,BABR,529.0
2026-08-31,3040250827,51539-012N,CONTROL UNIT ASSY-GENERATOR,BANT,REC,,BABR,529.0
2026-08-31,3040250831,799-1,TRANSDUCER,BANT,REC,,BANT,529.0
2026-08-31,3040250833,9910586-4,FLAP ACTUATOR AND MOTOR ASSEMBLY,ALA 3,REC,,BAMN,529.0
2026-08-31,3040250834,9910586-4,FLAP ACTUATOR AND MOTOR ASSEMBLY,ALA 3,OS concluída,,,
2026-08-31,3040250832,9910338-4,FUEL TOTALIZER INDICATOR,EEAR,REC,,PAMA-LS,529.0
2026-08-31,3040250835,ASG12000-2,ALTERNATOR,ALA 5,REC,REPARADO,V1 PAMA-LS,529.0
2026-08-31,3040250841,C661030-0301,TURN BANK,PAMALS,REC,EM REPARO,LEAP,529.0
2026-08-31,3040250842,C662041-0102,INDICATOR FUEL,ALA 5,REC,,PAMA-LS,529.0
2026-08-31,3040250844,C662041-0102,INDICATOR FUEL,ALA 9,REC,,PAMA-LS,529.0
2026-08-31,3040250843,C662041-0102,INDICATOR FUEL,ALA 10,OS concluída,,,
2026-08-31,3040250719,060-0017-00,FLIGHT DIR HOR,PAMALS,REC,,BANT,529.0
2026-08-31,3040250720,060-0017-00,FLIGHT DIR HOR,BABV,OS concluída,,,
2026-08-31,3040250722,066-01141-5101,"RECEIVER-TRANSMITTER,RADIO (KT71)",ALA 9,REC,EM REPARO,WILLIAM,529.0
2026-08-31,3040250723,066-01141-5101,"RECEIVER-TRANSMITTER,RADIO (KT71)",CLA,REC,,BABR,529.0
2026-08-31,3040250721,060-0017-00,FLIGHT DIR HOR,BANT,OS concluída,,,
2026-08-31,3040250725,066-3046-07,"CONTROL,INDICATOR",ALA 10,OS concluída,,,
2026-08-31,3040250724,066-04035-1101,"DISPLAY UNIT,RADAR",PAMALS,REC,,BANT,529.0
2026-08-31,3040250732,069-1025-25,"RECEIVER-TRANSMITTER,RADIO - KX165",PAMALS,REC,EM REPARO,WILLIAM,529.0
2026-08-31,3040250782,2606012-1,INDICATOR-INTER-TURBINE TEMPERATURE,ALA 9,OS concluída,,,
2026-08-31,3040250775,161-11700,INNER WHEEL HALF ASSY,BABE,OS concluída,,,
2026-08-31,3040250773,161-11700,INNER WHEEL HALF ASSY,EEAR,REC,,BACG,529.0
2026-08-31,3040250718,030-18200,MAIN WHEEL BRAKE,BACO,OS concluída,,,
2026-08-31,3040250716,030-18200,MAIN WHEEL BRAKE,BABV,REC,EM REPARO,LEAP,529.0
2026-08-31,3040250717,030-18200,MAIN WHEEL BRAKE,BACO,OS concluída,,,
2026-08-31,3040250780,162-11800,WHEEL HALF ASSY-OUTER,PAMALS,OS concluída,,,
2026-08-31,3040250781,162-11800,WHEEL HALF ASSY-OUTER,BACG,OS concluída,,,
2026-08-31,3040250778,161-12800,WHEEL HALF ASSY-INNER,BACG,OS concluída,,,
2026-08-31,3040250776,161-12800,WHEEL HALF ASSY-INNER,BABE,OS concluída,,,
2026-08-31,3040250790,2643031-7,"FORK ASSY,NOSE GEAR SPRING",BAMN,OS concluída,,,
2026-08-31,3040250791,2643090-1,SHIMMY DAMPENE,BANT,REC,EM REPARO,AV AERONAUTICA,529.0
2026-08-31,3040250792,2643090-1,SHIMMY DAMPENE,BAMN,REC,REPARADO,V1 PAMA-LS,529.0
2026-08-31,3040250789,2641012-14,TRUNNION ASSY-RH-MAIN GEAR,PAMASP,OS concluída,,,
2026-08-31,3040250793,2643099-4,"SUPPORT ASSY FOWARD, NLG SPRING",BAMN,OS concluída,,,
2026-08-31,3040250798,30994-001,BATTERY-MARATHON TSP410 NICAD,BANT,OS concluída,CONDENADO,AMA - VEE ONE,
2026-08-31,3040252191,C611008-0101,ALTERNATOR CONTROL UNIT,PAMALS,REC,,BABR,496.0
2026-08-31,3040252159,011-00916-00,DISPLAY UNIT GDU 1040A,BAMN,REC,,BAMN,496.0
2026-08-31,3040252161,065-0042-03,COMPUTER PA,ALA 10,REC,EM REPARO,WILLIAM,496.0
2026-08-31,3040252162,065-0042-03,COMPUTER PA,EEAR,REC,,BABE,496.0
2026-08-31,3040252164,065-0042-03,COMPUTER PA,EEAR,REC,EM REPARO,WILLIAM,496.0
2026-08-31,3040252165,065-0042-03,COMPUTER PA,PAMALS,OS concluída,,,
2026-08-31,3040252166,065-0059-01,SERVO PITCH,EEAR,REC,EM REPARO,WILLIAM,496.0
2026-08-31,3040252168,066-03064-0005,"ALTIMETER,SERVO CONTROLLED,AUTOMATIC PRESSURE",ALA 9,OS concluída,,,
2026-08-31,3040252173,066-03064-0005,"ALTIMETER,SERVO CONTROLLED,AUTOMATIC PRESSURE",BANT,REC,EM REPARO,LEAP,496.0
2026-08-31,3040252172,066-03064-0005,"ALTIMETER,SERVO CONTROLLED,AUTOMATIC PRESSURE",PAMALS,REC,NO ESTADO,VEE ONE,496.0
2026-08-31,3040252170,066-03064-0005,"ALTIMETER,SERVO CONTROLLED,AUTOMATIC PRESSURE",ALA 7,REC,NO ESTADO,VEE ONE,496.0
2026-08-31,3040252178,066-1072-00,RECEIVER ADF (KING KR87),PAMALS,OS concluída,,,
2026-08-31,3040252182,066-1072-04,"RECEIVER,RADIO",ALA 9,OS concluída,,,
2026-08-31,3040252181,066-1072-04,"RECEIVER,RADIO",PAMASP,REC,EM REPARO,WILLIAM,496.0
2026-08-31,3040252180,066-1072-04,"RECEIVER,RADIO",ALA 8,OS concluída,,,
2026-08-31,3040252185,066-1072-04,"RECEIVER,RADIO",BAMN,OS concluída,,,
2026-08-31,3040252189,9910338-6,"TRANSMITTER,RATE OF FLOW",ALA 8,OS concluída,,,
2026-08-31,3040252190,9910338-6,"TRANSMITTER,RATE OF FLOW",BABR,OS concluída,,,
2026-08-31,3040252160,011-01020-10,AFCS MODE CONTROLLER GMC 710,BAMN,OS concluída,,,
2026-08-31,3040252939,C163030-1001,MAIN W BRAKE A,BABV,REC,,BAMN,466.0
2026-08-31,3040252936,030-18200,MAIN WHEEL BRAKE,BACO,REC,,PAMA-LS,466.0
2026-08-31,3040252935,030-18200,MAIN WHEEL BRAKE,BAMN,OS concluída,,,
2026-08-31,3040252940,30-182,MAIN WHEEL BRAKE,BABV,OS concluída,,,
2026-08-31,3040252942,30-182,MAIN WHEEL BRAKE,BAMN,OS concluída,,,
2026-08-31,3040252943,30-182,MAIN WHEEL BRAKE,BAMN,OS concluída,,,
2026-08-31,3040253170,161-12800,WHEEL HALF ASSY-INNER,BASM,OS concluída,,,
2026-08-31,3040253168,161-12800,WHEEL HALF ASSY-INNER,BASM,REC,REPARADO,VEE ONE,462.0
2026-08-31,3040253172,161-12800,WHEEL HALF ASSY-INNER,PAMALS,REC,,PROCURANDO,462.0
2026-08-31,3040253174,161-12800,WHEEL HALF ASSY-INNER,PAMALS,OS concluída,,,
2026-08-31,3040253173,161-12800,WHEEL HALF ASSY-INNER,PAMALS,REC,EM REPARO,LEAP,462.0
2026-08-31,3040253176,162-10700,OUTER WHEEL HALF ASSY,BABE,OS concluída,,,
2026-08-31,3040253177,162-10700,OUTER WHEEL HALF ASSY,BABV,REC,REPARADO,VEE ONE,462.0
2026-08-31,3040253178,162-10700,OUTER WHEEL HALF ASSY,PAMALS,REC,,PROCURANDO,462.0
2026-08-31,3040253179,162-11800,WHEEL HALF ASSY-OUTER,CLA,OS concluída,,,
2026-08-31,3040253181,162-11800,WHEEL HALF ASSY-OUTER,PAMALS,OS concluída,,,
2026-08-31,3040253180,162-11800,WHEEL HALF ASSY-OUTER,BASM,REC,,PROCURANDO,462.0
2026-08-31,3040253182,162-11800,WHEEL HALF ASSY-OUTER,PAMALS,REC,REPARADO,VEE ONE,462.0
2026-08-31,3040253536,2641012-14,TRUNNION ASSY-RH-MAIN GEAR,PAMALS,OS concluída,,,
2026-08-31,3040253529,066-03064-0005,"ALTIMETER,SERVO CONTROLLED,AUTOMATIC PRESSURE",DSM-MN,REC,DEVOLVIDO NO ESTADO,WILLIAM,452.0
2026-08-31,3040253528,066-03064-0005,"ALTIMETER,SERVO CONTROLLED,AUTOMATIC PRESSURE",BANT,OS concluída,,,
2026-08-31,3040253532,799-1,TRANSDUCER,PAMALS,REC,,BANT,452.0
2026-08-31,3040253535,2643099-4,"SUPPORT ASSY FOWARD, NLG SPRING",BABE,REC,CONDENADO,VEE ONE,452.0
2026-08-31,3040253531,799-1,TRANSDUCER,BAMN,REC,,VEE ONE,452.0
2026-08-31,3040253530,799-1,TRANSDUCER,BAMN,REC,,BANT,452.0
2026-08-31,3040253526,30994-001,BATTERY-MARATHON TSP410 NICAD,PAMALS,OS concluída,CONDENADO,AMA - VEE ONE,
2026-08-31,3040253527,30994-001,BATTERY-MARATHON TSP410 NICAD,BAPV,OS concluída,CONDENADO,AMA - VEE ONE,
2026-08-31,3040254195,540-1407-4,"VALVE,BLEED,TURBINEENGINE",PAMALS,REC,,BANT,434.0
2026-08-31,3040254201,2643090-3,SHIMMY DAMPER-NOSE GEAR,PAMALS,REC,REPARADO,V1 PAMA-LS,434.0
2026-08-31,3040254203,SE1070-6,SHIMMY DAMPENER ASSY,BACGINAT,OS concluída,,,
2026-08-31,3040254205,C660501-0103,"COMPASS,SPEC",PAMALS,REC,REPARADO,V1 PAMA-LS,434.0
2026-08-31,3040254206,C660501-0103,"COMPASS,SPEC",ALA 8,REC,EM REPARO EM GARANTIA,WILLIAM,434.0
2026-08-31,3040254208,C660501-0103,"COMPASS,SPEC",BABV,REC,REPARADO,V1 PAMA-LS,434.0
2026-08-31,3040254210,799-1,TRANSDUCER,BANT,REC,,BANT,434.0
2026-08-31,3040254792,2606013-1RX,INDICATOR-PERCENT RPM,BABR,REC,,BANT,425.0
2026-08-31,3040254770,069-1025-25,"RECEIVER-TRANSMITTER,RADIO - KX165",ALA 9,REC,EM REPARO,WILLIAM,425.0
2026-08-31,3040254799,453-5000-710,EMERGENCY LOCATOR TRANSMITTER MODEL C406-2,PAMASP,OS concluída,,,
2026-08-31,3040254806,C352TS,"EXTINGUISHER,FIRE",PAMALS,REC,REPARADO,V1 PAMA-LS,425.0
2026-08-31,3040254805,C352TS,"EXTINGUISHER,FIRE",PAMALS,OS concluída,,,
2026-08-31,3040254810,C352TS,"EXTINGUISHER,FIRE",PAMALS,OS concluída,,,
2026-08-31,3040254809,C352TS,"EXTINGUISHER,FIRE",PAMAGL,OS concluída,,,
2026-08-31,3040254803,C352TS,"EXTINGUISHER,FIRE",2 ETA,REC,REPARADO,V1 PAMA-LS,425.0
2026-08-31,3040254808,C352TS,"EXTINGUISHER,FIRE",BABR,REC,REPARADO,V1 PAMA-LS,425.0
2026-08-31,3040254795,D145-00-46-2,FLAP ACTUATOR ASSY,BABE,REC,,PAMA-LS,425.0
2026-08-31,3040254793,D145-00-46-2,FLAP ACTUATOR ASSY,PAMALS,REC,,PAMA-LS,425.0
2026-08-31,3040254815,C482001-0402,VACUUM REGULAT,PAMALS,REC,CONDENADO,VEE ONE,425.0
2026-08-31,3040254816,C482001-0402,VACUUM REGULAT,PAMALS,REC,CONDENADO,VEE ONE,425.0
2026-08-31,3040254820,2641011-5,AXLE-MAIN GEAR,BAMN,OS concluída,,,
2026-08-31,3040254817,2641011-5,AXLE-MAIN GEAR,BABE,OS concluída,,,
2026-08-31,3040254818,2641011-5,AXLE-MAIN GEAR,BABE,OS concluída,,,
2026-08-31,3040254819,2641011-5,AXLE-MAIN GEAR,BANT,OS concluída,,,
2026-08-31,3040254796,30994-001,BATTERY-MARATHON TSP410 NICAD,BAMN,OS concluída,,,
2026-08-31,3040254789,452-0133,"BATTERY,NONRECHARGEABLE",BAMN,REC,CONDENADO,VEE ONE,425.0
2026-08-31,3040254788,452-0133,"BATTERY,NONRECHARGEABLE",BAMN,REC,CONDENADO,VEE ONE,425.0
2026-08-31,3040254787,452-0133,"BATTERY PACK,AIRCRAFT",DACTA II,REC,CONDENADO,VEE ONE,425.0
2026-08-31,3040254786,452-0133,"BATTERY PACK,AIRCRAFT",BAMN,REC,CONDENADO,VEE ONE,425.0
2026-08-31,3040254785,452-0133,"BATTERY,NONRECHARGEABLE",BAMN,REC,CONDENADO,VEE ONE,425.0
2026-08-31,3040254784,452-0133,"BATTERY,NONRECHARGEABLE",DACTA II,REC,CONDENADO,VEE ONE,425.0
2026-08-31,3040255326,011-00916-00,DISPLAY UNIT GDU 1040A,BAMN,REC,,BAMN,416.0
2026-08-31,3040255319,702801-5,FUEL PUMP,PAMASP,REC,EM REPARO,VEE ONE,416.0
2026-08-31,3040255321,8210-002,"GOVERNOR,CONSTANT SPEED DRIVE",PAMALS,OS concluída,,,
2026-08-31,3040255461,DAAS-A-010-1,ADAS-D PROCESSOR,PAMALS,REC,EM REPARO,VEE ONE,412.0
2026-08-31,3040255589,071-01519-0101,"RECEIVER-EXCITER,RADAR",BANT,REC,,PROCURANDO,410.0
2026-08-31,3040255590,071-01519-0101,"RECEIVER-EXCITER,RADAR",PAMALS,OS concluída,,,
2026-08-31,3040255706,C661064-0237,AIRSPEED INDICATOR,BAMN,OS concluída,,,
2026-08-31,3040256114,5934PAD-3,"ALTIMETER,PRESSURE",PAMALS,REC,EM REPARO,VEE ONE,396.0
2026-08-31,3040256119,011-00878-10,GSA-81 TORQUE SERVO,BAPV,REC,EM REPARO,LEAP,396.0
2026-08-31,3040256112,011-00883-20,RADAR GWX 68 WEATHER,BABE,REC,,BAMN,396.0
2026-08-31,3040256115,5934PAD-3,"ALTIMETER,PRESSURE",PAMALS,OS concluída,,,
2026-08-31,3040256118,011-00878-10,GSA-81 TORQUE SERVO,BAPV,REC,,BACO,396.0
2026-08-31,3040256120,011-00916-10,"DISPLAY UNIT,FLIGHT INFORMATION",BAMN,OS concluída,,,
2026-08-31,3040256314,066-4010-12,RECEIVER VOR/LOC (KNS81),EEAR,REC,EM REPARO,LEAP,383.0
2026-08-31,3040256311,3121248-03,"VALVE ASSEMBLY,COMPRESSOR BLEED",PAMALS,OS concluída,,,
2026-08-31,3040256704,C661064-0237,AIRSPEED INDICATOR,PAMALS,OS concluída,,,
2026-08-31,3040256707,D210507,"GOVERNOR,OVERSPEED",PAMALS,OS concluída,,,
2026-08-31,3040256708,D210507,"GOVERNOR,OVERSPEED",PAMALS,REC,REPARADO,VEE ONE,374.0
2026-08-31,3040256702,C661064-0237,AIRSPEED INDICATOR,BABR,OS concluída,,,
2026-08-31,3040256703,C661064-0237,AIRSPEED INDICATOR,PAMALS,OS concluída,,,
2026-08-31,3040256662,030-18200,MAIN WHEEL BRAKE,BASM,OS concluída,,,
2026-08-31,3040256665,161-11700,INNER WHEEL HALF ASSY,BABV,OS concluída,,,
2026-08-31,3040256666,161-11700,INNER WHEEL HALF ASSY,PAMALS,OS concluída,,,
2026-08-31,3040256667,161-11700,INNER WHEEL HALF ASSY,PAMALS,OS concluída,,,
2026-08-31,3040256668,161-11700,INNER WHEEL HALF ASSY,PAMALS,OS concluída,,,
2026-08-31,3040256669,161-11700,INNER WHEEL HALF ASSY,PAMALS,OS concluída,,,
2026-08-31,3040256670,161-11700,INNER WHEEL HALF ASSY,PAMALS,OS concluída,,,
2026-08-31,3040256671,161-11700,INNER WHEEL HALF ASSY,PAMALS,REC,REPARADO,VEE ONE,374.0
2026-08-31,3040256698,030-18200,MAIN WHEEL BRAKE,PAMASP,REC,,PROCURANDO,374.0
2026-08-31,3040256713,030-18200,MAIN WHEEL BRAKE,ALA 3,REC,,BAMN,374.0
2026-08-31,3040256694,162-11800,WHEEL HALF ASSY-OUTER,BANT,OS concluída,,,
2026-08-31,3040256696,162-11800,WHEEL HALF ASSY-OUTER,PAMALS,REC,,PAMA-LS,374.0
2026-08-31,3040256672,161-12800,WHEEL HALF ASSY-INNER,PAMALS,REC,REPARADO,VEE ONE,374.0
2026-08-31,3040256675,161-12800,WHEEL HALF ASSY-INNER,BANT,OS concluída,,,
2026-08-31,3040256792,011-00877-00,"GSA-80 SERVO ROL,YAW,SPEC",BAMN,REC,,PROCURANDO,374.0
2026-08-31,3040256787,011-00877-00,"GSA-80 SERVO ROL,YAW,SPEC",PAMALS,REC,EM REPARO,VEE ONE,374.0
2026-08-31,3040256828,011-00883-20,RADAR GWX 68 WEATHER,PAMALS,REC,CONDENADO,V1 PAMA-LS,374.0
2026-08-31,3040256709,3121248-03,"VALVE ASSEMBLY,COMPRESSOR BLEED",PAMASP,REC,,BANT,371.0
2026-08-31,3040256673,161-12800,WHEEL HALF ASSY-INNER,PAMALS,REC,CONDENADO,VEE ONE,371.0
2026-08-31,3040257095,011-01105-01,INTEGRATED AVIONICS UNIT GIA63W,BABE,REC,EM REPARO,VEE ONE,367.0
2026-08-31,3040257096,011-01105-01,INTEGRATED AVIONICS UNIT GIA63W,BABE,REC,,BAMN,367.0
2026-08-31,3040257093,065-00183-0501,AUTOPILOT COMPUTER KFC225,BABE,REC,,BANT,367.0
2026-08-31,3040257094,065-00183-0501,AUTOPILOT COMPUTER KFC225,BABE,REC,,BANT,367.0
2026-08-31,3040257443,161-12800,WHEEL HALF ASSY-INNER,ALA 3,AUT,,NÃO TEVE MOVIMENTAÇÃO,355.0
2026-08-31,3040257442,C163030-1001,MAIN W BRAKE A,BAMN,OS concluída,REPARADO,VEE ONE,
2026-08-31,3040257452,3244809-8,"FUEL CONTROL,MAIN,TURBINE ENGINE",BAPV,OS concluída,,,
2026-08-31,3040257454,EA-5172-45-CES,"INDICATOR,AIRSPEED",BACG,OS concluída,,,
2026-08-31,3040257453,EA-5172-45-CES,"INDICATOR,AIRSPEED",ALA 7,REC,DEVOLVIDO NO ESTADO,WILLIAM,348.0
2026-08-31,3040257451,3244809-7,"FUEL CONTROL,MAIN,TURBINE ENGINE",PAMASP,REC,,BANT,348.0
2026-08-31,3040257450,3244809-4,"FUEL CONTROL,MAIN,TURBINE ENGINE",PAMASP,OS concluída,EM REPARO,LEAP,
2026-08-31,3040257438,030-18200,MAIN WHEEL BRAKE,BAMN,REC,REPARADO,VEE ONE,348.0
2026-08-31,3040257444,162-10700,OUTER WHEEL HALF ASSY,PAMALS,OS concluída,,,
2026-08-31,3040257447,162-10700,OUTER WHEEL HALF ASSY,PAMALS,OS concluída,,,
2026-08-31,3040257436,30994-001,BATTERY-MARATHON TSP410 NICAD,PAMALS,OS concluída,CONDENADO,AMA - VEE ONE,
2026-08-31,3040257441,030-18200,MAIN WHEEL BRAKE,BAPV,REC,,BAMN,348.0
2026-08-31,3040257440,030-18200,MAIN WHEEL BRAKE,BANT,REC,CONDENADO,VEE ONE,348.0
2026-08-31,3040257439,030-18200,MAIN WHEEL BRAKE,BAMN,REC,,BAMN,348.0
2026-08-31,3040258306,D210507,"GOVERNOR,OVERSPEED",PAMALS,REC,EM REPARO,LEAP,328.0
2026-08-31,3040258310,D210507,"GOVERNOR,OVERSPEED",BACO,OS concluída,,,
2026-08-31,3040258309,D210507,"GOVERNOR,OVERSPEED",BAMN,REC,EM REPARO,LEAP,328.0
2026-08-31,3040258308,D210507,"GOVERNOR,OVERSPEED",BAMN,OS concluída,,,
2026-08-31,3040258307,D210507,"GOVERNOR,OVERSPEED",ALA 5,OS concluída,,,
2026-08-31,3040258303,011-00877-00,"GSA-80 SERVO ROL,YAW,SPEC",DACTA II,REC,EM REPARO,VEE ONE,328.0
2026-08-31,3040258422,2601188-8,COMPRESSOR DRIVE ASSY R134A,PAMASP,REC,,PROCURANDO,326.0
2026-08-31,3040258419,011-00877-00,"GSA-80 SERVO ROL,YAW,SPEC",DACTA II,REC,EM REPARO,VEE ONE,326.0
2026-08-31,3040258420,011-00877-00,"GSA-80 SERVO ROL,YAW,SPEC",BACO,REC,EM REPARO,VEE ONE,326.0
2026-08-31,3040258421,011-00877-00,"GSA-80 SERVO ROL,YAW,SPEC",BABE,REC,,BACO,326.0
2026-08-31,3040258764,069-01034-0102,"NAVIGATION SET,SATELLITE SIGNALS KLN-94",PAMALS,REC,,BANT,319.0
2026-08-31,3040259152,066-01141-5101,"TRANSPONDER,RADAR",BABE,REC,,BANT,300.0
2026-08-31,3040259151,066-01141-5101,"TRANSPONDER,RADAR",BANT,REC,REPARADO,V1 PAMA-LS,300.0
2026-08-31,3040259251,064-1019-05,VHF TRANSCEIVE KY196,EEAR,REC,,EEAR,298.0
2026-08-31,3040259146,1U149-015-15,HORIZ. GYRO-STADBY,PAMALS,REC,EM REPARO,VEE ONE,297.0
2026-08-31,3040259147,162-10700,OUTER WHEEL HALF ASSY,BANT,REC,EM REPARO,AMA - VEE ONE,297.0
2026-08-31,3040259148,3049038-03,"VALVE,COMPRESSOR BLEED",BANT,OS concluída,,,
2026-08-31,3040259316,2606015-4,INDICATOR-OIL TEMP/OIL PRESS,BACG,REC,REPARADO,V1 PAMA-LS,294.0
2026-08-31,3040259564,C414007-0102,BLOWER ASSY,PAMALS,OS concluída,,,
2026-08-31,3040259568,C414007-0102,BLOWER ASSY,ALA 10,OS concluída,,,
2026-08-31,3040259570,C414007-0102,BLOWER ASSY,ALA 10,OS concluída,,,
2026-08-31,3040259694,025323-150,FUEL PUMP,PAMASP,REC,,BACO,286.0
2026-08-31,3040259922,C414007-0102,BLOWER ASSY,BANT,REC,REPARADO,V1 PAMA-LS,279.0
2026-08-31,3040259928,C414007-0102,BLOWER ASSY,PAMALS,REC,EM REPARO,VEE ONE,279.0
2026-08-31,3040259924,C414007-0102,BLOWER ASSY,BACG,REC,EM REPARO,VEE ONE,279.0
2026-08-31,3040259918,C414007-0102,BLOWER ASSY,ALA 10,REC,EM REPARO,VEE ONE,279.0
2026-08-31,3040259950,065-0060-01,"CONTROL,SERVO,AUTOMATIC PILOT",PAMALS,REC,EM REPARO,LEAP,279.0
2026-08-31,3040259949,065-0060-01,"CONTROL,SERVO,AUTOMATIC PILOT",PAMALS,REC,EM REPARO,LEAP,279.0
2026-08-31,3040259947,066-3046-07,"CONTROL,INDICATOR",EEAR,OS concluída,,,
2026-08-31,3040259946,066-3046-07,"CONTROL,INDICATOR",BANT,REC,,BANT,279.0
2026-08-31,3040259944,066-3046-07,"CONTROL,INDICATOR",EEAR,REC,,PAMA-LS,279.0
2026-08-31,3040260209,011-00916-00,DISPLAY UNIT GDU 1040A,PAMALS,REC,,BAMN,265.0
2026-08-31,3040260208,324843-W020,HEADSET-MICROPHONE,PAMALS,REC,VAI SER DEVOLVIDO SEM REPARO,WILLIAM,265.0
2026-08-31,3040260204,324843-W020,HEADSET-MICROPHONE,PAMALS,OS concluída,,,
2026-08-31,3040260205,324843-W020,HEADSET-MICROPHONE,PAMALS,OS concluída,,,
2026-08-31,3040260388,SD5H14C4527,AIR COMPRESSOR,PAMALS,REC,EM REPARO,VEE ONE,258.0
2026-08-31,3040260382,065-00183-0501,AUTOPILOT COMPUTER KFC225,BANT,REC,,BANT,258.0
2026-08-31,3040260389,SD5H14C4527,AIR COMPRESSOR,PAMALS,REC,EM REPARO,VEE ONE,258.0
2026-08-31,3040260517,ASG12000-2,ALTERNATOR,PAMALS,OS concluída,,,
2026-08-31,3040260524,51539-012M,CONTROL UNIT ASSY-GENERATOR,BANT,REC,,BACG,255.0
2026-08-31,3040260516,ASG12000-2,ALTERNATOR,PAMALS,REC,REPARADO,V1 PAMA-LS,255.0
2026-08-31,3040260523,9910592-2,ALTERNADOR,BAMN,OS concluída,REPARADO,V1 PAMA-LS,
2026-08-31,3040260522,9910592-2,ALTERNADOR,BAMN,REC,REPARADO,V1 PAMA-LS,255.0
2026-08-31,3040260547,161-12800,WHEEL HALF ASSY-INNER,EPCAR,OS concluída,REPARADO,VEE ONE,
2026-08-31,3040260545,161-11700,INNER WHEEL HALF ASSY,BACG,REC,REPARADO,VEE ONE,237.0
2026-08-31,3040260544,161-11700,INNER WHEEL HALF ASSY,BANT,REC,REPARADO,VEE ONE,237.0
2026-08-31,3040260546,161-12800,WHEEL HALF ASSY-INNER,PAMALS,REC,REPARADO,VEE ONE,237.0
2026-08-31,3040260548,161-11700,INNER WHEEL HALF ASSY,CLA,REC,REPARADO,VEE ONE,237.0
2026-08-31,3040260549,162-10700,OUTER WHEEL HALF ASSY,BACG,REC,REPARADO,VEE ONE,237.0
2026-08-31,3040260550,162-10700,OUTER WHEEL HALF ASSY,CLA,REC,REPARADO,VEE ONE,237.0
2026-08-31,3040260551,162-11800,WHEEL HALF ASSY-OUTER,BANT,REC,REPARADO,VEE ONE,237.0
2026-08-31,3040260552,30994-001,BATTERY-MARATHON TSP410 NICAD,BABE,OS concluída,CONDENADO,AMA - VEE ONE,
2026-08-31,3040260543,324843-W020,HEADSET-MICROPHONE,PAMALS,REC,VAI SER DEVOLVIDO SEM REPARO,WILLIAM,237.0
2026-08-31,3040260542,324843-W020,HEADSET-MICROPHONE,PAMALS,REC,,BABE,237.0
2026-08-31,3040260541,324843-W020,HEADSET-MICROPHONE,PAMALS,OS concluída,,,
2026-08-31,3040260540,324843-W020,HEADSET-MICROPHONE,PAMALS,OS concluída,,,
2026-08-31,3040260538,324843-W020,HEADSET-MICROPHONE,PAMALS,REC,,BABE,237.0
2026-08-31,3040260539,324843-W020,HEADSET-MICROPHONE,PAMALS,REC,,BABE,237.0
2026-08-31,3040260595,9910586-4,FLAP ACTUATOR AND MOTOR ASSEMBLY,7 ETA,REC,,BAMN,237.0
2026-08-31,3040260597,9910586-4,FLAP ACTUATOR AND MOTOR ASSEMBLY,BAPV,OS concluída,REPARADO,VEE ONE,
2026-08-31,3040260583,3244897-4,FUEL CONTROL UNIT,PAMALS,OS concluída,,,
2026-08-31,3040260750,3122678-04,FUEL CONTROL UNIT,PAMASP,REC,,BANT,229.0
2026-08-31,3040260752,3244897-4,FUEL CONTROL UNIT,PAMASP,OS concluída,,,
2026-08-31,3040260753,3244809-7,"FUEL CONTROL,MAIN,TURBINE ENGINE",PAMASP,OS concluída,,,
2026-08-31,3040260754,3244809-1,"FUEL CONTROL,MAIN,TURBINE ENGINE",PAMASP,REC,EM QUARENTENA,LEAP,229.0
2026-08-31,3040254794,C145-350,"MOTOR,DIRECT CURRENT",PAMALS,OS concluída,,,
2026-08-31,3040260913,064-1054-30,RECEIVER-TRANSMITTER SUBASSEMBLY,EPCAR,REC,REPARADO,V1 PAMA-LS,217.0
2026-08-31,3040260915,064-1054-30,RECEIVER-TRANSMITTER SUBASSEMBLY,PAMALS,REC,REPARADO,V1 PAMA-LS,217.0
2026-08-31,3040260811,3034792,BOMBA DE COMBUSTÍVEL,BAPV,REC,,BABR,215.0
2026-08-31,3040260812,3034792,BOMBA DE COMBUSTÍVEL,BACG,OS concluída,,,
2026-08-31,3040260922,162-11800,WHEEL HALF ASSY-OUTER,PAMALS,OS concluída,,,
2026-08-31,3040260923,030-18200,MAIN WHEEL BRAKE,BACO,REC,REPARADO,VEE ONE,215.0
2026-08-31,3040261389,3034792,BOMBA DE COMBUSTÍVEL,PAMASP,OS concluída,REPARADO,V1 PAMA-LS,
2026-08-31,3040261388,3034792,BOMBA DE COMBUSTÍVEL,BABR,OS concluída,,,
2026-08-31,3040261387,3034792,BOMBA DE COMBUSTÍVEL,BABR,OS concluída,,,
2026-08-31,3040261371,TFF2905-13,FUEL FLOW TRANSDUCER,ALA 8,REC,EM REPARO,WILLIAM,202.0
2026-08-31,3040261375,C661065-0240RX,"INDICATOR, AIRSPEED",BACG,REC,EM REPARO,WILLIAM,202.0
2026-08-31,3040261373,C661065-0240,AIRSPEED INDICATOR,BABE,REC,REPARADO,V1 PAMA-LS,202.0
2026-08-31,3040261322,011-00831-00,"ENGINE INTERFA,SPEC",BAPV,REC,REPARADO,VEE ONE,202.0
2026-08-31,3040261326,011-00882-10,"COMPUTER,AIR DATA",BAMN,OS concluída,,,
2026-08-31,3040261324,011-00882-10,"COMPUTER,AIR DATA",BAMN,OS concluída,,,
2026-08-31,3040261327,064-1054-30,RECEIVER-TRANSMITTER SUBASSEMBLY,PAMASP,REC,REPARADO,V1 PAMA-LS,202.0
2026-08-31,3040261336,066-01141-0101,"RECEIVER,RADIO",BANT,REC,REPARADO,V1 PAMA-LS,202.0
2026-08-31,3040261334,065-0065-01,SELECTOR ALT,BANT,REC,EM REPARO,WILLIAM,202.0
2026-08-31,3040261331,065-0061-36,ACTUATOR TRIM (KS272A),PAMASP,OS concluída,,BABR,
2026-08-31,3040261329,065-0061-36,ACTUATOR TRIM (KS272A),ALA 10,OS concluída,,,
2026-08-31,3040261335,065-0065-01,SELECTOR ALT,BANT,REC,EM REPARO,WILLIAM,202.0
2026-08-31,3040261342,066-3084-02,COLOR RADAR INDICATOR,BABV,REC,EM REPARO,WILLIAM,202.0
2026-08-31,3040261340,066-1053-00,"RECEIVER,RADIO",BASM,REC,REPARADO,V1 PAMA-LS,202.0
2026-08-31,3040261377,066-3054-01,INDICATOR RADAR ALTIMETER - TYPE KI250,PAMALS,REC,EM REPARO,WILLIAM,202.0
2026-08-31,3040261376,066-1061-03,RT RADAR ALTIM (KRA10A),PAMALS,REC,PARA REPARO,VEE ONE,202.0
2026-08-31,3040261352,1134380-4,EVAPORATOR MODULE ASSY-RH,BAMN,REC,CONDENADO,VEE ONE,202.0
2026-08-31,3040261347,071-1234-00,ANTENNA ACCESSORY,ALA 1,REC,EM REPARO,WILLIAM,202.0
2026-08-31,3040261344,066-4010-12,RECEIVER VOR/LOC (KNS81),ALA 10,REC,EM REPARO,WILLIAM,202.0
2026-08-31,3040261353,1H75-21,PRESSURE REGULATOR,BAMN,OS concluída,,BAMN,
2026-08-31,3040261357,2682001-1,BRAKE CYL MAST,BABE,OS concluída,,,
2026-08-31,3040261356,2670104-2,ANNUNCIATOR PANEL,PAMALS,REC,REPARADO,VEE ONE,202.0
2026-08-31,3040261355,2643100-201,NOSE GEAR STRUT ASSY - TALL FORK,BABR,OS concluída,,,
2026-08-31,3040261354,2643100-201,NOSE GEAR STRUT ASSY - TALL FORK,BANT,REC,EM REPARO,AV AERONAUTICA,202.0
2026-08-31,3040261364,8210-002-01,GOVERNOR PROPELLER,PAMASP,REC,REPARADO,VEE ONE,202.0
2026-08-31,3040261627,S3828-1,ALTIMETER,BAMN,REC,EM REPARO,WILLIAM,188.0
2026-08-31,3040261628,S3828-1,ALTIMETER,BABE,REC,REPARADO,V1 PAMA-LS,188.0
2026-08-31,3040261851,51539-012MRX,CONTROL UNIT ASSY-GENERATOR,BABE,REC,EM REPARO,VEE ONE,180.0
2026-08-31,3040261852,51539-012MRX,CONTROL UNIT ASSY-GENERATOR,BABE,REC,EM REPARO,VEE ONE,180.0
2026-08-31,3040261843,3034792,BOMBA DE COMBUSTÍVEL,PAMALS,REC,EM REPARO,VEE ONE,175.0
2026-08-31,3040262245,200SGL119Q-2,STARTER GENERATOR,BAMN,OS concluída,,,
2026-08-31,3040262246,200SGL119Q-2,STARTER GENERATOR,BAMN,OS concluída,,,
2026-08-31,3040262273,324843-W020,HEADSET-MICROPHONE,BABE,OS concluída,,,
2026-08-31,3040262275,324843-W020,HEADSET-MICROPHONE,BANT,OS concluída,,,
2026-08-31,3040262363,066-1055-00,AUDIO CONTROL PANEL,ALA 5,OS concluída,,,
2026-08-31,3040262367,066-1055-00,AUDIO CONTROL PANEL,ALA 9,REC,EM REPARO,WILLIAM,158.0
2026-08-31,3040262368,066-1055-00,AUDIO CONTROL PANEL,CLA,OS concluída,,,
2026-08-31,3040262372,51539-012M,CONTROL UNIT ASSY-GENERATOR,BANT,REC,,V1 PAMA-LS,158.0
2026-08-31,3040262371,51539-012N,CONTROL UNIT ASSY-GENERATOR,BANT,REC,REPARADO,V1 PAMA-LS,158.0
2026-08-31,3040262419,065-0061-36,ACTUATOR TRIM (KS272A),ALA 9,REC,EM REPARO,WILLIAM,153.0
2026-08-31,3040262734,C352,PORTABLE HALON FIRE EXTINGUISHERS,ALA 5,REC,EM REPARO,AV AERONAUTICA,140.0
2026-08-31,3040262738,C352TS,"EXTINGUISHER,FIRE",BANT,REC,,PROCURANDO,140.0
2026-08-31,3040262739,C352TS,"EXTINGUISHER,FIRE",BANT,REC,,PROCURANDO,140.0
2026-08-31,3040262740,C352TS,"EXTINGUISHER,FIRE",PAMALS,REC,,PROCURANDO,140.0
2026-08-31,3040262766,011-00883-20,RADAR GWX 68 WEATHER,BAMN,OS concluída,EM REPARO,VEE ONE,
2026-08-31,3040262765,011-00883-20,RADAR GWX 68 WEATHER,BAMN,REC,EM REPARO,VEE ONE,140.0
2026-08-31,3040262772,011-01020-10,AFCS MODE CONTROLLER GMC 710,BAMN,REC,EM REPARO,WILLIAM,140.0
2026-08-31,3040262770,011-01020-10,AFCS MODE CONTROLLER GMC 710,BAMN,REC,EM REPARO,WILLIAM,140.0
2026-08-31,3040262773,011-01020-10,AFCS MODE CONTROLLER GMC 710,BAMN,REC,EM REPARO,WILLIAM,140.0
2026-08-31,3040262746,066-1070-01,TRANSCEIVER DME (KN63),BABE,REC,EM REPARO,WILLIAM,140.0
2026-08-31,3040262745,064-1019-05,VHF TRANSCEIVE KY196,EEAR,REC,EM REPARO,VEE ONE,140.0
2026-08-31,3040262747,066-1072-00,RECEIVER ADF (KING KR87),ALA 7,REC,EM REPARO,WILLIAM,140.0
2026-08-31,3040262748,066-3046-07,"CONTROL,INDICATOR",BABR,REC,,BANT,140.0
2026-08-31,3040262769,066-3046-07,"CONTROL,INDICATOR",BABR,REC,,BANT,140.0
2026-08-31,3040262768,066-3046-07,"CONTROL,INDICATOR",EEAR,OS concluída,EM REPARO,LEAP,
2026-08-31,3040262767,066-3046-07,"CONTROL,INDICATOR",EEAR,REC,EM REPARO,LEAP,140.0
2026-08-31,3040262791,066-3060-00,IND RMI KNI582,BANT,REC,EM REPARO,LEAP,140.0
2026-08-31,3040262630,161-11700,INNER WHEEL HALF ASSY,BANT,REC,REPARADO,VEE ONE,140.0
2026-08-31,3040262792,066-3060-00,IND RMI KNI582,BANT,REC,EM REPARO,LEAP,140.0
2026-08-31,3040262634,162-10700,OUTER WHEEL HALF ASSY,BANT,REC,REPARADO,VEE ONE,140.0
2026-08-31,3040262632,161-12800,WHEEL HALF ASSY-INNER,BANT,OS concluída,REPARADO,VEE ONE,
2026-08-31,3040262633,161-12800,WHEEL HALF ASSY-INNER,BANT,REC,REPARADO,VEE ONE,140.0
2026-08-31,3040262635,162-11800,WHEEL HALF ASSY-OUTER,EPCAR,REC,REPARADO,VEE ONE,140.0
2026-08-31,3040262637,162-11800,WHEEL HALF ASSY-OUTER,BANT,REC,REPARADO,VEE ONE,140.0
2026-08-31,3040262636,162-11800,WHEEL HALF ASSY-OUTER,BANT,REC,REPARADO,VEE ONE,140.0
2026-08-31,3040262646,200SGL119Q,STARTER GENERATOR,PAMASP,OS concluída,,,
2026-08-31,3040262639,200SGL119Q,STARTER GENERATOR,PAMASP,OS concluída,,PAMA-LS,
2026-08-31,3040262638,200SGL119Q,STARTER GENERATOR,PAMALS,REC,EM REPARO,AV AERONAUTICA,140.0
2026-08-31,3040262757,2606015-2,IND OIL TEMP/P,PAMALS,REC,EM REPARO,VEE ONE,140.0
2026-08-31,3040262706,2641011-5,AXLE-MAIN GEAR,BAMN,REC,,BANT,140.0
2026-08-31,3040262707,2641011-5,AXLE-MAIN GEAR,BABV,REC,REPARADO,VEE ONE,140.0
2026-08-31,3040262717,2641011-5,AXLE-MAIN GEAR,BANT,REC,REPARADO,VEE ONE,140.0
2026-08-31,3040262714,2641011-5,AXLE-MAIN GEAR,BAPV,REC,,BANT,140.0
2026-08-31,3040262713,2641011-5,AXLE-MAIN GEAR,BAPV,REC,REPARADO,VEE ONE,140.0
2026-08-31,3040262712,2641011-5,AXLE-MAIN GEAR,BABR,REC,,BANT,140.0
2026-08-31,3040262711,2641011-5,AXLE-MAIN GEAR,BABR,REC,,BANT,140.0
2026-08-31,3040262709,2641011-5,AXLE-MAIN GEAR,PAMALS,REC,,BANT,140.0
2026-08-31,3040262708,2641011-5,AXLE-MAIN GEAR,PAMALS,REC,,BANT,140.0
2026-08-31,3040262744,3244809-1A,F.C.U,PAMALS,REC,EM REPARO,LEAP,140.0
2026-08-31,3040262758,9910338-4,FUEL TOTALIZER INDICATOR,PAMALS,REC,EM REPARO,VEE ONE,140.0
2026-08-31,3040262759,9910338-6,"TRANSMITTER,RATE OF FLOW",BAMN,REC,EM REPARO,WILLIAM,140.0
2026-08-31,3040262760,9910338-6,"TRANSMITTER,RATE OF FLOW",BANT,REC,EM REPARO,VEE ONE,140.0
2026-08-31,3040262966,2682001-1,BRAKE CYL MAST,BACO,OS concluída,,PAMA-LS,
2026-08-31,3040262967,2682001-1,BRAKE CYL MAST,PAMALS,REC,REPARADO,V1 PAMA-LS,138.0
2026-08-31,3040262968,2682001-1,BRAKE CYL MAST,BANT,OS concluída,,PAMA-LS,
2026-08-31,3040262969,2682001-1,BRAKE CYL MAST,BABE,REC,REPARADO,V1 PAMA-LS,138.0
2026-08-31,3040263069,453-5060,ELT C406-N,BABE,OS concluída,,,
2026-08-31,3040263283,D145-00-46-2,FLAP ACTUATOR ASSY,PAMALS,REC,EM REPARO,LEAP,123.0
2026-08-31,3040263284,D145-00-46-2,FLAP ACTUATOR ASSY,BAFL,REC,EM REPARO,LEAP,123.0
2026-08-31,3040263324,069-01033-0101,"RECEIVER-TRANSMITTER,RADIO",PAMALS,REC,EM REPARO,LEAP,123.0
2026-08-31,3040263287,C661065-0237,AIRSPEED INDICATOR,BABR,REC,REPARADO,VEE ONE,123.0
2026-08-31,3040263288,C661065-0237,AIRSPEED INDICATOR,PAMASP,REC,REPARADO,VEE ONE,123.0
2026-08-31,3040263314,060-0017-00,FLIGHT DIR HOR,EEAR,REC,EM REPARO,LEAP,123.0
2026-08-31,3040263319,066-1055-00,AUDIO CONTROL PANEL,BABE,REC,REPARADO,VEE ONE,123.0
2026-08-31,3040263317,060-0017-00,FLIGHT DIR HOR,PAMASP,REC,,BANT,123.0
2026-08-31,3040263316,060-0017-00,FLIGHT DIR HOR,BANT,REC,,BANT,123.0
2026-08-31,3040263320,066-1055-00,AUDIO CONTROL PANEL,PAMALS,REC,EM REPARO,AV AERONAUTICA,123.0
2026-08-31,3040263325,069-01033-0101,"RECEIVER-TRANSMITTER,RADIO",PAMALS,REC,,PROCURANDO,123.0
2026-08-31,3040263335,C611008-0101,ALTERNATOR CONTROL UNIT,PAMALS,REC,EM REPARO,AV AERONAUTICA,123.0
2026-08-31,3040263336,C611008-0101,ALTERNATOR CONTROL UNIT,PAMALS,REC,EM REPARO,AV AERONAUTICA,123.0
2026-08-31,3040263286,C661065-0237,AIRSPEED INDICATOR,BANT,REC,DEVOLVIDO NO ESTADO,WILLIAM,123.0
2026-08-31,3040263322,066-1055-00,AUDIO CONTROL PANEL,ALA 9,REC,EM REPARO,WILLIAM,123.0
2026-08-31,3040263326,069-01033-0101,"RECEIVER-TRANSMITTER,RADIO",PAMALS,REC,,BANT,123.0
2026-08-31,3040263315,060-0017-00,FLIGHT DIR HOR,BACG,OS concluída,,BABR,
2026-08-31,3040263334,011-00916-10,"DISPLAY UNIT,FLIGHT INFORMATION",BACO,REC,VAI SER DEVOLVIDO SEM REPARO,WILLIAM,123.0
2026-08-31,3040263333,011-00916-10,"DISPLAY UNIT,FLIGHT INFORMATION",BACO,OS concluída,EM REPARO,WILLIAM,
2026-08-31,3040263332,011-00916-10,"DISPLAY UNIT,FLIGHT INFORMATION",BAMN,OS concluída,EM REPARO,WILLIAM,
2026-08-31,3040263331,C661064-0237,AIRSPEED INDICATOR,PAMALS,REC,VAI SER DEVOLVIDO SEM REPARO,WILLIAM,123.0
2026-08-31,3040263329,C661064-0237,AIRSPEED INDICATOR,PAMALS,REC,EM REPARO,WILLIAM,123.0
2026-08-31,3040263328,C661064-0237,AIRSPEED INDICATOR,BABR,REC,EM REPARO,WILLIAM,123.0
2026-08-31,3040263327,C661064-0237,AIRSPEED INDICATOR,BABR,REC,EM REPARO,WILLIAM,123.0
2026-08-31,3040263330,C661064-0237,AIRSPEED INDICATOR,PAMALS,REC,EM REPARO,WILLIAM,123.0
2026-08-31,3040263338,C611008-0101,ALTERNATOR CONTROL UNIT,PAMALS,REC,REPARADO,V1 PAMA-LS,123.0
2026-08-31,3040263433,066-03064-0005,"ALTIMETER,SERVO CONTROLLED,AUTOMATIC PRESSURE",BACG,REC,EM REPARO,WILLIAM,117.0
2026-08-31,3040263435,066-03064-0005,"ALTIMETER,SERVO CONTROLLED,AUTOMATIC PRESSURE",BANT,REC,EM REPARO,WILLIAM,117.0
2026-08-31,3040263434,066-03064-0005,"ALTIMETER,SERVO CONTROLLED,AUTOMATIC PRESSURE",PAMASP,REC,VAI SER DEVOLVIDO SEM REPARO,WILLIAM,117.0
2026-08-31,3040263417,069-01033-0101,"RECEIVER-TRANSMITTER,RADIO",PAMALS,REC,EM REPARO,WILLIAM,117.0
2026-08-31,3040263416,069-01033-0101,"RECEIVER-TRANSMITTER,RADIO",BASM,REC,EM REPARO,WILLIAM,117.0
2026-08-31,3040263415,069-01033-0101,"RECEIVER-TRANSMITTER,RADIO",BABR,REC,,BANT,117.0
2026-08-31,3040263447,066-3046-07,"CONTROL,INDICATOR",CLA,OS concluída,,BABR,
2026-08-31,3040263443,3244897-4,FUEL CONTROL UNIT,PAMALS,REC,EM REPARO,LEAP,116.0
2026-08-31,3040263444,3244897-4,FUEL CONTROL UNIT,PAMALS,REC,EM REPARO,LEAP,116.0
2026-08-31,3040263577,060-0015-00,"CONTROL,DIRECTIONAL,AUTOMATIC PILOT",ALA 5,REC,EM REPARO,WILLIAM,111.0
2026-08-31,3040263574,066-1072-04,"RECEIVER,RADIO",BABE,REC,EM REPARO,WILLIAM,111.0
2026-08-31,3040263576,066-1072-04,"RECEIVER,RADIO",BAMN,OS concluída,DEVOLVIDO NO ESTADO,WILLIAM,
2026-08-31,3040263575,066-1072-04,"RECEIVER,RADIO",BABE,REC,EM REPARO,WILLIAM,111.0
2026-08-31,3040263573,066-3084-32,IND RDR 2000 IN-182A,PAMALS,REC,,BABR,111.0
2026-08-31,3040263571,066-3084-32,IND RDR 2000 IN-182A,PAMALS,REC,EM REPARO,WILLIAM,111.0
2026-08-31,3040263572,066-3084-32,IND RDR 2000 IN-182A,PAMALS,REC,EM REPARO,WILLIAM,111.0
2026-08-31,3040263448,2618510-10,ALTERNATOR CONTROL UNIT ASSY,BABE,REC,EM REPARO,WILLIAM,111.0
2026-08-31,3040263449,2618510-10,ALTERNATOR CONTROL UNIT ASSY,PAMALS,REC,EM REPARO,WILLIAM,111.0
2026-08-31,3040263877,2641011-5,AXLE-MAIN GEAR,CLA,REC,EM REPARO,LEAP,101.0
2026-08-31,3040263878,2641011-5,AXLE-MAIN GEAR,CLA,REC,EM REPARO,LEAP,101.0
2026-08-31,3040264243,069-01033-0101,"RECEIVER-TRANSMITTER,RADIO",PAMALS,REC,EM REPARO,WILLIAM,94.0
2026-08-31,3040264244,069-01033-0101,"RECEIVER-TRANSMITTER,RADIO",PAMASP,REC,EM REPARO,WILLIAM,94.0
2026-08-31,3040264246,060-0017-00,FLIGHT DIR HOR,PAMALS,REC,EM REPARO,WILLIAM,94.0
2026-08-31,3040264237,200SGL119Q-2,STARTER GENERATOR,BAMN,REC,EM REPARO,AV AERONAUTICA,94.0
2026-08-31,3040264236,200SGL119Q-2,STARTER GENERATOR,BABE,OS concluída,,BABE,
2026-08-31,3040264121,3244897-4,FUEL CONTROL UNIT,BABE,OS concluída,EM REPARO,LEAP,
2026-08-31,3040264263,9910338-8,"INDICATOR,FUEL FLOW",PAMALS,OS concluída,,BABR,
2026-08-31,3040264262,9910338-8,"INDICATOR,FUEL FLOW",BABV,REC,EM REPARO,WILLIAM,94.0
2026-08-31,3040264242,324843-2020,HEADSET-MICROPHONE,BABE,OS concluída,EM REPARO,WILLIAM,
2026-08-31,3040264264,324843-2020,HEADSET-MICROPHONE,DACTA II,OS concluída,EM REPARO,WILLIAM,
2026-08-31,3040264238,324843-2020,HEADSET-MICROPHONE,DACTA II,OS concluída,EM REPARO,WILLIAM,
2026-08-31,3040264241,324843-2020,HEADSET-MICROPHONE,DACTA II,OS concluída,EM REPARO,WILLIAM,
2026-08-31,3040264240,324843-2020,HEADSET-MICROPHONE,DACTA II,OS concluída,EM REPARO,WILLIAM,
2026-08-31,3040264122,3244809-8,"FUEL CONTROL,MAIN,TURBINE ENGINE",BABE,OS concluída,,BABR,
2026-08-31,3040263797,066-3046-07,"CONTROL,INDICATOR",BABE,REC,EM REPARO,WILLIAM,94.0
2026-08-31,3040263798,066-3046-07,"CONTROL,INDICATOR",PAMASP,OS concluída,EM REPARO,WILLIAM,
2026-08-31,3040263799,066-3046-07,"CONTROL,INDICATOR",PAMASP,REC,EM REPARO,WILLIAM,94.0
2026-08-31,3040263795,071-01519-0101,"RECEIVER-EXCITER,RADAR",PAMALS,REC,,PROCURANDO,94.0
2026-08-31,3040263796,071-01519-0101,"RECEIVER-EXCITER,RADAR",PAMALS,REC,,PROCURANDO,94.0
2026-08-31,3040264579,060-0017-00,FLIGHT DIR HOR,BABR,OS concluída,,,
2026-08-31,3040264577,060-0017-00,FLIGHT DIR HOR,PAMALS,REC,,,82.0
2026-08-31,3040264573,060-0017-00,FLIGHT DIR HOR,BANT,REC,,,82.0
2026-08-31,3040264574,060-0017-00,FLIGHT DIR HOR,BANT,REC,,,82.0
2026-08-31,3040264576,060-0017-00,FLIGHT DIR HOR,PAMALS,REC,,,82.0
2026-08-31,3040264572,060-0017-00,FLIGHT DIR HOR,PAMASP,REC,,,82.0
2026-08-31,3040264647,1H75-21,PRESSURE REGULATOR,BAMN,REC,,,77.0
2026-08-31,3040264646,1H75-21,PRESSURE REGULATOR,PAMASP,REC,,,77.0
2026-08-31,3040264645,1H75-21,PRESSURE REGULATOR,PAMASP,REC,,,77.0
2026-08-31,3040264643,1H75-21,PRESSURE REGULATOR,PAMASP,REC,,,77.0
2026-08-31,3040264707,3244809-7,"FUEL CONTROL,MAIN,TURBINE ENGINE",BABE,OS concluída,,,
2026-08-31,3040264709,540-1407-4,"VALVE,BLEED,TURBINEENGINE",PAMASP,REC,,,77.0
2026-08-31,3040264710,200SGL153Q,"STARTER-GENERATOR,ENGINE,AIRCRAFT",CLA,OS concluída,,,
2026-08-31,3040264711,200SGL153Q,"STARTER-GENERATOR,ENGINE,AIRCRAFT",PAMASP,OS concluída,,,
2026-08-31,3040264712,200SGL153Q,"STARTER-GENERATOR,ENGINE,AIRCRAFT",BACG,REC,,,77.0
2026-08-31,3040264718,9910338-8,"INDICATOR,FUEL FLOW",PAMALS,REC,,,77.0
2026-08-31,3040264719,S3326-2,"INDICATOR,HORIZONTAL SITUATION",ALA 8,REC,,,77.0
2026-08-31,3040264720,S3326-2,"INDICATOR,HORIZONTAL SITUATION",PAMALS,REC,,,77.0
2026-08-31,3040264721,S3326-2,"INDICATOR,HORIZONTAL SITUATION",PAMASP,REC,,,77.0
2026-08-31,3040264724,2606013-1AM,INDICADOR PERCENTUAL RPM,BABV,REC,,,77.0
2026-08-31,3040264725,2606013-1AM,INDICADOR PERCENTUAL RPM,BABR,REC,,,77.0
2026-08-31,3040264726,2606015-4,INDICATOR-OIL TEMP/OIL PRESS,BANT,REC,,,77.0
2026-08-31,3040264727,C661051-0201,GYRO HORIZON,ALA 10,REC,,,77.0
2026-08-31,3040264728,504-0111-906,GYRO HORIZON,PAMALS,OS concluída,,,
2026-08-31,3040264729,504-0111-906,GYRO HORIZON,BACG,OS concluída,,,
2026-08-31,3040264730,8210-003,"GOVERNOR,FUEL CONTROL",PAMASP,REC,,,77.0
2026-08-31,3040264731,8210-002,"GOVERNOR,CONSTANT SPEED DRIVE",PAMASP,REC,,,77.0
2026-08-31,3040264732,8210-002,"GOVERNOR,CONSTANT SPEED DRIVE",BAMN,REC,,,77.0
2026-08-31,3040264733,030-18200,MAIN WHEEL BRAKE,BAMN,REC,,,77.0
2026-08-31,3040264734,030-18200,MAIN WHEEL BRAKE,BAMN,REC,,,77.0
2026-08-31,3040264735,161-11700,INNER WHEEL HALF ASSY,PAMALS,REC,,,77.0
2026-08-31,3040264736,161-12800,WHEEL HALF ASSY-INNER,BABR,REC,,,77.0
2026-08-31,3040264737,161-12800,WHEEL HALF ASSY-INNER,PAMALS,AUT,,,77.0
2026-08-31,3040264738,162-10700,OUTER WHEEL HALF ASSY,BACO,AUT,,,77.0
2026-08-31,3040264807,011-01105-01,INTEGRATED AVIONICS UNIT GIA63W,ALA 8,REC,,,69.0
2026-08-31,3040264808,011-01105-01,INTEGRATED AVIONICS UNIT GIA63W,BAMN,REC,,,69.0
2026-08-31,3040264907,011-00916-10,"DISPLAY UNIT,FLIGHT INFORMATION",BAMN,REC,,,62.0
2026-08-31,3040264908,011-00916-10,"DISPLAY UNIT,FLIGHT INFORMATION",BABV,OS concluída,,,
2026-08-31,3040264974,3244809-8,"FUEL CONTROL,MAIN,TURBINE ENGINE",BAMN,REC,,,60.0
2026-08-31,3040264961,3244897-4,FUEL CONTROL UNIT,CLA,OS concluída,,,
2026-08-31,3040264960,3034792,BOMBA DE COMBUSTÍVEL,CLA,REC,,,60.0
2026-08-31,3040265144,011-01020-10,AFCS MODE CONTROLLER GMC 710,BABE,REC,,,54.0
2026-08-31,3040265140,011-01020-10,AFCS MODE CONTROLLER GMC 710,BABE,REC,,,54.0
2026-08-31,3040265482,066-3084-32,IND RDR 2000 IN-182A,BABR,REC,,,39.0
2026-08-31,3040265484,066-3084-32,IND RDR 2000 IN-182A,BANT,REC,,,39.0
2026-08-31,3040265485,066-3084-32,IND RDR 2000 IN-182A,BABR,REC,,,39.0
2026-08-31,3040265526,ASG12000-2,ALTERNATOR,PAMALS,REC,,,35.0
2026-08-31,3040265525,ASG12000-2,ALTERNATOR,BABR,REC,,,35.0
2026-08-31,3040265527,9910592-2,ALTERNADOR,BABR,REC,,,35.0
2026-08-31,3040265533,3122678-04,FUEL CONTROL UNIT,BABR,REC,,,35.0
2026-08-31,3040265532,C611505-0201,ALTERNATOR,BANT,REC,,,35.0
2026-08-31,3040265530,C611505-0201,ALTERNATOR,BABV,REC,,,35.0
2026-08-31,3040265528,9910592-2,ALTERNADOR,BABR,REC,,,35.0
2026-08-31,3040265724,3244897-4,FUEL CONTROL UNIT,CLA,REC,,,34.0
2026-08-31,3040265474,C611008-0101,ALTERNATOR CONTROL UNIT,PAMALS,REC,,,32.0
2026-08-31,3040265475,C611008-0101,ALTERNATOR CONTROL UNIT,BABV,REC,,,32.0
2026-08-31,3040265476,C611008-0101,ALTERNATOR CONTROL UNIT,PAMALS,REC,,,32.0
2026-08-31,3040265477,C611008-0101,ALTERNATOR CONTROL UNIT,PAMALS,REC,,,32.0
2026-08-31,3040265576,011-00916-10,"DISPLAY UNIT,FLIGHT INFORMATION",BAMN,REC,,,31.0
2026-08-31,3040265580,011-00916-00,DISPLAY UNIT GDU 1040A,PAMALS,REC,,,35.0
2026-08-31,3040265581,011-00916-00,DISPLAY UNIT GDU 1040A,PAMALS,REC,,,35.0
2026-08-31,3040265589,EA-5175-52-CES,INDICATOR TRUE,BABV,REC,,,35.0
2026-08-31,3040265590,EA-5175-52-CES,INDICATOR TRUE,BASM,REC,,,35.0
2026-08-31,3040265591,EA-5175-52-CES,INDICATOR TRUE,BABV,REC,,,35.0
2026-08-31,3040265592,EA-5175-52-CES,INDICATOR TRUE,BABV,REC,,,35.0
2026-08-31,3040265668,9910592-2,ALTERNADOR,PAMALS,REC,,,35.0
2026-08-31,3040265678,9910592-2,ALTERNADOR,BAMN,REC,,,35.0
2026-08-31,3040265679,C611505-0201,ALTERNATOR,PAMALS,REC,,,35.0
2026-08-31,3040265680,C611505-0201,ALTERNATOR,ALA 8,REC,,,35.0
2026-08-31,3040265726,071-01519-0101,"RECEIVER-EXCITER,RADAR",PAMALS,REC,,,34.0
2026-08-31,3040265727,071-01519-0101,"RECEIVER-EXCITER,RADAR",CLA,REC,,,34.0
2026-08-31,3040265728,C163030-1001,MAIN W BRAKE A,BAMN,REC,,,34.0
2026-08-31,3040265731,066-3046-07,"CONTROL,INDICATOR",BABR,REC,,,34.0
2026-08-31,3040265732,066-3046-07,"CONTROL,INDICATOR",BANT,REC,,,34.0
2026-08-31,3040265734,066-3046-07,"CONTROL,INDICATOR",EEAR,REC,,,34.0
2026-08-31,3040265735,066-3046-07,"CONTROL,INDICATOR",CLA,REC,,,34.0
2026-08-31,3040265736,C611008-0101,ALTERNATOR CONTROL UNIT,BABV,REC,,,34.0
2026-08-31,3040265737,C611008-0101,ALTERNATOR CONTROL UNIT,EEAR,REC,,,34.0
2026-08-31,3040265738,C611008-0101,ALTERNATOR CONTROL UNIT,PAMALS,REC,,,34.0
2026-08-31,3040265739,C611008-0101,ALTERNATOR CONTROL UNIT,BANT,REC,,,34.0
2026-08-31,3040265740,C611008-0101,ALTERNATOR CONTROL UNIT,BABE,REC,,,34.0
2026-08-31,3040265741,C611008-0101,ALTERNATOR CONTROL UNIT,BABR,REC,,,34.0
2026-08-31,3040265742,066-1072-04,"RECEIVER,RADIO",BACG,REC,,,34.0
2026-08-31,3040265743,066-1072-04,"RECEIVER,RADIO",BAMN,REC,,,34.0
2026-08-31,3040265744,066-1072-04,"RECEIVER,RADIO",PAMALS,REC,,,34.0
2026-08-31,3040265745,066-3084-32,IND RDR 2000 IN-182A,PAMALS,REC,,,34.0
2026-08-31,3040265746,066-3084-32,IND RDR 2000 IN-182A,PAMALS,REC,,,34.0
2026-08-31,3040265747,30994-001,BATTERY-MARATHON TSP410 NICAD,PAMALS,AUT,,,34.0
2026-08-31,3040265748,30994-001,BATTERY-MARATHON TSP410 NICAD,PAMALS,AUT,,,34.0
2026-08-31,3040265749,30994-001,BATTERY-MARATHON TSP410 NICAD,PAMALS,AUT,,,34.0
2026-08-31,3040265750,30994-001,BATTERY-MARATHON TSP410 NICAD,PAMALS,AUT,,,34.0
2026-08-31,3040265751,30994-001,BATTERY-MARATHON TSP410 NICAD,PAMALS,AUT,,,34.0
2026-08-31,3040265752,2641011-5,AXLE-MAIN GEAR,BAMN,REC,,,34.0
2026-08-31,3040265753,2641011-5,AXLE-MAIN GEAR,BAMN,REC,,,34.0
2026-08-31,3040265754,161-11700,INNER WHEEL HALF ASSY,BACO,AUT,,,34.0
2026-08-31,3040265755,161-12800,WHEEL HALF ASSY-INNER,BABE,REC,,,34.0
2026-08-31,3040265757,066-01141-0101,"RECEIVER,RADIO",PAMALS,REC,,,34.0
2026-08-31,3040265758,066-01141-0101,"RECEIVER,RADIO",PAMALS,REC,,,34.0
2026-08-31,3040265759,C660501-0103,"COMPASS,SPEC",DACTA II,AUT,,,34.0
2026-08-31,3040265769,023694-000,BATTERY NICKEL CADMIUM,BAPV,REC,,,33.0
2026-08-31,3040265771,2651023-23,ENGINE MOUNT ASSEMBLY,PAMALS,REC,,,33.0
2026-08-31,3040265772,2651023-23,ENGINE MOUNT ASSEMBLY,PAMALS,REC,,,33.0
2026-08-31,3040265892,324843-0020,HEADSET-MICROPHONE,PAMALS,REC,,,28.0
2026-08-31,3040265893,324843-0020,HEADSET-MICROPHONE,PAMALS,OS concluída,,,
2026-08-31,3040265894,324843-0020,HEADSET-MICROPHONE,PAMALS,REC,,,28.0
2026-08-31,3040265895,324843-0020,HEADSET-MICROPHONE,PAMALS,REC,,,28.0
2026-08-31,3040265946,011-00870-00,MAGNETOMETER GMU 44,BAMN,REC,,,25.0
2026-08-31,3040265947,011-00870-00,MAGNETOMETER GMU 44,BAMN,REC,,,25.0
2026-08-31,3040266034,C662041-0102,INDICATOR FUEL,BABE,REC,,,21.0
2026-08-31,3040266040,C662041-0102,INDICATOR FUEL,PAMALS,REC,,,21.0
2026-08-31,3040266036,C662041-0102,INDICATOR FUEL,PAMALS,REC,,,21.0
2026-08-31,3040266035,C662041-0102,INDICATOR FUEL,PAMALS,REC,,,13.0
2026-08-31,3040266039,C662041-0102,INDICATOR FUEL,BANT,REC,,,13.0
2026-08-31,3040266041,C662041-0102,INDICATOR FUEL,PAMALS,REC,,,13.0
2026-08-31,3040266307,069-01033-0101,"RECEIVER-TRANSMITTER,RADIO",PAMALS,REC,,,11.0
2026-08-31,3040266308,069-01033-0101,"RECEIVER-TRANSMITTER,RADIO",BANT,REC,,,11.0
2026-08-31,3040266306,069-01033-0101,"RECEIVER-TRANSMITTER,RADIO",BACG,REC,,,11.0
2026-09-01,3040249831,066-01141-5101,"RECEIVER-TRANSMITTER,RADIO (KT71)",PAMALS,REC,EM REPARO,LEAP,568.0
2026-09-01,3040250248,452-0133,"BATTERY,NONRECHARGEABLE",BABR,REC,CONDENADO,VEE ONE,552.0
2026-09-01,3040250249,452-0133,"BATTERY,NONRECHARGEABLE",BAMN,REC,CONDENADO,VEE ONE,552.0
2026-09-01,3040250234,3034792,BOMBA DE COMBUSTÍVEL,PAMALS,REC,,BANT,552.0
2026-09-01,3040250816,453-5060,"BEACON,DISTRESS",BAMN,REC,,PAMA-LS,530.0
2026-09-01,3040250830,799-1,TRANSDUCER,BACO,REC,,BANT,530.0
2026-09-01,3040250829,51539-012N,CONTROL UNIT ASSY-GENERATOR,BAMN,OS concluída,,,
2026-09-01,3040250828,51539-012N,CONTROL UNIT ASSY-GENERATOR,BACG,REC,,BABR,530.0
2026-09-01,3040250827,51539-012N,CONTROL UNIT ASSY-GENERATOR,BANT,REC,,BABR,530.0
2026-09-01,3040250831,799-1,TRANSDUCER,BANT,REC,,BANT,530.0
2026-09-01,3040250833,9910586-4,FLAP ACTUATOR AND MOTOR ASSEMBLY,ALA 3,REC,,BAMN,530.0
2026-09-01,3040250834,9910586-4,FLAP ACTUATOR AND MOTOR ASSEMBLY,ALA 3,OS concluída,,,
2026-09-01,3040250832,9910338-4,FUEL TOTALIZER INDICATOR,EEAR,REC,,PAMA-LS,530.0
2026-09-01,3040250835,ASG12000-2,ALTERNATOR,ALA 5,REC,REPARADO,V1 PAMA-LS,530.0
2026-09-01,3040250841,C661030-0301,TURN BANK,PAMALS,REC,EM REPARO,LEAP,530.0
2026-09-01,3040250842,C662041-0102,INDICATOR FUEL,ALA 5,REC,,PAMA-LS,530.0
2026-09-01,3040250844,C662041-0102,INDICATOR FUEL,ALA 9,REC,,PAMA-LS,530.0
2026-09-01,3040250843,C662041-0102,INDICATOR FUEL,ALA 10,OS concluída,,,
2026-09-01,3040250719,060-0017-00,FLIGHT DIR HOR,PAMALS,REC,,BANT,530.0
2026-09-01,3040250720,060-0017-00,FLIGHT DIR HOR,BABV,OS concluída,,,
2026-09-01,3040250722,066-01141-5101,"RECEIVER-TRANSMITTER,RADIO (KT71)",ALA 9,REC,EM REPARO,WILLIAM,530.0
2026-09-01,3040250723,066-01141-5101,"RECEIVER-TRANSMITTER,RADIO (KT71)",CLA,REC,,BABR,530.0
2026-09-01,3040250721,060-0017-00,FLIGHT DIR HOR,BANT,OS concluída,,,
2026-09-01,3040250725,066-3046-07,"CONTROL,INDICATOR",ALA 10,OS concluída,,,
2026-09-01,3040250724,066-04035-1101,"DISPLAY UNIT,RADAR",PAMALS,REC,,BANT,530.0
2026-09-01,3040250732,069-1025-25,"RECEIVER-TRANSMITTER,RADIO - KX165",PAMALS,REC,EM REPARO,WILLIAM,530.0
2026-09-01,3040250782,2606012-1,INDICATOR-INTER-TURBINE TEMPERATURE,ALA 9,OS concluída,,,
2026-09-01,3040250775,161-11700,INNER WHEEL HALF ASSY,BABE,OS concluída,,,
2026-09-01,3040250773,161-11700,INNER WHEEL HALF ASSY,EEAR,REC,,BACG,530.0
2026-09-01,3040250718,030-18200,MAIN WHEEL BRAKE,BACO,OS concluída,,,
2026-09-01,3040250716,030-18200,MAIN WHEEL BRAKE,BABV,REC,EM REPARO,LEAP,530.0
2026-09-01,3040250717,030-18200,MAIN WHEEL BRAKE,BACO,OS concluída,,,
2026-09-01,3040250780,162-11800,WHEEL HALF ASSY-OUTER,PAMALS,OS concluída,,,
2026-09-01,3040250781,162-11800,WHEEL HALF ASSY-OUTER,BACG,OS concluída,,,
2026-09-01,3040250778,161-12800,WHEEL HALF ASSY-INNER,BACG,OS concluída,,,
2026-09-01,3040250776,161-12800,WHEEL HALF ASSY-INNER,BABE,OS concluída,,,
2026-09-01,3040250790,2643031-7,"FORK ASSY,NOSE GEAR SPRING",BAMN,OS concluída,,,
2026-09-01,3040250791,2643090-1,SHIMMY DAMPENE,BANT,REC,EM REPARO,AV AERONAUTICA,530.0
2026-09-01,3040250792,2643090-1,SHIMMY DAMPENE,BAMN,REC,REPARADO,V1 PAMA-LS,530.0
2026-09-01,3040250789,2641012-14,TRUNNION ASSY-RH-MAIN GEAR,PAMASP,OS concluída,,,
2026-09-01,3040250793,2643099-4,"SUPPORT ASSY FOWARD, NLG SPRING",BAMN,OS concluída,,,
2026-09-01,3040250798,30994-001,BATTERY-MARATHON TSP410 NICAD,BANT,OS concluída,CONDENADO,AMA - VEE ONE,
2026-09-01,3040252191,C611008-0101,ALTERNATOR CONTROL UNIT,PAMALS,REC,,BABR,497.0
2026-09-01,3040252159,011-00916-00,DISPLAY UNIT GDU 1040A,BAMN,REC,,BAMN,497.0
2026-09-01,3040252161,065-0042-03,COMPUTER PA,ALA 10,REC,EM REPARO,WILLIAM,497.0
2026-09-01,3040252162,065-0042-03,COMPUTER PA,EEAR,REC,,BABE,497.0
2026-09-01,3040252164,065-0042-03,COMPUTER PA,EEAR,REC,EM REPARO,WILLIAM,497.0
2026-09-01,3040252165,065-0042-03,COMPUTER PA,PAMALS,OS concluída,,,
2026-09-01,3040252166,065-0059-01,SERVO PITCH,EEAR,REC,EM REPARO,WILLIAM,497.0
2026-09-01,3040252168,066-03064-0005,"ALTIMETER,SERVO CONTROLLED,AUTOMATIC PRESSURE",ALA 9,OS concluída,,,
2026-09-01,3040252173,066-03064-0005,"ALTIMETER,SERVO CONTROLLED,AUTOMATIC PRESSURE",BANT,REC,EM REPARO,LEAP,497.0
2026-09-01,3040252172,066-03064-0005,"ALTIMETER,SERVO CONTROLLED,AUTOMATIC PRESSURE",PAMALS,REC,NO ESTADO,VEE ONE,497.0
2026-09-01,3040252170,066-03064-0005,"ALTIMETER,SERVO CONTROLLED,AUTOMATIC PRESSURE",ALA 7,REC,NO ESTADO,VEE ONE,497.0
2026-09-01,3040252178,066-1072-00,RECEIVER ADF (KING KR87),PAMALS,OS concluída,,,
2026-09-01,3040252182,066-1072-04,"RECEIVER,RADIO",ALA 9,OS concluída,,,
2026-09-01,3040252181,066-1072-04,"RECEIVER,RADIO",PAMASP,REC,EM REPARO,WILLIAM,497.0
2026-09-01,3040252180,066-1072-04,"RECEIVER,RADIO",ALA 8,OS concluída,,,
2026-09-01,3040252185,066-1072-04,"RECEIVER,RADIO",BAMN,OS concluída,,,
2026-09-01,3040252189,9910338-6,"TRANSMITTER,RATE OF FLOW",ALA 8,OS concluída,,,
2026-09-01,3040252190,9910338-6,"TRANSMITTER,RATE OF FLOW",BABR,OS concluída,,,
2026-09-01,3040252160,011-01020-10,AFCS MODE CONTROLLER GMC 710,BAMN,OS concluída,,,
2026-09-01,3040252939,C163030-1001,MAIN W BRAKE A,BABV,REC,,BAMN,467.0
2026-09-01,3040252936,030-18200,MAIN WHEEL BRAKE,BACO,REC,,PAMA-LS,467.0
2026-09-01,3040252935,030-18200,MAIN WHEEL BRAKE,BAMN,OS concluída,,,
2026-09-01,3040252940,30-182,MAIN WHEEL BRAKE,BABV,OS concluída,,,
2026-09-01,3040252942,30-182,MAIN WHEEL BRAKE,BAMN,OS concluída,,,
2026-09-01,3040252943,30-182,MAIN WHEEL BRAKE,BAMN,OS concluída,,,
2026-09-01,3040253170,161-12800,WHEEL HALF ASSY-INNER,BASM,OS concluída,,,
2026-09-01,3040253168,161-12800,WHEEL HALF ASSY-INNER,BASM,REC,REPARADO,VEE ONE,463.0
2026-09-01,3040253172,161-12800,WHEEL HALF ASSY-INNER,PAMALS,REC,,PROCURANDO,463.0
2026-09-01,3040253174,161-12800,WHEEL HALF ASSY-INNER,PAMALS,OS concluída,,,
2026-09-01,3040253173,161-12800,WHEEL HALF ASSY-INNER,PAMALS,REC,EM REPARO,LEAP,463.0
2026-09-01,3040253176,162-10700,OUTER WHEEL HALF ASSY,BABE,OS concluída,,,
2026-09-01,3040253177,162-10700,OUTER WHEEL HALF ASSY,BABV,REC,REPARADO,VEE ONE,463.0
2026-09-01,3040253178,162-10700,OUTER WHEEL HALF ASSY,PAMALS,REC,,PROCURANDO,463.0
2026-09-01,3040253179,162-11800,WHEEL HALF ASSY-OUTER,CLA,OS concluída,,,
2026-09-01,3040253181,162-11800,WHEEL HALF ASSY-OUTER,PAMALS,OS concluída,,,
2026-09-01,3040253180,162-11800,WHEEL HALF ASSY-OUTER,BASM,REC,,PROCURANDO,463.0
2026-09-01,3040253182,162-11800,WHEEL HALF ASSY-OUTER,PAMALS,REC,REPARADO,VEE ONE,463.0
2026-09-01,3040253536,2641012-14,TRUNNION ASSY-RH-MAIN GEAR,PAMALS,OS concluída,,,
2026-09-01,3040253529,066-03064-0005,"ALTIMETER,SERVO CONTROLLED,AUTOMATIC PRESSURE",DSM-MN,REC,DEVOLVIDO NO ESTADO,WILLIAM,453.0
2026-09-01,3040253528,066-03064-0005,"ALTIMETER,SERVO CONTROLLED,AUTOMATIC PRESSURE",BANT,OS concluída,,,
2026-09-01,3040253532,799-1,TRANSDUCER,PAMALS,REC,,BANT,453.0
2026-09-01,3040253535,2643099-4,"SUPPORT ASSY FOWARD, NLG SPRING",BABE,REC,CONDENADO,VEE ONE,453.0
2026-09-01,3040253531,799-1,TRANSDUCER,BAMN,REC,,VEE ONE,453.0
2026-09-01,3040253530,799-1,TRANSDUCER,BAMN,REC,,BANT,453.0
2026-09-01,3040253526,30994-001,BATTERY-MARATHON TSP410 NICAD,PAMALS,OS concluída,CONDENADO,AMA - VEE ONE,
2026-09-01,3040253527,30994-001,BATTERY-MARATHON TSP410 NICAD,BAPV,OS concluída,CONDENADO,AMA - VEE ONE,
2026-09-01,3040254195,540-1407-4,"VALVE,BLEED,TURBINEENGINE",PAMALS,REC,,BANT,435.0
2026-09-01,3040254201,2643090-3,SHIMMY DAMPER-NOSE GEAR,PAMALS,REC,REPARADO,V1 PAMA-LS,435.0
2026-09-01,3040254203,SE1070-6,SHIMMY DAMPENER ASSY,BACGINAT,OS concluída,,,
2026-09-01,3040254205,C660501-0103,"COMPASS,SPEC",PAMALS,REC,REPARADO,V1 PAMA-LS,435.0
2026-09-01,3040254206,C660501-0103,"COMPASS,SPEC",ALA 8,REC,EM REPARO EM GARANTIA,WILLIAM,435.0
2026-09-01,3040254208,C660501-0103,"COMPASS,SPEC",BABV,REC,REPARADO,V1 PAMA-LS,435.0
2026-09-01,3040254210,799-1,TRANSDUCER,BANT,REC,,BANT,435.0
2026-09-01,3040254792,2606013-1RX,INDICATOR-PERCENT RPM,BABR,REC,,BANT,426.0
2026-09-01,3040254770,069-1025-25,"RECEIVER-TRANSMITTER,RADIO - KX165",ALA 9,REC,EM REPARO,WILLIAM,426.0
2026-09-01,3040254799,453-5000-710,EMERGENCY LOCATOR TRANSMITTER MODEL C406-2,PAMASP,OS concluída,,,
2026-09-01,3040254806,C352TS,"EXTINGUISHER,FIRE",PAMALS,REC,REPARADO,V1 PAMA-LS,426.0
2026-09-01,3040254805,C352TS,"EXTINGUISHER,FIRE",PAMALS,OS concluída,,,
2026-09-01,3040254810,C352TS,"EXTINGUISHER,FIRE",PAMALS,OS concluída,,,
2026-09-01,3040254809,C352TS,"EXTINGUISHER,FIRE",PAMAGL,OS concluída,,,
2026-09-01,3040254803,C352TS,"EXTINGUISHER,FIRE",2 ETA,REC,REPARADO,V1 PAMA-LS,426.0
2026-09-01,3040254808,C352TS,"EXTINGUISHER,FIRE",BABR,REC,REPARADO,V1 PAMA-LS,426.0
2026-09-01,3040254795,D145-00-46-2,FLAP ACTUATOR ASSY,BABE,REC,,PAMA-LS,426.0
2026-09-01,3040254793,D145-00-46-2,FLAP ACTUATOR ASSY,PAMALS,REC,,PAMA-LS,426.0
2026-09-01,3040254815,C482001-0402,VACUUM REGULAT,PAMALS,REC,CONDENADO,VEE ONE,426.0
2026-09-01,3040254816,C482001-0402,VACUUM REGULAT,PAMALS,REC,CONDENADO,VEE ONE,426.0
2026-09-01,3040254820,2641011-5,AXLE-MAIN GEAR,BAMN,OS concluída,,,
2026-09-01,3040254817,2641011-5,AXLE-MAIN GEAR,BABE,OS concluída,,,
2026-09-01,3040254818,2641011-5,AXLE-MAIN GEAR,BABE,OS concluída,,,
2026-09-01,3040254819,2641011-5,AXLE-MAIN GEAR,BANT,OS concluída,,,
2026-09-01,3040254796,30994-001,BATTERY-MARATHON TSP410 NICAD,BAMN,OS concluída,,,
2026-09-01,3040254789,452-0133,"BATTERY,NONRECHARGEABLE",BAMN,REC,CONDENADO,VEE ONE,426.0
2026-09-01,3040254788,452-0133,"BATTERY,NONRECHARGEABLE",BAMN,REC,CONDENADO,VEE ONE,426.0
2026-09-01,3040254787,452-0133,"BATTERY PACK,AIRCRAFT",DACTA II,REC,CONDENADO,VEE ONE,426.0
2026-09-01,3040254786,452-0133,"BATTERY PACK,AIRCRAFT",BAMN,REC,CONDENADO,VEE ONE,426.0
2026-09-01,3040254785,452-0133,"BATTERY,NONRECHARGEABLE",BAMN,REC,CONDENADO,VEE ONE,426.0
2026-09-01,3040254784,452-0133,"BATTERY,NONRECHARGEABLE",DACTA II,REC,CONDENADO,VEE ONE,426.0
2026-09-01,3040255326,011-00916-00,DISPLAY UNIT GDU 1040A,BAMN,REC,,BAMN,417.0
2026-09-01,3040255319,702801-5,FUEL PUMP,PAMASP,REC,EM REPARO,VEE ONE,417.0
2026-09-01,3040255321,8210-002,"GOVERNOR,CONSTANT SPEED DRIVE",PAMALS,OS concluída,,,
2026-09-01,3040255461,DAAS-A-010-1,ADAS-D PROCESSOR,PAMALS,REC,EM REPARO,VEE ONE,413.0
2026-09-01,3040255589,071-01519-0101,"RECEIVER-EXCITER,RADAR",BANT,REC,,PROCURANDO,411.0
2026-09-01,3040255590,071-01519-0101,"RECEIVER-EXCITER,RADAR",PAMALS,OS concluída,,,
2026-09-01,3040255706,C661064-0237,AIRSPEED INDICATOR,BAMN,OS concluída,,,
2026-09-01,3040256114,5934PAD-3,"ALTIMETER,PRESSURE",PAMALS,REC,EM REPARO,VEE ONE,397.0
2026-09-01,3040256119,011-00878-10,GSA-81 TORQUE SERVO,BAPV,REC,EM REPARO,LEAP,397.0
2026-09-01,3040256112,011-00883-20,RADAR GWX 68 WEATHER,BABE,REC,,BAMN,397.0
2026-09-01,3040256115,5934PAD-3,"ALTIMETER,PRESSURE",PAMALS,OS concluída,,,
2026-09-01,3040256118,011-00878-10,GSA-81 TORQUE SERVO,BAPV,REC,,BACO,397.0
2026-09-01,3040256120,011-00916-10,"DISPLAY UNIT,FLIGHT INFORMATION",BAMN,OS concluída,,,
2026-09-01,3040256314,066-4010-12,RECEIVER VOR/LOC (KNS81),EEAR,REC,EM REPARO,LEAP,384.0
2026-09-01,3040256311,3121248-03,"VALVE ASSEMBLY,COMPRESSOR BLEED",PAMALS,OS concluída,,,
2026-09-01,3040256704,C661064-0237,AIRSPEED INDICATOR,PAMALS,OS concluída,,,
2026-09-01,3040256707,D210507,"GOVERNOR,OVERSPEED",PAMALS,OS concluída,,,
2026-09-01,3040256708,D210507,"GOVERNOR,OVERSPEED",PAMALS,REC,REPARADO,VEE ONE,375.0
2026-09-01,3040256702,C661064-0237,AIRSPEED INDICATOR,BABR,OS concluída,,,
2026-09-01,3040256703,C661064-0237,AIRSPEED INDICATOR,PAMALS,OS concluída,,,
2026-09-01,3040256662,030-18200,MAIN WHEEL BRAKE,BASM,OS concluída,,,
2026-09-01,3040256665,161-11700,INNER WHEEL HALF ASSY,BABV,OS concluída,,,
2026-09-01,3040256666,161-11700,INNER WHEEL HALF ASSY,PAMALS,OS concluída,,,
2026-09-01,3040256667,161-11700,INNER WHEEL HALF ASSY,PAMALS,OS concluída,,,
2026-09-01,3040256668,161-11700,INNER WHEEL HALF ASSY,PAMALS,OS concluída,,,
2026-09-01,3040256669,161-11700,INNER WHEEL HALF ASSY,PAMALS,OS concluída,,,
2026-09-01,3040256670,161-11700,INNER WHEEL HALF ASSY,PAMALS,OS concluída,,,
2026-09-01,3040256671,161-11700,INNER WHEEL HALF ASSY,PAMALS,REC,REPARADO,VEE ONE,375.0
2026-09-01,3040256698,030-18200,MAIN WHEEL BRAKE,PAMASP,REC,,PROCURANDO,375.0
2026-09-01,3040256713,030-18200,MAIN WHEEL BRAKE,ALA 3,REC,,BAMN,375.0
2026-09-01,3040256694,162-11800,WHEEL HALF ASSY-OUTER,BANT,OS concluída,,,
2026-09-01,3040256696,162-11800,WHEEL HALF ASSY-OUTER,PAMALS,REC,,PAMA-LS,375.0
2026-09-01,3040256672,161-12800,WHEEL HALF ASSY-INNER,PAMALS,OS concluída,REPARADO,VEE ONE,
2026-09-01,3040256675,161-12800,WHEEL HALF ASSY-INNER,BANT,OS concluída,,,
2026-09-01,3040256792,011-00877-00,"GSA-80 SERVO ROL,YAW,SPEC",BAMN,REC,,PROCURANDO,375.0
2026-09-01,3040256787,011-00877-00,"GSA-80 SERVO ROL,YAW,SPEC",PAMALS,REC,EM REPARO,VEE ONE,375.0
2026-09-01,3040256828,011-00883-20,RADAR GWX 68 WEATHER,PAMALS,REC,CONDENADO,V1 PAMA-LS,375.0
2026-09-01,3040256709,3121248-03,"VALVE ASSEMBLY,COMPRESSOR BLEED",PAMASP,REC,,BANT,372.0
2026-09-01,3040256673,161-12800,WHEEL HALF ASSY-INNER,PAMALS,REC,CONDENADO,VEE ONE,372.0
2026-09-01,3040257095,011-01105-01,INTEGRATED AVIONICS UNIT GIA63W,BABE,REC,EM REPARO,VEE ONE,368.0
2026-09-01,3040257096,011-01105-01,INTEGRATED AVIONICS UNIT GIA63W,BABE,REC,,BAMN,368.0
2026-09-01,3040257093,065-00183-0501,AUTOPILOT COMPUTER KFC225,BABE,REC,,BANT,368.0
2026-09-01,3040257094,065-00183-0501,AUTOPILOT COMPUTER KFC225,BABE,REC,,BANT,368.0
2026-09-01,3040257443,161-12800,WHEEL HALF ASSY-INNER,ALA 3,AUT,,NÃO TEVE MOVIMENTAÇÃO,356.0
2026-09-01,3040257442,C163030-1001,MAIN W BRAKE A,BAMN,OS concluída,REPARADO,VEE ONE,
2026-09-01,3040257452,3244809-8,"FUEL CONTROL,MAIN,TURBINE ENGINE",BAPV,OS concluída,,,
2026-09-01,3040257454,EA-5172-45-CES,"INDICATOR,AIRSPEED",BACG,OS concluída,,,
2026-09-01,3040257453,EA-5172-45-CES,"INDICATOR,AIRSPEED",ALA 7,REC,DEVOLVIDO NO ESTADO,WILLIAM,349.0
2026-09-01,3040257451,3244809-7,"FUEL CONTROL,MAIN,TURBINE ENGINE",PAMASP,REC,,BANT,349.0
2026-09-01,3040257450,3244809-4,"FUEL CONTROL,MAIN,TURBINE ENGINE",PAMASP,OS concluída,EM REPARO,LEAP,
2026-09-01,3040257438,030-18200,MAIN WHEEL BRAKE,BAMN,REC,REPARADO,VEE ONE,349.0
2026-09-01,3040257444,162-10700,OUTER WHEEL HALF ASSY,PAMALS,OS concluída,,,
2026-09-01,3040257447,162-10700,OUTER WHEEL HALF ASSY,PAMALS,OS concluída,,,
2026-09-01,3040257436,30994-001,BATTERY-MARATHON TSP410 NICAD,PAMALS,OS concluída,CONDENADO,AMA - VEE ONE,
2026-09-01,3040257441,030-18200,MAIN WHEEL BRAKE,BAPV,REC,,BAMN,349.0
2026-09-01,3040257440,030-18200,MAIN WHEEL BRAKE,BANT,REC,CONDENADO,VEE ONE,349.0
2026-09-01,3040257439,030-18200,MAIN WHEEL BRAKE,BAMN,REC,,BAMN,349.0
2026-09-01,3040258306,D210507,"GOVERNOR,OVERSPEED",PAMALS,REC,EM REPARO,LEAP,329.0
2026-09-01,3040258310,D210507,"GOVERNOR,OVERSPEED",BACO,OS concluída,,,
2026-09-01,3040258309,D210507,"GOVERNOR,OVERSPEED",BAMN,REC,EM REPARO,LEAP,329.0
2026-09-01,3040258308,D210507,"GOVERNOR,OVERSPEED",BAMN,OS concluída,,,
2026-09-01,3040258307,D210507,"GOVERNOR,OVERSPEED",ALA 5,OS concluída,,,
2026-09-01,3040258303,011-00877-00,"GSA-80 SERVO ROL,YAW,SPEC",DACTA II,REC,EM REPARO,VEE ONE,329.0
2026-09-01,3040258422,2601188-8,COMPRESSOR DRIVE ASSY R134A,PAMASP,REC,,PROCURANDO,327.0
2026-09-01,3040258419,011-00877-00,"GSA-80 SERVO ROL,YAW,SPEC",DACTA II,REC,EM REPARO,VEE ONE,327.0
2026-09-01,3040258420,011-00877-00,"GSA-80 SERVO ROL,YAW,SPEC",BACO,REC,EM REPARO,VEE ONE,327.0
2026-09-01,3040258421,011-00877-00,"GSA-80 SERVO ROL,YAW,SPEC",BABE,REC,,BACO,327.0
2026-09-01,3040258764,069-01034-0102,"NAVIGATION SET,SATELLITE SIGNALS KLN-94",PAMALS,REC,,BANT,320.0
2026-09-01,3040259152,066-01141-5101,"TRANSPONDER,RADAR",BABE,REC,,BANT,301.0
2026-09-01,3040259151,066-01141-5101,"TRANSPONDER,RADAR",BANT,REC,REPARADO,V1 PAMA-LS,301.0
2026-09-01,3040259251,064-1019-05,VHF TRANSCEIVE KY196,EEAR,REC,,EEAR,299.0
2026-09-01,3040259146,1U149-015-15,HORIZ. GYRO-STADBY,PAMALS,REC,EM REPARO,VEE ONE,298.0
2026-09-01,3040259147,162-10700,OUTER WHEEL HALF ASSY,BANT,REC,EM REPARO,AMA - VEE ONE,298.0
2026-09-01,3040259148,3049038-03,"VALVE,COMPRESSOR BLEED",BANT,OS concluída,,,
2026-09-01,3040259316,2606015-4,INDICATOR-OIL TEMP/OIL PRESS,BACG,REC,REPARADO,V1 PAMA-LS,295.0
2026-09-01,3040259564,C414007-0102,BLOWER ASSY,PAMALS,OS concluída,,,
2026-09-01,3040259568,C414007-0102,BLOWER ASSY,ALA 10,OS concluída,,,
2026-09-01,3040259570,C414007-0102,BLOWER ASSY,ALA 10,OS concluída,,,
2026-09-01,3040259694,025323-150,FUEL PUMP,PAMASP,REC,,BACO,287.0
2026-09-01,3040259922,C414007-0102,BLOWER ASSY,BANT,REC,REPARADO,V1 PAMA-LS,280.0
2026-09-01,3040259928,C414007-0102,BLOWER ASSY,PAMALS,REC,EM REPARO,VEE ONE,280.0
2026-09-01,3040259924,C414007-0102,BLOWER ASSY,BACG,REC,EM REPARO,VEE ONE,280.0
2026-09-01,3040259918,C414007-0102,BLOWER ASSY,ALA 10,OS concluída,EM REPARO,VEE ONE,
2026-09-01,3040259950,065-0060-01,"CONTROL,SERVO,AUTOMATIC PILOT",PAMALS,REC,EM REPARO,LEAP,280.0
2026-09-01,3040259949,065-0060-01,"CONTROL,SERVO,AUTOMATIC PILOT",PAMALS,REC,EM REPARO,LEAP,280.0
2026-09-01,3040259947,066-3046-07,"CONTROL,INDICATOR",EEAR,OS concluída,,,
2026-09-01,3040259946,066-3046-07,"CONTROL,INDICATOR",BANT,REC,,BANT,280.0
2026-09-01,3040259944,066-3046-07,"CONTROL,INDICATOR",EEAR,REC,,PAMA-LS,280.0
2026-09-01,3040260209,011-00916-00,DISPLAY UNIT GDU 1040A,PAMALS,REC,,BAMN,266.0
2026-09-01,3040260208,324843-W020,HEADSET-MICROPHONE,PAMALS,REC,VAI SER DEVOLVIDO SEM REPARO,WILLIAM,266.0
2026-09-01,3040260204,324843-W020,HEADSET-MICROPHONE,PAMALS,OS concluída,,,
2026-09-01,3040260205,324843-W020,HEADSET-MICROPHONE,PAMALS,OS concluída,,,
2026-09-01,3040260388,SD5H14C4527,AIR COMPRESSOR,PAMALS,REC,EM REPARO,VEE ONE,259.0
2026-09-01,3040260382,065-00183-0501,AUTOPILOT COMPUTER KFC225,BANT,REC,,BANT,259.0
2026-09-01,3040260389,SD5H14C4527,AIR COMPRESSOR,PAMALS,REC,EM REPARO,VEE ONE,259.0
2026-09-01,3040260517,ASG12000-2,ALTERNATOR,PAMALS,OS concluída,,,
2026-09-01,3040260524,51539-012M,CONTROL UNIT ASSY-GENERATOR,BANT,REC,,BACG,256.0
2026-09-01,3040260516,ASG12000-2,ALTERNATOR,PAMALS,REC,REPARADO,V1 PAMA-LS,256.0
2026-09-01,3040260523,9910592-2,ALTERNADOR,BAMN,OS concluída,REPARADO,V1 PAMA-LS,
2026-09-01,3040260522,9910592-2,ALTERNADOR,BAMN,REC,REPARADO,V1 PAMA-LS,256.0
2026-09-01,3040260547,161-12800,WHEEL HALF ASSY-INNER,EPCAR,OS concluída,REPARADO,VEE ONE,
2026-09-01,3040260545,161-11700,INNER WHEEL HALF ASSY,BACG,OS concluída,REPARADO,VEE ONE,
2026-09-01,3040260544,161-11700,INNER WHEEL HALF ASSY,BANT,OS concluída,REPARADO,VEE ONE,
2026-09-01,3040260546,161-12800,WHEEL HALF ASSY-INNER,PAMALS,REC,REPARADO,VEE ONE,238.0
2026-09-01,3040260548,161-11700,INNER WHEEL HALF ASSY,CLA,OS concluída,REPARADO,VEE ONE,
2026-09-01,3040260549,162-10700,OUTER WHEEL HALF ASSY,BACG,OS concluída,REPARADO,VEE ONE,
2026-09-01,3040260550,162-10700,OUTER WHEEL HALF ASSY,CLA,OS concluída,REPARADO,VEE ONE,
2026-09-01,3040260551,162-11800,WHEEL HALF ASSY-OUTER,BANT,REC,REPARADO,VEE ONE,238.0
2026-09-01,3040260552,30994-001,BATTERY-MARATHON TSP410 NICAD,BABE,OS concluída,CONDENADO,AMA - VEE ONE,
2026-09-01,3040260543,324843-W020,HEADSET-MICROPHONE,PAMALS,REC,VAI SER DEVOLVIDO SEM REPARO,WILLIAM,238.0
2026-09-01,3040260542,324843-W020,HEADSET-MICROPHONE,PAMALS,REC,,BABE,238.0
2026-09-01,3040260541,324843-W020,HEADSET-MICROPHONE,PAMALS,OS concluída,,,
2026-09-01,3040260540,324843-W020,HEADSET-MICROPHONE,PAMALS,OS concluída,,,
2026-09-01,3040260538,324843-W020,HEADSET-MICROPHONE,PAMALS,REC,,BABE,238.0
2026-09-01,3040260539,324843-W020,HEADSET-MICROPHONE,PAMALS,REC,,BABE,238.0
2026-09-01,3040260595,9910586-4,FLAP ACTUATOR AND MOTOR ASSEMBLY,7 ETA,REC,,BAMN,238.0
2026-09-01,3040260597,9910586-4,FLAP ACTUATOR AND MOTOR ASSEMBLY,BAPV,OS concluída,REPARADO,VEE ONE,
2026-09-01,3040260583,3244897-4,FUEL CONTROL UNIT,PAMALS,OS concluída,,,
2026-09-01,3040260750,3122678-04,FUEL CONTROL UNIT,PAMASP,REC,,BANT,230.0
2026-09-01,3040260752,3244897-4,FUEL CONTROL UNIT,PAMASP,OS concluída,,,
2026-09-01,3040260753,3244809-7,"FUEL CONTROL,MAIN,TURBINE ENGINE",PAMASP,OS concluída,,,
2026-09-01,3040260754,3244809-1,"FUEL CONTROL,MAIN,TURBINE ENGINE",PAMASP,REC,EM QUARENTENA,LEAP,230.0
2026-09-01,3040254794,C145-350,"MOTOR,DIRECT CURRENT",PAMALS,OS concluída,,,
2026-09-01,3040260913,064-1054-30,RECEIVER-TRANSMITTER SUBASSEMBLY,EPCAR,REC,REPARADO,V1 PAMA-LS,218.0
2026-09-01,3040260915,064-1054-30,RECEIVER-TRANSMITTER SUBASSEMBLY,PAMALS,REC,REPARADO,V1 PAMA-LS,218.0
2026-09-01,3040260811,3034792,BOMBA DE COMBUSTÍVEL,BAPV,OS concluída,,BABR,
2026-09-01,3040260812,3034792,BOMBA DE COMBUSTÍVEL,BACG,OS concluída,,,
2026-09-01,3040260922,162-11800,WHEEL HALF ASSY-OUTER,PAMALS,OS concluída,,,
2026-09-01,3040260923,030-18200,MAIN WHEEL BRAKE,BACO,REC,REPARADO,VEE ONE,216.0
2026-09-01,3040261389,3034792,BOMBA DE COMBUSTÍVEL,PAMASP,OS concluída,REPARADO,V1 PAMA-LS,
2026-09-01,3040261388,3034792,BOMBA DE COMBUSTÍVEL,BABR,OS concluída,,,
2026-09-01,3040261387,3034792,BOMBA DE COMBUSTÍVEL,BABR,OS concluída,,,
2026-09-01,3040261371,TFF2905-13,FUEL FLOW TRANSDUCER,ALA 8,REC,EM REPARO,WILLIAM,203.0
2026-09-01,3040261375,C661065-0240RX,"INDICATOR, AIRSPEED",BACG,REC,EM REPARO,WILLIAM,203.0
2026-09-01,3040261373,C661065-0240,AIRSPEED INDICATOR,BABE,REC,REPARADO,V1 PAMA-LS,203.0
2026-09-01,3040261322,011-00831-00,"ENGINE INTERFA,SPEC",BAPV,REC,REPARADO,VEE ONE,203.0
2026-09-01,3040261326,011-00882-10,"COMPUTER,AIR DATA",BAMN,OS concluída,,,
2026-09-01,3040261324,011-00882-10,"COMPUTER,AIR DATA",BAMN,OS concluída,,,
2026-09-01,3040261327,064-1054-30,RECEIVER-TRANSMITTER SUBASSEMBLY,PAMASP,REC,REPARADO,V1 PAMA-LS,203.0
2026-09-01,3040261336,066-01141-0101,"RECEIVER,RADIO",BANT,REC,REPARADO,V1 PAMA-LS,203.0
2026-09-01,3040261334,065-0065-01,SELECTOR ALT,BANT,REC,EM REPARO,WILLIAM,203.0
2026-09-01,3040261331,065-0061-36,ACTUATOR TRIM (KS272A),PAMASP,OS concluída,,BABR,
2026-09-01,3040261329,065-0061-36,ACTUATOR TRIM (KS272A),ALA 10,OS concluída,,,
2026-09-01,3040261335,065-0065-01,SELECTOR ALT,BANT,REC,EM REPARO,WILLIAM,203.0
2026-09-01,3040261342,066-3084-02,COLOR RADAR INDICATOR,BABV,REC,EM REPARO,WILLIAM,203.0
2026-09-01,3040261340,066-1053-00,"RECEIVER,RADIO",BASM,REC,REPARADO,V1 PAMA-LS,203.0
2026-09-01,3040261377,066-3054-01,INDICATOR RADAR ALTIMETER - TYPE KI250,PAMALS,REC,EM REPARO,WILLIAM,203.0
2026-09-01,3040261376,066-1061-03,RT RADAR ALTIM (KRA10A),PAMALS,REC,PARA REPARO,VEE ONE,203.0
2026-09-01,3040261352,1134380-4,EVAPORATOR MODULE ASSY-RH,BAMN,REC,CONDENADO,VEE ONE,203.0
2026-09-01,3040261347,071-1234-00,ANTENNA ACCESSORY,ALA 1,REC,EM REPARO,WILLIAM,203.0
2026-09-01,3040261344,066-4010-12,RECEIVER VOR/LOC (KNS81),ALA 10,REC,EM REPARO,WILLIAM,203.0
2026-09-01,3040261353,1H75-21,PRESSURE REGULATOR,BAMN,OS concluída,,BAMN,
2026-09-01,3040261357,2682001-1,BRAKE CYL MAST,BABE,OS concluída,,,
2026-09-01,3040261356,2670104-2,ANNUNCIATOR PANEL,PAMALS,OS concluída,REPARADO,VEE ONE,
2026-09-01,3040261355,2643100-201,NOSE GEAR STRUT ASSY - TALL FORK,BABR,OS concluída,,,
2026-09-01,3040261354,2643100-201,NOSE GEAR STRUT ASSY - TALL FORK,BANT,REC,EM REPARO,AV AERONAUTICA,203.0
2026-09-01,3040261364,8210-002-01,GOVERNOR PROPELLER,PAMASP,REC,REPARADO,VEE ONE,203.0
2026-09-01,3040261627,S3828-1,ALTIMETER,BAMN,REC,EM REPARO,WILLIAM,189.0
2026-09-01,3040261628,S3828-1,ALTIMETER,BABE,REC,REPARADO,V1 PAMA-LS,189.0
2026-09-01,3040261851,51539-012MRX,CONTROL UNIT ASSY-GENERATOR,BABE,REC,EM REPARO,VEE ONE,181.0
2026-09-01,3040261852,51539-012MRX,CONTROL UNIT ASSY-GENERATOR,BABE,REC,EM REPARO,VEE ONE,181.0
2026-09-01,3040261843,3034792,BOMBA DE COMBUSTÍVEL,PAMALS,REC,EM REPARO,VEE ONE,176.0
2026-09-01,3040262245,200SGL119Q-2,STARTER GENERATOR,BAMN,OS concluída,,,
2026-09-01,3040262246,200SGL119Q-2,STARTER GENERATOR,BAMN,OS concluída,,,
2026-09-01,3040262273,324843-W020,HEADSET-MICROPHONE,BABE,OS concluída,,,
2026-09-01,3040262275,324843-W020,HEADSET-MICROPHONE,BANT,OS concluída,,,
2026-09-01,3040262363,066-1055-00,AUDIO CONTROL PANEL,ALA 5,OS concluída,,,
2026-09-01,3040262367,066-1055-00,AUDIO CONTROL PANEL,ALA 9,REC,EM REPARO,WILLIAM,159.0
2026-09-01,3040262368,066-1055-00,AUDIO CONTROL PANEL,CLA,OS concluída,,,
2026-09-01,3040262372,51539-012M,CONTROL UNIT ASSY-GENERATOR,BANT,REC,,V1 PAMA-LS,159.0
2026-09-01,3040262371,51539-012N,CONTROL UNIT ASSY-GENERATOR,BANT,REC,REPARADO,V1 PAMA-LS,159.0
2026-09-01,3040262419,065-0061-36,ACTUATOR TRIM (KS272A),ALA 9,REC,EM REPARO,WILLIAM,154.0
2026-09-01,3040262734,C352,PORTABLE HALON FIRE EXTINGUISHERS,ALA 5,REC,EM REPARO,AV AERONAUTICA,141.0
2026-09-01,3040262738,C352TS,"EXTINGUISHER,FIRE",BANT,REC,,PROCURANDO,141.0
2026-09-01,3040262739,C352TS,"EXTINGUISHER,FIRE",BANT,REC,,PROCURANDO,141.0
2026-09-01,3040262740,C352TS,"EXTINGUISHER,FIRE",PAMALS,REC,,PROCURANDO,141.0
2026-09-01,3040262766,011-00883-20,RADAR GWX 68 WEATHER,BAMN,OS concluída,EM REPARO,VEE ONE,
2026-09-01,3040262765,011-00883-20,RADAR GWX 68 WEATHER,BAMN,REC,EM REPARO,VEE ONE,141.0
2026-09-01,3040262772,011-01020-10,AFCS MODE CONTROLLER GMC 710,BAMN,REC,EM REPARO,WILLIAM,141.0
2026-09-01,3040262770,011-01020-10,AFCS MODE CONTROLLER GMC 710,BAMN,REC,EM REPARO,WILLIAM,141.0
2026-09-01,3040262773,011-01020-10,AFCS MODE CONTROLLER GMC 710,BAMN,REC,EM REPARO,WILLIAM,141.0
2026-09-01,3040262746,066-1070-01,TRANSCEIVER DME (KN63),BABE,REC,EM REPARO,WILLIAM,141.0
2026-09-01,3040262745,064-1019-05,VHF TRANSCEIVE KY196,EEAR,REC,EM REPARO,VEE ONE,141.0
2026-09-01,3040262747,066-1072-00,RECEIVER ADF (KING KR87),ALA 7,REC,EM REPARO,WILLIAM,141.0
2026-09-01,3040262748,066-3046-07,"CONTROL,INDICATOR",BABR,REC,,BANT,141.0
2026-09-01,3040262769,066-3046-07,"CONTROL,INDICATOR",BABR,REC,,BANT,141.0
2026-09-01,3040262768,066-3046-07,"CONTROL,INDICATOR",EEAR,OS concluída,EM REPARO,LEAP,
2026-09-01,3040262767,066-3046-07,"CONTROL,INDICATOR",EEAR,REC,EM REPARO,LEAP,141.0
2026-09-01,3040262791,066-3060-00,IND RMI KNI582,BANT,OS concluída,EM REPARO,LEAP,
2026-09-01,3040262630,161-11700,INNER WHEEL HALF ASSY,BANT,REC,REPARADO,VEE ONE,141.0
2026-09-01,3040262792,066-3060-00,IND RMI KNI582,BANT,REC,EM REPARO,LEAP,141.0
2026-09-01,3040262634,162-10700,OUTER WHEEL HALF ASSY,BANT,OS concluída,REPARADO,VEE ONE,
2026-09-01,3040262632,161-12800,WHEEL HALF ASSY-INNER,BANT,OS concluída,REPARADO,VEE ONE,
2026-09-01,3040262633,161-12800,WHEEL HALF ASSY-INNER,BANT,OS concluída,REPARADO,VEE ONE,
2026-09-01,3040262635,162-11800,WHEEL HALF ASSY-OUTER,EPCAR,OS concluída,REPARADO,VEE ONE,
2026-09-01,3040262637,162-11800,WHEEL HALF ASSY-OUTER,BANT,REC,REPARADO,VEE ONE,141.0
2026-09-01,3040262636,162-11800,WHEEL HALF ASSY-OUTER,BANT,OS concluída,REPARADO,VEE ONE,
2026-09-01,3040262646,200SGL119Q,STARTER GENERATOR,PAMASP,OS concluída,,,
2026-09-01,3040262639,200SGL119Q,STARTER GENERATOR,PAMASP,OS concluída,,PAMA-LS,
2026-09-01,3040262638,200SGL119Q,STARTER GENERATOR,PAMALS,REC,EM REPARO,AV AERONAUTICA,141.0
2026-09-01,3040262757,2606015-2,IND OIL TEMP/P,PAMALS,REC,EM REPARO,VEE ONE,141.0
2026-09-01,3040262706,2641011-5,AXLE-MAIN GEAR,BAMN,REC,,BANT,141.0
2026-09-01,3040262707,2641011-5,AXLE-MAIN GEAR,BABV,OS concluída,REPARADO,VEE ONE,
2026-09-01,3040262717,2641011-5,AXLE-MAIN GEAR,BANT,OS concluída,REPARADO,VEE ONE,
2026-09-01,3040262714,2641011-5,AXLE-MAIN GEAR,BAPV,REC,,BANT,141.0
2026-09-01,3040262713,2641011-5,AXLE-MAIN GEAR,BAPV,OS concluída,REPARADO,VEE ONE,
2026-09-01,3040262712,2641011-5,AXLE-MAIN GEAR,BABR,REC,,BANT,141.0
2026-09-01,3040262711,2641011-5,AXLE-MAIN GEAR,BABR,REC,,BANT,141.0
2026-09-01,3040262709,2641011-5,AXLE-MAIN GEAR,PAMALS,REC,,BANT,141.0
2026-09-01,3040262708,2641011-5,AXLE-MAIN GEAR,PAMALS,REC,,BANT,141.0
2026-09-01,3040262744,3244809-1A,F.C.U,PAMALS,REC,EM REPARO,LEAP,141.0
2026-09-01,3040262758,9910338-4,FUEL TOTALIZER INDICATOR,PAMALS,REC,EM REPARO,VEE ONE,141.0
2026-09-01,3040262759,9910338-6,"TRANSMITTER,RATE OF FLOW",BAMN,REC,EM REPARO,WILLIAM,141.0
2026-09-01,3040262760,9910338-6,"TRANSMITTER,RATE OF FLOW",BANT,REC,EM REPARO,VEE ONE,141.0
2026-09-01,3040262966,2682001-1,BRAKE CYL MAST,BACO,OS concluída,,PAMA-LS,
2026-09-01,3040262967,2682001-1,BRAKE CYL MAST,PAMALS,REC,REPARADO,V1 PAMA-LS,139.0
2026-09-01,3040262968,2682001-1,BRAKE CYL MAST,BANT,OS concluída,,PAMA-LS,
2026-09-01,3040262969,2682001-1,BRAKE CYL MAST,BABE,REC,REPARADO,V1 PAMA-LS,139.0
2026-09-01,3040263069,453-5060,ELT C406-N,BABE,OS concluída,,,
2026-09-01,3040263283,D145-00-46-2,FLAP ACTUATOR ASSY,PAMALS,REC,EM REPARO,LEAP,124.0
2026-09-01,3040263284,D145-00-46-2,FLAP ACTUATOR ASSY,BAFL,REC,EM REPARO,LEAP,124.0
2026-09-01,3040263324,069-01033-0101,"RECEIVER-TRANSMITTER,RADIO",PAMALS,REC,EM REPARO,LEAP,124.0
2026-09-01,3040263287,C661065-0237,AIRSPEED INDICATOR,BABR,OS concluída,REPARADO,VEE ONE,
2026-09-01,3040263288,C661065-0237,AIRSPEED INDICATOR,PAMASP,OS concluída,REPARADO,VEE ONE,
2026-09-01,3040263314,060-0017-00,FLIGHT DIR HOR,EEAR,REC,EM REPARO,LEAP,124.0
2026-09-01,3040263319,066-1055-00,AUDIO CONTROL PANEL,BABE,OS concluída,REPARADO,VEE ONE,
2026-09-01,3040263317,060-0017-00,FLIGHT DIR HOR,PAMASP,REC,,BANT,124.0
2026-09-01,3040263316,060-0017-00,FLIGHT DIR HOR,BANT,REC,,BANT,124.0
2026-09-01,3040263320,066-1055-00,AUDIO CONTROL PANEL,PAMALS,REC,EM REPARO,AV AERONAUTICA,124.0
2026-09-01,3040263325,069-01033-0101,"RECEIVER-TRANSMITTER,RADIO",PAMALS,REC,,PROCURANDO,124.0
2026-09-01,3040263335,C611008-0101,ALTERNATOR CONTROL UNIT,PAMALS,REC,EM REPARO,AV AERONAUTICA,124.0
2026-09-01,3040263336,C611008-0101,ALTERNATOR CONTROL UNIT,PAMALS,REC,EM REPARO,AV AERONAUTICA,124.0
2026-09-01,3040263286,C661065-0237,AIRSPEED INDICATOR,BANT,REC,DEVOLVIDO NO ESTADO,WILLIAM,124.0
2026-09-01,3040263322,066-1055-00,AUDIO CONTROL PANEL,ALA 9,REC,EM REPARO,WILLIAM,124.0
2026-09-01,3040263326,069-01033-0101,"RECEIVER-TRANSMITTER,RADIO",PAMALS,REC,,BANT,124.0
2026-09-01,3040263315,060-0017-00,FLIGHT DIR HOR,BACG,OS concluída,,BABR,
2026-09-01,3040263334,011-00916-10,"DISPLAY UNIT,FLIGHT INFORMATION",BACO,REC,VAI SER DEVOLVIDO SEM REPARO,WILLIAM,124.0
2026-09-01,3040263333,011-00916-10,"DISPLAY UNIT,FLIGHT INFORMATION",BACO,OS concluída,EM REPARO,WILLIAM,
2026-09-01,3040263332,011-00916-10,"DISPLAY UNIT,FLIGHT INFORMATION",BAMN,OS concluída,EM REPARO,WILLIAM,
2026-09-01,3040263331,C661064-0237,AIRSPEED INDICATOR,PAMALS,REC,VAI SER DEVOLVIDO SEM REPARO,WILLIAM,124.0
2026-09-01,3040263329,C661064-0237,AIRSPEED INDICATOR,PAMALS,REC,EM REPARO,WILLIAM,124.0
2026-09-01,3040263328,C661064-0237,AIRSPEED INDICATOR,BABR,REC,EM REPARO,WILLIAM,124.0
2026-09-01,3040263327,C661064-0237,AIRSPEED INDICATOR,BABR,REC,EM REPARO,WILLIAM,124.0
2026-09-01,3040263330,C661064-0237,AIRSPEED INDICATOR,PAMALS,REC,EM REPARO,WILLIAM,124.0
2026-09-01,3040263338,C611008-0101,ALTERNATOR CONTROL UNIT,PAMALS,REC,REPARADO,V1 PAMA-LS,124.0
2026-09-01,3040263433,066-03064-0005,"ALTIMETER,SERVO CONTROLLED,AUTOMATIC PRESSURE",BACG,REC,EM REPARO,WILLIAM,118.0
2026-09-01,3040263435,066-03064-0005,"ALTIMETER,SERVO CONTROLLED,AUTOMATIC PRESSURE",BANT,REC,EM REPARO,WILLIAM,118.0
2026-09-01,3040263434,066-03064-0005,"ALTIMETER,SERVO CONTROLLED,AUTOMATIC PRESSURE",PAMASP,REC,VAI SER DEVOLVIDO SEM REPARO,WILLIAM,118.0
2026-09-01,3040263417,069-01033-0101,"RECEIVER-TRANSMITTER,RADIO",PAMALS,REC,EM REPARO,WILLIAM,118.0
2026-09-01,3040263416,069-01033-0101,"RECEIVER-TRANSMITTER,RADIO",BASM,REC,EM REPARO,WILLIAM,118.0
2026-09-01,3040263415,069-01033-0101,"RECEIVER-TRANSMITTER,RADIO",BABR,REC,,BANT,118.0
2026-09-01,3040263447,066-3046-07,"CONTROL,INDICATOR",CLA,OS concluída,,BABR,
2026-09-01,3040263443,3244897-4,FUEL CONTROL UNIT,PAMALS,REC,EM REPARO,LEAP,117.0
2026-09-01,3040263444,3244897-4,FUEL CONTROL UNIT,PAMALS,REC,EM REPARO,LEAP,117.0
2026-09-01,3040263577,060-0015-00,"CONTROL,DIRECTIONAL,AUTOMATIC PILOT",ALA 5,REC,EM REPARO,WILLIAM,112.0
2026-09-01,3040263574,066-1072-04,"RECEIVER,RADIO",BABE,REC,EM REPARO,WILLIAM,112.0
2026-09-01,3040263576,066-1072-04,"RECEIVER,RADIO",BAMN,OS concluída,DEVOLVIDO NO ESTADO,WILLIAM,
2026-09-01,3040263575,066-1072-04,"RECEIVER,RADIO",BABE,REC,EM REPARO,WILLIAM,112.0
2026-09-01,3040263573,066-3084-32,IND RDR 2000 IN-182A,PAMALS,REC,,BABR,112.0
2026-09-01,3040263571,066-3084-32,IND RDR 2000 IN-182A,PAMALS,REC,EM REPARO,WILLIAM,112.0
2026-09-01,3040263572,066-3084-32,IND RDR 2000 IN-182A,PAMALS,REC,EM REPARO,WILLIAM,112.0
2026-09-01,3040263448,2618510-10,ALTERNATOR CONTROL UNIT ASSY,BABE,REC,EM REPARO,WILLIAM,112.0
2026-09-01,3040263449,2618510-10,ALTERNATOR CONTROL UNIT ASSY,PAMALS,REC,EM REPARO,WILLIAM,112.0
2026-09-01,3040263877,2641011-5,AXLE-MAIN GEAR,CLA,REC,EM REPARO,LEAP,102.0
2026-09-01,3040263878,2641011-5,AXLE-MAIN GEAR,CLA,REC,EM REPARO,LEAP,102.0
2026-09-01,3040264243,069-01033-0101,"RECEIVER-TRANSMITTER,RADIO",PAMALS,REC,EM REPARO,WILLIAM,95.0
2026-09-01,3040264244,069-01033-0101,"RECEIVER-TRANSMITTER,RADIO",PAMASP,REC,EM REPARO,WILLIAM,95.0
2026-09-01,3040264246,060-0017-00,FLIGHT DIR HOR,PAMALS,REC,EM REPARO,WILLIAM,95.0
2026-09-01,3040264237,200SGL119Q-2,STARTER GENERATOR,BAMN,REC,EM REPARO,AV AERONAUTICA,95.0
2026-09-01,3040264236,200SGL119Q-2,STARTER GENERATOR,BABE,OS concluída,,BABE,
2026-09-01,3040264121,3244897-4,FUEL CONTROL UNIT,BABE,OS concluída,EM REPARO,LEAP,
2026-09-01,3040264263,9910338-8,"INDICATOR,FUEL FLOW",PAMALS,OS concluída,,BABR,
2026-09-01,3040264262,9910338-8,"INDICATOR,FUEL FLOW",BABV,REC,EM REPARO,WILLIAM,95.0
2026-09-01,3040264242,324843-2020,HEADSET-MICROPHONE,BABE,OS concluída,EM REPARO,WILLIAM,
2026-09-01,3040264264,324843-2020,HEADSET-MICROPHONE,DACTA II,OS concluída,EM REPARO,WILLIAM,
2026-09-01,3040264238,324843-2020,HEADSET-MICROPHONE,DACTA II,OS concluída,EM REPARO,WILLIAM,
2026-09-01,3040264241,324843-2020,HEADSET-MICROPHONE,DACTA II,OS concluída,EM REPARO,WILLIAM,
2026-09-01,3040264240,324843-2020,HEADSET-MICROPHONE,DACTA II,OS concluída,EM REPARO,WILLIAM,
2026-09-01,3040264122,3244809-8,"FUEL CONTROL,MAIN,TURBINE ENGINE",BABE,OS concluída,,BABR,
2026-09-01,3040263797,066-3046-07,"CONTROL,INDICATOR",BABE,REC,EM REPARO,WILLIAM,95.0
2026-09-01,3040263798,066-3046-07,"CONTROL,INDICATOR",PAMASP,OS concluída,EM REPARO,WILLIAM,
2026-09-01,3040263799,066-3046-07,"CONTROL,INDICATOR",PAMASP,REC,EM REPARO,WILLIAM,95.0
2026-09-01,3040263795,071-01519-0101,"RECEIVER-EXCITER,RADAR",PAMALS,REC,,PROCURANDO,95.0
2026-09-01,3040263796,071-01519-0101,"RECEIVER-EXCITER,RADAR",PAMALS,REC,,PROCURANDO,95.0
2026-09-01,3040264579,060-0017-00,FLIGHT DIR HOR,BABR,OS concluída,,,
2026-09-01,3040264577,060-0017-00,FLIGHT DIR HOR,PAMALS,REC,,,83.0
2026-09-01,3040264573,060-0017-00,FLIGHT DIR HOR,BANT,REC,,,83.0
2026-09-01,3040264574,060-0017-00,FLIGHT DIR HOR,BANT,REC,,,83.0
2026-09-01,3040264576,060-0017-00,FLIGHT DIR HOR,PAMALS,REC,,,83.0
2026-09-01,3040264572,060-0017-00,FLIGHT DIR HOR,PAMASP,REC,,,83.0
2026-09-01,3040264647,1H75-21,PRESSURE REGULATOR,BAMN,REC,,,78.0
2026-09-01,3040264646,1H75-21,PRESSURE REGULATOR,PAMASP,REC,,,78.0
2026-09-01,3040264645,1H75-21,PRESSURE REGULATOR,PAMASP,REC,,,78.0
2026-09-01,3040264643,1H75-21,PRESSURE REGULATOR,PAMASP,OS concluída,,,
2026-09-01,3040264707,3244809-7,"FUEL CONTROL,MAIN,TURBINE ENGINE",BABE,OS concluída,,,
2026-09-01,3040264709,540-1407-4,"VALVE,BLEED,TURBINEENGINE",PAMASP,REC,,,78.0
2026-09-01,3040264710,200SGL153Q,"STARTER-GENERATOR,ENGINE,AIRCRAFT",CLA,OS concluída,,,
2026-09-01,3040264711,200SGL153Q,"STARTER-GENERATOR,ENGINE,AIRCRAFT",PAMASP,OS concluída,,,
2026-09-01,3040264712,200SGL153Q,"STARTER-GENERATOR,ENGINE,AIRCRAFT",BACG,REC,,,78.0
2026-09-01,3040264718,9910338-8,"INDICATOR,FUEL FLOW",PAMALS,REC,,,78.0
2026-09-01,3040264719,S3326-2,"INDICATOR,HORIZONTAL SITUATION",ALA 8,REC,,,78.0
2026-09-01,3040264720,S3326-2,"INDICATOR,HORIZONTAL SITUATION",PAMALS,REC,,,78.0
2026-09-01,3040264721,S3326-2,"INDICATOR,HORIZONTAL SITUATION",PAMASP,REC,,,78.0
2026-09-01,3040264724,2606013-1AM,INDICADOR PERCENTUAL RPM,BABV,REC,,,78.0
2026-09-01,3040264725,2606013-1AM,INDICADOR PERCENTUAL RPM,BABR,REC,,,78.0
2026-09-01,3040264726,2606015-4,INDICATOR-OIL TEMP/OIL PRESS,BANT,REC,,,78.0
2026-09-01,3040264727,C661051-0201,GYRO HORIZON,ALA 10,REC,,,78.0
2026-09-01,3040264728,504-0111-906,GYRO HORIZON,PAMALS,OS concluída,,,
2026-09-01,3040264729,504-0111-906,GYRO HORIZON,BACG,OS concluída,,,
2026-09-01,3040264730,8210-003,"GOVERNOR,FUEL CONTROL",PAMASP,REC,,,78.0
2026-09-01,3040264731,8210-002,"GOVERNOR,CONSTANT SPEED DRIVE",PAMASP,REC,,,78.0
2026-09-01,3040264732,8210-002,"GOVERNOR,CONSTANT SPEED DRIVE",BAMN,REC,,,78.0
2026-09-01,3040264733,030-18200,MAIN WHEEL BRAKE,BAMN,REC,,,78.0
2026-09-01,3040264734,030-18200,MAIN WHEEL BRAKE,BAMN,REC,,,78.0
2026-09-01,3040264735,161-11700,INNER WHEEL HALF ASSY,PAMALS,REC,,,78.0
2026-09-01,3040264736,161-12800,WHEEL HALF ASSY-INNER,BABR,REC,,,78.0
2026-09-01,3040264737,161-12800,WHEEL HALF ASSY-INNER,PAMALS,AUT,,,78.0
2026-09-01,3040264738,162-10700,OUTER WHEEL HALF ASSY,BACO,AUT,,,78.0
2026-09-01,3040264807,011-01105-01,INTEGRATED AVIONICS UNIT GIA63W,ALA 8,REC,,,70.0
2026-09-01,3040264808,011-01105-01,INTEGRATED AVIONICS UNIT GIA63W,BAMN,REC,,,70.0
2026-09-01,3040264907,011-00916-10,"DISPLAY UNIT,FLIGHT INFORMATION",BAMN,REC,,,63.0
2026-09-01,3040264908,011-00916-10,"DISPLAY UNIT,FLIGHT INFORMATION",BABV,OS concluída,,,
2026-09-01,3040264974,3244809-8,"FUEL CONTROL,MAIN,TURBINE ENGINE",BAMN,REC,,,61.0
2026-09-01,3040264961,3244897-4,FUEL CONTROL UNIT,CLA,OS concluída,,,
2026-09-01,3040264960,3034792,BOMBA DE COMBUSTÍVEL,CLA,OS concluída,,,
2026-09-01,3040265144,011-01020-10,AFCS MODE CONTROLLER GMC 710,BABE,REC,,,55.0
2026-09-01,3040265140,011-01020-10,AFCS MODE CONTROLLER GMC 710,BABE,REC,,,55.0
2026-09-01,3040265482,066-3084-32,IND RDR 2000 IN-182A,BABR,REC,,,40.0
2026-09-01,3040265484,066-3084-32,IND RDR 2000 IN-182A,BANT,REC,,,40.0
2026-09-01,3040265485,066-3084-32,IND RDR 2000 IN-182A,BABR,REC,,,40.0
2026-09-01,3040265526,ASG12000-2,ALTERNATOR,PAMALS,REC,,,36.0
2026-09-01,3040265525,ASG12000-2,ALTERNATOR,BABR,REC,,,36.0
2026-09-01,3040265527,9910592-2,ALTERNADOR,BABR,REC,,,36.0
2026-09-01,3040265533,3122678-04,FUEL CONTROL UNIT,BABR,REC,,,36.0
2026-09-01,3040265532,C611505-0201,ALTERNATOR,BANT,REC,,,36.0
2026-09-01,3040265530,C611505-0201,ALTERNATOR,BABV,REC,,,36.0
2026-09-01,3040265528,9910592-2,ALTERNADOR,BABR,REC,,,36.0
2026-09-01,3040265724,3244897-4,FUEL CONTROL UNIT,CLA,REC,,,35.0
2026-09-01,3040265474,C611008-0101,ALTERNATOR CONTROL UNIT,PAMALS,REC,,,33.0
2026-09-01,3040265475,C611008-0101,ALTERNATOR CONTROL UNIT,BABV,REC,,,33.0
2026-09-01,3040265476,C611008-0101,ALTERNATOR CONTROL UNIT,PAMALS,REC,,,33.0
2026-09-01,3040265477,C611008-0101,ALTERNATOR CONTROL UNIT,PAMALS,REC,,,33.0
2026-09-01,3040265576,011-00916-10,"DISPLAY UNIT,FLIGHT INFORMATION",BAMN,REC,,,32.0
2026-09-01,3040265580,011-00916-00,DISPLAY UNIT GDU 1040A,PAMALS,REC,,,36.0
2026-09-01,3040265581,011-00916-00,DISPLAY UNIT GDU 1040A,PAMALS,REC,,,36.0
2026-09-01,3040265589,EA-5175-52-CES,INDICATOR TRUE,BABV,REC,,,36.0
2026-09-01,3040265590,EA-5175-52-CES,INDICATOR TRUE,BASM,REC,,,36.0
2026-09-01,3040265591,EA-5175-52-CES,INDICATOR TRUE,BABV,REC,,,36.0
2026-09-01,3040265592,EA-5175-52-CES,INDICATOR TRUE,BABV,REC,,,36.0
2026-09-01,3040265668,9910592-2,ALTERNADOR,PAMALS,OS concluída,,,
2026-09-01,3040265678,9910592-2,ALTERNADOR,BAMN,REC,,,36.0
2026-09-01,3040265679,C611505-0201,ALTERNATOR,PAMALS,REC,,,36.0
2026-09-01,3040265680,C611505-0201,ALTERNATOR,ALA 8,REC,,,36.0
2026-09-01,3040265726,071-01519-0101,"RECEIVER-EXCITER,RADAR",PAMALS,REC,,,35.0
2026-09-01,3040265727,071-01519-0101,"RECEIVER-EXCITER,RADAR",CLA,REC,,,35.0
2026-09-01,3040265728,C163030-1001,MAIN W BRAKE A,BAMN,REC,,,35.0
2026-09-01,3040265731,066-3046-07,"CONTROL,INDICATOR",BABR,REC,,,35.0
2026-09-01,3040265732,066-3046-07,"CONTROL,INDICATOR",BANT,REC,,,35.0
2026-09-01,3040265734,066-3046-07,"CONTROL,INDICATOR",EEAR,REC,,,35.0
2026-09-01,3040265735,066-3046-07,"CONTROL,INDICATOR",CLA,REC,,,35.0
2026-09-01,3040265736,C611008-0101,ALTERNATOR CONTROL UNIT,BABV,REC,,,35.0
2026-09-01,3040265737,C611008-0101,ALTERNATOR CONTROL UNIT,EEAR,REC,,,35.0
2026-09-01,3040265738,C611008-0101,ALTERNATOR CONTROL UNIT,PAMALS,REC,,,35.0
2026-09-01,3040265739,C611008-0101,ALTERNATOR CONTROL UNIT,BANT,REC,,,35.0
2026-09-01,3040265740,C611008-0101,ALTERNATOR CONTROL UNIT,BABE,REC,,,35.0
2026-09-01,3040265741,C611008-0101,ALTERNATOR CONTROL UNIT,BABR,REC,,,35.0
2026-09-01,3040265742,066-1072-04,"RECEIVER,RADIO",BACG,REC,,,35.0
2026-09-01,3040265743,066-1072-04,"RECEIVER,RADIO",BAMN,REC,,,35.0
2026-09-01,3040265744,066-1072-04,"RECEIVER,RADIO",PAMALS,REC,,,35.0
2026-09-01,3040265745,066-3084-32,IND RDR 2000 IN-182A,PAMALS,REC,,,35.0
2026-09-01,3040265746,066-3084-32,IND RDR 2000 IN-182A,PAMALS,REC,,,35.0
2026-09-01,3040265747,30994-001,BATTERY-MARATHON TSP410 NICAD,PAMALS,AUT,,,35.0
2026-09-01,3040265748,30994-001,BATTERY-MARATHON TSP410 NICAD,PAMALS,AUT,,,35.0
2026-09-01,3040265749,30994-001,BATTERY-MARATHON TSP410 NICAD,PAMALS,AUT,,,35.0
2026-09-01,3040265750,30994-001,BATTERY-MARATHON TSP410 NICAD,PAMALS,AUT,,,35.0
2026-09-01,3040265751,30994-001,BATTERY-MARATHON TSP410 NICAD,PAMALS,AUT,,,35.0
2026-09-01,3040265752,2641011-5,AXLE-MAIN GEAR,BAMN,REC,,,35.0
2026-09-01,3040265753,2641011-5,AXLE-MAIN GEAR,BAMN,REC,,,35.0
2026-09-01,3040265754,161-11700,INNER WHEEL HALF ASSY,BACO,AUT,,,35.0
2026-09-01,3040265755,161-12800,WHEEL HALF ASSY-INNER,BABE,REC,,,35.0
2026-09-01,3040265757,066-01141-0101,"RECEIVER,RADIO",PAMALS,REC,,,35.0
2026-09-01,3040265758,066-01141-0101,"RECEIVER,RADIO",PAMALS,REC,,,35.0
2026-09-01,3040265759,C660501-0103,"COMPASS,SPEC",DACTA II,REC,,,35.0
2026-09-01,3040265769,023694-000,BATTERY NICKEL CADMIUM,BAPV,REC,,,34.0
2026-09-01,3040265771,2651023-23,ENGINE MOUNT ASSEMBLY,PAMALS,REC,,,34.0
2026-09-01,3040265772,2651023-23,ENGINE MOUNT ASSEMBLY,PAMALS,REC,,,34.0
2026-09-01,3040265892,324843-0020,HEADSET-MICROPHONE,PAMALS,REC,,,29.0
2026-09-01,3040265893,324843-0020,HEADSET-MICROPHONE,PAMALS,OS concluída,,,
2026-09-01,3040265894,324843-0020,HEADSET-MICROPHONE,PAMALS,REC,,,29.0
2026-09-01,3040265895,324843-0020,HEADSET-MICROPHONE,PAMALS,REC,,,29.0
2026-09-01,3040265946,011-00870-00,MAGNETOMETER GMU 44,BAMN,REC,,,26.0
2026-09-01,3040265947,011-00870-00,MAGNETOMETER GMU 44,BAMN,REC,,,26.0
2026-09-01,3040266034,C662041-0102,INDICATOR FUEL,BABE,REC,,,22.0
2026-09-01,3040266040,C662041-0102,INDICATOR FUEL,PAMALS,REC,,,22.0
2026-09-01,3040266036,C662041-0102,INDICATOR FUEL,PAMALS,REC,,,22.0
2026-09-01,3040266035,C662041-0102,INDICATOR FUEL,PAMALS,REC,,,14.0
2026-09-01,3040266039,C662041-0102,INDICATOR FUEL,BANT,REC,,,14.0
2026-09-01,3040266041,C662041-0102,INDICATOR FUEL,PAMALS,REC,,,14.0
2026-09-01,3040266307,069-01033-0101,"RECEIVER-TRANSMITTER,RADIO",PAMALS,REC,,,12.0
2026-09-01,3040266308,069-01033-0101,"RECEIVER-TRANSMITTER,RADIO",BANT,REC,,,12.0
2026-09-01,3040266306,069-01033-0101,"RECEIVER-TRANSMITTER,RADIO",BACG,REC,,,12.0
2026-09-01,3040266307,069-01033-0101,"RECEIVER-TRANSMITTER,RADIO",PAMALS,REC,,,12.0
2026-09-01,3040266308,069-01033-0101,"RECEIVER-TRANSMITTER,RADIO",BANT,REC,,,12.0
2026-09-01,3040266568,C662504-0101,GAGE VOLT AMME,PAMALS,REC,,,1.0
2026-09-01,3040266567,C662504-0101,GAGE VOLT AMME,ALA 9,REC,,,1.0
2026-09-01,3040266566,C662504-0101,GAGE VOLT AMME,PAMALS,REC,,,1.0
2026-09-01,3040266569,C662504-0101,GAGE VOLT AMME,BABV,REC,,,1.0
2026-09-02,3040249831,066-01141-5101,"RECEIVER-TRANSMITTER,RADIO (KT71)",PAMALS,REC,EM REPARO,LEAP,569.0
2026-09-02,3040250248,452-0133,"BATTERY,NONRECHARGEABLE",BABR,REC,CONDENADO,VEE ONE,553.0
2026-09-02,3040250249,452-0133,"BATTERY,NONRECHARGEABLE",BAMN,REC,CONDENADO,VEE ONE,553.0
2026-09-02,3040250234,3034792,BOMBA DE COMBUSTÍVEL,PAMALS,REC,,BANT,553.0
2026-09-02,3040250816,453-5060,"BEACON,DISTRESS",BAMN,REC,,PAMA-LS,531.0
2026-09-02,3040250830,799-1,TRANSDUCER,BACO,REC,,BANT,531.0
2026-09-02,3040250829,51539-012N,CONTROL UNIT ASSY-GENERATOR,BAMN,OS concluída,,,
2026-09-02,3040250828,51539-012N,CONTROL UNIT ASSY-GENERATOR,BACG,REC,,BABR,531.0
2026-09-02,3040250827,51539-012N,CONTROL UNIT ASSY-GENERATOR,BANT,REC,,BABR,531.0
2026-09-02,3040250831,799-1,TRANSDUCER,BANT,REC,,BANT,531.0
2026-09-02,3040250833,9910586-4,FLAP ACTUATOR AND MOTOR ASSEMBLY,ALA 3,REC,,BAMN,531.0
2026-09-02,3040250834,9910586-4,FLAP ACTUATOR AND MOTOR ASSEMBLY,ALA 3,OS concluída,,,
2026-09-02,3040250832,9910338-4,FUEL TOTALIZER INDICATOR,EEAR,REC,,PAMA-LS,531.0
2026-09-02,3040250835,ASG12000-2,ALTERNATOR,ALA 5,REC,REPARADO,V1 PAMA-LS,531.0
2026-09-02,3040250841,C661030-0301,TURN BANK,PAMALS,REC,EM REPARO,LEAP,531.0
2026-09-02,3040250842,C662041-0102,INDICATOR FUEL,ALA 5,REC,,PAMA-LS,531.0
2026-09-02,3040250844,C662041-0102,INDICATOR FUEL,ALA 9,REC,,PAMA-LS,531.0
2026-09-02,3040250843,C662041-0102,INDICATOR FUEL,ALA 10,OS concluída,,,
2026-09-02,3040250719,060-0017-00,FLIGHT DIR HOR,PAMALS,REC,,BANT,531.0
2026-09-02,3040250720,060-0017-00,FLIGHT DIR HOR,BABV,OS concluída,,,
2026-09-02,3040250722,066-01141-5101,"RECEIVER-TRANSMITTER,RADIO (KT71)",ALA 9,REC,EM REPARO,WILLIAM,531.0
2026-09-02,3040250723,066-01141-5101,"RECEIVER-TRANSMITTER,RADIO (KT71)",CLA,REC,,BABR,531.0
2026-09-02,3040250721,060-0017-00,FLIGHT DIR HOR,BANT,OS concluída,,,
2026-09-02,3040250725,066-3046-07,"CONTROL,INDICATOR",ALA 10,OS concluída,,,
2026-09-02,3040250724,066-04035-1101,"DISPLAY UNIT,RADAR",PAMALS,REC,,BANT,531.0
2026-09-02,3040250732,069-1025-25,"RECEIVER-TRANSMITTER,RADIO - KX165",PAMALS,REC,EM REPARO,WILLIAM,531.0
2026-09-02,3040250782,2606012-1,INDICATOR-INTER-TURBINE TEMPERATURE,ALA 9,OS concluída,,,
2026-09-02,3040250775,161-11700,INNER WHEEL HALF ASSY,BABE,OS concluída,,,
2026-09-02,3040250773,161-11700,INNER WHEEL HALF ASSY,EEAR,REC,,BACG,531.0
2026-09-02,3040250718,030-18200,MAIN WHEEL BRAKE,BACO,OS concluída,,,
2026-09-02,3040250716,030-18200,MAIN WHEEL BRAKE,BABV,REC,EM REPARO,LEAP,531.0
2026-09-02,3040250717,030-18200,MAIN WHEEL BRAKE,BACO,OS concluída,,,
2026-09-02,3040250780,162-11800,WHEEL HALF ASSY-OUTER,PAMALS,OS concluída,,,
2026-09-02,3040250781,162-11800,WHEEL HALF ASSY-OUTER,BACG,OS concluída,,,
2026-09-02,3040250778,161-12800,WHEEL HALF ASSY-INNER,BACG,OS concluída,,,
2026-09-02,3040250776,161-12800,WHEEL HALF ASSY-INNER,BABE,OS concluída,,,
2026-09-02,3040250790,2643031-7,"FORK ASSY,NOSE GEAR SPRING",BAMN,OS concluída,,,
2026-09-02,3040250791,2643090-1,SHIMMY DAMPENE,BANT,REC,EM REPARO,AV AERONAUTICA,531.0
2026-09-02,3040250792,2643090-1,SHIMMY DAMPENE,BAMN,REC,REPARADO,V1 PAMA-LS,531.0
2026-09-02,3040250789,2641012-14,TRUNNION ASSY-RH-MAIN GEAR,PAMASP,OS concluída,,,
2026-09-02,3040250793,2643099-4,"SUPPORT ASSY FOWARD, NLG SPRING",BAMN,OS concluída,,,
2026-09-02,3040250798,30994-001,BATTERY-MARATHON TSP410 NICAD,BANT,OS concluída,CONDENADO,AMA - VEE ONE,
2026-09-02,3040252191,C611008-0101,ALTERNATOR CONTROL UNIT,PAMALS,REC,,BABR,498.0
2026-09-02,3040252159,011-00916-00,DISPLAY UNIT GDU 1040A,BAMN,REC,,BAMN,498.0
2026-09-02,3040252161,065-0042-03,COMPUTER PA,ALA 10,REC,EM REPARO,WILLIAM,498.0
2026-09-02,3040252162,065-0042-03,COMPUTER PA,EEAR,REC,,BABE,498.0
2026-09-02,3040252164,065-0042-03,COMPUTER PA,EEAR,REC,EM REPARO,WILLIAM,498.0
2026-09-02,3040252165,065-0042-03,COMPUTER PA,PAMALS,OS concluída,,,
2026-09-02,3040252166,065-0059-01,SERVO PITCH,EEAR,REC,EM REPARO,WILLIAM,498.0
2026-09-02,3040252168,066-03064-0005,"ALTIMETER,SERVO CONTROLLED,AUTOMATIC PRESSURE",ALA 9,OS concluída,,,
2026-09-02,3040252173,066-03064-0005,"ALTIMETER,SERVO CONTROLLED,AUTOMATIC PRESSURE",BANT,REC,EM REPARO,LEAP,498.0
2026-09-02,3040252172,066-03064-0005,"ALTIMETER,SERVO CONTROLLED,AUTOMATIC PRESSURE",PAMALS,REC,NO ESTADO,VEE ONE,498.0
2026-09-02,3040252170,066-03064-0005,"ALTIMETER,SERVO CONTROLLED,AUTOMATIC PRESSURE",ALA 7,REC,NO ESTADO,VEE ONE,498.0
2026-09-02,3040252178,066-1072-00,RECEIVER ADF (KING KR87),PAMALS,OS concluída,,,
2026-09-02,3040252182,066-1072-04,"RECEIVER,RADIO",ALA 9,OS concluída,,,
2026-09-02,3040252181,066-1072-04,"RECEIVER,RADIO",PAMASP,REC,EM REPARO,WILLIAM,498.0
2026-09-02,3040252180,066-1072-04,"RECEIVER,RADIO",ALA 8,OS concluída,,,
2026-09-02,3040252185,066-1072-04,"RECEIVER,RADIO",BAMN,OS concluída,,,
2026-09-02,3040252189,9910338-6,"TRANSMITTER,RATE OF FLOW",ALA 8,OS concluída,,,
2026-09-02,3040252190,9910338-6,"TRANSMITTER,RATE OF FLOW",BABR,OS concluída,,,
2026-09-02,3040252160,011-01020-10,AFCS MODE CONTROLLER GMC 710,BAMN,OS concluída,,,
2026-09-02,3040252939,C163030-1001,MAIN W BRAKE A,BABV,REC,,BAMN,468.0
2026-09-02,3040252936,030-18200,MAIN WHEEL BRAKE,BACO,REC,,PAMA-LS,468.0
2026-09-02,3040252935,030-18200,MAIN WHEEL BRAKE,BAMN,OS concluída,,,
2026-09-02,3040252940,30-182,MAIN WHEEL BRAKE,BABV,OS concluída,,,
2026-09-02,3040252942,30-182,MAIN WHEEL BRAKE,BAMN,OS concluída,,,
2026-09-02,3040252943,30-182,MAIN WHEEL BRAKE,BAMN,OS concluída,,,
2026-09-02,3040253170,161-12800,WHEEL HALF ASSY-INNER,BASM,OS concluída,,,
2026-09-02,3040253168,161-12800,WHEEL HALF ASSY-INNER,BASM,REC,,PAMA-LS,464.0
2026-09-02,3040253172,161-12800,WHEEL HALF ASSY-INNER,PAMALS,REC,,PAMA-LS,464.0
2026-09-02,3040253174,161-12800,WHEEL HALF ASSY-INNER,PAMALS,OS concluída,,,
2026-09-02,3040253173,161-12800,WHEEL HALF ASSY-INNER,PAMALS,REC,EM REPARO,LEAP,464.0
2026-09-02,3040253176,162-10700,OUTER WHEEL HALF ASSY,BABE,OS concluída,,,
2026-09-02,3040253177,162-10700,OUTER WHEEL HALF ASSY,BABV,REC,,PAMA-LS,464.0
2026-09-02,3040253178,162-10700,OUTER WHEEL HALF ASSY,PAMALS,REC,,PROCURANDO,464.0
2026-09-02,3040253179,162-11800,WHEEL HALF ASSY-OUTER,CLA,OS concluída,,,
2026-09-02,3040253181,162-11800,WHEEL HALF ASSY-OUTER,PAMALS,OS concluída,,,
2026-09-02,3040253180,162-11800,WHEEL HALF ASSY-OUTER,BASM,REC,,PROCURANDO,464.0
2026-09-02,3040253182,162-11800,WHEEL HALF ASSY-OUTER,PAMALS,REC,,PAMA-LS,464.0
2026-09-02,3040253536,2641012-14,TRUNNION ASSY-RH-MAIN GEAR,PAMALS,OS concluída,,,
2026-09-02,3040253529,066-03064-0005,"ALTIMETER,SERVO CONTROLLED,AUTOMATIC PRESSURE",DSM-MN,REC,DEVOLVIDO NO ESTADO,WILLIAM,454.0
2026-09-02,3040253528,066-03064-0005,"ALTIMETER,SERVO CONTROLLED,AUTOMATIC PRESSURE",BANT,OS concluída,,,
2026-09-02,3040253532,799-1,TRANSDUCER,PAMALS,REC,,BANT,454.0
2026-09-02,3040253535,2643099-4,"SUPPORT ASSY FOWARD, NLG SPRING",BABE,REC,CONDENADO,VEE ONE,454.0
2026-09-02,3040253531,799-1,TRANSDUCER,BAMN,REC,,VEE ONE,454.0
2026-09-02,3040253530,799-1,TRANSDUCER,BAMN,REC,,BANT,454.0
2026-09-02,3040253526,30994-001,BATTERY-MARATHON TSP410 NICAD,PAMALS,OS concluída,,PAMA-LS,
2026-09-02,3040253527,30994-001,BATTERY-MARATHON TSP410 NICAD,BAPV,OS concluída,,PAMA-LS,
2026-09-02,3040254195,540-1407-4,"VALVE,BLEED,TURBINEENGINE",PAMALS,REC,,BANT,436.0
2026-09-02,3040254201,2643090-3,SHIMMY DAMPER-NOSE GEAR,PAMALS,REC,,PAMA-LS,436.0
2026-09-02,3040254203,SE1070-6,SHIMMY DAMPENER ASSY,BACGINAT,OS concluída,,,
2026-09-02,3040254205,C660501-0103,"COMPASS,SPEC",PAMALS,REC,,PAMA-LS,436.0
2026-09-02,3040254206,C660501-0103,"COMPASS,SPEC",ALA 8,REC,EM REPARO EM GARANTIA,WILLIAM,436.0
2026-09-02,3040254208,C660501-0103,"COMPASS,SPEC",BABV,REC,,PAMA-LS,436.0
2026-09-02,3040254210,799-1,TRANSDUCER,BANT,REC,,BANT,436.0
2026-09-02,3040254792,2606013-1RX,INDICATOR-PERCENT RPM,BABR,REC,,BANT,427.0
2026-09-02,3040254770,069-1025-25,"RECEIVER-TRANSMITTER,RADIO - KX165",ALA 9,REC,EM REPARO,WILLIAM,427.0
2026-09-02,3040254799,453-5000-710,EMERGENCY LOCATOR TRANSMITTER MODEL C406-2,PAMASP,OS concluída,,,
2026-09-02,3040254806,C352TS,"EXTINGUISHER,FIRE",PAMALS,REC,,PAMA-LS,427.0
2026-09-02,3040254805,C352TS,"EXTINGUISHER,FIRE",PAMALS,OS concluída,,,
2026-09-02,3040254810,C352TS,"EXTINGUISHER,FIRE",PAMALS,OS concluída,,,
2026-09-02,3040254809,C352TS,"EXTINGUISHER,FIRE",PAMAGL,OS concluída,,,
2026-09-02,3040254803,C352TS,"EXTINGUISHER,FIRE",2 ETA,REC,,PAMA-LS,427.0
2026-09-02,3040254808,C352TS,"EXTINGUISHER,FIRE",BABR,REC,,PAMA-LS,427.0
2026-09-02,3040254795,D145-00-46-2,FLAP ACTUATOR ASSY,BABE,REC,,PAMA-LS,427.0
2026-09-02,3040254793,D145-00-46-2,FLAP ACTUATOR ASSY,PAMALS,REC,,PAMA-LS,427.0
2026-09-02,3040254815,C482001-0402,VACUUM REGULAT,PAMALS,REC,CONDENADO,VEE ONE,427.0
2026-09-02,3040254816,C482001-0402,VACUUM REGULAT,PAMALS,REC,CONDENADO,VEE ONE,427.0
2026-09-02,3040254820,2641011-5,AXLE-MAIN GEAR,BAMN,OS concluída,,,
2026-09-02,3040254817,2641011-5,AXLE-MAIN GEAR,BABE,OS concluída,,,
2026-09-02,3040254818,2641011-5,AXLE-MAIN GEAR,BABE,OS concluída,,,
2026-09-02,3040254819,2641011-5,AXLE-MAIN GEAR,BANT,OS concluída,,,
2026-09-02,3040254796,30994-001,BATTERY-MARATHON TSP410 NICAD,BAMN,OS concluída,,,
2026-09-02,3040254789,452-0133,"BATTERY,NONRECHARGEABLE",BAMN,REC,CONDENADO,VEE ONE,427.0
2026-09-02,3040254788,452-0133,"BATTERY,NONRECHARGEABLE",BAMN,REC,CONDENADO,VEE ONE,427.0
2026-09-02,3040254787,452-0133,"BATTERY PACK,AIRCRAFT",DACTA II,REC,CONDENADO,VEE ONE,427.0
2026-09-02,3040254786,452-0133,"BATTERY PACK,AIRCRAFT",BAMN,REC,CONDENADO,VEE ONE,427.0
2026-09-02,3040254785,452-0133,"BATTERY,NONRECHARGEABLE",BAMN,REC,CONDENADO,VEE ONE,427.0
2026-09-02,3040254784,452-0133,"BATTERY,NONRECHARGEABLE",DACTA II,REC,CONDENADO,VEE ONE,427.0
2026-09-02,3040255326,011-00916-00,DISPLAY UNIT GDU 1040A,BAMN,REC,,BAMN,418.0
2026-09-02,3040255319,702801-5,FUEL PUMP,PAMASP,REC,EM REPARO,VEE ONE,418.0
2026-09-02,3040255321,8210-002,"GOVERNOR,CONSTANT SPEED DRIVE",PAMALS,OS concluída,,,
2026-09-02,3040255461,DAAS-A-010-1,ADAS-D PROCESSOR,PAMALS,REC,EM REPARO,VEE ONE,414.0
2026-09-02,3040255589,071-01519-0101,"RECEIVER-EXCITER,RADAR",BANT,REC,,PROCURANDO,412.0
2026-09-02,3040255590,071-01519-0101,"RECEIVER-EXCITER,RADAR",PAMALS,OS concluída,,,
2026-09-02,3040255706,C661064-0237,AIRSPEED INDICATOR,BAMN,OS concluída,,,
2026-09-02,3040256114,5934PAD-3,"ALTIMETER,PRESSURE",PAMALS,REC,EM REPARO,VEE ONE,398.0
2026-09-02,3040256119,011-00878-10,GSA-81 TORQUE SERVO,BAPV,REC,EM REPARO,LEAP,398.0
2026-09-02,3040256112,011-00883-20,RADAR GWX 68 WEATHER,BABE,REC,,BAMN,398.0
2026-09-02,3040256115,5934PAD-3,"ALTIMETER,PRESSURE",PAMALS,OS concluída,,,
2026-09-02,3040256118,011-00878-10,GSA-81 TORQUE SERVO,BAPV,REC,,BACO,398.0
2026-09-02,3040256120,011-00916-10,"DISPLAY UNIT,FLIGHT INFORMATION",BAMN,OS concluída,,,
2026-09-02,3040256314,066-4010-12,RECEIVER VOR/LOC (KNS81),EEAR,REC,EM REPARO,LEAP,385.0
2026-09-02,3040256311,3121248-03,"VALVE ASSEMBLY,COMPRESSOR BLEED",PAMALS,OS concluída,,,
2026-09-02,3040256704,C661064-0237,AIRSPEED INDICATOR,PAMALS,OS concluída,,,
2026-09-02,3040256707,D210507,"GOVERNOR,OVERSPEED",PAMALS,OS concluída,,,
2026-09-02,3040256708,D210507,"GOVERNOR,OVERSPEED",PAMALS,REC,REPARADO,VEE ONE,376.0
2026-09-02,3040256702,C661064-0237,AIRSPEED INDICATOR,BABR,OS concluída,,,
2026-09-02,3040256703,C661064-0237,AIRSPEED INDICATOR,PAMALS,OS concluída,,,
2026-09-02,3040256662,030-18200,MAIN WHEEL BRAKE,BASM,OS concluída,,,
2026-09-02,3040256665,161-11700,INNER WHEEL HALF ASSY,BABV,OS concluída,,,
2026-09-02,3040256666,161-11700,INNER WHEEL HALF ASSY,PAMALS,OS concluída,,,
2026-09-02,3040256667,161-11700,INNER WHEEL HALF ASSY,PAMALS,OS concluída,,,
2026-09-02,3040256668,161-11700,INNER WHEEL HALF ASSY,PAMALS,OS concluída,,,
2026-09-02,3040256669,161-11700,INNER WHEEL HALF ASSY,PAMALS,OS concluída,,,
2026-09-02,3040256670,161-11700,INNER WHEEL HALF ASSY,PAMALS,OS concluída,,,
2026-09-02,3040256671,161-11700,INNER WHEEL HALF ASSY,PAMALS,REC,,PAMA-LS,376.0
2026-09-02,3040256698,030-18200,MAIN WHEEL BRAKE,PAMASP,REC,,BABE,376.0
2026-09-02,3040256713,030-18200,MAIN WHEEL BRAKE,ALA 3,REC,,BAMN,376.0
2026-09-02,3040256694,162-11800,WHEEL HALF ASSY-OUTER,BANT,OS concluída,,,
2026-09-02,3040256696,162-11800,WHEEL HALF ASSY-OUTER,PAMALS,REC,,PAMA-LS,376.0
2026-09-02,3040256672,161-12800,WHEEL HALF ASSY-INNER,PAMALS,OS concluída,,PAMA-LS,
2026-09-02,3040256675,161-12800,WHEEL HALF ASSY-INNER,BANT,OS concluída,,,
2026-09-02,3040256792,011-00877-00,"GSA-80 SERVO ROL,YAW,SPEC",BAMN,REC,,PROCURANDO,376.0
2026-09-02,3040256787,011-00877-00,"GSA-80 SERVO ROL,YAW,SPEC",PAMALS,REC,EM REPARO,VEE ONE,376.0
2026-09-02,3040256828,011-00883-20,RADAR GWX 68 WEATHER,PAMALS,REC,,PAMA-LS,376.0
2026-09-02,3040256709,3121248-03,"VALVE ASSEMBLY,COMPRESSOR BLEED",PAMASP,REC,,BANT,373.0
2026-09-02,3040256673,161-12800,WHEEL HALF ASSY-INNER,PAMALS,REC,CONDENADO,VEE ONE,373.0
2026-09-02,3040257095,011-01105-01,INTEGRATED AVIONICS UNIT GIA63W,BABE,REC,EM REPARO,VEE ONE,369.0
2026-09-02,3040257096,011-01105-01,INTEGRATED AVIONICS UNIT GIA63W,BABE,REC,,BAMN,369.0
2026-09-02,3040257093,065-00183-0501,AUTOPILOT COMPUTER KFC225,BABE,REC,,BANT,369.0
2026-09-02,3040257094,065-00183-0501,AUTOPILOT COMPUTER KFC225,BABE,REC,,BANT,369.0
2026-09-02,3040257443,161-12800,WHEEL HALF ASSY-INNER,ALA 3,AUT,,NÃO TEVE MOVIMENTAÇÃO,357.0
2026-09-02,3040257442,C163030-1001,MAIN W BRAKE A,BAMN,OS concluída,,BAMN,
2026-09-02,3040257452,3244809-8,"FUEL CONTROL,MAIN,TURBINE ENGINE",BAPV,OS concluída,,,
2026-09-02,3040257454,EA-5172-45-CES,"INDICATOR,AIRSPEED",BACG,OS concluída,,,
2026-09-02,3040257453,EA-5172-45-CES,"INDICATOR,AIRSPEED",ALA 7,REC,DEVOLVIDO NO ESTADO,WILLIAM,350.0
2026-09-02,3040257451,3244809-7,"FUEL CONTROL,MAIN,TURBINE ENGINE",PAMASP,REC,,BANT,350.0
2026-09-02,3040257450,3244809-4,"FUEL CONTROL,MAIN,TURBINE ENGINE",PAMASP,OS concluída,EM REPARO,LEAP,
2026-09-02,3040257438,030-18200,MAIN WHEEL BRAKE,BAMN,REC,REPARADO,VEE ONE,350.0
2026-09-02,3040257444,162-10700,OUTER WHEEL HALF ASSY,PAMALS,OS concluída,,,
2026-09-02,3040257447,162-10700,OUTER WHEEL HALF ASSY,PAMALS,OS concluída,,,
2026-09-02,3040257436,30994-001,BATTERY-MARATHON TSP410 NICAD,PAMALS,OS concluída,,PAMA-LS,
2026-09-02,3040257441,030-18200,MAIN WHEEL BRAKE,BAPV,REC,,BAMN,350.0
2026-09-02,3040257440,030-18200,MAIN WHEEL BRAKE,BANT,REC,CONDENADO,VEE ONE,350.0
2026-09-02,3040257439,030-18200,MAIN WHEEL BRAKE,BAMN,REC,,BAMN,350.0
2026-09-02,3040258306,D210507,"GOVERNOR,OVERSPEED",PAMALS,REC,EM REPARO,LEAP,330.0
2026-09-02,3040258310,D210507,"GOVERNOR,OVERSPEED",BACO,OS concluída,,,
2026-09-02,3040258309,D210507,"GOVERNOR,OVERSPEED",BAMN,REC,EM REPARO,LEAP,330.0
2026-09-02,3040258308,D210507,"GOVERNOR,OVERSPEED",BAMN,OS concluída,,,
2026-09-02,3040258307,D210507,"GOVERNOR,OVERSPEED",ALA 5,OS concluída,,,
2026-09-02,3040258303,011-00877-00,"GSA-80 SERVO ROL,YAW,SPEC",DACTA II,REC,EM REPARO,VEE ONE,330.0
2026-09-02,3040258422,2601188-8,COMPRESSOR DRIVE ASSY R134A,PAMASP,REC,,PROCURANDO,328.0
2026-09-02,3040258419,011-00877-00,"GSA-80 SERVO ROL,YAW,SPEC",DACTA II,REC,EM REPARO,VEE ONE,328.0
2026-09-02,3040258420,011-00877-00,"GSA-80 SERVO ROL,YAW,SPEC",BACO,REC,EM REPARO,VEE ONE,328.0
2026-09-02,3040258421,011-00877-00,"GSA-80 SERVO ROL,YAW,SPEC",BABE,REC,,BACO,328.0
2026-09-02,3040258764,069-01034-0102,"NAVIGATION SET,SATELLITE SIGNALS KLN-94",PAMALS,REC,,BANT,321.0
2026-09-02,3040259152,066-01141-5101,"TRANSPONDER,RADAR",BABE,REC,,BANT,302.0
2026-09-02,3040259151,066-01141-5101,"TRANSPONDER,RADAR",BANT,REC,,BANT,302.0
2026-09-02,3040259251,064-1019-05,VHF TRANSCEIVE KY196,EEAR,REC,,EEAR,300.0
2026-09-02,3040259146,1U149-015-15,HORIZ. GYRO-STADBY,PAMALS,REC,EM REPARO,VEE ONE,299.0
2026-09-02,3040259147,162-10700,OUTER WHEEL HALF ASSY,BANT,REC,EM REPARO,AMA - VEE ONE,299.0
2026-09-02,3040259148,3049038-03,"VALVE,COMPRESSOR BLEED",BANT,OS concluída,,,
2026-09-02,3040259316,2606015-4,INDICATOR-OIL TEMP/OIL PRESS,BACG,REC,,PAMA-LS,296.0
2026-09-02,3040259564,C414007-0102,BLOWER ASSY,PAMALS,OS concluída,,,
2026-09-02,3040259568,C414007-0102,BLOWER ASSY,ALA 10,OS concluída,,,
2026-09-02,3040259570,C414007-0102,BLOWER ASSY,ALA 10,OS concluída,,,
2026-09-02,3040259694,025323-150,FUEL PUMP,PAMASP,REC,,BACO,288.0
2026-09-02,3040259922,C414007-0102,BLOWER ASSY,BANT,REC,,PAMA-LS,281.0
2026-09-02,3040259928,C414007-0102,BLOWER ASSY,PAMALS,REC,EM REPARO,VEE ONE,281.0
2026-09-02,3040259924,C414007-0102,BLOWER ASSY,BACG,REC,EM REPARO,VEE ONE,281.0
2026-09-02,3040259918,C414007-0102,BLOWER ASSY,ALA 10,OS concluída,,VEE ONE,
2026-09-02,3040259950,065-0060-01,"CONTROL,SERVO,AUTOMATIC PILOT",PAMALS,REC,EM REPARO,LEAP,281.0
2026-09-02,3040259949,065-0060-01,"CONTROL,SERVO,AUTOMATIC PILOT",PAMALS,REC,EM REPARO,LEAP,281.0
2026-09-02,3040259947,066-3046-07,"CONTROL,INDICATOR",EEAR,OS concluída,,,
2026-09-02,3040259946,066-3046-07,"CONTROL,INDICATOR",BANT,REC,,BANT,281.0
2026-09-02,3040259944,066-3046-07,"CONTROL,INDICATOR",EEAR,REC,,PAMA-LS,281.0
2026-09-02,3040260209,011-00916-00,DISPLAY UNIT GDU 1040A,PAMALS,REC,,BAMN,267.0
2026-09-02,3040260208,324843-W020,HEADSET-MICROPHONE,PAMALS,REC,VAI SER DEVOLVIDO SEM REPARO,WILLIAM,267.0
2026-09-02,3040260204,324843-W020,HEADSET-MICROPHONE,PAMALS,OS concluída,,,
2026-09-02,3040260205,324843-W020,HEADSET-MICROPHONE,PAMALS,OS concluída,,,
2026-09-02,3040260388,SD5H14C4527,AIR COMPRESSOR,PAMALS,REC,EM REPARO,VEE ONE,260.0
2026-09-02,3040260382,065-00183-0501,AUTOPILOT COMPUTER KFC225,BANT,REC,,BANT,260.0
2026-09-02,3040260389,SD5H14C4527,AIR COMPRESSOR,PAMALS,REC,EM REPARO,VEE ONE,260.0
2026-09-02,3040260517,ASG12000-2,ALTERNATOR,PAMALS,OS concluída,,,
2026-09-02,3040260524,51539-012M,CONTROL UNIT ASSY-GENERATOR,BANT,REC,,BACG,257.0
2026-09-02,3040260516,ASG12000-2,ALTERNATOR,PAMALS,REC,,V1 PAMA-LS,257.0
2026-09-02,3040260523,9910592-2,ALTERNADOR,BAMN,OS concluída,,babr,
2026-09-02,3040260522,9910592-2,ALTERNADOR,BAMN,REC,,dacta II,257.0
2026-09-02,3040260547,161-12800,WHEEL HALF ASSY-INNER,EPCAR,OS concluída,REPARADO,VEE ONE,
2026-09-02,3040260545,161-11700,INNER WHEEL HALF ASSY,BACG,OS concluída,REPARADO,VEE ONE,
2026-09-02,3040260544,161-11700,INNER WHEEL HALF ASSY,BANT,OS concluída,REPARADO,VEE ONE,
2026-09-02,3040260546,161-12800,WHEEL HALF ASSY-INNER,PAMALS,REC,REPARADO,VEE ONE,239.0
2026-09-02,3040260548,161-11700,INNER WHEEL HALF ASSY,CLA,OS concluída,REPARADO,VEE ONE,
2026-09-02,3040260549,162-10700,OUTER WHEEL HALF ASSY,BACG,OS concluída,REPARADO,VEE ONE,
2026-09-02,3040260550,162-10700,OUTER WHEEL HALF ASSY,CLA,OS concluída,REPARADO,VEE ONE,
2026-09-02,3040260551,162-11800,WHEEL HALF ASSY-OUTER,BANT,REC,REPARADO,VEE ONE,239.0
2026-09-02,3040260552,30994-001,BATTERY-MARATHON TSP410 NICAD,BABE,OS concluída,,PAMA-LS,
2026-09-02,3040260543,324843-W020,HEADSET-MICROPHONE,PAMALS,REC,VAI SER DEVOLVIDO SEM REPARO,WILLIAM,239.0
2026-09-02,3040260542,324843-W020,HEADSET-MICROPHONE,PAMALS,REC,,BABE,239.0
2026-09-02,3040260541,324843-W020,HEADSET-MICROPHONE,PAMALS,OS concluída,,,
2026-09-02,3040260540,324843-W020,HEADSET-MICROPHONE,PAMALS,OS concluída,,,
2026-09-02,3040260538,324843-W020,HEADSET-MICROPHONE,PAMALS,REC,,BABE,239.0
2026-09-02,3040260539,324843-W020,HEADSET-MICROPHONE,PAMALS,REC,,BABE,239.0
2026-09-02,3040260595,9910586-4,FLAP ACTUATOR AND MOTOR ASSEMBLY,7 ETA,REC,,BAMN,239.0
2026-09-02,3040260597,9910586-4,FLAP ACTUATOR AND MOTOR ASSEMBLY,BAPV,OS concluída,REPARADO,VEE ONE,
2026-09-02,3040260583,3244897-4,FUEL CONTROL UNIT,PAMALS,OS concluída,,,
2026-09-02,3040260750,3122678-04,FUEL CONTROL UNIT,PAMASP,REC,,BANT,231.0
2026-09-02,3040260752,3244897-4,FUEL CONTROL UNIT,PAMASP,OS concluída,,,
2026-09-02,3040260753,3244809-7,"FUEL CONTROL,MAIN,TURBINE ENGINE",PAMASP,OS concluída,,,
2026-09-02,3040260754,3244809-1,"FUEL CONTROL,MAIN,TURBINE ENGINE",PAMASP,REC,EM QUARENTENA,LEAP,231.0
2026-09-02,3040254794,C145-350,"MOTOR,DIRECT CURRENT",PAMALS,OS concluída,,,
2026-09-02,3040260913,064-1054-30,RECEIVER-TRANSMITTER SUBASSEMBLY,EPCAR,REC,REPARADO,V1 PAMA-LS,219.0
2026-09-02,3040260915,064-1054-30,RECEIVER-TRANSMITTER SUBASSEMBLY,PAMALS,REC,REPARADO,V1 PAMA-LS,219.0
2026-09-02,3040260811,3034792,BOMBA DE COMBUSTÍVEL,BAPV,OS concluída,,BABR,
2026-09-02,3040260812,3034792,BOMBA DE COMBUSTÍVEL,BACG,OS concluída,,,
2026-09-02,3040260922,162-11800,WHEEL HALF ASSY-OUTER,PAMALS,OS concluída,,,
2026-09-02,3040260923,030-18200,MAIN WHEEL BRAKE,BACO,REC,REPARADO,VEE ONE,217.0
2026-09-02,3040261389,3034792,BOMBA DE COMBUSTÍVEL,PAMASP,OS concluída,REPARADO,V1 PAMA-LS,
2026-09-02,3040261388,3034792,BOMBA DE COMBUSTÍVEL,BABR,OS concluída,,,
2026-09-02,3040261387,3034792,BOMBA DE COMBUSTÍVEL,BABR,OS concluída,,,
2026-09-02,3040261371,TFF2905-13,FUEL FLOW TRANSDUCER,ALA 8,REC,EM REPARO,WILLIAM,204.0
2026-09-02,3040261375,C661065-0240RX,"INDICATOR, AIRSPEED",BACG,REC,EM REPARO,WILLIAM,204.0
2026-09-02,3040261373,C661065-0240,AIRSPEED INDICATOR,BABE,REC,REPARADO,V1 PAMA-LS,204.0
2026-09-02,3040261322,011-00831-00,"ENGINE INTERFA,SPEC",BAPV,REC,REPARADO,VEE ONE,204.0
2026-09-02,3040261326,011-00882-10,"COMPUTER,AIR DATA",BAMN,OS concluída,,,
2026-09-02,3040261324,011-00882-10,"COMPUTER,AIR DATA",BAMN,OS concluída,,,
2026-09-02,3040261327,064-1054-30,RECEIVER-TRANSMITTER SUBASSEMBLY,PAMASP,REC,REPARADO,V1 PAMA-LS,204.0
2026-09-02,3040261336,066-01141-0101,"RECEIVER,RADIO",BANT,REC,REPARADO,V1 PAMA-LS,204.0
2026-09-02,3040261334,065-0065-01,SELECTOR ALT,BANT,REC,EM REPARO,WILLIAM,204.0
2026-09-02,3040261331,065-0061-36,ACTUATOR TRIM (KS272A),PAMASP,OS concluída,,BABR,
2026-09-02,3040261329,065-0061-36,ACTUATOR TRIM (KS272A),ALA 10,OS concluída,,,
2026-09-02,3040261335,065-0065-01,SELECTOR ALT,BANT,REC,EM REPARO,WILLIAM,204.0
2026-09-02,3040261342,066-3084-02,COLOR RADAR INDICATOR,BABV,REC,EM REPARO,WILLIAM,204.0
2026-09-02,3040261340,066-1053-00,"RECEIVER,RADIO",BASM,REC,REPARADO,V1 PAMA-LS,204.0
2026-09-02,3040261377,066-3054-01,INDICATOR RADAR ALTIMETER - TYPE KI250,PAMALS,REC,EM REPARO,WILLIAM,204.0
2026-09-02,3040261376,066-1061-03,RT RADAR ALTIM (KRA10A),PAMALS,REC,PARA REPARO,VEE ONE,204.0
2026-09-02,3040261352,1134380-4,EVAPORATOR MODULE ASSY-RH,BAMN,REC,CONDENADO,VEE ONE,204.0
2026-09-02,3040261347,071-1234-00,ANTENNA ACCESSORY,ALA 1,REC,EM REPARO,WILLIAM,204.0
2026-09-02,3040261344,066-4010-12,RECEIVER VOR/LOC (KNS81),ALA 10,REC,EM REPARO,WILLIAM,204.0
2026-09-02,3040261353,1H75-21,PRESSURE REGULATOR,BAMN,OS concluída,,BAMN,
2026-09-02,3040261357,2682001-1,BRAKE CYL MAST,BABE,OS concluída,,,
2026-09-02,3040261356,2670104-2,ANNUNCIATOR PANEL,PAMALS,OS concluída,REPARADO,VEE ONE,
2026-09-02,3040261355,2643100-201,NOSE GEAR STRUT ASSY - TALL FORK,BABR,OS concluída,,,
2026-09-02,3040261354,2643100-201,NOSE GEAR STRUT ASSY - TALL FORK,BANT,REC,EM REPARO,AV AERONAUTICA,204.0
2026-09-02,3040261364,8210-002-01,GOVERNOR PROPELLER,PAMASP,REC,REPARADO,VEE ONE,204.0
2026-09-02,3040261627,S3828-1,ALTIMETER,BAMN,REC,EM REPARO,WILLIAM,190.0
2026-09-02,3040261628,S3828-1,ALTIMETER,BABE,REC,REPARADO,V1 PAMA-LS,190.0
2026-09-02,3040261851,51539-012MRX,CONTROL UNIT ASSY-GENERATOR,BABE,REC,EM REPARO,VEE ONE,182.0
2026-09-02,3040261852,51539-012MRX,CONTROL UNIT ASSY-GENERATOR,BABE,REC,EM REPARO,VEE ONE,182.0
2026-09-02,3040261843,3034792,BOMBA DE COMBUSTÍVEL,PAMALS,REC,EM REPARO,VEE ONE,177.0
2026-09-02,3040262245,200SGL119Q-2,STARTER GENERATOR,BAMN,OS concluída,,,
2026-09-02,3040262246,200SGL119Q-2,STARTER GENERATOR,BAMN,OS concluída,,,
2026-09-02,3040262273,324843-W020,HEADSET-MICROPHONE,BABE,OS concluída,,,
2026-09-02,3040262275,324843-W020,HEADSET-MICROPHONE,BANT,OS concluída,,,
2026-09-02,3040262363,066-1055-00,AUDIO CONTROL PANEL,ALA 5,OS concluída,,,
2026-09-02,3040262367,066-1055-00,AUDIO CONTROL PANEL,ALA 9,REC,EM REPARO,WILLIAM,160.0
2026-09-02,3040262368,066-1055-00,AUDIO CONTROL PANEL,CLA,OS concluída,,,
2026-09-02,3040262372,51539-012M,CONTROL UNIT ASSY-GENERATOR,BANT,REC,,V1 PAMA-LS,160.0
2026-09-02,3040262371,51539-012N,CONTROL UNIT ASSY-GENERATOR,BANT,REC,REPARADO,V1 PAMA-LS,160.0
2026-09-02,3040262419,065-0061-36,ACTUATOR TRIM (KS272A),ALA 9,REC,EM REPARO,WILLIAM,155.0
2026-09-02,3040262734,C352,PORTABLE HALON FIRE EXTINGUISHERS,ALA 5,REC,EM REPARO,AV AERONAUTICA,142.0
2026-09-02,3040262738,C352TS,"EXTINGUISHER,FIRE",BANT,REC,,PROCURANDO,142.0
2026-09-02,3040262739,C352TS,"EXTINGUISHER,FIRE",BANT,REC,,PROCURANDO,142.0
2026-09-02,3040262740,C352TS,"EXTINGUISHER,FIRE",PAMALS,REC,,PROCURANDO,142.0
2026-09-02,3040262766,011-00883-20,RADAR GWX 68 WEATHER,BAMN,OS concluída,EM REPARO,VEE ONE,
2026-09-02,3040262765,011-00883-20,RADAR GWX 68 WEATHER,BAMN,REC,EM REPARO,VEE ONE,142.0
2026-09-02,3040262772,011-01020-10,AFCS MODE CONTROLLER GMC 710,BAMN,REC,EM REPARO,WILLIAM,142.0
2026-09-02,3040262770,011-01020-10,AFCS MODE CONTROLLER GMC 710,BAMN,REC,EM REPARO,WILLIAM,142.0
2026-09-02,3040262773,011-01020-10,AFCS MODE CONTROLLER GMC 710,BAMN,REC,EM REPARO,WILLIAM,142.0
2026-09-02,3040262746,066-1070-01,TRANSCEIVER DME (KN63),BABE,REC,EM REPARO,WILLIAM,142.0
2026-09-02,3040262745,064-1019-05,VHF TRANSCEIVE KY196,EEAR,REC,EM REPARO,VEE ONE,142.0
2026-09-02,3040262747,066-1072-00,RECEIVER ADF (KING KR87),ALA 7,REC,EM REPARO,WILLIAM,142.0
2026-09-02,3040262748,066-3046-07,"CONTROL,INDICATOR",BABR,REC,,BANT,142.0
2026-09-02,3040262769,066-3046-07,"CONTROL,INDICATOR",BABR,REC,,BANT,142.0
2026-09-02,3040262768,066-3046-07,"CONTROL,INDICATOR",EEAR,OS concluída,EM REPARO,LEAP,
2026-09-02,3040262767,066-3046-07,"CONTROL,INDICATOR",EEAR,REC,EM REPARO,LEAP,142.0
2026-09-02,3040262791,066-3060-00,IND RMI KNI582,BANT,OS concluída,EM REPARO,LEAP,
2026-09-02,3040262630,161-11700,INNER WHEEL HALF ASSY,BANT,REC,REPARADO,VEE ONE,142.0
2026-09-02,3040262792,066-3060-00,IND RMI KNI582,BANT,REC,EM REPARO,LEAP,142.0
2026-09-02,3040262634,162-10700,OUTER WHEEL HALF ASSY,BANT,OS concluída,REPARADO,VEE ONE,
2026-09-02,3040262632,161-12800,WHEEL HALF ASSY-INNER,BANT,OS concluída,REPARADO,VEE ONE,
2026-09-02,3040262633,161-12800,WHEEL HALF ASSY-INNER,BANT,OS concluída,REPARADO,VEE ONE,
2026-09-02,3040262635,162-11800,WHEEL HALF ASSY-OUTER,EPCAR,OS concluída,REPARADO,VEE ONE,
2026-09-02,3040262637,162-11800,WHEEL HALF ASSY-OUTER,BANT,REC,REPARADO,VEE ONE,142.0
2026-09-02,3040262636,162-11800,WHEEL HALF ASSY-OUTER,BANT,OS concluída,REPARADO,VEE ONE,
2026-09-02,3040262646,200SGL119Q,STARTER GENERATOR,PAMASP,OS concluída,,,
2026-09-02,3040262639,200SGL119Q,STARTER GENERATOR,PAMASP,OS concluída,,PAMA-LS,
2026-09-02,3040262638,200SGL119Q,STARTER GENERATOR,PAMALS,REC,EM REPARO,AV AERONAUTICA,142.0
2026-09-02,3040262757,2606015-2,IND OIL TEMP/P,PAMALS,REC,EM REPARO,VEE ONE,142.0
2026-09-02,3040262706,2641011-5,AXLE-MAIN GEAR,BAMN,REC,,BANT,142.0
2026-09-02,3040262707,2641011-5,AXLE-MAIN GEAR,BABV,OS concluída,REPARADO,VEE ONE,
2026-09-02,3040262717,2641011-5,AXLE-MAIN GEAR,BANT,OS concluída,REPARADO,VEE ONE,
2026-09-02,3040262714,2641011-5,AXLE-MAIN GEAR,BAPV,REC,,BANT,142.0
2026-09-02,3040262713,2641011-5,AXLE-MAIN GEAR,BAPV,OS concluída,REPARADO,VEE ONE,
2026-09-02,3040262712,2641011-5,AXLE-MAIN GEAR,BABR,REC,,BANT,142.0
2026-09-02,3040262711,2641011-5,AXLE-MAIN GEAR,BABR,REC,,BANT,142.0
2026-09-02,3040262709,2641011-5,AXLE-MAIN GEAR,PAMALS,REC,,BANT,142.0
2026-09-02,3040262708,2641011-5,AXLE-MAIN GEAR,PAMALS,REC,,BANT,142.0
2026-09-02,3040262744,3244809-1A,F.C.U,PAMALS,REC,EM REPARO,LEAP,142.0
2026-09-02,3040262758,9910338-4,FUEL TOTALIZER INDICATOR,PAMALS,REC,EM REPARO,VEE ONE,142.0
2026-09-02,3040262759,9910338-6,"TRANSMITTER,RATE OF FLOW",BAMN,REC,EM REPARO,WILLIAM,142.0
2026-09-02,3040262760,9910338-6,"TRANSMITTER,RATE OF FLOW",BANT,REC,EM REPARO,VEE ONE,142.0
2026-09-02,3040262966,2682001-1,BRAKE CYL MAST,BACO,OS concluída,,PAMA-LS,
2026-09-02,3040262967,2682001-1,BRAKE CYL MAST,PAMALS,REC,REPARADO,V1 PAMA-LS,140.0
2026-09-02,3040262968,2682001-1,BRAKE CYL MAST,BANT,OS concluída,,PAMA-LS,
2026-09-02,3040262969,2682001-1,BRAKE CYL MAST,BABE,REC,REPARADO,V1 PAMA-LS,140.0
2026-09-02,3040263069,453-5060,ELT C406-N,BABE,OS concluída,,,
2026-09-02,3040263283,D145-00-46-2,FLAP ACTUATOR ASSY,PAMALS,REC,EM REPARO,LEAP,125.0
2026-09-02,3040263284,D145-00-46-2,FLAP ACTUATOR ASSY,BAFL,REC,EM REPARO,LEAP,125.0
2026-09-02,3040263324,069-01033-0101,"RECEIVER-TRANSMITTER,RADIO",PAMALS,REC,EM REPARO,LEAP,125.0
2026-09-02,3040263287,C661065-0237,AIRSPEED INDICATOR,BABR,OS concluída,REPARADO,VEE ONE,
2026-09-02,3040263288,C661065-0237,AIRSPEED INDICATOR,PAMASP,OS concluída,REPARADO,VEE ONE,
2026-09-02,3040263314,060-0017-00,FLIGHT DIR HOR,EEAR,REC,EM REPARO,LEAP,125.0
2026-09-02,3040263319,066-1055-00,AUDIO CONTROL PANEL,BABE,OS concluída,REPARADO,VEE ONE,
2026-09-02,3040263317,060-0017-00,FLIGHT DIR HOR,PAMASP,REC,,BANT,125.0
2026-09-02,3040263316,060-0017-00,FLIGHT DIR HOR,BANT,REC,,BANT,125.0
2026-09-02,3040263320,066-1055-00,AUDIO CONTROL PANEL,PAMALS,REC,EM REPARO,AV AERONAUTICA,125.0
2026-09-02,3040263325,069-01033-0101,"RECEIVER-TRANSMITTER,RADIO",PAMALS,REC,,PROCURANDO,125.0
2026-09-02,3040263335,C611008-0101,ALTERNATOR CONTROL UNIT,PAMALS,REC,EM REPARO,AV AERONAUTICA,125.0
2026-09-02,3040263336,C611008-0101,ALTERNATOR CONTROL UNIT,PAMALS,REC,EM REPARO,AV AERONAUTICA,125.0
2026-09-02,3040263286,C661065-0237,AIRSPEED INDICATOR,BANT,REC,DEVOLVIDO NO ESTADO,WILLIAM,125.0
2026-09-02,3040263322,066-1055-00,AUDIO CONTROL PANEL,ALA 9,REC,EM REPARO,WILLIAM,125.0
2026-09-02,3040263326,069-01033-0101,"RECEIVER-TRANSMITTER,RADIO",PAMALS,REC,,BANT,125.0
2026-09-02,3040263315,060-0017-00,FLIGHT DIR HOR,BACG,OS concluída,,BABR,
2026-09-02,3040263334,011-00916-10,"DISPLAY UNIT,FLIGHT INFORMATION",BACO,REC,VAI SER DEVOLVIDO SEM REPARO,WILLIAM,125.0
2026-09-02,3040263333,011-00916-10,"DISPLAY UNIT,FLIGHT INFORMATION",BACO,OS concluída,EM REPARO,WILLIAM,
2026-09-02,3040263332,011-00916-10,"DISPLAY UNIT,FLIGHT INFORMATION",BAMN,OS concluída,EM REPARO,WILLIAM,
2026-09-02,3040263331,C661064-0237,AIRSPEED INDICATOR,PAMALS,REC,VAI SER DEVOLVIDO SEM REPARO,WILLIAM,125.0
2026-09-02,3040263329,C661064-0237,AIRSPEED INDICATOR,PAMALS,REC,EM REPARO,WILLIAM,125.0
2026-09-02,3040263328,C661064-0237,AIRSPEED INDICATOR,BABR,REC,EM REPARO,WILLIAM,125.0
2026-09-02,3040263327,C661064-0237,AIRSPEED INDICATOR,BABR,REC,EM REPARO,WILLIAM,125.0
2026-09-02,3040263330,C661064-0237,AIRSPEED INDICATOR,PAMALS,REC,EM REPARO,WILLIAM,125.0
2026-09-02,3040263338,C611008-0101,ALTERNATOR CONTROL UNIT,PAMALS,REC,REPARADO,V1 PAMA-LS,125.0
2026-09-02,3040263433,066-03064-0005,"ALTIMETER,SERVO CONTROLLED,AUTOMATIC PRESSURE",BACG,REC,EM REPARO,WILLIAM,119.0
2026-09-02,3040263435,066-03064-0005,"ALTIMETER,SERVO CONTROLLED,AUTOMATIC PRESSURE",BANT,REC,EM REPARO,WILLIAM,119.0
2026-09-02,3040263434,066-03064-0005,"ALTIMETER,SERVO CONTROLLED,AUTOMATIC PRESSURE",PAMASP,REC,VAI SER DEVOLVIDO SEM REPARO,WILLIAM,119.0
2026-09-02,3040263417,069-01033-0101,"RECEIVER-TRANSMITTER,RADIO",PAMALS,REC,EM REPARO,WILLIAM,119.0
2026-09-02,3040263416,069-01033-0101,"RECEIVER-TRANSMITTER,RADIO",BASM,REC,EM REPARO,WILLIAM,119.0
2026-09-02,3040263415,069-01033-0101,"RECEIVER-TRANSMITTER,RADIO",BABR,REC,,BANT,119.0
2026-09-02,3040263447,066-3046-07,"CONTROL,INDICATOR",CLA,OS concluída,,BABR,
2026-09-02,3040263443,3244897-4,FUEL CONTROL UNIT,PAMALS,REC,EM REPARO,LEAP,118.0
2026-09-02,3040263444,3244897-4,FUEL CONTROL UNIT,PAMALS,REC,EM REPARO,LEAP,118.0
2026-09-02,3040263577,060-0015-00,"CONTROL,DIRECTIONAL,AUTOMATIC PILOT",ALA 5,REC,EM REPARO,WILLIAM,113.0
2026-09-02,3040263574,066-1072-04,"RECEIVER,RADIO",BABE,REC,EM REPARO,WILLIAM,113.0
2026-09-02,3040263576,066-1072-04,"RECEIVER,RADIO",BAMN,OS concluída,DEVOLVIDO NO ESTADO,WILLIAM,
2026-09-02,3040263575,066-1072-04,"RECEIVER,RADIO",BABE,REC,EM REPARO,WILLIAM,113.0
2026-09-02,3040263573,066-3084-32,IND RDR 2000 IN-182A,PAMALS,REC,,BABR,113.0
2026-09-02,3040263571,066-3084-32,IND RDR 2000 IN-182A,PAMALS,REC,EM REPARO,WILLIAM,113.0
2026-09-02,3040263572,066-3084-32,IND RDR 2000 IN-182A,PAMALS,REC,EM REPARO,WILLIAM,113.0
2026-09-02,3040263448,2618510-10,ALTERNATOR CONTROL UNIT ASSY,BABE,REC,EM REPARO,WILLIAM,113.0
2026-09-02,3040263449,2618510-10,ALTERNATOR CONTROL UNIT ASSY,PAMALS,REC,EM REPARO,WILLIAM,113.0
2026-09-02,3040263877,2641011-5,AXLE-MAIN GEAR,CLA,REC,EM REPARO,LEAP,103.0
2026-09-02,3040263878,2641011-5,AXLE-MAIN GEAR,CLA,REC,EM REPARO,LEAP,103.0
2026-09-02,3040264243,069-01033-0101,"RECEIVER-TRANSMITTER,RADIO",PAMALS,REC,EM REPARO,WILLIAM,96.0
2026-09-02,3040264244,069-01033-0101,"RECEIVER-TRANSMITTER,RADIO",PAMASP,REC,EM REPARO,WILLIAM,96.0
2026-09-02,3040264246,060-0017-00,FLIGHT DIR HOR,PAMALS,REC,EM REPARO,WILLIAM,96.0
2026-09-02,3040264237,200SGL119Q-2,STARTER GENERATOR,BAMN,REC,EM REPARO,AV AERONAUTICA,96.0
2026-09-02,3040264236,200SGL119Q-2,STARTER GENERATOR,BABE,OS concluída,,BABE,
2026-09-02,3040264121,3244897-4,FUEL CONTROL UNIT,BABE,OS concluída,EM REPARO,LEAP,
2026-09-02,3040264263,9910338-8,"INDICATOR,FUEL FLOW",PAMALS,OS concluída,,BABR,
2026-09-02,3040264262,9910338-8,"INDICATOR,FUEL FLOW",BABV,REC,EM REPARO,WILLIAM,96.0
2026-09-02,3040264242,324843-2020,HEADSET-MICROPHONE,BABE,OS concluída,EM REPARO,WILLIAM,
2026-09-02,3040264264,324843-2020,HEADSET-MICROPHONE,DACTA II,OS concluída,EM REPARO,WILLIAM,
2026-09-02,3040264238,324843-2020,HEADSET-MICROPHONE,DACTA II,OS concluída,EM REPARO,WILLIAM,
2026-09-02,3040264241,324843-2020,HEADSET-MICROPHONE,DACTA II,OS concluída,EM REPARO,WILLIAM,
2026-09-02,3040264240,324843-2020,HEADSET-MICROPHONE,DACTA II,OS concluída,EM REPARO,WILLIAM,
2026-09-02,3040264122,3244809-8,"FUEL CONTROL,MAIN,TURBINE ENGINE",BABE,OS concluída,,BABR,
2026-09-02,3040263797,066-3046-07,"CONTROL,INDICATOR",BABE,REC,EM REPARO,WILLIAM,96.0
2026-09-02,3040263798,066-3046-07,"CONTROL,INDICATOR",PAMASP,OS concluída,EM REPARO,WILLIAM,
2026-09-02,3040263799,066-3046-07,"CONTROL,INDICATOR",PAMASP,REC,EM REPARO,WILLIAM,96.0
2026-09-02,3040263795,071-01519-0101,"RECEIVER-EXCITER,RADAR",PAMALS,REC,,PROCURANDO,96.0
2026-09-02,3040263796,071-01519-0101,"RECEIVER-EXCITER,RADAR",PAMALS,REC,,PROCURANDO,96.0
2026-09-02,3040264579,060-0017-00,FLIGHT DIR HOR,BABR,OS concluída,,,
2026-09-02,3040264577,060-0017-00,FLIGHT DIR HOR,PAMALS,REC,,,84.0
2026-09-02,3040264573,060-0017-00,FLIGHT DIR HOR,BANT,REC,,,84.0
2026-09-02,3040264574,060-0017-00,FLIGHT DIR HOR,BANT,REC,,,84.0
2026-09-02,3040264576,060-0017-00,FLIGHT DIR HOR,PAMALS,REC,,,84.0
2026-09-02,3040264572,060-0017-00,FLIGHT DIR HOR,PAMASP,REC,,,84.0
2026-09-02,3040264647,1H75-21,PRESSURE REGULATOR,BAMN,REC,,,79.0
2026-09-02,3040264646,1H75-21,PRESSURE REGULATOR,PAMASP,REC,,,79.0
2026-09-02,3040264645,1H75-21,PRESSURE REGULATOR,PAMASP,REC,,,79.0
2026-09-02,3040264643,1H75-21,PRESSURE REGULATOR,PAMASP,OS concluída,,,
2026-09-02,3040264707,3244809-7,"FUEL CONTROL,MAIN,TURBINE ENGINE",BABE,OS concluída,,,
2026-09-02,3040264709,540-1407-4,"VALVE,BLEED,TURBINEENGINE",PAMASP,REC,,,79.0
2026-09-02,3040264710,200SGL153Q,"STARTER-GENERATOR,ENGINE,AIRCRAFT",CLA,OS concluída,,,
2026-09-02,3040264711,200SGL153Q,"STARTER-GENERATOR,ENGINE,AIRCRAFT",PAMASP,OS concluída,,,
2026-09-02,3040264712,200SGL153Q,"STARTER-GENERATOR,ENGINE,AIRCRAFT",BACG,REC,,,79.0
2026-09-02,3040264718,9910338-8,"INDICATOR,FUEL FLOW",PAMALS,REC,,,79.0
2026-09-02,3040264719,S3326-2,"INDICATOR,HORIZONTAL SITUATION",ALA 8,REC,,,79.0
2026-09-02,3040264720,S3326-2,"INDICATOR,HORIZONTAL SITUATION",PAMALS,REC,,,79.0
2026-09-02,3040264721,S3326-2,"INDICATOR,HORIZONTAL SITUATION",PAMASP,REC,,,79.0
2026-09-02,3040264724,2606013-1AM,INDICADOR PERCENTUAL RPM,BABV,REC,,,79.0
2026-09-02,3040264725,2606013-1AM,INDICADOR PERCENTUAL RPM,BABR,REC,,,79.0
2026-09-02,3040264726,2606015-4,INDICATOR-OIL TEMP/OIL PRESS,BANT,REC,,,79.0
2026-09-02,3040264727,C661051-0201,GYRO HORIZON,ALA 10,REC,,,79.0
2026-09-02,3040264728,504-0111-906,GYRO HORIZON,PAMALS,OS concluída,,,
2026-09-02,3040264729,504-0111-906,GYRO HORIZON,BACG,OS concluída,,,
2026-09-02,3040264730,8210-003,"GOVERNOR,FUEL CONTROL",PAMASP,REC,,,79.0
2026-09-02,3040264731,8210-002,"GOVERNOR,CONSTANT SPEED DRIVE",PAMASP,REC,,,79.0
2026-09-02,3040264732,8210-002,"GOVERNOR,CONSTANT SPEED DRIVE",BAMN,REC,,,79.0
2026-09-02,3040264733,030-18200,MAIN WHEEL BRAKE,BAMN,REC,,,79.0
2026-09-02,3040264734,030-18200,MAIN WHEEL BRAKE,BAMN,REC,,,79.0
2026-09-02,3040264735,161-11700,INNER WHEEL HALF ASSY,PAMALS,REC,,,79.0
2026-09-02,3040264736,161-12800,WHEEL HALF ASSY-INNER,BABR,REC,,,79.0
2026-09-02,3040264737,161-12800,WHEEL HALF ASSY-INNER,PAMALS,AUT,,,79.0
2026-09-02,3040264738,162-10700,OUTER WHEEL HALF ASSY,BACO,AUT,,,79.0
2026-09-02,3040264807,011-01105-01,INTEGRATED AVIONICS UNIT GIA63W,ALA 8,REC,,,71.0
2026-09-02,3040264808,011-01105-01,INTEGRATED AVIONICS UNIT GIA63W,BAMN,REC,,,71.0
2026-09-02,3040264907,011-00916-10,"DISPLAY UNIT,FLIGHT INFORMATION",BAMN,REC,,,64.0
2026-09-02,3040264908,011-00916-10,"DISPLAY UNIT,FLIGHT INFORMATION",BABV,OS concluída,,,
2026-09-02,3040264974,3244809-8,"FUEL CONTROL,MAIN,TURBINE ENGINE",BAMN,REC,,,62.0
2026-09-02,3040264961,3244897-4,FUEL CONTROL UNIT,CLA,OS concluída,,,
2026-09-02,3040264960,3034792,BOMBA DE COMBUSTÍVEL,CLA,OS concluída,,,
2026-09-02,3040265144,011-01020-10,AFCS MODE CONTROLLER GMC 710,BABE,REC,,,56.0
2026-09-02,3040265140,011-01020-10,AFCS MODE CONTROLLER GMC 710,BABE,REC,,,56.0
2026-09-02,3040265482,066-3084-32,IND RDR 2000 IN-182A,BABR,REC,,,41.0
2026-09-02,3040265484,066-3084-32,IND RDR 2000 IN-182A,BANT,REC,,,41.0
2026-09-02,3040265485,066-3084-32,IND RDR 2000 IN-182A,BABR,REC,,,41.0
2026-09-02,3040265526,ASG12000-2,ALTERNATOR,PAMALS,REC,,,37.0
2026-09-02,3040265525,ASG12000-2,ALTERNATOR,BABR,REC,,,37.0
2026-09-02,3040265527,9910592-2,ALTERNADOR,BABR,REC,,,37.0
2026-09-02,3040265533,3122678-04,FUEL CONTROL UNIT,BABR,REC,,,37.0
2026-09-02,3040265532,C611505-0201,ALTERNATOR,BANT,REC,,,37.0
2026-09-02,3040265530,C611505-0201,ALTERNATOR,BABV,REC,,,37.0
2026-09-02,3040265528,9910592-2,ALTERNADOR,BABR,REC,,,37.0
2026-09-02,3040265724,3244897-4,FUEL CONTROL UNIT,CLA,REC,,,36.0
2026-09-02,3040265474,C611008-0101,ALTERNATOR CONTROL UNIT,PAMALS,REC,,,34.0
2026-09-02,3040265475,C611008-0101,ALTERNATOR CONTROL UNIT,BABV,REC,,,34.0
2026-09-02,3040265476,C611008-0101,ALTERNATOR CONTROL UNIT,PAMALS,REC,,,34.0
2026-09-02,3040265477,C611008-0101,ALTERNATOR CONTROL UNIT,PAMALS,REC,,,34.0
2026-09-02,3040265576,011-00916-10,"DISPLAY UNIT,FLIGHT INFORMATION",BAMN,REC,,,33.0
2026-09-02,3040265580,011-00916-00,DISPLAY UNIT GDU 1040A,PAMALS,REC,,,37.0
2026-09-02,3040265581,011-00916-00,DISPLAY UNIT GDU 1040A,PAMALS,REC,,,37.0
2026-09-02,3040265589,EA-5175-52-CES,INDICATOR TRUE,BABV,REC,,,37.0
2026-09-02,3040265590,EA-5175-52-CES,INDICATOR TRUE,BASM,REC,,,37.0
2026-09-02,3040265591,EA-5175-52-CES,INDICATOR TRUE,BABV,REC,,,37.0
2026-09-02,3040265592,EA-5175-52-CES,INDICATOR TRUE,BABV,REC,,,37.0
2026-09-02,3040265668,9910592-2,ALTERNADOR,PAMALS,OS concluída,,,
2026-09-02,3040265678,9910592-2,ALTERNADOR,BAMN,REC,,,37.0
2026-09-02,3040265679,C611505-0201,ALTERNATOR,PAMALS,REC,,,37.0
2026-09-02,3040265680,C611505-0201,ALTERNATOR,ALA 8,REC,,,37.0
2026-09-02,3040265726,071-01519-0101,"RECEIVER-EXCITER,RADAR",PAMALS,REC,,,36.0
2026-09-02,3040265727,071-01519-0101,"RECEIVER-EXCITER,RADAR",CLA,REC,,,36.0
2026-09-02,3040265728,C163030-1001,MAIN W BRAKE A,BAMN,REC,,,36.0
2026-09-02,3040265731,066-3046-07,"CONTROL,INDICATOR",BABR,REC,,,36.0
2026-09-02,3040265732,066-3046-07,"CONTROL,INDICATOR",BANT,REC,,,36.0
2026-09-02,3040265734,066-3046-07,"CONTROL,INDICATOR",EEAR,REC,,,36.0
2026-09-02,3040265735,066-3046-07,"CONTROL,INDICATOR",CLA,REC,,,36.0
2026-09-02,3040265736,C611008-0101,ALTERNATOR CONTROL UNIT,BABV,REC,,,36.0
2026-09-02,3040265737,C611008-0101,ALTERNATOR CONTROL UNIT,EEAR,REC,,,36.0
2026-09-02,3040265738,C611008-0101,ALTERNATOR CONTROL UNIT,PAMALS,REC,,,36.0
2026-09-02,3040265739,C611008-0101,ALTERNATOR CONTROL UNIT,BANT,REC,,,36.0
2026-09-02,3040265740,C611008-0101,ALTERNATOR CONTROL UNIT,BABE,REC,,,36.0
2026-09-02,3040265741,C611008-0101,ALTERNATOR CONTROL UNIT,BABR,REC,,,36.0
2026-09-02,3040265742,066-1072-04,"RECEIVER,RADIO",BACG,REC,,,36.0
2026-09-02,3040265743,066-1072-04,"RECEIVER,RADIO",BAMN,REC,,,36.0
2026-09-02,3040265744,066-1072-04,"RECEIVER,RADIO",PAMALS,REC,,,36.0
2026-09-02,3040265745,066-3084-32,IND RDR 2000 IN-182A,PAMALS,REC,,,36.0
2026-09-02,3040265746,066-3084-32,IND RDR 2000 IN-182A,PAMALS,REC,,,36.0
2026-09-02,3040265747,30994-001,BATTERY-MARATHON TSP410 NICAD,PAMALS,AUT,,,36.0
2026-09-02,3040265748,30994-001,BATTERY-MARATHON TSP410 NICAD,PAMALS,AUT,,,36.0
2026-09-02,3040265749,30994-001,BATTERY-MARATHON TSP410 NICAD,PAMALS,AUT,,,36.0
2026-09-02,3040265750,30994-001,BATTERY-MARATHON TSP410 NICAD,PAMALS,AUT,,,36.0
2026-09-02,3040265751,30994-001,BATTERY-MARATHON TSP410 NICAD,PAMALS,AUT,,,36.0
2026-09-02,3040265752,2641011-5,AXLE-MAIN GEAR,BAMN,REC,,,36.0
2026-09-02,3040265753,2641011-5,AXLE-MAIN GEAR,BAMN,REC,,,36.0
2026-09-02,3040265754,161-11700,INNER WHEEL HALF ASSY,BACO,AUT,,,36.0
2026-09-02,3040265755,161-12800,WHEEL HALF ASSY-INNER,BABE,REC,,,36.0
2026-09-02,3040265757,066-01141-0101,"RECEIVER,RADIO",PAMALS,REC,,,36.0
2026-09-02,3040265758,066-01141-0101,"RECEIVER,RADIO",PAMALS,REC,,,36.0
2026-09-02,3040265759,C660501-0103,"COMPASS,SPEC",DACTA II,REC,,,36.0
2026-09-02,3040265769,023694-000,BATTERY NICKEL CADMIUM,BAPV,REC,,,35.0
2026-09-02,3040265771,2651023-23,ENGINE MOUNT ASSEMBLY,PAMALS,REC,,,35.0
2026-09-02,3040265772,2651023-23,ENGINE MOUNT ASSEMBLY,PAMALS,REC,,,35.0
2026-09-02,3040265892,324843-0020,HEADSET-MICROPHONE,PAMALS,REC,,,30.0
2026-09-02,3040265893,324843-0020,HEADSET-MICROPHONE,PAMALS,OS concluída,,,
2026-09-02,3040265894,324843-0020,HEADSET-MICROPHONE,PAMALS,REC,,,30.0
2026-09-02,3040265895,324843-0020,HEADSET-MICROPHONE,PAMALS,REC,,,30.0
2026-09-02,3040265946,011-00870-00,MAGNETOMETER GMU 44,BAMN,REC,,,27.0
2026-09-02,3040265947,011-00870-00,MAGNETOMETER GMU 44,BAMN,REC,,,27.0
2026-09-02,3040266034,C662041-0102,INDICATOR FUEL,BABE,REC,,,23.0
2026-09-02,3040266040,C662041-0102,INDICATOR FUEL,PAMALS,REC,,,23.0
2026-09-02,3040266036,C662041-0102,INDICATOR FUEL,PAMALS,REC,,,23.0
2026-09-02,3040266035,C662041-0102,INDICATOR FUEL,PAMALS,REC,,,15.0
2026-09-02,3040266039,C662041-0102,INDICATOR FUEL,BANT,REC,,,15.0
2026-09-02,3040266041,C662041-0102,INDICATOR FUEL,PAMALS,REC,,,15.0
2026-09-02,3040266307,069-01033-0101,"RECEIVER-TRANSMITTER,RADIO",PAMALS,REC,,,13.0
2026-09-02,3040266308,069-01033-0101,"RECEIVER-TRANSMITTER,RADIO",BANT,REC,,,13.0
2026-09-02,3040266306,069-01033-0101,"RECEIVER-TRANSMITTER,RADIO",BACG,REC,,,13.0
2026-09-02,3040266307,069-01033-0101,"RECEIVER-TRANSMITTER,RADIO",PAMALS,REC,,,13.0
2026-09-02,3040266308,069-01033-0101,"RECEIVER-TRANSMITTER,RADIO",BANT,REC,,,13.0
2026-09-02,3040266568,C662504-0101,GAGE VOLT AMME,PAMALS,REC,,,2.0
2026-09-02,3040266567,C662504-0101,GAGE VOLT AMME,ALA 9,REC,,,2.0
2026-09-02,3040266566,C662504-0101,GAGE VOLT AMME,PAMALS,REC,,,2.0
2026-09-02,3040266569,C662504-0101,GAGE VOLT AMME,BABV,REC,,,2.0
2026-09-03,3040249831,066-01141-5101,"RECEIVER-TRANSMITTER,RADIO (KT71)",PAMALS,REC,EM REPARO,LEAP,570.0
2026-09-03,3040250248,452-0133,"BATTERY,NONRECHARGEABLE",BABR,REC,CONDENADO,VEE ONE,554.0
2026-09-03,3040250249,452-0133,"BATTERY,NONRECHARGEABLE",BAMN,REC,CONDENADO,VEE ONE,554.0
2026-09-03,3040250234,3034792,BOMBA DE COMBUSTÍVEL,PAMALS,REC,,BANT,554.0
2026-09-03,3040250816,453-5060,"BEACON,DISTRESS",BAMN,REC,,PAMA-LS,532.0
2026-09-03,3040250830,799-1,TRANSDUCER,BACO,REC,,BANT,532.0
2026-09-03,3040250829,51539-012N,CONTROL UNIT ASSY-GENERATOR,BAMN,OS concluída,,,
2026-09-03,3040250828,51539-012N,CONTROL UNIT ASSY-GENERATOR,BACG,REC,,BABR,532.0
2026-09-03,3040250827,51539-012N,CONTROL UNIT ASSY-GENERATOR,BANT,REC,,BABR,532.0
2026-09-03,3040250831,799-1,TRANSDUCER,BANT,REC,,BANT,532.0
2026-09-03,3040250833,9910586-4,FLAP ACTUATOR AND MOTOR ASSEMBLY,ALA 3,REC,,BAMN,532.0
2026-09-03,3040250834,9910586-4,FLAP ACTUATOR AND MOTOR ASSEMBLY,ALA 3,OS concluída,,,
2026-09-03,3040250832,9910338-4,FUEL TOTALIZER INDICATOR,EEAR,REC,,PAMA-LS,532.0
2026-09-03,3040250835,ASG12000-2,ALTERNATOR,ALA 5,REC,REPARADO,V1 PAMA-LS,532.0
2026-09-03,3040250841,C661030-0301,TURN BANK,PAMALS,REC,EM REPARO,LEAP,532.0
2026-09-03,3040250842,C662041-0102,INDICATOR FUEL,ALA 5,REC,,PAMA-LS,532.0
2026-09-03,3040250844,C662041-0102,INDICATOR FUEL,ALA 9,REC,,PAMA-LS,532.0
2026-09-03,3040250843,C662041-0102,INDICATOR FUEL,ALA 10,OS concluída,,,
2026-09-03,3040250719,060-0017-00,FLIGHT DIR HOR,PAMALS,REC,,BANT,532.0
2026-09-03,3040250720,060-0017-00,FLIGHT DIR HOR,BABV,OS concluída,,,
2026-09-03,3040250722,066-01141-5101,"RECEIVER-TRANSMITTER,RADIO (KT71)",ALA 9,REC,EM REPARO,WILLIAM,532.0
2026-09-03,3040250723,066-01141-5101,"RECEIVER-TRANSMITTER,RADIO (KT71)",CLA,REC,,BABR,532.0
2026-09-03,3040250721,060-0017-00,FLIGHT DIR HOR,BANT,OS concluída,,,
2026-09-03,3040250725,066-3046-07,"CONTROL,INDICATOR",ALA 10,OS concluída,,,
2026-09-03,3040250724,066-04035-1101,"DISPLAY UNIT,RADAR",PAMALS,REC,,BANT,532.0
2026-09-03,3040250732,069-1025-25,"RECEIVER-TRANSMITTER,RADIO - KX165",PAMALS,REC,EM REPARO,WILLIAM,532.0
2026-09-03,3040250782,2606012-1,INDICATOR-INTER-TURBINE TEMPERATURE,ALA 9,OS concluída,,,
2026-09-03,3040250775,161-11700,INNER WHEEL HALF ASSY,BABE,OS concluída,,,
2026-09-03,3040250773,161-11700,INNER WHEEL HALF ASSY,EEAR,REC,,BACG,532.0
2026-09-03,3040250718,030-18200,MAIN WHEEL BRAKE,BACO,OS concluída,,,
2026-09-03,3040250716,030-18200,MAIN WHEEL BRAKE,BABV,REC,EM REPARO,LEAP,532.0
2026-09-03,3040250717,030-18200,MAIN WHEEL BRAKE,BACO,OS concluída,,,
2026-09-03,3040250780,162-11800,WHEEL HALF ASSY-OUTER,PAMALS,OS concluída,,,
2026-09-03,3040250781,162-11800,WHEEL HALF ASSY-OUTER,BACG,OS concluída,,,
2026-09-03,3040250778,161-12800,WHEEL HALF ASSY-INNER,BACG,OS concluída,,,
2026-09-03,3040250776,161-12800,WHEEL HALF ASSY-INNER,BABE,OS concluída,,,
2026-09-03,3040250790,2643031-7,"FORK ASSY,NOSE GEAR SPRING",BAMN,OS concluída,,,
2026-09-03,3040250791,2643090-1,SHIMMY DAMPENE,BANT,REC,EM REPARO,AV AERONAUTICA,532.0
2026-09-03,3040250792,2643090-1,SHIMMY DAMPENE,BAMN,REC,REPARADO,V1 PAMA-LS,532.0
2026-09-03,3040250789,2641012-14,TRUNNION ASSY-RH-MAIN GEAR,PAMASP,OS concluída,,,
2026-09-03,3040250793,2643099-4,"SUPPORT ASSY FOWARD, NLG SPRING",BAMN,OS concluída,,,
2026-09-03,3040250798,30994-001,BATTERY-MARATHON TSP410 NICAD,BANT,OS concluída,CONDENADO,AMA - VEE ONE,
2026-09-03,3040252191,C611008-0101,ALTERNATOR CONTROL UNIT,PAMALS,REC,,BABR,499.0
2026-09-03,3040252159,011-00916-00,DISPLAY UNIT GDU 1040A,BAMN,REC,,BAMN,499.0
2026-09-03,3040252161,065-0042-03,COMPUTER PA,ALA 10,REC,EM REPARO,WILLIAM,499.0
2026-09-03,3040252162,065-0042-03,COMPUTER PA,EEAR,REC,,BABE,499.0
2026-09-03,3040252164,065-0042-03,COMPUTER PA,EEAR,REC,EM REPARO,WILLIAM,499.0
2026-09-03,3040252165,065-0042-03,COMPUTER PA,PAMALS,OS concluída,,,
2026-09-03,3040252166,065-0059-01,SERVO PITCH,EEAR,REC,EM REPARO,WILLIAM,499.0
2026-09-03,3040252168,066-03064-0005,"ALTIMETER,SERVO CONTROLLED,AUTOMATIC PRESSURE",ALA 9,OS concluída,,,
2026-09-03,3040252173,066-03064-0005,"ALTIMETER,SERVO CONTROLLED,AUTOMATIC PRESSURE",BANT,REC,EM REPARO,LEAP,499.0
2026-09-03,3040252172,066-03064-0005,"ALTIMETER,SERVO CONTROLLED,AUTOMATIC PRESSURE",PAMALS,REC,NO ESTADO,VEE ONE,499.0
2026-09-03,3040252170,066-03064-0005,"ALTIMETER,SERVO CONTROLLED,AUTOMATIC PRESSURE",ALA 7,REC,NO ESTADO,VEE ONE,499.0
2026-09-03,3040252178,066-1072-00,RECEIVER ADF (KING KR87),PAMALS,OS concluída,,,
2026-09-03,3040252182,066-1072-04,"RECEIVER,RADIO",ALA 9,OS concluída,,,
2026-09-03,3040252181,066-1072-04,"RECEIVER,RADIO",PAMASP,REC,EM REPARO,WILLIAM,499.0
2026-09-03,3040252180,066-1072-04,"RECEIVER,RADIO",ALA 8,OS concluída,,,
2026-09-03,3040252185,066-1072-04,"RECEIVER,RADIO",BAMN,OS concluída,,,
2026-09-03,3040252189,9910338-6,"TRANSMITTER,RATE OF FLOW",ALA 8,OS concluída,,,
2026-09-03,3040252190,9910338-6,"TRANSMITTER,RATE OF FLOW",BABR,OS concluída,,,
2026-09-03,3040252160,011-01020-10,AFCS MODE CONTROLLER GMC 710,BAMN,OS concluída,,,
2026-09-03,3040252939,C163030-1001,MAIN W BRAKE A,BABV,REC,,BAMN,469.0
2026-09-03,3040252936,030-18200,MAIN WHEEL BRAKE,BACO,REC,,PAMA-LS,469.0
2026-09-03,3040252935,030-18200,MAIN WHEEL BRAKE,BAMN,OS concluída,,,
2026-09-03,3040252940,30-182,MAIN WHEEL BRAKE,BABV,OS concluída,,,
2026-09-03,3040252942,30-182,MAIN WHEEL BRAKE,BAMN,OS concluída,,,
2026-09-03,3040252943,30-182,MAIN WHEEL BRAKE,BAMN,OS concluída,,,
2026-09-03,3040253170,161-12800,WHEEL HALF ASSY-INNER,BASM,OS concluída,,,
2026-09-03,3040253168,161-12800,WHEEL HALF ASSY-INNER,BASM,REC,,PAMA-LS,465.0
2026-09-03,3040253172,161-12800,WHEEL HALF ASSY-INNER,PAMALS,REC,,PAMA-LS,465.0
2026-09-03,3040253174,161-12800,WHEEL HALF ASSY-INNER,PAMALS,OS concluída,,,
2026-09-03,3040253173,161-12800,WHEEL HALF ASSY-INNER,PAMALS,REC,EM REPARO,LEAP,465.0
2026-09-03,3040253176,162-10700,OUTER WHEEL HALF ASSY,BABE,OS concluída,,,
2026-09-03,3040253177,162-10700,OUTER WHEEL HALF ASSY,BABV,REC,,PAMA-LS,465.0
2026-09-03,3040253178,162-10700,OUTER WHEEL HALF ASSY,PAMALS,REC,,PROCURANDO,465.0
2026-09-03,3040253179,162-11800,WHEEL HALF ASSY-OUTER,CLA,OS concluída,,,
2026-09-03,3040253181,162-11800,WHEEL HALF ASSY-OUTER,PAMALS,OS concluída,,,
2026-09-03,3040253180,162-11800,WHEEL HALF ASSY-OUTER,BASM,REC,,PROCURANDO,465.0
2026-09-03,3040253182,162-11800,WHEEL HALF ASSY-OUTER,PAMALS,REC,,PAMA-LS,465.0
2026-09-03,3040253536,2641012-14,TRUNNION ASSY-RH-MAIN GEAR,PAMALS,OS concluída,,,
2026-09-03,3040253529,066-03064-0005,"ALTIMETER,SERVO CONTROLLED,AUTOMATIC PRESSURE",DSM-MN,REC,DEVOLVIDO NO ESTADO,WILLIAM,455.0
2026-09-03,3040253528,066-03064-0005,"ALTIMETER,SERVO CONTROLLED,AUTOMATIC PRESSURE",BANT,OS concluída,,,
2026-09-03,3040253532,799-1,TRANSDUCER,PAMALS,REC,,BANT,455.0
2026-09-03,3040253535,2643099-4,"SUPPORT ASSY FOWARD, NLG SPRING",BABE,REC,CONDENADO,VEE ONE,455.0
2026-09-03,3040253531,799-1,TRANSDUCER,BAMN,REC,,VEE ONE,455.0
2026-09-03,3040253530,799-1,TRANSDUCER,BAMN,REC,,BANT,455.0
2026-09-03,3040253526,30994-001,BATTERY-MARATHON TSP410 NICAD,PAMALS,OS concluída,,PAMA-LS,
2026-09-03,3040253527,30994-001,BATTERY-MARATHON TSP410 NICAD,BAPV,OS concluída,,PAMA-LS,
2026-09-03,3040254195,540-1407-4,"VALVE,BLEED,TURBINEENGINE",PAMALS,REC,,BANT,437.0
2026-09-03,3040254201,2643090-3,SHIMMY DAMPER-NOSE GEAR,PAMALS,REC,,PAMA-LS,437.0
2026-09-03,3040254203,SE1070-6,SHIMMY DAMPENER ASSY,BACGINAT,OS concluída,,,
2026-09-03,3040254205,C660501-0103,"COMPASS,SPEC",PAMALS,REC,,PAMA-LS,437.0
2026-09-03,3040254206,C660501-0103,"COMPASS,SPEC",ALA 8,REC,EM REPARO EM GARANTIA,WILLIAM,437.0
2026-09-03,3040254208,C660501-0103,"COMPASS,SPEC",BABV,REC,,PAMA-LS,437.0
2026-09-03,3040254210,799-1,TRANSDUCER,BANT,REC,,BANT,437.0
2026-09-03,3040254792,2606013-1RX,INDICATOR-PERCENT RPM,BABR,REC,,BANT,428.0
2026-09-03,3040254770,069-1025-25,"RECEIVER-TRANSMITTER,RADIO - KX165",ALA 9,REC,EM REPARO,WILLIAM,428.0
2026-09-03,3040254799,453-5000-710,EMERGENCY LOCATOR TRANSMITTER MODEL C406-2,PAMASP,OS concluída,,,
2026-09-03,3040254806,C352TS,"EXTINGUISHER,FIRE",PAMALS,REC,,PAMA-LS,428.0
2026-09-03,3040254805,C352TS,"EXTINGUISHER,FIRE",PAMALS,OS concluída,,,
2026-09-03,3040254810,C352TS,"EXTINGUISHER,FIRE",PAMALS,OS concluída,,,
2026-09-03,3040254809,C352TS,"EXTINGUISHER,FIRE",PAMAGL,OS concluída,,,
2026-09-03,3040254803,C352TS,"EXTINGUISHER,FIRE",2 ETA,REC,,PAMA-LS,428.0
2026-09-03,3040254808,C352TS,"EXTINGUISHER,FIRE",BABR,REC,,PAMA-LS,428.0
2026-09-03,3040254795,D145-00-46-2,FLAP ACTUATOR ASSY,BABE,REC,,PAMA-LS,428.0
2026-09-03,3040254793,D145-00-46-2,FLAP ACTUATOR ASSY,PAMALS,REC,,PAMA-LS,428.0
2026-09-03,3040254815,C482001-0402,VACUUM REGULAT,PAMALS,REC,CONDENADO,VEE ONE,428.0
2026-09-03,3040254816,C482001-0402,VACUUM REGULAT,PAMALS,REC,CONDENADO,VEE ONE,428.0
2026-09-03,3040254820,2641011-5,AXLE-MAIN GEAR,BAMN,OS concluída,,,
2026-09-03,3040254817,2641011-5,AXLE-MAIN GEAR,BABE,OS concluída,,,
2026-09-03,3040254818,2641011-5,AXLE-MAIN GEAR,BABE,OS concluída,,,
2026-09-03,3040254819,2641011-5,AXLE-MAIN GEAR,BANT,OS concluída,,,
2026-09-03,3040254796,30994-001,BATTERY-MARATHON TSP410 NICAD,BAMN,OS concluída,,,
2026-09-03,3040254789,452-0133,"BATTERY,NONRECHARGEABLE",BAMN,REC,CONDENADO,VEE ONE,428.0
2026-09-03,3040254788,452-0133,"BATTERY,NONRECHARGEABLE",BAMN,REC,CONDENADO,VEE ONE,428.0
2026-09-03,3040254787,452-0133,"BATTERY PACK,AIRCRAFT",DACTA II,REC,CONDENADO,VEE ONE,428.0
2026-09-03,3040254786,452-0133,"BATTERY PACK,AIRCRAFT",BAMN,REC,CONDENADO,VEE ONE,428.0
2026-09-03,3040254785,452-0133,"BATTERY,NONRECHARGEABLE",BAMN,REC,CONDENADO,VEE ONE,428.0
2026-09-03,3040254784,452-0133,"BATTERY,NONRECHARGEABLE",DACTA II,REC,CONDENADO,VEE ONE,428.0
2026-09-03,3040255326,011-00916-00,DISPLAY UNIT GDU 1040A,BAMN,REC,,BAMN,419.0
2026-09-03,3040255319,702801-5,FUEL PUMP,PAMASP,REC,EM REPARO,VEE ONE,419.0
2026-09-03,3040255321,8210-002,"GOVERNOR,CONSTANT SPEED DRIVE",PAMALS,OS concluída,,,
2026-09-03,3040255461,DAAS-A-010-1,ADAS-D PROCESSOR,PAMALS,REC,EM REPARO,VEE ONE,415.0
2026-09-03,3040255589,071-01519-0101,"RECEIVER-EXCITER,RADAR",BANT,REC,,PROCURANDO,413.0
2026-09-03,3040255590,071-01519-0101,"RECEIVER-EXCITER,RADAR",PAMALS,OS concluída,,,
2026-09-03,3040255706,C661064-0237,AIRSPEED INDICATOR,BAMN,OS concluída,,,
2026-09-03,3040256114,5934PAD-3,"ALTIMETER,PRESSURE",PAMALS,REC,EM REPARO,VEE ONE,399.0
2026-09-03,3040256119,011-00878-10,GSA-81 TORQUE SERVO,BAPV,REC,EM REPARO,LEAP,399.0
2026-09-03,3040256112,011-00883-20,RADAR GWX 68 WEATHER,BABE,REC,,BAMN,399.0
2026-09-03,3040256115,5934PAD-3,"ALTIMETER,PRESSURE",PAMALS,OS concluída,,,
2026-09-03,3040256118,011-00878-10,GSA-81 TORQUE SERVO,BAPV,REC,,BACO,399.0
2026-09-03,3040256120,011-00916-10,"DISPLAY UNIT,FLIGHT INFORMATION",BAMN,OS concluída,,,
2026-09-03,3040256314,066-4010-12,RECEIVER VOR/LOC (KNS81),EEAR,REC,EM REPARO,LEAP,386.0
2026-09-03,3040256311,3121248-03,"VALVE ASSEMBLY,COMPRESSOR BLEED",PAMALS,OS concluída,,,
2026-09-03,3040256704,C661064-0237,AIRSPEED INDICATOR,PAMALS,OS concluída,,,
2026-09-03,3040256707,D210507,"GOVERNOR,OVERSPEED",PAMALS,OS concluída,,,
2026-09-03,3040256708,D210507,"GOVERNOR,OVERSPEED",PAMALS,REC,REPARADO,VEE ONE,377.0
2026-09-03,3040256702,C661064-0237,AIRSPEED INDICATOR,BABR,OS concluída,,,
2026-09-03,3040256703,C661064-0237,AIRSPEED INDICATOR,PAMALS,OS concluída,,,
2026-09-03,3040256662,030-18200,MAIN WHEEL BRAKE,BASM,OS concluída,,,
2026-09-03,3040256665,161-11700,INNER WHEEL HALF ASSY,BABV,OS concluída,,,
2026-09-03,3040256666,161-11700,INNER WHEEL HALF ASSY,PAMALS,OS concluída,,,
2026-09-03,3040256667,161-11700,INNER WHEEL HALF ASSY,PAMALS,OS concluída,,,
2026-09-03,3040256668,161-11700,INNER WHEEL HALF ASSY,PAMALS,OS concluída,,,
2026-09-03,3040256669,161-11700,INNER WHEEL HALF ASSY,PAMALS,OS concluída,,,
2026-09-03,3040256670,161-11700,INNER WHEEL HALF ASSY,PAMALS,OS concluída,,,
2026-09-03,3040256671,161-11700,INNER WHEEL HALF ASSY,PAMALS,REC,,PAMA-LS,377.0
2026-09-03,3040256698,030-18200,MAIN WHEEL BRAKE,PAMASP,REC,,BABE,377.0
2026-09-03,3040256713,030-18200,MAIN WHEEL BRAKE,ALA 3,REC,,BAMN,377.0
2026-09-03,3040256694,162-11800,WHEEL HALF ASSY-OUTER,BANT,OS concluída,,,
2026-09-03,3040256696,162-11800,WHEEL HALF ASSY-OUTER,PAMALS,REC,,PAMA-LS,377.0
2026-09-03,3040256672,161-12800,WHEEL HALF ASSY-INNER,PAMALS,OS concluída,,PAMA-LS,
2026-09-03,3040256675,161-12800,WHEEL HALF ASSY-INNER,BANT,OS concluída,,,
2026-09-03,3040256792,011-00877-00,"GSA-80 SERVO ROL,YAW,SPEC",BAMN,REC,,PROCURANDO,377.0
2026-09-03,3040256787,011-00877-00,"GSA-80 SERVO ROL,YAW,SPEC",PAMALS,REC,EM REPARO,VEE ONE,377.0
2026-09-03,3040256828,011-00883-20,RADAR GWX 68 WEATHER,PAMALS,REC,,PAMA-LS,377.0
2026-09-03,3040256709,3121248-03,"VALVE ASSEMBLY,COMPRESSOR BLEED",PAMASP,REC,,BANT,374.0
2026-09-03,3040256673,161-12800,WHEEL HALF ASSY-INNER,PAMALS,REC,CONDENADO,VEE ONE,374.0
2026-09-03,3040257095,011-01105-01,INTEGRATED AVIONICS UNIT GIA63W,BABE,REC,EM REPARO,VEE ONE,370.0
2026-09-03,3040257096,011-01105-01,INTEGRATED AVIONICS UNIT GIA63W,BABE,REC,,BAMN,370.0
2026-09-03,3040257093,065-00183-0501,AUTOPILOT COMPUTER KFC225,BABE,REC,,BANT,370.0
2026-09-03,3040257094,065-00183-0501,AUTOPILOT COMPUTER KFC225,BABE,REC,,BANT,370.0
2026-09-03,3040257443,161-12800,WHEEL HALF ASSY-INNER,ALA 3,AUT,,,358.0
2026-09-03,3040257442,C163030-1001,MAIN W BRAKE A,BAMN,OS concluída,,BAMN,
2026-09-03,3040257452,3244809-8,"FUEL CONTROL,MAIN,TURBINE ENGINE",BAPV,OS concluída,,,
2026-09-03,3040257454,EA-5172-45-CES,"INDICATOR,AIRSPEED",BACG,OS concluída,,,
2026-09-03,3040257453,EA-5172-45-CES,"INDICATOR,AIRSPEED",ALA 7,REC,DEVOLVIDO NO ESTADO,WILLIAM,351.0
2026-09-03,3040257451,3244809-7,"FUEL CONTROL,MAIN,TURBINE ENGINE",PAMASP,REC,,BANT,351.0
2026-09-03,3040257450,3244809-4,"FUEL CONTROL,MAIN,TURBINE ENGINE",PAMASP,OS concluída,EM REPARO,LEAP,
2026-09-03,3040257438,030-18200,MAIN WHEEL BRAKE,BAMN,REC,REPARADO,VEE ONE,351.0
2026-09-03,3040257444,162-10700,OUTER WHEEL HALF ASSY,PAMALS,OS concluída,,,
2026-09-03,3040257447,162-10700,OUTER WHEEL HALF ASSY,PAMALS,OS concluída,,,
2026-09-03,3040257436,30994-001,BATTERY-MARATHON TSP410 NICAD,PAMALS,OS concluída,,PAMA-LS,
2026-09-03,3040257441,030-18200,MAIN WHEEL BRAKE,BAPV,REC,,BAMN,351.0
2026-09-03,3040257440,030-18200,MAIN WHEEL BRAKE,BANT,REC,CONDENADO,VEE ONE,351.0
2026-09-03,3040257439,030-18200,MAIN WHEEL BRAKE,BAMN,REC,,BAMN,351.0
2026-09-03,3040258306,D210507,"GOVERNOR,OVERSPEED",PAMALS,REC,EM REPARO,LEAP,331.0
2026-09-03,3040258310,D210507,"GOVERNOR,OVERSPEED",BACO,OS concluída,,,
2026-09-03,3040258309,D210507,"GOVERNOR,OVERSPEED",BAMN,REC,EM REPARO,LEAP,331.0
2026-09-03,3040258308,D210507,"GOVERNOR,OVERSPEED",BAMN,OS concluída,,,
2026-09-03,3040258307,D210507,"GOVERNOR,OVERSPEED",ALA 5,OS concluída,,,
2026-09-03,3040258303,011-00877-00,"GSA-80 SERVO ROL,YAW,SPEC",DACTA II,REC,EM REPARO,VEE ONE,331.0
2026-09-03,3040258422,2601188-8,COMPRESSOR DRIVE ASSY R134A,PAMASP,REC,,PROCURANDO,329.0
2026-09-03,3040258419,011-00877-00,"GSA-80 SERVO ROL,YAW,SPEC",DACTA II,REC,EM REPARO,VEE ONE,329.0
2026-09-03,3040258420,011-00877-00,"GSA-80 SERVO ROL,YAW,SPEC",BACO,REC,EM REPARO,VEE ONE,329.0
2026-09-03,3040258421,011-00877-00,"GSA-80 SERVO ROL,YAW,SPEC",BABE,REC,,BACO,329.0
2026-09-03,3040258764,069-01034-0102,"NAVIGATION SET,SATELLITE SIGNALS KLN-94",PAMALS,REC,,BANT,322.0
2026-09-03,3040259152,066-01141-5101,"TRANSPONDER,RADAR",BABE,REC,,BANT,303.0
2026-09-03,3040259151,066-01141-5101,"TRANSPONDER,RADAR",BANT,REC,,BANT,303.0
2026-09-03,3040259251,064-1019-05,VHF TRANSCEIVE KY196,EEAR,REC,,EEAR,301.0
2026-09-03,3040259146,1U149-015-15,HORIZ. GYRO-STADBY,PAMALS,REC,EM REPARO,VEE ONE,300.0
2026-09-03,3040259147,162-10700,OUTER WHEEL HALF ASSY,BANT,REC,EM REPARO,AMA - VEE ONE,300.0
2026-09-03,3040259148,3049038-03,"VALVE,COMPRESSOR BLEED",BANT,OS concluída,,,
2026-09-03,3040259316,2606015-4,INDICATOR-OIL TEMP/OIL PRESS,BACG,REC,,PAMA-LS,297.0
2026-09-03,3040259564,C414007-0102,BLOWER ASSY,PAMALS,OS concluída,,,
2026-09-03,3040259568,C414007-0102,BLOWER ASSY,ALA 10,OS concluída,,,
2026-09-03,3040259570,C414007-0102,BLOWER ASSY,ALA 10,OS concluída,,,
2026-09-03,3040259694,025323-150,FUEL PUMP,PAMASP,REC,,BACO,289.0
2026-09-03,3040259922,C414007-0102,BLOWER ASSY,BANT,REC,,PAMA-LS,282.0
2026-09-03,3040259928,C414007-0102,BLOWER ASSY,PAMALS,REC,EM REPARO,VEE ONE,282.0
2026-09-03,3040259924,C414007-0102,BLOWER ASSY,BACG,REC,EM REPARO,VEE ONE,282.0
2026-09-03,3040259918,C414007-0102,BLOWER ASSY,ALA 10,OS concluída,,VEE ONE,
2026-09-03,3040259950,065-0060-01,"CONTROL,SERVO,AUTOMATIC PILOT",PAMALS,REC,EM REPARO,LEAP,282.0
2026-09-03,3040259949,065-0060-01,"CONTROL,SERVO,AUTOMATIC PILOT",PAMALS,REC,EM REPARO,LEAP,282.0
2026-09-03,3040259947,066-3046-07,"CONTROL,INDICATOR",EEAR,OS concluída,,,
2026-09-03,3040259946,066-3046-07,"CONTROL,INDICATOR",BANT,REC,,BANT,282.0
2026-09-03,3040259944,066-3046-07,"CONTROL,INDICATOR",EEAR,REC,,PAMA-LS,282.0
2026-09-03,3040260209,011-00916-00,DISPLAY UNIT GDU 1040A,PAMALS,REC,,BAMN,268.0
2026-09-03,3040260208,324843-W020,HEADSET-MICROPHONE,PAMALS,REC,VAI SER DEVOLVIDO SEM REPARO,WILLIAM,268.0
2026-09-03,3040260204,324843-W020,HEADSET-MICROPHONE,PAMALS,OS concluída,,,
2026-09-03,3040260205,324843-W020,HEADSET-MICROPHONE,PAMALS,OS concluída,,,
2026-09-03,3040260388,SD5H14C4527,AIR COMPRESSOR,PAMALS,REC,EM REPARO,VEE ONE,261.0
2026-09-03,3040260382,065-00183-0501,AUTOPILOT COMPUTER KFC225,BANT,REC,,BANT,261.0
2026-09-03,3040260389,SD5H14C4527,AIR COMPRESSOR,PAMALS,REC,EM REPARO,VEE ONE,261.0
2026-09-03,3040260517,ASG12000-2,ALTERNATOR,PAMALS,OS concluída,,,
2026-09-03,3040260524,51539-012M,CONTROL UNIT ASSY-GENERATOR,BANT,REC,,BACG,258.0
2026-09-03,3040260516,ASG12000-2,ALTERNATOR,PAMALS,REC,,V1 PAMA-LS,258.0
2026-09-03,3040260523,9910592-2,ALTERNADOR,BAMN,OS concluída,,babr,
2026-09-03,3040260522,9910592-2,ALTERNADOR,BAMN,REC,,dacta II,258.0
2026-09-03,3040260547,161-12800,WHEEL HALF ASSY-INNER,EPCAR,OS concluída,,BABE,
2026-09-03,3040260545,161-11700,INNER WHEEL HALF ASSY,BACG,OS concluída,,,
2026-09-03,3040260544,161-11700,INNER WHEEL HALF ASSY,BANT,OS concluída,,,
2026-09-03,3040260546,161-12800,WHEEL HALF ASSY-INNER,PAMALS,REC,,,240.0
2026-09-03,3040260548,161-11700,INNER WHEEL HALF ASSY,CLA,OS concluída,,,
2026-09-03,3040260549,162-10700,OUTER WHEEL HALF ASSY,BACG,OS concluída,,,
2026-09-03,3040260550,162-10700,OUTER WHEEL HALF ASSY,CLA,OS concluída,,,
2026-09-03,3040260551,162-11800,WHEEL HALF ASSY-OUTER,BANT,REC,,,240.0
2026-09-03,3040260552,30994-001,BATTERY-MARATHON TSP410 NICAD,BABE,OS concluída,,PAMA-LS,
2026-09-03,3040260543,324843-W020,HEADSET-MICROPHONE,PAMALS,REC,,PAMA-LS,240.0
2026-09-03,3040260542,324843-W020,HEADSET-MICROPHONE,PAMALS,REC,,BABE,240.0
2026-09-03,3040260541,324843-W020,HEADSET-MICROPHONE,PAMALS,OS concluída,,,
2026-09-03,3040260540,324843-W020,HEADSET-MICROPHONE,PAMALS,OS concluída,,,
2026-09-03,3040260538,324843-W020,HEADSET-MICROPHONE,PAMALS,REC,,BABE,240.0
2026-09-03,3040260539,324843-W020,HEADSET-MICROPHONE,PAMALS,REC,,BABE,240.0
2026-09-03,3040260595,9910586-4,FLAP ACTUATOR AND MOTOR ASSEMBLY,7 ETA,REC,,BAMN,240.0
2026-09-03,3040260597,9910586-4,FLAP ACTUATOR AND MOTOR ASSEMBLY,BAPV,OS concluída,,BABR,
2026-09-03,3040260583,3244897-4,FUEL CONTROL UNIT,PAMALS,OS concluída,,,
2026-09-03,3040260750,3122678-04,FUEL CONTROL UNIT,PAMASP,REC,,BANT,232.0
2026-09-03,3040260752,3244897-4,FUEL CONTROL UNIT,PAMASP,OS concluída,,,
2026-09-03,3040260753,3244809-7,"FUEL CONTROL,MAIN,TURBINE ENGINE",PAMASP,OS concluída,,,
2026-09-03,3040260754,3244809-1,"FUEL CONTROL,MAIN,TURBINE ENGINE",PAMASP,REC,EM QUARENTENA,LEAP,232.0
2026-09-03,3040254794,C145-350,"MOTOR,DIRECT CURRENT",PAMALS,OS concluída,,,
2026-09-03,3040260913,064-1054-30,RECEIVER-TRANSMITTER SUBASSEMBLY,EPCAR,REC,,V1 PAMA-LS,220.0
2026-09-03,3040260915,064-1054-30,RECEIVER-TRANSMITTER SUBASSEMBLY,PAMALS,REC,,BABR,220.0
2026-09-03,3040260811,3034792,BOMBA DE COMBUSTÍVEL,BAPV,OS concluída,,BABR,
2026-09-03,3040260812,3034792,BOMBA DE COMBUSTÍVEL,BACG,OS concluída,,,
2026-09-03,3040260922,162-11800,WHEEL HALF ASSY-OUTER,PAMALS,OS concluída,,,
2026-09-03,3040260923,030-18200,MAIN WHEEL BRAKE,BACO,REC,REPARADO,VEE ONE,218.0
2026-09-03,3040261389,3034792,BOMBA DE COMBUSTÍVEL,PAMASP,OS concluída,REPARADO,V1 PAMA-LS,
2026-09-03,3040261388,3034792,BOMBA DE COMBUSTÍVEL,BABR,OS concluída,,,
2026-09-03,3040261387,3034792,BOMBA DE COMBUSTÍVEL,BABR,OS concluída,,,
2026-09-03,3040261371,TFF2905-13,FUEL FLOW TRANSDUCER,ALA 8,REC,,PAMA-LS,205.0
2026-09-03,3040261375,C661065-0240RX,"INDICATOR, AIRSPEED",BACG,REC,EM REPARO,WILLIAM,205.0
2026-09-03,3040261373,C661065-0240,AIRSPEED INDICATOR,BABE,REC,,PAMA-LS,205.0
2026-09-03,3040261322,011-00831-00,"ENGINE INTERFA,SPEC",BAPV,REC,,VEE ONE,205.0
2026-09-03,3040261326,011-00882-10,"COMPUTER,AIR DATA",BAMN,OS concluída,,,
2026-09-03,3040261324,011-00882-10,"COMPUTER,AIR DATA",BAMN,OS concluída,,,
2026-09-03,3040261327,064-1054-30,RECEIVER-TRANSMITTER SUBASSEMBLY,PAMASP,REC,,PAMA-LS,205.0
2026-09-03,3040261336,066-01141-0101,"RECEIVER,RADIO",BANT,REC,,PAMA-LS,205.0
2026-09-03,3040261334,065-0065-01,SELECTOR ALT,BANT,REC,,PAMA-LS,205.0
2026-09-03,3040261331,065-0061-36,ACTUATOR TRIM (KS272A),PAMASP,OS concluída,,BABR,
2026-09-03,3040261329,065-0061-36,ACTUATOR TRIM (KS272A),ALA 10,OS concluída,,,
2026-09-03,3040261335,065-0065-01,SELECTOR ALT,BANT,REC,,PAMA-LS,205.0
2026-09-03,3040261342,066-3084-02,COLOR RADAR INDICATOR,BABV,REC,,PAMA-LS,205.0
2026-09-03,3040261340,066-1053-00,"RECEIVER,RADIO",BASM,REC,,PAMA-LS,205.0
2026-09-03,3040261377,066-3054-01,INDICATOR RADAR ALTIMETER - TYPE KI250,PAMALS,REC,EM REPARO,WILLIAM,205.0
2026-09-03,3040261376,066-1061-03,RT RADAR ALTIM (KRA10A),PAMALS,REC,PARA REPARO,VEE ONE,205.0
2026-09-03,3040261352,1134380-4,EVAPORATOR MODULE ASSY-RH,BAMN,REC,CONDENADO,VEE ONE,205.0
2026-09-03,3040261347,071-1234-00,ANTENNA ACCESSORY,ALA 1,REC,EM REPARO,WILLIAM,205.0
2026-09-03,3040261344,066-4010-12,RECEIVER VOR/LOC (KNS81),ALA 10,REC,EM REPARO,WILLIAM,205.0
2026-09-03,3040261353,1H75-21,PRESSURE REGULATOR,BAMN,OS concluída,,BAMN,
2026-09-03,3040261357,2682001-1,BRAKE CYL MAST,BABE,OS concluída,,,
2026-09-03,3040261356,2670104-2,ANNUNCIATOR PANEL,PAMALS,OS concluída,,,
2026-09-03,3040261355,2643100-201,NOSE GEAR STRUT ASSY - TALL FORK,BABR,OS concluída,,,
2026-09-03,3040261354,2643100-201,NOSE GEAR STRUT ASSY - TALL FORK,BANT,REC,EM REPARO,AV AERONAUTICA,205.0
2026-09-03,3040261364,8210-002-01,GOVERNOR PROPELLER,PAMASP,REC,REPARADO,VEE ONE,205.0
2026-09-03,3040261627,S3828-1,ALTIMETER,BAMN,REC,,PAMA-LS,191.0
2026-09-03,3040261628,S3828-1,ALTIMETER,BABE,REC,REPARADO,V1 PAMA-LS,191.0
2026-09-03,3040261851,51539-012MRX,CONTROL UNIT ASSY-GENERATOR,BABE,REC,EM REPARO,VEE ONE,183.0
2026-09-03,3040261852,51539-012MRX,CONTROL UNIT ASSY-GENERATOR,BABE,REC,EM REPARO,VEE ONE,183.0
2026-09-03,3040261843,3034792,BOMBA DE COMBUSTÍVEL,PAMALS,REC,EM REPARO,VEE ONE,178.0
2026-09-03,3040262245,200SGL119Q-2,STARTER GENERATOR,BAMN,OS concluída,,,
2026-09-03,3040262246,200SGL119Q-2,STARTER GENERATOR,BAMN,OS concluída,,,
2026-09-03,3040262273,324843-W020,HEADSET-MICROPHONE,BABE,OS concluída,,,
2026-09-03,3040262275,324843-W020,HEADSET-MICROPHONE,BANT,OS concluída,,,
2026-09-03,3040262363,066-1055-00,AUDIO CONTROL PANEL,ALA 5,OS concluída,,,
2026-09-03,3040262367,066-1055-00,AUDIO CONTROL PANEL,ALA 9,REC,,WILLIAM,161.0
2026-09-03,3040262368,066-1055-00,AUDIO CONTROL PANEL,CLA,OS concluída,,,
2026-09-03,3040262372,51539-012M,CONTROL UNIT ASSY-GENERATOR,BANT,REC,,PAMA-LS,161.0
2026-09-03,3040262371,51539-012N,CONTROL UNIT ASSY-GENERATOR,BANT,REC,,PAMA-LS,161.0
2026-09-03,3040262419,065-0061-36,ACTUATOR TRIM (KS272A),ALA 9,REC,EM REPARO,WILLIAM,156.0
2026-09-03,3040262734,C352,PORTABLE HALON FIRE EXTINGUISHERS,ALA 5,REC,EM REPARO,AV AERONAUTICA,143.0
2026-09-03,3040262738,C352TS,"EXTINGUISHER,FIRE",BANT,REC,,AV AERONÁUTICA,143.0
2026-09-03,3040262739,C352TS,"EXTINGUISHER,FIRE",BANT,REC,,AV AERONÁUTICA,143.0
2026-09-03,3040262740,C352TS,"EXTINGUISHER,FIRE",PAMALS,REC,,AV AERONÁUTICA,143.0
2026-09-03,3040262766,011-00883-20,RADAR GWX 68 WEATHER,BAMN,OS concluída,,V1 PAMA-LS,
2026-09-03,3040262765,011-00883-20,RADAR GWX 68 WEATHER,BAMN,REC,,V1 PAMA-LS,143.0
2026-09-03,3040262772,011-01020-10,AFCS MODE CONTROLLER GMC 710,BAMN,REC,,PAMA-LS,143.0
2026-09-03,3040262770,011-01020-10,AFCS MODE CONTROLLER GMC 710,BAMN,REC,,PAMA-LS,143.0
2026-09-03,3040262773,011-01020-10,AFCS MODE CONTROLLER GMC 710,BAMN,REC,,PAMA-LS,143.0
2026-09-03,3040262746,066-1070-01,TRANSCEIVER DME (KN63),BABE,REC,EM REPARO,WILLIAM,143.0
2026-09-03,3040262745,064-1019-05,VHF TRANSCEIVE KY196,EEAR,REC,EM REPARO,VEE ONE,143.0
2026-09-03,3040262747,066-1072-00,RECEIVER ADF (KING KR87),ALA 7,REC,EM REPARO,WILLIAM,143.0
2026-09-03,3040262748,066-3046-07,"CONTROL,INDICATOR",BABR,REC,,BANT,143.0
2026-09-03,3040262769,066-3046-07,"CONTROL,INDICATOR",BABR,REC,,BANT,143.0
2026-09-03,3040262768,066-3046-07,"CONTROL,INDICATOR",EEAR,OS concluída,,BABR,
2026-09-03,3040262767,066-3046-07,"CONTROL,INDICATOR",EEAR,REC,EM REPARO,LEAP,143.0
2026-09-03,3040262791,066-3060-00,IND RMI KNI582,BANT,OS concluída,,,
2026-09-03,3040262630,161-11700,INNER WHEEL HALF ASSY,BANT,REC,,PAMA-LS,143.0
2026-09-03,3040262792,066-3060-00,IND RMI KNI582,BANT,REC,EM REPARO,LEAP,143.0
2026-09-03,3040262634,162-10700,OUTER WHEEL HALF ASSY,BANT,OS concluída,,PAMA-LS,
2026-09-03,3040262632,161-12800,WHEEL HALF ASSY-INNER,BANT,OS concluída,REPARADO,VEE ONE,
2026-09-03,3040262633,161-12800,WHEEL HALF ASSY-INNER,BANT,OS concluída,,,
2026-09-03,3040262635,162-11800,WHEEL HALF ASSY-OUTER,EPCAR,OS concluída,,,
2026-09-03,3040262637,162-11800,WHEEL HALF ASSY-OUTER,BANT,REC,REPARADO,VEE ONE,143.0
2026-09-03,3040262636,162-11800,WHEEL HALF ASSY-OUTER,BANT,OS concluída,REPARADO,VEE ONE,
2026-09-03,3040262646,200SGL119Q,STARTER GENERATOR,PAMASP,OS concluída,,,
2026-09-03,3040262639,200SGL119Q,STARTER GENERATOR,PAMASP,OS concluída,,PAMA-LS,
2026-09-03,3040262638,200SGL119Q,STARTER GENERATOR,PAMALS,REC,EM REPARO,AV AERONAUTICA,143.0
2026-09-03,3040262757,2606015-2,IND OIL TEMP/P,PAMALS,REC,EM REPARO,VEE ONE,143.0
2026-09-03,3040262706,2641011-5,AXLE-MAIN GEAR,BAMN,REC,,BANT,143.0
2026-09-03,3040262707,2641011-5,AXLE-MAIN GEAR,BABV,OS concluída,REPARADO,VEE ONE,
2026-09-03,3040262717,2641011-5,AXLE-MAIN GEAR,BANT,OS concluída,REPARADO,VEE ONE,
2026-09-03,3040262714,2641011-5,AXLE-MAIN GEAR,BAPV,REC,,BANT,143.0
2026-09-03,3040262713,2641011-5,AXLE-MAIN GEAR,BAPV,OS concluída,,,
2026-09-03,3040262712,2641011-5,AXLE-MAIN GEAR,BABR,REC,,BANT,143.0
2026-09-03,3040262711,2641011-5,AXLE-MAIN GEAR,BABR,REC,,BANT,143.0
2026-09-03,3040262709,2641011-5,AXLE-MAIN GEAR,PAMALS,REC,,BANT,143.0
2026-09-03,3040262708,2641011-5,AXLE-MAIN GEAR,PAMALS,REC,,BANT,143.0
2026-09-03,3040262744,3244809-1A,F.C.U,PAMALS,REC,EM REPARO,LEAP,143.0
2026-09-03,3040262758,9910338-4,FUEL TOTALIZER INDICATOR,PAMALS,REC,EM REPARO,VEE ONE,143.0
2026-09-03,3040262759,9910338-6,"TRANSMITTER,RATE OF FLOW",BAMN,REC,,PAMA-LS,143.0
2026-09-03,3040262760,9910338-6,"TRANSMITTER,RATE OF FLOW",BANT,REC,EM REPARO,VEE ONE,143.0
2026-09-03,3040262966,2682001-1,BRAKE CYL MAST,BACO,OS concluída,,PAMA-LS,
2026-09-03,3040262967,2682001-1,BRAKE CYL MAST,PAMALS,REC,,PAMA-LS,141.0
2026-09-03,3040262968,2682001-1,BRAKE CYL MAST,BANT,OS concluída,,PAMA-LS,
2026-09-03,3040262969,2682001-1,BRAKE CYL MAST,BABE,REC,,PAMA-LS,141.0
2026-09-03,3040263069,453-5060,ELT C406-N,BABE,OS concluída,,,
2026-09-03,3040263283,D145-00-46-2,FLAP ACTUATOR ASSY,PAMALS,REC,,,126.0
2026-09-03,3040263284,D145-00-46-2,FLAP ACTUATOR ASSY,BAFL,REC,,,126.0
2026-09-03,3040263324,069-01033-0101,"RECEIVER-TRANSMITTER,RADIO",PAMALS,REC,EM REPARO,LEAP,126.0
2026-09-03,3040263287,C661065-0237,AIRSPEED INDICATOR,BABR,OS concluída,,,
2026-09-03,3040263288,C661065-0237,AIRSPEED INDICATOR,PAMASP,OS concluída,,,
2026-09-03,3040263314,060-0017-00,FLIGHT DIR HOR,EEAR,REC,EM REPARO,LEAP,126.0
2026-09-03,3040263319,066-1055-00,AUDIO CONTROL PANEL,BABE,OS concluída,,,
2026-09-03,3040263317,060-0017-00,FLIGHT DIR HOR,PAMASP,REC,,BANT,126.0
2026-09-03,3040263316,060-0017-00,FLIGHT DIR HOR,BANT,REC,,BANT,126.0
2026-09-03,3040263320,066-1055-00,AUDIO CONTROL PANEL,PAMALS,REC,EM REPARO,AV AERONAUTICA,126.0
2026-09-03,3040263325,069-01033-0101,"RECEIVER-TRANSMITTER,RADIO",PAMALS,REC,,,126.0
2026-09-03,3040263335,C611008-0101,ALTERNATOR CONTROL UNIT,PAMALS,REC,,BANT,126.0
2026-09-03,3040263336,C611008-0101,ALTERNATOR CONTROL UNIT,PAMALS,REC,,BANT,126.0
2026-09-03,3040263286,C661065-0237,AIRSPEED INDICATOR,BANT,REC,,PAMA-LS,126.0
2026-09-03,3040263322,066-1055-00,AUDIO CONTROL PANEL,ALA 9,REC,EM REPARO,WILLIAM,126.0
2026-09-03,3040263326,069-01033-0101,"RECEIVER-TRANSMITTER,RADIO",PAMALS,REC,,BANT,126.0
2026-09-03,3040263315,060-0017-00,FLIGHT DIR HOR,BACG,OS concluída,,BABR,
2026-09-03,3040263334,011-00916-10,"DISPLAY UNIT,FLIGHT INFORMATION",BACO,REC,,WILLIAM,126.0
2026-09-03,3040263333,011-00916-10,"DISPLAY UNIT,FLIGHT INFORMATION",BACO,OS concluída,,BAMN,
2026-09-03,3040263332,011-00916-10,"DISPLAY UNIT,FLIGHT INFORMATION",BAMN,OS concluída,,,
2026-09-03,3040263331,C661064-0237,AIRSPEED INDICATOR,PAMALS,REC,,PAMA-LS,126.0
2026-09-03,3040263329,C661064-0237,AIRSPEED INDICATOR,PAMALS,REC,,PAMA-LS,126.0
2026-09-03,3040263328,C661064-0237,AIRSPEED INDICATOR,BABR,REC,EM REPARO,WILLIAM,126.0
2026-09-03,3040263327,C661064-0237,AIRSPEED INDICATOR,BABR,REC,EM REPARO,WILLIAM,126.0
2026-09-03,3040263330,C661064-0237,AIRSPEED INDICATOR,PAMALS,REC,,PAMA-LS,126.0
2026-09-03,3040263338,C611008-0101,ALTERNATOR CONTROL UNIT,PAMALS,REC,,V1 PAMA-LS,126.0
2026-09-03,3040263433,066-03064-0005,"ALTIMETER,SERVO CONTROLLED,AUTOMATIC PRESSURE",BACG,REC,,PAMA-LS,120.0
2026-09-03,3040263435,066-03064-0005,"ALTIMETER,SERVO CONTROLLED,AUTOMATIC PRESSURE",BANT,REC,,PAMA-LS,120.0
2026-09-03,3040263434,066-03064-0005,"ALTIMETER,SERVO CONTROLLED,AUTOMATIC PRESSURE",PAMASP,REC,,PAMA-LS,120.0
2026-09-03,3040263417,069-01033-0101,"RECEIVER-TRANSMITTER,RADIO",PAMALS,REC,EM REPARO,WILLIAM,120.0
2026-09-03,3040263416,069-01033-0101,"RECEIVER-TRANSMITTER,RADIO",BASM,REC,EM REPARO,WILLIAM,120.0
2026-09-03,3040263415,069-01033-0101,"RECEIVER-TRANSMITTER,RADIO",BABR,REC,,BANT,120.0
2026-09-03,3040263447,066-3046-07,"CONTROL,INDICATOR",CLA,OS concluída,,BABR,
2026-09-03,3040263443,3244897-4,FUEL CONTROL UNIT,PAMALS,REC,EM REPARO,LEAP,119.0
2026-09-03,3040263444,3244897-4,FUEL CONTROL UNIT,PAMALS,REC,EM REPARO,LEAP,119.0
2026-09-03,3040263577,060-0015-00,"CONTROL,DIRECTIONAL,AUTOMATIC PILOT",ALA 5,REC,,WILLIAM,114.0
2026-09-03,3040263574,066-1072-04,"RECEIVER,RADIO",BABE,REC,EM REPARO,WILLIAM,114.0
2026-09-03,3040263576,066-1072-04,"RECEIVER,RADIO",BAMN,OS concluída,,WILLIAM,
2026-09-03,3040263575,066-1072-04,"RECEIVER,RADIO",BABE,REC,EM REPARO,WILLIAM,114.0
2026-09-03,3040263573,066-3084-32,IND RDR 2000 IN-182A,PAMALS,REC,,BABR,114.0
2026-09-03,3040263571,066-3084-32,IND RDR 2000 IN-182A,PAMALS,REC,,BANT,114.0
2026-09-03,3040263572,066-3084-32,IND RDR 2000 IN-182A,PAMALS,REC,EM REPARO,WILLIAM,114.0
2026-09-03,3040263448,2618510-10,ALTERNATOR CONTROL UNIT ASSY,BABE,REC,EM REPARO,WILLIAM,114.0
2026-09-03,3040263449,2618510-10,ALTERNATOR CONTROL UNIT ASSY,PAMALS,REC,,BANT,114.0
2026-09-03,3040263877,2641011-5,AXLE-MAIN GEAR,CLA,REC,REPARADO,VEE ONE,104.0
2026-09-03,3040263878,2641011-5,AXLE-MAIN GEAR,CLA,REC,,BABE,104.0
2026-09-03,3040264243,069-01033-0101,"RECEIVER-TRANSMITTER,RADIO",PAMALS,REC,EM REPARO,WILLIAM,97.0
2026-09-03,3040264244,069-01033-0101,"RECEIVER-TRANSMITTER,RADIO",PAMASP,REC,EM REPARO,WILLIAM,97.0
2026-09-03,3040264246,060-0017-00,FLIGHT DIR HOR,PAMALS,REC,,BABR,97.0
2026-09-03,3040264237,200SGL119Q-2,STARTER GENERATOR,BAMN,REC,EM REPARO,AV AERONAUTICA,97.0
2026-09-03,3040264236,200SGL119Q-2,STARTER GENERATOR,BABE,OS concluída,,BABE,
2026-09-03,3040264121,3244897-4,FUEL CONTROL UNIT,BABE,OS concluída,EM REPARO,LEAP,
2026-09-03,3040264263,9910338-8,"INDICATOR,FUEL FLOW",PAMALS,OS concluída,,BABR,
2026-09-03,3040264262,9910338-8,"INDICATOR,FUEL FLOW",BABV,REC,,PAMA-LS,97.0
2026-09-03,3040264242,324843-2020,HEADSET-MICROPHONE,BABE,OS concluída,,BAMN,
2026-09-03,3040264264,324843-2020,HEADSET-MICROPHONE,DACTA II,OS concluída,,BAMN,
2026-09-03,3040264238,324843-2020,HEADSET-MICROPHONE,DACTA II,OS concluída,,,
2026-09-03,3040264241,324843-2020,HEADSET-MICROPHONE,DACTA II,OS concluída,,BAMN,
2026-09-03,3040264240,324843-2020,HEADSET-MICROPHONE,DACTA II,OS concluída,,BAMN,
2026-09-03,3040264122,3244809-8,"FUEL CONTROL,MAIN,TURBINE ENGINE",BABE,OS concluída,,BABR,
2026-09-03,3040263797,066-3046-07,"CONTROL,INDICATOR",BABE,REC,EM REPARO,WILLIAM,97.0
2026-09-03,3040263798,066-3046-07,"CONTROL,INDICATOR",PAMASP,OS concluída,,,
2026-09-03,3040263799,066-3046-07,"CONTROL,INDICATOR",PAMASP,REC,EM REPARO,WILLIAM,97.0
2026-09-03,3040263795,071-01519-0101,"RECEIVER-EXCITER,RADAR",PAMALS,REC,,BANT,97.0
2026-09-03,3040263796,071-01519-0101,"RECEIVER-EXCITER,RADAR",PAMALS,REC,EM REPARO,WILLIAM,97.0
2026-09-03,3040264579,060-0017-00,FLIGHT DIR HOR,BABR,OS concluída,,,
2026-09-03,3040264577,060-0017-00,FLIGHT DIR HOR,PAMALS,REC,,,85.0
2026-09-03,3040264573,060-0017-00,FLIGHT DIR HOR,BANT,REC,,,85.0
2026-09-03,3040264574,060-0017-00,FLIGHT DIR HOR,BANT,REC,,,85.0
2026-09-03,3040264576,060-0017-00,FLIGHT DIR HOR,PAMALS,REC,,,85.0
2026-09-03,3040264572,060-0017-00,FLIGHT DIR HOR,PAMASP,REC,,,85.0
2026-09-03,3040264647,1H75-21,PRESSURE REGULATOR,BAMN,REC,,,80.0
2026-09-03,3040264646,1H75-21,PRESSURE REGULATOR,PAMASP,REC,,,80.0
2026-09-03,3040264645,1H75-21,PRESSURE REGULATOR,PAMASP,REC,,,80.0
2026-09-03,3040264643,1H75-21,PRESSURE REGULATOR,PAMASP,OS concluída,,,
2026-09-03,3040264707,3244809-7,"FUEL CONTROL,MAIN,TURBINE ENGINE",BABE,OS concluída,,,
2026-09-03,3040264709,540-1407-4,"VALVE,BLEED,TURBINEENGINE",PAMASP,REC,,,80.0
2026-09-03,3040264710,200SGL153Q,"STARTER-GENERATOR,ENGINE,AIRCRAFT",CLA,OS concluída,,,
2026-09-03,3040264711,200SGL153Q,"STARTER-GENERATOR,ENGINE,AIRCRAFT",PAMASP,OS concluída,,,
2026-09-03,3040264712,200SGL153Q,"STARTER-GENERATOR,ENGINE,AIRCRAFT",BACG,REC,,,80.0
2026-09-03,3040264718,9910338-8,"INDICATOR,FUEL FLOW",PAMALS,REC,,,80.0
2026-09-03,3040264719,S3326-2,"INDICATOR,HORIZONTAL SITUATION",ALA 8,REC,,,80.0
2026-09-03,3040264720,S3326-2,"INDICATOR,HORIZONTAL SITUATION",PAMALS,REC,,,80.0
2026-09-03,3040264721,S3326-2,"INDICATOR,HORIZONTAL SITUATION",PAMASP,REC,,,80.0
2026-09-03,3040264724,2606013-1AM,INDICADOR PERCENTUAL RPM,BABV,REC,,,80.0
2026-09-03,3040264725,2606013-1AM,INDICADOR PERCENTUAL RPM,BABR,REC,,,80.0
2026-09-03,3040264726,2606015-4,INDICATOR-OIL TEMP/OIL PRESS,BANT,REC,,,80.0
2026-09-03,3040264727,C661051-0201,GYRO HORIZON,ALA 10,REC,,,80.0
2026-09-03,3040264728,504-0111-906,GYRO HORIZON,PAMALS,OS concluída,,,
2026-09-03,3040264729,504-0111-906,GYRO HORIZON,BACG,OS concluída,,,
2026-09-03,3040264730,8210-003,"GOVERNOR,FUEL CONTROL",PAMASP,REC,,,80.0
2026-09-03,3040264731,8210-002,"GOVERNOR,CONSTANT SPEED DRIVE",PAMASP,REC,,,80.0
2026-09-03,3040264732,8210-002,"GOVERNOR,CONSTANT SPEED DRIVE",BAMN,REC,,,80.0
2026-09-03,3040264733,030-18200,MAIN WHEEL BRAKE,BAMN,REC,,,80.0
2026-09-03,3040264734,030-18200,MAIN WHEEL BRAKE,BAMN,REC,,,80.0
2026-09-03,3040264735,161-11700,INNER WHEEL HALF ASSY,PAMALS,REC,,,80.0
2026-09-03,3040264736,161-12800,WHEEL HALF ASSY-INNER,BABR,REC,,,80.0
2026-09-03,3040264737,161-12800,WHEEL HALF ASSY-INNER,PAMALS,AUT,,,80.0
2026-09-03,3040264738,162-10700,OUTER WHEEL HALF ASSY,BACO,AUT,,,80.0
2026-09-03,3040264807,011-01105-01,INTEGRATED AVIONICS UNIT GIA63W,ALA 8,REC,,,72.0
2026-09-03,3040264808,011-01105-01,INTEGRATED AVIONICS UNIT GIA63W,BAMN,REC,,,72.0
2026-09-03,3040264907,011-00916-10,"DISPLAY UNIT,FLIGHT INFORMATION",BAMN,REC,,,65.0
2026-09-03,3040264908,011-00916-10,"DISPLAY UNIT,FLIGHT INFORMATION",BABV,OS concluída,,,
2026-09-03,3040264974,3244809-8,"FUEL CONTROL,MAIN,TURBINE ENGINE",BAMN,REC,,,63.0
2026-09-03,3040264961,3244897-4,FUEL CONTROL UNIT,CLA,OS concluída,,,
2026-09-03,3040264960,3034792,BOMBA DE COMBUSTÍVEL,CLA,OS concluída,,,
2026-09-03,3040265144,011-01020-10,AFCS MODE CONTROLLER GMC 710,BABE,REC,,,57.0
2026-09-03,3040265140,011-01020-10,AFCS MODE CONTROLLER GMC 710,BABE,REC,,,57.0
2026-09-03,3040265482,066-3084-32,IND RDR 2000 IN-182A,BABR,REC,,,42.0
2026-09-03,3040265484,066-3084-32,IND RDR 2000 IN-182A,BANT,REC,,,42.0
2026-09-03,3040265485,066-3084-32,IND RDR 2000 IN-182A,BABR,REC,,,42.0
2026-09-03,3040265526,ASG12000-2,ALTERNATOR,PAMALS,REC,,,38.0
2026-09-03,3040265525,ASG12000-2,ALTERNATOR,BABR,REC,,,38.0
2026-09-03,3040265527,9910592-2,ALTERNADOR,BABR,REC,,,38.0
2026-09-03,3040265533,3122678-04,FUEL CONTROL UNIT,BABR,REC,,,38.0
2026-09-03,3040265532,C611505-0201,ALTERNATOR,BANT,REC,,,38.0
2026-09-03,3040265530,C611505-0201,ALTERNATOR,BABV,REC,,,38.0
2026-09-03,3040265528,9910592-2,ALTERNADOR,BABR,REC,,,38.0
2026-09-03,3040265724,3244897-4,FUEL CONTROL UNIT,CLA,REC,,,37.0
2026-09-03,3040265474,C611008-0101,ALTERNATOR CONTROL UNIT,PAMALS,REC,,,35.0
2026-09-03,3040265475,C611008-0101,ALTERNATOR CONTROL UNIT,BABV,REC,,,35.0
2026-09-03,3040265476,C611008-0101,ALTERNATOR CONTROL UNIT,PAMALS,REC,,,35.0
2026-09-03,3040265477,C611008-0101,ALTERNATOR CONTROL UNIT,PAMALS,REC,,,35.0
2026-09-03,3040265576,011-00916-10,"DISPLAY UNIT,FLIGHT INFORMATION",BAMN,REC,,,34.0
2026-09-03,3040265580,011-00916-00,DISPLAY UNIT GDU 1040A,PAMALS,REC,,,38.0
2026-09-03,3040265581,011-00916-00,DISPLAY UNIT GDU 1040A,PAMALS,REC,,,38.0
2026-09-03,3040265589,EA-5175-52-CES,INDICATOR TRUE,BABV,REC,,,38.0
2026-09-03,3040265590,EA-5175-52-CES,INDICATOR TRUE,BASM,REC,,,38.0
2026-09-03,3040265591,EA-5175-52-CES,INDICATOR TRUE,BABV,REC,,,38.0
2026-09-03,3040265592,EA-5175-52-CES,INDICATOR TRUE,BABV,REC,,,38.0
2026-09-03,3040265668,9910592-2,ALTERNADOR,PAMALS,OS concluída,,,
2026-09-03,3040265678,9910592-2,ALTERNADOR,BAMN,REC,,,38.0
2026-09-03,3040265679,C611505-0201,ALTERNATOR,PAMALS,REC,,,38.0
2026-09-03,3040265680,C611505-0201,ALTERNATOR,ALA 8,REC,,,38.0
2026-09-03,3040265726,071-01519-0101,"RECEIVER-EXCITER,RADAR",PAMALS,REC,,,37.0
2026-09-03,3040265727,071-01519-0101,"RECEIVER-EXCITER,RADAR",CLA,REC,,,37.0
2026-09-03,3040265728,C163030-1001,MAIN W BRAKE A,BAMN,REC,,,37.0
2026-09-03,3040265731,066-3046-07,"CONTROL,INDICATOR",BABR,REC,,,37.0
2026-09-03,3040265732,066-3046-07,"CONTROL,INDICATOR",BANT,REC,,,37.0
2026-09-03,3040265734,066-3046-07,"CONTROL,INDICATOR",EEAR,REC,,,37.0
2026-09-03,3040265735,066-3046-07,"CONTROL,INDICATOR",CLA,REC,,,37.0
2026-09-03,3040265736,C611008-0101,ALTERNATOR CONTROL UNIT,BABV,REC,,,37.0
2026-09-03,3040265737,C611008-0101,ALTERNATOR CONTROL UNIT,EEAR,REC,,,37.0
2026-09-03,3040265738,C611008-0101,ALTERNATOR CONTROL UNIT,PAMALS,REC,,,37.0
2026-09-03,3040265739,C611008-0101,ALTERNATOR CONTROL UNIT,BANT,REC,,,37.0
2026-09-03,3040265740,C611008-0101,ALTERNATOR CONTROL UNIT,BABE,REC,,,37.0
2026-09-03,3040265741,C611008-0101,ALTERNATOR CONTROL UNIT,BABR,REC,,,37.0
2026-09-03,3040265742,066-1072-04,"RECEIVER,RADIO",BACG,REC,,,37.0
2026-09-03,3040265743,066-1072-04,"RECEIVER,RADIO",BAMN,REC,,,37.0
2026-09-03,3040265744,066-1072-04,"RECEIVER,RADIO",PAMALS,REC,,,37.0
2026-09-03,3040265745,066-3084-32,IND RDR 2000 IN-182A,PAMALS,REC,,,37.0
2026-09-03,3040265746,066-3084-32,IND RDR 2000 IN-182A,PAMALS,REC,,,37.0
2026-09-03,3040265747,30994-001,BATTERY-MARATHON TSP410 NICAD,PAMALS,AUT,,,37.0
2026-09-03,3040265748,30994-001,BATTERY-MARATHON TSP410 NICAD,PAMALS,AUT,,,37.0
2026-09-03,3040265749,30994-001,BATTERY-MARATHON TSP410 NICAD,PAMALS,AUT,,,37.0
2026-09-03,3040265750,30994-001,BATTERY-MARATHON TSP410 NICAD,PAMALS,AUT,,,37.0
2026-09-03,3040265751,30994-001,BATTERY-MARATHON TSP410 NICAD,PAMALS,AUT,,,37.0
2026-09-03,3040265752,2641011-5,AXLE-MAIN GEAR,BAMN,REC,,,37.0
2026-09-03,3040265753,2641011-5,AXLE-MAIN GEAR,BAMN,REC,,,37.0
2026-09-03,3040265754,161-11700,INNER WHEEL HALF ASSY,BACO,AUT,,,37.0
2026-09-03,3040265755,161-12800,WHEEL HALF ASSY-INNER,BABE,REC,,,37.0
2026-09-03,3040265757,066-01141-0101,"RECEIVER,RADIO",PAMALS,REC,,,37.0
2026-09-03,3040265758,066-01141-0101,"RECEIVER,RADIO",PAMALS,REC,,,37.0
2026-09-03,3040265759,C660501-0103,"COMPASS,SPEC",DACTA II,REC,,,37.0
2026-09-03,3040265769,023694-000,BATTERY NICKEL CADMIUM,BAPV,REC,,,36.0
2026-09-03,3040265771,2651023-23,ENGINE MOUNT ASSEMBLY,PAMALS,REC,,,36.0
2026-09-03,3040265772,2651023-23,ENGINE MOUNT ASSEMBLY,PAMALS,REC,,,36.0
2026-09-03,3040265892,324843-0020,HEADSET-MICROPHONE,PAMALS,REC,,,31.0
2026-09-03,3040265893,324843-0020,HEADSET-MICROPHONE,PAMALS,OS concluída,,,
2026-09-03,3040265894,324843-0020,HEADSET-MICROPHONE,PAMALS,REC,,,31.0
2026-09-03,3040265895,324843-0020,HEADSET-MICROPHONE,PAMALS,REC,,,31.0
2026-09-03,3040265946,011-00870-00,MAGNETOMETER GMU 44,BAMN,REC,,,28.0
2026-09-03,3040265947,011-00870-00,MAGNETOMETER GMU 44,BAMN,REC,,,28.0
2026-09-03,3040266034,C662041-0102,INDICATOR FUEL,BABE,REC,,,24.0
2026-09-03,3040266040,C662041-0102,INDICATOR FUEL,PAMALS,REC,,,24.0
2026-09-03,3040266036,C662041-0102,INDICATOR FUEL,PAMALS,REC,,,24.0
2026-09-03,3040266035,C662041-0102,INDICATOR FUEL,PAMALS,REC,,,16.0
2026-09-03,3040266039,C662041-0102,INDICATOR FUEL,BANT,REC,,,16.0
2026-09-03,3040266041,C662041-0102,INDICATOR FUEL,PAMALS,REC,,,16.0
2026-09-03,3040266307,069-01033-0101,"RECEIVER-TRANSMITTER,RADIO",PAMALS,REC,,,14.0
2026-09-03,3040266308,069-01033-0101,"RECEIVER-TRANSMITTER,RADIO",BANT,REC,,,14.0
2026-09-03,3040266306,069-01033-0101,"RECEIVER-TRANSMITTER,RADIO",BACG,REC,,,14.0
2026-09-03,3040266307,069-01033-0101,"RECEIVER-TRANSMITTER,RADIO",PAMALS,REC,,,14.0
2026-09-03,3040266308,069-01033-0101,"RECEIVER-TRANSMITTER,RADIO",BANT,REC,,,14.0
2026-09-03,3040266568,C662504-0101,GAGE VOLT AMME,PAMALS,REC,,,3.0
2026-09-03,3040266567,C662504-0101,GAGE VOLT AMME,ALA 9,REC,,,3.0
2026-09-03,3040266566,C662504-0101,GAGE VOLT AMME,PAMALS,REC,,,3.0
2026-09-03,3040266569,C662504-0101,GAGE VOLT AMME,BABV,REC,,,3.0
2026-09-04,3040249831,066-01141-5101,"RECEIVER-TRANSMITTER,RADIO (KT71)",PAMALS,REC,EM REPARO,LEAP,571.0
2026-09-04,3040250248,452-0133,"BATTERY,NONRECHARGEABLE",BABR,REC,CONDENADO,VEE ONE,555.0
2026-09-04,3040250249,452-0133,"BATTERY,NONRECHARGEABLE",BAMN,REC,CONDENADO,VEE ONE,555.0
2026-09-04,3040250234,3034792,BOMBA DE COMBUSTÍVEL,PAMALS,REC,,BANT,555.0
2026-09-04,3040250816,453-5060,"BEACON,DISTRESS",BAMN,REC,,PAMA-LS,533.0
2026-09-04,3040250830,799-1,TRANSDUCER,BACO,REC,,BANT,533.0
2026-09-04,3040250829,51539-012N,CONTROL UNIT ASSY-GENERATOR,BAMN,OS concluída,,,
2026-09-04,3040250828,51539-012N,CONTROL UNIT ASSY-GENERATOR,BACG,REC,,BABR,533.0
2026-09-04,3040250827,51539-012N,CONTROL UNIT ASSY-GENERATOR,BANT,REC,,BABR,533.0
2026-09-04,3040250831,799-1,TRANSDUCER,BANT,REC,,BANT,533.0
2026-09-04,3040250833,9910586-4,FLAP ACTUATOR AND MOTOR ASSEMBLY,ALA 3,REC,,BAMN,533.0
2026-09-04,3040250834,9910586-4,FLAP ACTUATOR AND MOTOR ASSEMBLY,ALA 3,OS concluída,,,
2026-09-04,3040250832,9910338-4,FUEL TOTALIZER INDICATOR,EEAR,REC,,PAMA-LS,533.0
2026-09-04,3040250835,ASG12000-2,ALTERNATOR,ALA 5,REC,REPARADO,V1 PAMA-LS,533.0
2026-09-04,3040250841,C661030-0301,TURN BANK,PAMALS,REC,EM REPARO,LEAP,533.0
2026-09-04,3040250842,C662041-0102,INDICATOR FUEL,ALA 5,REC,,PAMA-LS,533.0
2026-09-04,3040250844,C662041-0102,INDICATOR FUEL,ALA 9,REC,,PAMA-LS,533.0
2026-09-04,3040250843,C662041-0102,INDICATOR FUEL,ALA 10,OS concluída,,,
2026-09-04,3040250719,060-0017-00,FLIGHT DIR HOR,PAMALS,REC,,BANT,533.0
2026-09-04,3040250720,060-0017-00,FLIGHT DIR HOR,BABV,OS concluída,,,
2026-09-04,3040250722,066-01141-5101,"RECEIVER-TRANSMITTER,RADIO (KT71)",ALA 9,REC,EM REPARO,WILLIAM,533.0
2026-09-04,3040250723,066-01141-5101,"RECEIVER-TRANSMITTER,RADIO (KT71)",CLA,REC,,BABR,533.0
2026-09-04,3040250721,060-0017-00,FLIGHT DIR HOR,BANT,OS concluída,,,
2026-09-04,3040250725,066-3046-07,"CONTROL,INDICATOR",ALA 10,OS concluída,,,
2026-09-04,3040250724,066-04035-1101,"DISPLAY UNIT,RADAR",PAMALS,REC,,BANT,533.0
2026-09-04,3040250732,069-1025-25,"RECEIVER-TRANSMITTER,RADIO - KX165",PAMALS,REC,EM REPARO,WILLIAM,533.0
2026-09-04,3040250782,2606012-1,INDICATOR-INTER-TURBINE TEMPERATURE,ALA 9,OS concluída,,,
2026-09-04,3040250775,161-11700,INNER WHEEL HALF ASSY,BABE,OS concluída,,,
2026-09-04,3040250773,161-11700,INNER WHEEL HALF ASSY,EEAR,REC,,BACG,533.0
2026-09-04,3040250718,030-18200,MAIN WHEEL BRAKE,BACO,OS concluída,,,
2026-09-04,3040250716,030-18200,MAIN WHEEL BRAKE,BABV,REC,EM REPARO,LEAP,533.0
2026-09-04,3040250717,030-18200,MAIN WHEEL BRAKE,BACO,OS concluída,,,
2026-09-04,3040250780,162-11800,WHEEL HALF ASSY-OUTER,PAMALS,OS concluída,,,
2026-09-04,3040250781,162-11800,WHEEL HALF ASSY-OUTER,BACG,OS concluída,,,
2026-09-04,3040250778,161-12800,WHEEL HALF ASSY-INNER,BACG,OS concluída,,,
2026-09-04,3040250776,161-12800,WHEEL HALF ASSY-INNER,BABE,OS concluída,,,
2026-09-04,3040250790,2643031-7,"FORK ASSY,NOSE GEAR SPRING",BAMN,OS concluída,,,
2026-09-04,3040250791,2643090-1,SHIMMY DAMPENE,BANT,REC,EM REPARO,AV AERONAUTICA,533.0
2026-09-04,3040250792,2643090-1,SHIMMY DAMPENE,BAMN,REC,REPARADO,V1 PAMA-LS,533.0
2026-09-04,3040250789,2641012-14,TRUNNION ASSY-RH-MAIN GEAR,PAMASP,OS concluída,,,
2026-09-04,3040250793,2643099-4,"SUPPORT ASSY FOWARD, NLG SPRING",BAMN,OS concluída,,,
2026-09-04,3040250798,30994-001,BATTERY-MARATHON TSP410 NICAD,BANT,OS concluída,CONDENADO,AMA - VEE ONE,
2026-09-04,3040252191,C611008-0101,ALTERNATOR CONTROL UNIT,PAMALS,REC,,BABR,500.0
2026-09-04,3040252159,011-00916-00,DISPLAY UNIT GDU 1040A,BAMN,REC,,BAMN,500.0
2026-09-04,3040252161,065-0042-03,COMPUTER PA,ALA 10,REC,EM REPARO,WILLIAM,500.0
2026-09-04,3040252162,065-0042-03,COMPUTER PA,EEAR,REC,,BABE,500.0
2026-09-04,3040252164,065-0042-03,COMPUTER PA,EEAR,REC,EM REPARO,WILLIAM,500.0
2026-09-04,3040252165,065-0042-03,COMPUTER PA,PAMALS,OS concluída,,,
2026-09-04,3040252166,065-0059-01,SERVO PITCH,EEAR,REC,EM REPARO,WILLIAM,500.0
2026-09-04,3040252168,066-03064-0005,"ALTIMETER,SERVO CONTROLLED,AUTOMATIC PRESSURE",ALA 9,OS concluída,,,
2026-09-04,3040252173,066-03064-0005,"ALTIMETER,SERVO CONTROLLED,AUTOMATIC PRESSURE",BANT,REC,EM REPARO,LEAP,500.0
2026-09-04,3040252172,066-03064-0005,"ALTIMETER,SERVO CONTROLLED,AUTOMATIC PRESSURE",PAMALS,REC,NO ESTADO,VEE ONE,500.0
2026-09-04,3040252170,066-03064-0005,"ALTIMETER,SERVO CONTROLLED,AUTOMATIC PRESSURE",ALA 7,REC,NO ESTADO,VEE ONE,500.0
2026-09-04,3040252178,066-1072-00,RECEIVER ADF (KING KR87),PAMALS,OS concluída,,,
2026-09-04,3040252182,066-1072-04,"RECEIVER,RADIO",ALA 9,OS concluída,,,
2026-09-04,3040252181,066-1072-04,"RECEIVER,RADIO",PAMASP,REC,EM REPARO,WILLIAM,500.0
2026-09-04,3040252180,066-1072-04,"RECEIVER,RADIO",ALA 8,OS concluída,,,
2026-09-04,3040252185,066-1072-04,"RECEIVER,RADIO",BAMN,OS concluída,,,
2026-09-04,3040252189,9910338-6,"TRANSMITTER,RATE OF FLOW",ALA 8,OS concluída,,,
2026-09-04,3040252190,9910338-6,"TRANSMITTER,RATE OF FLOW",BABR,OS concluída,,,
2026-09-04,3040252160,011-01020-10,AFCS MODE CONTROLLER GMC 710,BAMN,OS concluída,,,
2026-09-04,3040252939,C163030-1001,MAIN W BRAKE A,BABV,REC,,BAMN,470.0
2026-09-04,3040252936,030-18200,MAIN WHEEL BRAKE,BACO,REC,,PAMA-LS,470.0
2026-09-04,3040252935,030-18200,MAIN WHEEL BRAKE,BAMN,OS concluída,,,
2026-09-04,3040252940,30-182,MAIN WHEEL BRAKE,BABV,OS concluída,,,
2026-09-04,3040252942,30-182,MAIN WHEEL BRAKE,BAMN,OS concluída,,,
2026-09-04,3040252943,30-182,MAIN WHEEL BRAKE,BAMN,OS concluída,,,
2026-09-04,3040253170,161-12800,WHEEL HALF ASSY-INNER,BASM,OS concluída,,,
2026-09-04,3040253168,161-12800,WHEEL HALF ASSY-INNER,BASM,REC,,PAMA-LS,466.0
2026-09-04,3040253172,161-12800,WHEEL HALF ASSY-INNER,PAMALS,REC,,PAMA-LS,466.0
2026-09-04,3040253174,161-12800,WHEEL HALF ASSY-INNER,PAMALS,OS concluída,,,
2026-09-04,3040253173,161-12800,WHEEL HALF ASSY-INNER,PAMALS,REC,EM REPARO,LEAP,466.0
2026-09-04,3040253176,162-10700,OUTER WHEEL HALF ASSY,BABE,OS concluída,,,
2026-09-04,3040253177,162-10700,OUTER WHEEL HALF ASSY,BABV,REC,,PAMA-LS,466.0
2026-09-04,3040253178,162-10700,OUTER WHEEL HALF ASSY,PAMALS,REC,,PROCURANDO,466.0
2026-09-04,3040253179,162-11800,WHEEL HALF ASSY-OUTER,CLA,OS concluída,,,
2026-09-04,3040253181,162-11800,WHEEL HALF ASSY-OUTER,PAMALS,OS concluída,,,
2026-09-04,3040253180,162-11800,WHEEL HALF ASSY-OUTER,BASM,REC,,PROCURANDO,466.0
2026-09-04,3040253182,162-11800,WHEEL HALF ASSY-OUTER,PAMALS,REC,,PAMA-LS,466.0
2026-09-04,3040253536,2641012-14,TRUNNION ASSY-RH-MAIN GEAR,PAMALS,OS concluída,,,
2026-09-04,3040253529,066-03064-0005,"ALTIMETER,SERVO CONTROLLED,AUTOMATIC PRESSURE",DSM-MN,REC,DEVOLVIDO NO ESTADO,WILLIAM,456.0
2026-09-04,3040253528,066-03064-0005,"ALTIMETER,SERVO CONTROLLED,AUTOMATIC PRESSURE",BANT,OS concluída,,,
2026-09-04,3040253532,799-1,TRANSDUCER,PAMALS,REC,,BANT,456.0
2026-09-04,3040253535,2643099-4,"SUPPORT ASSY FOWARD, NLG SPRING",BABE,REC,CONDENADO,VEE ONE,456.0
2026-09-04,3040253531,799-1,TRANSDUCER,BAMN,REC,,VEE ONE,456.0
2026-09-04,3040253530,799-1,TRANSDUCER,BAMN,REC,,BANT,456.0
2026-09-04,3040253526,30994-001,BATTERY-MARATHON TSP410 NICAD,PAMALS,OS concluída,,PAMA-LS,
2026-09-04,3040253527,30994-001,BATTERY-MARATHON TSP410 NICAD,BAPV,OS concluída,,PAMA-LS,
2026-09-04,3040254195,540-1407-4,"VALVE,BLEED,TURBINEENGINE",PAMALS,REC,,BANT,438.0
2026-09-04,3040254201,2643090-3,SHIMMY DAMPER-NOSE GEAR,PAMALS,REC,,PAMA-LS,438.0
2026-09-04,3040254203,SE1070-6,SHIMMY DAMPENER ASSY,BACGINAT,OS concluída,,,
2026-09-04,3040254205,C660501-0103,"COMPASS,SPEC",PAMALS,REC,,PAMA-LS,438.0
2026-09-04,3040254206,C660501-0103,"COMPASS,SPEC",ALA 8,REC,EM REPARO EM GARANTIA,WILLIAM,438.0
2026-09-04,3040254208,C660501-0103,"COMPASS,SPEC",BABV,REC,,PAMA-LS,438.0
2026-09-04,3040254210,799-1,TRANSDUCER,BANT,REC,,BANT,438.0
2026-09-04,3040254792,2606013-1RX,INDICATOR-PERCENT RPM,BABR,REC,,BANT,429.0
2026-09-04,3040254770,069-1025-25,"RECEIVER-TRANSMITTER,RADIO - KX165",ALA 9,REC,EM REPARO,WILLIAM,429.0
2026-09-04,3040254799,453-5000-710,EMERGENCY LOCATOR TRANSMITTER MODEL C406-2,PAMASP,OS concluída,,,
2026-09-04,3040254806,C352TS,"EXTINGUISHER,FIRE",PAMALS,REC,,PAMA-LS,429.0
2026-09-04,3040254805,C352TS,"EXTINGUISHER,FIRE",PAMALS,OS concluída,,,
2026-09-04,3040254810,C352TS,"EXTINGUISHER,FIRE",PAMALS,OS concluída,,,
2026-09-04,3040254809,C352TS,"EXTINGUISHER,FIRE",PAMAGL,OS concluída,,,
2026-09-04,3040254803,C352TS,"EXTINGUISHER,FIRE",2 ETA,REC,,PAMA-LS,429.0
2026-09-04,3040254808,C352TS,"EXTINGUISHER,FIRE",BABR,REC,,PAMA-LS,429.0
2026-09-04,3040254795,D145-00-46-2,FLAP ACTUATOR ASSY,BABE,REC,,PAMA-LS,429.0
2026-09-04,3040254793,D145-00-46-2,FLAP ACTUATOR ASSY,PAMALS,REC,,PAMA-LS,429.0
2026-09-04,3040254815,C482001-0402,VACUUM REGULAT,PAMALS,REC,CONDENADO,VEE ONE,429.0
2026-09-04,3040254816,C482001-0402,VACUUM REGULAT,PAMALS,REC,CONDENADO,VEE ONE,429.0
2026-09-04,3040254820,2641011-5,AXLE-MAIN GEAR,BAMN,OS concluída,,,
2026-09-04,3040254817,2641011-5,AXLE-MAIN GEAR,BABE,OS concluída,,,
2026-09-04,3040254818,2641011-5,AXLE-MAIN GEAR,BABE,OS concluída,,,
2026-09-04,3040254819,2641011-5,AXLE-MAIN GEAR,BANT,OS concluída,,,
2026-09-04,3040254796,30994-001,BATTERY-MARATHON TSP410 NICAD,BAMN,OS concluída,,,
2026-09-04,3040254789,452-0133,"BATTERY,NONRECHARGEABLE",BAMN,REC,CONDENADO,VEE ONE,429.0
2026-09-04,3040254788,452-0133,"BATTERY,NONRECHARGEABLE",BAMN,REC,CONDENADO,VEE ONE,429.0
2026-09-04,3040254787,452-0133,"BATTERY PACK,AIRCRAFT",DACTA II,REC,CONDENADO,VEE ONE,429.0
2026-09-04,3040254786,452-0133,"BATTERY PACK,AIRCRAFT",BAMN,REC,CONDENADO,VEE ONE,429.0
2026-09-04,3040254785,452-0133,"BATTERY,NONRECHARGEABLE",BAMN,REC,CONDENADO,VEE ONE,429.0
2026-09-04,3040254784,452-0133,"BATTERY,NONRECHARGEABLE",DACTA II,REC,CONDENADO,VEE ONE,429.0
2026-09-04,3040255326,011-00916-00,DISPLAY UNIT GDU 1040A,BAMN,REC,,BAMN,420.0
2026-09-04,3040255319,702801-5,FUEL PUMP,PAMASP,REC,EM REPARO,VEE ONE,420.0
2026-09-04,3040255321,8210-002,"GOVERNOR,CONSTANT SPEED DRIVE",PAMALS,OS concluída,,,
2026-09-04,3040255461,DAAS-A-010-1,ADAS-D PROCESSOR,PAMALS,REC,EM REPARO,VEE ONE,416.0
2026-09-04,3040255589,071-01519-0101,"RECEIVER-EXCITER,RADAR",BANT,REC,,PROCURANDO,414.0
2026-09-04,3040255590,071-01519-0101,"RECEIVER-EXCITER,RADAR",PAMALS,OS concluída,,,
2026-09-04,3040255706,C661064-0237,AIRSPEED INDICATOR,BAMN,OS concluída,,,
2026-09-04,3040256114,5934PAD-3,"ALTIMETER,PRESSURE",PAMALS,REC,EM REPARO,VEE ONE,400.0
2026-09-04,3040256119,011-00878-10,GSA-81 TORQUE SERVO,BAPV,REC,EM REPARO,LEAP,400.0
2026-09-04,3040256112,011-00883-20,RADAR GWX 68 WEATHER,BABE,REC,,BAMN,400.0
2026-09-04,3040256115,5934PAD-3,"ALTIMETER,PRESSURE",PAMALS,OS concluída,,,
2026-09-04,3040256118,011-00878-10,GSA-81 TORQUE SERVO,BAPV,REC,,BACO,400.0
2026-09-04,3040256120,011-00916-10,"DISPLAY UNIT,FLIGHT INFORMATION",BAMN,OS concluída,,,
2026-09-04,3040256314,066-4010-12,RECEIVER VOR/LOC (KNS81),EEAR,REC,EM REPARO,LEAP,387.0
2026-09-04,3040256311,3121248-03,"VALVE ASSEMBLY,COMPRESSOR BLEED",PAMALS,OS concluída,,,
2026-09-04,3040256704,C661064-0237,AIRSPEED INDICATOR,PAMALS,OS concluída,,,
2026-09-04,3040256707,D210507,"GOVERNOR,OVERSPEED",PAMALS,OS concluída,,,
2026-09-04,3040256708,D210507,"GOVERNOR,OVERSPEED",PAMALS,REC,REPARADO,VEE ONE,378.0
2026-09-04,3040256702,C661064-0237,AIRSPEED INDICATOR,BABR,OS concluída,,,
2026-09-04,3040256703,C661064-0237,AIRSPEED INDICATOR,PAMALS,OS concluída,,,
2026-09-04,3040256662,030-18200,MAIN WHEEL BRAKE,BASM,OS concluída,,,
2026-09-04,3040256665,161-11700,INNER WHEEL HALF ASSY,BABV,OS concluída,,,
2026-09-04,3040256666,161-11700,INNER WHEEL HALF ASSY,PAMALS,OS concluída,,,
2026-09-04,3040256667,161-11700,INNER WHEEL HALF ASSY,PAMALS,OS concluída,,,
2026-09-04,3040256668,161-11700,INNER WHEEL HALF ASSY,PAMALS,OS concluída,,,
2026-09-04,3040256669,161-11700,INNER WHEEL HALF ASSY,PAMALS,OS concluída,,,
2026-09-04,3040256670,161-11700,INNER WHEEL HALF ASSY,PAMALS,OS concluída,,,
2026-09-04,3040256671,161-11700,INNER WHEEL HALF ASSY,PAMALS,REC,,PAMA-LS,378.0
2026-09-04,3040256698,030-18200,MAIN WHEEL BRAKE,PAMASP,REC,,BABE,378.0
2026-09-04,3040256713,030-18200,MAIN WHEEL BRAKE,ALA 3,REC,,BAMN,378.0
2026-09-04,3040256694,162-11800,WHEEL HALF ASSY-OUTER,BANT,OS concluída,,,
2026-09-04,3040256696,162-11800,WHEEL HALF ASSY-OUTER,PAMALS,REC,,PAMA-LS,378.0
2026-09-04,3040256672,161-12800,WHEEL HALF ASSY-INNER,PAMALS,OS concluída,,PAMA-LS,
2026-09-04,3040256675,161-12800,WHEEL HALF ASSY-INNER,BANT,OS concluída,,,
2026-09-04,3040256792,011-00877-00,"GSA-80 SERVO ROL,YAW,SPEC",BAMN,REC,,PROCURANDO,378.0
2026-09-04,3040256787,011-00877-00,"GSA-80 SERVO ROL,YAW,SPEC",PAMALS,REC,EM REPARO,VEE ONE,378.0
2026-09-04,3040256828,011-00883-20,RADAR GWX 68 WEATHER,PAMALS,REC,,PAMA-LS,378.0
2026-09-04,3040256709,3121248-03,"VALVE ASSEMBLY,COMPRESSOR BLEED",PAMASP,REC,,BANT,375.0
2026-09-04,3040256673,161-12800,WHEEL HALF ASSY-INNER,PAMALS,REC,CONDENADO,VEE ONE,375.0
2026-09-04,3040257095,011-01105-01,INTEGRATED AVIONICS UNIT GIA63W,BABE,REC,EM REPARO,VEE ONE,371.0
2026-09-04,3040257096,011-01105-01,INTEGRATED AVIONICS UNIT GIA63W,BABE,REC,,BAMN,371.0
2026-09-04,3040257093,065-00183-0501,AUTOPILOT COMPUTER KFC225,BABE,REC,,BANT,371.0
2026-09-04,3040257094,065-00183-0501,AUTOPILOT COMPUTER KFC225,BABE,REC,,BANT,371.0
2026-09-04,3040257443,161-12800,WHEEL HALF ASSY-INNER,ALA 3,AUT,,,359.0
2026-09-04,3040257442,C163030-1001,MAIN W BRAKE A,BAMN,OS concluída,,BAMN,
2026-09-04,3040257452,3244809-8,"FUEL CONTROL,MAIN,TURBINE ENGINE",BAPV,OS concluída,,,
2026-09-04,3040257454,EA-5172-45-CES,"INDICATOR,AIRSPEED",BACG,OS concluída,,,
2026-09-04,3040257453,EA-5172-45-CES,"INDICATOR,AIRSPEED",ALA 7,REC,DEVOLVIDO NO ESTADO,WILLIAM,352.0
2026-09-04,3040257451,3244809-7,"FUEL CONTROL,MAIN,TURBINE ENGINE",PAMASP,REC,,BANT,352.0
2026-09-04,3040257450,3244809-4,"FUEL CONTROL,MAIN,TURBINE ENGINE",PAMASP,OS concluída,EM REPARO,LEAP,
2026-09-04,3040257438,030-18200,MAIN WHEEL BRAKE,BAMN,REC,REPARADO,VEE ONE,352.0
2026-09-04,3040257444,162-10700,OUTER WHEEL HALF ASSY,PAMALS,OS concluída,,,
2026-09-04,3040257447,162-10700,OUTER WHEEL HALF ASSY,PAMALS,OS concluída,,,
2026-09-04,3040257436,30994-001,BATTERY-MARATHON TSP410 NICAD,PAMALS,OS concluída,,PAMA-LS,
2026-09-04,3040257441,030-18200,MAIN WHEEL BRAKE,BAPV,REC,,BAMN,352.0
2026-09-04,3040257440,030-18200,MAIN WHEEL BRAKE,BANT,REC,CONDENADO,VEE ONE,352.0
2026-09-04,3040257439,030-18200,MAIN WHEEL BRAKE,BAMN,REC,,BAMN,352.0
2026-09-04,3040258306,D210507,"GOVERNOR,OVERSPEED",PAMALS,REC,EM REPARO,LEAP,332.0
2026-09-04,3040258310,D210507,"GOVERNOR,OVERSPEED",BACO,OS concluída,,,
2026-09-04,3040258309,D210507,"GOVERNOR,OVERSPEED",BAMN,REC,EM REPARO,LEAP,332.0
2026-09-04,3040258308,D210507,"GOVERNOR,OVERSPEED",BAMN,OS concluída,,,
2026-09-04,3040258307,D210507,"GOVERNOR,OVERSPEED",ALA 5,OS concluída,,,
2026-09-04,3040258303,011-00877-00,"GSA-80 SERVO ROL,YAW,SPEC",DACTA II,REC,EM REPARO,VEE ONE,332.0
2026-09-04,3040258422,2601188-8,COMPRESSOR DRIVE ASSY R134A,PAMASP,REC,,PROCURANDO,330.0
2026-09-04,3040258419,011-00877-00,"GSA-80 SERVO ROL,YAW,SPEC",DACTA II,REC,EM REPARO,VEE ONE,330.0
2026-09-04,3040258420,011-00877-00,"GSA-80 SERVO ROL,YAW,SPEC",BACO,REC,EM REPARO,VEE ONE,330.0
2026-09-04,3040258421,011-00877-00,"GSA-80 SERVO ROL,YAW,SPEC",BABE,REC,,BACO,330.0
2026-09-04,3040258764,069-01034-0102,"NAVIGATION SET,SATELLITE SIGNALS KLN-94",PAMALS,REC,,BANT,323.0
2026-09-04,3040259152,066-01141-5101,"TRANSPONDER,RADAR",BABE,REC,,BANT,304.0
2026-09-04,3040259151,066-01141-5101,"TRANSPONDER,RADAR",BANT,REC,,BANT,304.0
2026-09-04,3040259251,064-1019-05,VHF TRANSCEIVE KY196,EEAR,REC,,EEAR,302.0
2026-09-04,3040259146,1U149-015-15,HORIZ. GYRO-STADBY,PAMALS,REC,EM REPARO,VEE ONE,301.0
2026-09-04,3040259147,162-10700,OUTER WHEEL HALF ASSY,BANT,REC,EM REPARO,AMA - VEE ONE,301.0
2026-09-04,3040259148,3049038-03,"VALVE,COMPRESSOR BLEED",BANT,OS concluída,,,
2026-09-04,3040259316,2606015-4,INDICATOR-OIL TEMP/OIL PRESS,BACG,REC,,PAMA-LS,298.0
2026-09-04,3040259564,C414007-0102,BLOWER ASSY,PAMALS,OS concluída,,,
2026-09-04,3040259568,C414007-0102,BLOWER ASSY,ALA 10,OS concluída,,,
2026-09-04,3040259570,C414007-0102,BLOWER ASSY,ALA 10,OS concluída,,,
2026-09-04,3040259694,025323-150,FUEL PUMP,PAMASP,REC,,BACO,290.0
2026-09-04,3040259922,C414007-0102,BLOWER ASSY,BANT,REC,,PAMA-LS,283.0
2026-09-04,3040259928,C414007-0102,BLOWER ASSY,PAMALS,REC,EM REPARO,VEE ONE,283.0
2026-09-04,3040259924,C414007-0102,BLOWER ASSY,BACG,REC,EM REPARO,VEE ONE,283.0
2026-09-04,3040259918,C414007-0102,BLOWER ASSY,ALA 10,OS concluída,,VEE ONE,
2026-09-04,3040259950,065-0060-01,"CONTROL,SERVO,AUTOMATIC PILOT",PAMALS,REC,EM REPARO,LEAP,283.0
2026-09-04,3040259949,065-0060-01,"CONTROL,SERVO,AUTOMATIC PILOT",PAMALS,REC,EM REPARO,LEAP,283.0
2026-09-04,3040259947,066-3046-07,"CONTROL,INDICATOR",EEAR,OS concluída,,,
2026-09-04,3040259946,066-3046-07,"CONTROL,INDICATOR",BANT,REC,,BANT,283.0
2026-09-04,3040259944,066-3046-07,"CONTROL,INDICATOR",EEAR,REC,,PAMA-LS,283.0
2026-09-04,3040260209,011-00916-00,DISPLAY UNIT GDU 1040A,PAMALS,REC,,BAMN,269.0
2026-09-04,3040260208,324843-W020,HEADSET-MICROPHONE,PAMALS,REC,VAI SER DEVOLVIDO SEM REPARO,WILLIAM,269.0
2026-09-04,3040260204,324843-W020,HEADSET-MICROPHONE,PAMALS,OS concluída,,,
2026-09-04,3040260205,324843-W020,HEADSET-MICROPHONE,PAMALS,OS concluída,,,
2026-09-04,3040260388,SD5H14C4527,AIR COMPRESSOR,PAMALS,REC,EM REPARO,VEE ONE,262.0
2026-09-04,3040260382,065-00183-0501,AUTOPILOT COMPUTER KFC225,BANT,REC,,BANT,262.0
2026-09-04,3040260389,SD5H14C4527,AIR COMPRESSOR,PAMALS,REC,EM REPARO,VEE ONE,262.0
2026-09-04,3040260517,ASG12000-2,ALTERNATOR,PAMALS,OS concluída,,,
2026-09-04,3040260524,51539-012M,CONTROL UNIT ASSY-GENERATOR,BANT,REC,,BACG,259.0
2026-09-04,3040260516,ASG12000-2,ALTERNATOR,PAMALS,REC,,V1 PAMA-LS,259.0
2026-09-04,3040260523,9910592-2,ALTERNADOR,BAMN,OS concluída,,babr,
2026-09-04,3040260522,9910592-2,ALTERNADOR,BAMN,REC,,dacta II,259.0
2026-09-04,3040260547,161-12800,WHEEL HALF ASSY-INNER,EPCAR,OS concluída,,BABE,
2026-09-04,3040260545,161-11700,INNER WHEEL HALF ASSY,BACG,OS concluída,,,
2026-09-04,3040260544,161-11700,INNER WHEEL HALF ASSY,BANT,OS concluída,,,
2026-09-04,3040260546,161-12800,WHEEL HALF ASSY-INNER,PAMALS,REC,,,241.0
2026-09-04,3040260548,161-11700,INNER WHEEL HALF ASSY,CLA,OS concluída,,,
2026-09-04,3040260549,162-10700,OUTER WHEEL HALF ASSY,BACG,OS concluída,,,
2026-09-04,3040260550,162-10700,OUTER WHEEL HALF ASSY,CLA,OS concluída,,,
2026-09-04,3040260551,162-11800,WHEEL HALF ASSY-OUTER,BANT,REC,,,241.0
2026-09-04,3040260552,30994-001,BATTERY-MARATHON TSP410 NICAD,BABE,OS concluída,,PAMA-LS,
2026-09-04,3040260543,324843-W020,HEADSET-MICROPHONE,PAMALS,REC,,PAMA-LS,241.0
2026-09-04,3040260542,324843-W020,HEADSET-MICROPHONE,PAMALS,REC,,BABE,241.0
2026-09-04,3040260541,324843-W020,HEADSET-MICROPHONE,PAMALS,OS concluída,,,
2026-09-04,3040260540,324843-W020,HEADSET-MICROPHONE,PAMALS,OS concluída,,,
2026-09-04,3040260538,324843-W020,HEADSET-MICROPHONE,PAMALS,REC,,BABE,241.0
2026-09-04,3040260539,324843-W020,HEADSET-MICROPHONE,PAMALS,REC,,BABE,241.0
2026-09-04,3040260595,9910586-4,FLAP ACTUATOR AND MOTOR ASSEMBLY,7 ETA,REC,,BAMN,241.0
2026-09-04,3040260597,9910586-4,FLAP ACTUATOR AND MOTOR ASSEMBLY,BAPV,OS concluída,,BABR,
2026-09-04,3040260583,3244897-4,FUEL CONTROL UNIT,PAMALS,OS concluída,,,
2026-09-04,3040260750,3122678-04,FUEL CONTROL UNIT,PAMASP,REC,,BANT,233.0
2026-09-04,3040260752,3244897-4,FUEL CONTROL UNIT,PAMASP,OS concluída,,,
2026-09-04,3040260753,3244809-7,"FUEL CONTROL,MAIN,TURBINE ENGINE",PAMASP,OS concluída,,,
2026-09-04,3040260754,3244809-1,"FUEL CONTROL,MAIN,TURBINE ENGINE",PAMASP,REC,EM QUARENTENA,LEAP,233.0
2026-09-04,3040254794,C145-350,"MOTOR,DIRECT CURRENT",PAMALS,OS concluída,,,
2026-09-04,3040260913,064-1054-30,RECEIVER-TRANSMITTER SUBASSEMBLY,EPCAR,REC,,V1 PAMA-LS,221.0
2026-09-04,3040260915,064-1054-30,RECEIVER-TRANSMITTER SUBASSEMBLY,PAMALS,REC,,BABR,221.0
2026-09-04,3040260811,3034792,BOMBA DE COMBUSTÍVEL,BAPV,OS concluída,,BABR,
2026-09-04,3040260812,3034792,BOMBA DE COMBUSTÍVEL,BACG,OS concluída,,,
2026-09-04,3040260922,162-11800,WHEEL HALF ASSY-OUTER,PAMALS,OS concluída,,,
2026-09-04,3040260923,030-18200,MAIN WHEEL BRAKE,BACO,REC,REPARADO,VEE ONE,219.0
2026-09-04,3040261389,3034792,BOMBA DE COMBUSTÍVEL,PAMASP,OS concluída,REPARADO,V1 PAMA-LS,
2026-09-04,3040261388,3034792,BOMBA DE COMBUSTÍVEL,BABR,OS concluída,,,
2026-09-04,3040261387,3034792,BOMBA DE COMBUSTÍVEL,BABR,OS concluída,,,
2026-09-04,3040261371,TFF2905-13,FUEL FLOW TRANSDUCER,ALA 8,REC,,PAMA-LS,206.0
2026-09-04,3040261375,C661065-0240RX,"INDICATOR, AIRSPEED",BACG,REC,EM REPARO,WILLIAM,206.0
2026-09-04,3040261373,C661065-0240,AIRSPEED INDICATOR,BABE,REC,,PAMA-LS,206.0
2026-09-04,3040261322,011-00831-00,"ENGINE INTERFA,SPEC",BAPV,REC,,VEE ONE,206.0
2026-09-04,3040261326,011-00882-10,"COMPUTER,AIR DATA",BAMN,OS concluída,,,
2026-09-04,3040261324,011-00882-10,"COMPUTER,AIR DATA",BAMN,OS concluída,,,
2026-09-04,3040261327,064-1054-30,RECEIVER-TRANSMITTER SUBASSEMBLY,PAMASP,REC,,PAMA-LS,206.0
2026-09-04,3040261336,066-01141-0101,"RECEIVER,RADIO",BANT,REC,,PAMA-LS,206.0
2026-09-04,3040261334,065-0065-01,SELECTOR ALT,BANT,REC,,PAMA-LS,206.0
2026-09-04,3040261331,065-0061-36,ACTUATOR TRIM (KS272A),PAMASP,OS concluída,,BABR,
2026-09-04,3040261329,065-0061-36,ACTUATOR TRIM (KS272A),ALA 10,OS concluída,,,
2026-09-04,3040261335,065-0065-01,SELECTOR ALT,BANT,REC,,PAMA-LS,206.0
2026-09-04,3040261342,066-3084-02,COLOR RADAR INDICATOR,BABV,REC,,PAMA-LS,206.0
2026-09-04,3040261340,066-1053-00,"RECEIVER,RADIO",BASM,REC,,PAMA-LS,206.0
2026-09-04,3040261377,066-3054-01,INDICATOR RADAR ALTIMETER - TYPE KI250,PAMALS,REC,EM REPARO,WILLIAM,206.0
2026-09-04,3040261376,066-1061-03,RT RADAR ALTIM (KRA10A),PAMALS,REC,PARA REPARO,VEE ONE,206.0
2026-09-04,3040261352,1134380-4,EVAPORATOR MODULE ASSY-RH,BAMN,REC,CONDENADO,VEE ONE,206.0
2026-09-04,3040261347,071-1234-00,ANTENNA ACCESSORY,ALA 1,REC,EM REPARO,WILLIAM,206.0
2026-09-04,3040261344,066-4010-12,RECEIVER VOR/LOC (KNS81),ALA 10,REC,EM REPARO,WILLIAM,206.0
2026-09-04,3040261353,1H75-21,PRESSURE REGULATOR,BAMN,OS concluída,,BAMN,
2026-09-04,3040261357,2682001-1,BRAKE CYL MAST,BABE,OS concluída,,,
2026-09-04,3040261356,2670104-2,ANNUNCIATOR PANEL,PAMALS,OS concluída,,,
2026-09-04,3040261355,2643100-201,NOSE GEAR STRUT ASSY - TALL FORK,BABR,OS concluída,,,
2026-09-04,3040261354,2643100-201,NOSE GEAR STRUT ASSY - TALL FORK,BANT,REC,EM REPARO,AV AERONAUTICA,206.0
2026-09-04,3040261364,8210-002-01,GOVERNOR PROPELLER,PAMASP,REC,REPARADO,VEE ONE,206.0
2026-09-04,3040261627,S3828-1,ALTIMETER,BAMN,REC,,PAMA-LS,192.0
2026-09-04,3040261628,S3828-1,ALTIMETER,BABE,REC,REPARADO,V1 PAMA-LS,192.0
2026-09-04,3040261851,51539-012MRX,CONTROL UNIT ASSY-GENERATOR,BABE,REC,EM REPARO,VEE ONE,184.0
2026-09-04,3040261852,51539-012MRX,CONTROL UNIT ASSY-GENERATOR,BABE,REC,EM REPARO,VEE ONE,184.0
2026-09-04,3040261843,3034792,BOMBA DE COMBUSTÍVEL,PAMALS,REC,EM REPARO,VEE ONE,179.0
2026-09-04,3040262245,200SGL119Q-2,STARTER GENERATOR,BAMN,OS concluída,,,
2026-09-04,3040262246,200SGL119Q-2,STARTER GENERATOR,BAMN,OS concluída,,,
2026-09-04,3040262273,324843-W020,HEADSET-MICROPHONE,BABE,OS concluída,,,
2026-09-04,3040262275,324843-W020,HEADSET-MICROPHONE,BANT,OS concluída,,,
2026-09-04,3040262363,066-1055-00,AUDIO CONTROL PANEL,ALA 5,OS concluída,,,
2026-09-04,3040262367,066-1055-00,AUDIO CONTROL PANEL,ALA 9,REC,,WILLIAM,162.0
2026-09-04,3040262368,066-1055-00,AUDIO CONTROL PANEL,CLA,OS concluída,,,
2026-09-04,3040262372,51539-012M,CONTROL UNIT ASSY-GENERATOR,BANT,REC,,PAMA-LS,162.0
2026-09-04,3040262371,51539-012N,CONTROL UNIT ASSY-GENERATOR,BANT,REC,,PAMA-LS,162.0
2026-09-04,3040262419,065-0061-36,ACTUATOR TRIM (KS272A),ALA 9,REC,EM REPARO,WILLIAM,157.0
2026-09-04,3040262734,C352,PORTABLE HALON FIRE EXTINGUISHERS,ALA 5,REC,EM REPARO,AV AERONAUTICA,144.0
2026-09-04,3040262738,C352TS,"EXTINGUISHER,FIRE",BANT,REC,,AV AERONÁUTICA,144.0
2026-09-04,3040262739,C352TS,"EXTINGUISHER,FIRE",BANT,REC,,AV AERONÁUTICA,144.0
2026-09-04,3040262740,C352TS,"EXTINGUISHER,FIRE",PAMALS,REC,,AV AERONÁUTICA,144.0
2026-09-04,3040262766,011-00883-20,RADAR GWX 68 WEATHER,BAMN,OS concluída,,V1 PAMA-LS,
2026-09-04,3040262765,011-00883-20,RADAR GWX 68 WEATHER,BAMN,REC,,V1 PAMA-LS,144.0
2026-09-04,3040262772,011-01020-10,AFCS MODE CONTROLLER GMC 710,BAMN,REC,,PAMA-LS,144.0
2026-09-04,3040262770,011-01020-10,AFCS MODE CONTROLLER GMC 710,BAMN,REC,,PAMA-LS,144.0
2026-09-04,3040262773,011-01020-10,AFCS MODE CONTROLLER GMC 710,BAMN,REC,,PAMA-LS,144.0
2026-09-04,3040262746,066-1070-01,TRANSCEIVER DME (KN63),BABE,REC,EM REPARO,WILLIAM,144.0
2026-09-04,3040262745,064-1019-05,VHF TRANSCEIVE KY196,EEAR,REC,EM REPARO,VEE ONE,144.0
2026-09-04,3040262747,066-1072-00,RECEIVER ADF (KING KR87),ALA 7,REC,EM REPARO,WILLIAM,144.0
2026-09-04,3040262748,066-3046-07,"CONTROL,INDICATOR",BABR,REC,,BANT,144.0
2026-09-04,3040262769,066-3046-07,"CONTROL,INDICATOR",BABR,REC,,BANT,144.0
2026-09-04,3040262768,066-3046-07,"CONTROL,INDICATOR",EEAR,OS concluída,,BABR,
2026-09-04,3040262767,066-3046-07,"CONTROL,INDICATOR",EEAR,REC,EM REPARO,LEAP,144.0
2026-09-04,3040262791,066-3060-00,IND RMI KNI582,BANT,OS concluída,,,
2026-09-04,3040262630,161-11700,INNER WHEEL HALF ASSY,BANT,REC,,PAMA-LS,144.0
2026-09-04,3040262792,066-3060-00,IND RMI KNI582,BANT,REC,EM REPARO,LEAP,144.0
2026-09-04,3040262634,162-10700,OUTER WHEEL HALF ASSY,BANT,OS concluída,,PAMA-LS,
2026-09-04,3040262632,161-12800,WHEEL HALF ASSY-INNER,BANT,OS concluída,REPARADO,VEE ONE,
2026-09-04,3040262633,161-12800,WHEEL HALF ASSY-INNER,BANT,OS concluída,,,
2026-09-04,3040262635,162-11800,WHEEL HALF ASSY-OUTER,EPCAR,OS concluída,,,
2026-09-04,3040262637,162-11800,WHEEL HALF ASSY-OUTER,BANT,REC,REPARADO,VEE ONE,144.0
2026-09-04,3040262636,162-11800,WHEEL HALF ASSY-OUTER,BANT,OS concluída,REPARADO,VEE ONE,
2026-09-04,3040262646,200SGL119Q,STARTER GENERATOR,PAMASP,OS concluída,,,
2026-09-04,3040262639,200SGL119Q,STARTER GENERATOR,PAMASP,OS concluída,,PAMA-LS,
2026-09-04,3040262638,200SGL119Q,STARTER GENERATOR,PAMALS,REC,EM REPARO,AV AERONAUTICA,144.0
2026-09-04,3040262757,2606015-2,IND OIL TEMP/P,PAMALS,REC,EM REPARO,VEE ONE,144.0
2026-09-04,3040262706,2641011-5,AXLE-MAIN GEAR,BAMN,REC,,BANT,144.0
2026-09-04,3040262707,2641011-5,AXLE-MAIN GEAR,BABV,OS concluída,REPARADO,VEE ONE,
2026-09-04,3040262717,2641011-5,AXLE-MAIN GEAR,BANT,OS concluída,REPARADO,VEE ONE,
2026-09-04,3040262714,2641011-5,AXLE-MAIN GEAR,BAPV,REC,,BANT,144.0
2026-09-04,3040262713,2641011-5,AXLE-MAIN GEAR,BAPV,OS concluída,,,
2026-09-04,3040262712,2641011-5,AXLE-MAIN GEAR,BABR,REC,,BANT,144.0
2026-09-04,3040262711,2641011-5,AXLE-MAIN GEAR,BABR,REC,,BANT,144.0
2026-09-04,3040262709,2641011-5,AXLE-MAIN GEAR,PAMALS,REC,,BANT,144.0
2026-09-04,3040262708,2641011-5,AXLE-MAIN GEAR,PAMALS,REC,,BANT,144.0
2026-09-04,3040262744,3244809-1A,F.C.U,PAMALS,REC,EM REPARO,LEAP,144.0
2026-09-04,3040262758,9910338-4,FUEL TOTALIZER INDICATOR,PAMALS,REC,EM REPARO,VEE ONE,144.0
2026-09-04,3040262759,9910338-6,"TRANSMITTER,RATE OF FLOW",BAMN,REC,,PAMA-LS,144.0
2026-09-04,3040262760,9910338-6,"TRANSMITTER,RATE OF FLOW",BANT,REC,EM REPARO,VEE ONE,144.0
2026-09-04,3040262966,2682001-1,BRAKE CYL MAST,BACO,OS concluída,,PAMA-LS,
2026-09-04,3040262967,2682001-1,BRAKE CYL MAST,PAMALS,REC,,PAMA-LS,142.0
2026-09-04,3040262968,2682001-1,BRAKE CYL MAST,BANT,OS concluída,,PAMA-LS,
2026-09-04,3040262969,2682001-1,BRAKE CYL MAST,BABE,REC,,PAMA-LS,142.0
2026-09-04,3040263069,453-5060,ELT C406-N,BABE,OS concluída,,,
2026-09-04,3040263283,D145-00-46-2,FLAP ACTUATOR ASSY,PAMALS,REC,,,127.0
2026-09-04,3040263284,D145-00-46-2,FLAP ACTUATOR ASSY,BAFL,REC,,,127.0
2026-09-04,3040263324,069-01033-0101,"RECEIVER-TRANSMITTER,RADIO",PAMALS,REC,EM REPARO,LEAP,127.0
2026-09-04,3040263287,C661065-0237,AIRSPEED INDICATOR,BABR,OS concluída,,,
2026-09-04,3040263288,C661065-0237,AIRSPEED INDICATOR,PAMASP,OS concluída,,,
2026-09-04,3040263314,060-0017-00,FLIGHT DIR HOR,EEAR,REC,EM REPARO,LEAP,127.0
2026-09-04,3040263319,066-1055-00,AUDIO CONTROL PANEL,BABE,OS concluída,,,
2026-09-04,3040263317,060-0017-00,FLIGHT DIR HOR,PAMASP,REC,,BANT,127.0
2026-09-04,3040263316,060-0017-00,FLIGHT DIR HOR,BANT,REC,,BANT,127.0
2026-09-04,3040263320,066-1055-00,AUDIO CONTROL PANEL,PAMALS,REC,EM REPARO,AV AERONAUTICA,127.0
2026-09-04,3040263325,069-01033-0101,"RECEIVER-TRANSMITTER,RADIO",PAMALS,REC,,,127.0
2026-09-04,3040263335,C611008-0101,ALTERNATOR CONTROL UNIT,PAMALS,REC,,BANT,127.0
2026-09-04,3040263336,C611008-0101,ALTERNATOR CONTROL UNIT,PAMALS,REC,,BANT,127.0
2026-09-04,3040263286,C661065-0237,AIRSPEED INDICATOR,BANT,REC,,PAMA-LS,127.0
2026-09-04,3040263322,066-1055-00,AUDIO CONTROL PANEL,ALA 9,REC,EM REPARO,WILLIAM,127.0
2026-09-04,3040263326,069-01033-0101,"RECEIVER-TRANSMITTER,RADIO",PAMALS,REC,,BANT,127.0
2026-09-04,3040263315,060-0017-00,FLIGHT DIR HOR,BACG,OS concluída,,BABR,
2026-09-04,3040263334,011-00916-10,"DISPLAY UNIT,FLIGHT INFORMATION",BACO,REC,,WILLIAM,127.0
2026-09-04,3040263333,011-00916-10,"DISPLAY UNIT,FLIGHT INFORMATION",BACO,OS concluída,,BAMN,
2026-09-04,3040263332,011-00916-10,"DISPLAY UNIT,FLIGHT INFORMATION",BAMN,OS concluída,,,
2026-09-04,3040263331,C661064-0237,AIRSPEED INDICATOR,PAMALS,REC,,PAMA-LS,127.0
2026-09-04,3040263329,C661064-0237,AIRSPEED INDICATOR,PAMALS,REC,,PAMA-LS,127.0
2026-09-04,3040263328,C661064-0237,AIRSPEED INDICATOR,BABR,REC,EM REPARO,WILLIAM,127.0
2026-09-04,3040263327,C661064-0237,AIRSPEED INDICATOR,BABR,REC,EM REPARO,WILLIAM,127.0
2026-09-04,3040263330,C661064-0237,AIRSPEED INDICATOR,PAMALS,REC,,PAMA-LS,127.0
2026-09-04,3040263338,C611008-0101,ALTERNATOR CONTROL UNIT,PAMALS,REC,,V1 PAMA-LS,127.0
2026-09-04,3040263433,066-03064-0005,"ALTIMETER,SERVO CONTROLLED,AUTOMATIC PRESSURE",BACG,REC,,PAMA-LS,121.0
2026-09-04,3040263435,066-03064-0005,"ALTIMETER,SERVO CONTROLLED,AUTOMATIC PRESSURE",BANT,REC,,PAMA-LS,121.0
2026-09-04,3040263434,066-03064-0005,"ALTIMETER,SERVO CONTROLLED,AUTOMATIC PRESSURE",PAMASP,REC,,PAMA-LS,121.0
2026-09-04,3040263417,069-01033-0101,"RECEIVER-TRANSMITTER,RADIO",PAMALS,REC,EM REPARO,WILLIAM,121.0
2026-09-04,3040263416,069-01033-0101,"RECEIVER-TRANSMITTER,RADIO",BASM,REC,EM REPARO,WILLIAM,121.0
2026-09-04,3040263415,069-01033-0101,"RECEIVER-TRANSMITTER,RADIO",BABR,REC,,BANT,121.0
2026-09-04,3040263447,066-3046-07,"CONTROL,INDICATOR",CLA,OS concluída,,BABR,
2026-09-04,3040263443,3244897-4,FUEL CONTROL UNIT,PAMALS,REC,EM REPARO,LEAP,120.0
2026-09-04,3040263444,3244897-4,FUEL CONTROL UNIT,PAMALS,REC,EM REPARO,LEAP,120.0
2026-09-04,3040263577,060-0015-00,"CONTROL,DIRECTIONAL,AUTOMATIC PILOT",ALA 5,REC,,WILLIAM,115.0
2026-09-04,3040263574,066-1072-04,"RECEIVER,RADIO",BABE,REC,EM REPARO,WILLIAM,115.0
2026-09-04,3040263576,066-1072-04,"RECEIVER,RADIO",BAMN,OS concluída,,WILLIAM,
2026-09-04,3040263575,066-1072-04,"RECEIVER,RADIO",BABE,REC,EM REPARO,WILLIAM,115.0
2026-09-04,3040263573,066-3084-32,IND RDR 2000 IN-182A,PAMALS,REC,,BABR,115.0
2026-09-04,3040263571,066-3084-32,IND RDR 2000 IN-182A,PAMALS,REC,,BANT,115.0
2026-09-04,3040263572,066-3084-32,IND RDR 2000 IN-182A,PAMALS,REC,EM REPARO,WILLIAM,115.0
2026-09-04,3040263448,2618510-10,ALTERNATOR CONTROL UNIT ASSY,BABE,REC,EM REPARO,WILLIAM,115.0
2026-09-04,3040263449,2618510-10,ALTERNATOR CONTROL UNIT ASSY,PAMALS,REC,,BANT,115.0
2026-09-04,3040263877,2641011-5,AXLE-MAIN GEAR,CLA,REC,REPARADO,VEE ONE,105.0
2026-09-04,3040263878,2641011-5,AXLE-MAIN GEAR,CLA,REC,,BABE,105.0
2026-09-04,3040264243,069-01033-0101,"RECEIVER-TRANSMITTER,RADIO",PAMALS,REC,EM REPARO,WILLIAM,98.0
2026-09-04,3040264244,069-01033-0101,"RECEIVER-TRANSMITTER,RADIO",PAMASP,REC,EM REPARO,WILLIAM,98.0
2026-09-04,3040264246,060-0017-00,FLIGHT DIR HOR,PAMALS,REC,,BABR,98.0
2026-09-04,3040264237,200SGL119Q-2,STARTER GENERATOR,BAMN,REC,EM REPARO,AV AERONAUTICA,98.0
2026-09-04,3040264236,200SGL119Q-2,STARTER GENERATOR,BABE,OS concluída,,BABE,
2026-09-04,3040264121,3244897-4,FUEL CONTROL UNIT,BABE,OS concluída,EM REPARO,LEAP,
2026-09-04,3040264263,9910338-8,"INDICATOR,FUEL FLOW",PAMALS,OS concluída,,BABR,
2026-09-04,3040264262,9910338-8,"INDICATOR,FUEL FLOW",BABV,REC,,PAMA-LS,98.0
2026-09-04,3040264242,324843-2020,HEADSET-MICROPHONE,BABE,OS concluída,,BAMN,
2026-09-04,3040264264,324843-2020,HEADSET-MICROPHONE,DACTA II,OS concluída,,BAMN,
2026-09-04,3040264238,324843-2020,HEADSET-MICROPHONE,DACTA II,OS concluída,,,
2026-09-04,3040264241,324843-2020,HEADSET-MICROPHONE,DACTA II,OS concluída,,BAMN,
2026-09-04,3040264240,324843-2020,HEADSET-MICROPHONE,DACTA II,OS concluída,,BAMN,
2026-09-04,3040264122,3244809-8,"FUEL CONTROL,MAIN,TURBINE ENGINE",BABE,OS concluída,,BABR,
2026-09-04,3040263797,066-3046-07,"CONTROL,INDICATOR",BABE,REC,EM REPARO,WILLIAM,98.0
2026-09-04,3040263798,066-3046-07,"CONTROL,INDICATOR",PAMASP,OS concluída,,,
2026-09-04,3040263799,066-3046-07,"CONTROL,INDICATOR",PAMASP,REC,EM REPARO,WILLIAM,98.0
2026-09-04,3040263795,071-01519-0101,"RECEIVER-EXCITER,RADAR",PAMALS,REC,,BANT,98.0
2026-09-04,3040263796,071-01519-0101,"RECEIVER-EXCITER,RADAR",PAMALS,REC,EM REPARO,WILLIAM,98.0
2026-09-04,3040264579,060-0017-00,FLIGHT DIR HOR,BABR,OS concluída,,,
2026-09-04,3040264577,060-0017-00,FLIGHT DIR HOR,PAMALS,REC,,,86.0
2026-09-04,3040264573,060-0017-00,FLIGHT DIR HOR,BANT,REC,,,86.0
2026-09-04,3040264574,060-0017-00,FLIGHT DIR HOR,BANT,REC,,,86.0
2026-09-04,3040264576,060-0017-00,FLIGHT DIR HOR,PAMALS,REC,,,86.0
2026-09-04,3040264572,060-0017-00,FLIGHT DIR HOR,PAMASP,REC,,,86.0
2026-09-04,3040264647,1H75-21,PRESSURE REGULATOR,BAMN,REC,,,81.0
2026-09-04,3040264646,1H75-21,PRESSURE REGULATOR,PAMASP,REC,,,81.0
2026-09-04,3040264645,1H75-21,PRESSURE REGULATOR,PAMASP,REC,,,81.0
2026-09-04,3040264643,1H75-21,PRESSURE REGULATOR,PAMASP,OS concluída,,,
2026-09-04,3040264707,3244809-7,"FUEL CONTROL,MAIN,TURBINE ENGINE",BABE,OS concluída,,,
2026-09-04,3040264709,540-1407-4,"VALVE,BLEED,TURBINEENGINE",PAMASP,REC,,,81.0
2026-09-04,3040264710,200SGL153Q,"STARTER-GENERATOR,ENGINE,AIRCRAFT",CLA,OS concluída,,,
2026-09-04,3040264711,200SGL153Q,"STARTER-GENERATOR,ENGINE,AIRCRAFT",PAMASP,OS concluída,,,
2026-09-04,3040264712,200SGL153Q,"STARTER-GENERATOR,ENGINE,AIRCRAFT",BACG,REC,,,81.0
2026-09-04,3040264718,9910338-8,"INDICATOR,FUEL FLOW",PAMALS,REC,,,81.0
2026-09-04,3040264719,S3326-2,"INDICATOR,HORIZONTAL SITUATION",ALA 8,REC,,,81.0
2026-09-04,3040264720,S3326-2,"INDICATOR,HORIZONTAL SITUATION",PAMALS,REC,,,81.0
2026-09-04,3040264721,S3326-2,"INDICATOR,HORIZONTAL SITUATION",PAMASP,REC,,,81.0
2026-09-04,3040264724,2606013-1AM,INDICADOR PERCENTUAL RPM,BABV,REC,,,81.0
2026-09-04,3040264725,2606013-1AM,INDICADOR PERCENTUAL RPM,BABR,REC,,,81.0
2026-09-04,3040264726,2606015-4,INDICATOR-OIL TEMP/OIL PRESS,BANT,REC,,,81.0
2026-09-04,3040264727,C661051-0201,GYRO HORIZON,ALA 10,REC,,,81.0
2026-09-04,3040264728,504-0111-906,GYRO HORIZON,PAMALS,OS concluída,,,
2026-09-04,3040264729,504-0111-906,GYRO HORIZON,BACG,OS concluída,,,
2026-09-04,3040264730,8210-003,"GOVERNOR,FUEL CONTROL",PAMASP,REC,,,81.0
2026-09-04,3040264731,8210-002,"GOVERNOR,CONSTANT SPEED DRIVE",PAMASP,REC,,,81.0
2026-09-04,3040264732,8210-002,"GOVERNOR,CONSTANT SPEED DRIVE",BAMN,REC,,,81.0
2026-09-04,3040264733,030-18200,MAIN WHEEL BRAKE,BAMN,REC,,,81.0
2026-09-04,3040264734,030-18200,MAIN WHEEL BRAKE,BAMN,REC,,,81.0
2026-09-04,3040264735,161-11700,INNER WHEEL HALF ASSY,PAMALS,REC,,,81.0
2026-09-04,3040264736,161-12800,WHEEL HALF ASSY-INNER,BABR,REC,,,81.0
2026-09-04,3040264737,161-12800,WHEEL HALF ASSY-INNER,PAMALS,AUT,,,81.0
2026-09-04,3040264738,162-10700,OUTER WHEEL HALF ASSY,BACO,AUT,,,81.0
2026-09-04,3040264807,011-01105-01,INTEGRATED AVIONICS UNIT GIA63W,ALA 8,REC,,,73.0
2026-09-04,3040264808,011-01105-01,INTEGRATED AVIONICS UNIT GIA63W,BAMN,REC,,,73.0
2026-09-04,3040264907,011-00916-10,"DISPLAY UNIT,FLIGHT INFORMATION",BAMN,REC,,,66.0
2026-09-04,3040264908,011-00916-10,"DISPLAY UNIT,FLIGHT INFORMATION",BABV,OS concluída,,,
2026-09-04,3040264974,3244809-8,"FUEL CONTROL,MAIN,TURBINE ENGINE",BAMN,REC,,,64.0
2026-09-04,3040264961,3244897-4,FUEL CONTROL UNIT,CLA,OS concluída,,,
2026-09-04,3040264960,3034792,BOMBA DE COMBUSTÍVEL,CLA,OS concluída,,,
2026-09-04,3040265144,011-01020-10,AFCS MODE CONTROLLER GMC 710,BABE,REC,,,58.0
2026-09-04,3040265140,011-01020-10,AFCS MODE CONTROLLER GMC 710,BABE,REC,,,58.0
2026-09-04,3040265482,066-3084-32,IND RDR 2000 IN-182A,BABR,REC,,,43.0
2026-09-04,3040265484,066-3084-32,IND RDR 2000 IN-182A,BANT,REC,,,43.0
2026-09-04,3040265485,066-3084-32,IND RDR 2000 IN-182A,BABR,REC,,,43.0
2026-09-04,3040265526,ASG12000-2,ALTERNATOR,PAMALS,REC,,,39.0
2026-09-04,3040265525,ASG12000-2,ALTERNATOR,BABR,REC,,,39.0
2026-09-04,3040265527,9910592-2,ALTERNADOR,BABR,REC,,,39.0
2026-09-04,3040265533,3122678-04,FUEL CONTROL UNIT,BABR,REC,,,39.0
2026-09-04,3040265532,C611505-0201,ALTERNATOR,BANT,REC,,,39.0
2026-09-04,3040265530,C611505-0201,ALTERNATOR,BABV,REC,,,39.0
2026-09-04,3040265528,9910592-2,ALTERNADOR,BABR,REC,,,39.0
2026-09-04,3040265724,3244897-4,FUEL CONTROL UNIT,CLA,REC,,,38.0
2026-09-04,3040265474,C611008-0101,ALTERNATOR CONTROL UNIT,PAMALS,REC,,,36.0
2026-09-04,3040265475,C611008-0101,ALTERNATOR CONTROL UNIT,BABV,REC,,,36.0
2026-09-04,3040265476,C611008-0101,ALTERNATOR CONTROL UNIT,PAMALS,REC,,,36.0
2026-09-04,3040265477,C611008-0101,ALTERNATOR CONTROL UNIT,PAMALS,REC,,,36.0
2026-09-04,3040265576,011-00916-10,"DISPLAY UNIT,FLIGHT INFORMATION",BAMN,REC,,,35.0
2026-09-04,3040265580,011-00916-00,DISPLAY UNIT GDU 1040A,PAMALS,REC,,,39.0
2026-09-04,3040265581,011-00916-00,DISPLAY UNIT GDU 1040A,PAMALS,REC,,,39.0
2026-09-04,3040265589,EA-5175-52-CES,INDICATOR TRUE,BABV,REC,,,39.0
2026-09-04,3040265590,EA-5175-52-CES,INDICATOR TRUE,BASM,REC,,,39.0
2026-09-04,3040265591,EA-5175-52-CES,INDICATOR TRUE,BABV,REC,,,39.0
2026-09-04,3040265592,EA-5175-52-CES,INDICATOR TRUE,BABV,REC,,,39.0
2026-09-04,3040265668,9910592-2,ALTERNADOR,PAMALS,OS concluída,,,
2026-09-04,3040265678,9910592-2,ALTERNADOR,BAMN,REC,,,39.0
2026-09-04,3040265679,C611505-0201,ALTERNATOR,PAMALS,REC,,,39.0
2026-09-04,3040265680,C611505-0201,ALTERNATOR,ALA 8,REC,,,39.0
2026-09-04,3040265726,071-01519-0101,"RECEIVER-EXCITER,RADAR",PAMALS,REC,,,38.0
2026-09-04,3040265727,071-01519-0101,"RECEIVER-EXCITER,RADAR",CLA,REC,,,38.0
2026-09-04,3040265728,C163030-1001,MAIN W BRAKE A,BAMN,REC,,,38.0
2026-09-04,3040265731,066-3046-07,"CONTROL,INDICATOR",BABR,REC,,,38.0
2026-09-04,3040265732,066-3046-07,"CONTROL,INDICATOR",BANT,REC,,,38.0
2026-09-04,3040265734,066-3046-07,"CONTROL,INDICATOR",EEAR,REC,,,38.0
2026-09-04,3040265735,066-3046-07,"CONTROL,INDICATOR",CLA,REC,,,38.0
2026-09-04,3040265736,C611008-0101,ALTERNATOR CONTROL UNIT,BABV,REC,,,38.0
2026-09-04,3040265737,C611008-0101,ALTERNATOR CONTROL UNIT,EEAR,REC,,,38.0
2026-09-04,3040265738,C611008-0101,ALTERNATOR CONTROL UNIT,PAMALS,REC,,,38.0
2026-09-04,3040265739,C611008-0101,ALTERNATOR CONTROL UNIT,BANT,REC,,,38.0
2026-09-04,3040265740,C611008-0101,ALTERNATOR CONTROL UNIT,BABE,REC,,,38.0
2026-09-04,3040265741,C611008-0101,ALTERNATOR CONTROL UNIT,BABR,REC,,,38.0
2026-09-04,3040265742,066-1072-04,"RECEIVER,RADIO",BACG,REC,,,38.0
2026-09-04,3040265743,066-1072-04,"RECEIVER,RADIO",BAMN,REC,,,38.0
2026-09-04,3040265744,066-1072-04,"RECEIVER,RADIO",PAMALS,REC,,,38.0
2026-09-04,3040265745,066-3084-32,IND RDR 2000 IN-182A,PAMALS,REC,,,38.0
2026-09-04,3040265746,066-3084-32,IND RDR 2000 IN-182A,PAMALS,REC,,,38.0
2026-09-04,3040265747,30994-001,BATTERY-MARATHON TSP410 NICAD,PAMALS,AUT,,,38.0
2026-09-04,3040265748,30994-001,BATTERY-MARATHON TSP410 NICAD,PAMALS,AUT,,,38.0
2026-09-04,3040265749,30994-001,BATTERY-MARATHON TSP410 NICAD,PAMALS,AUT,,,38.0
2026-09-04,3040265750,30994-001,BATTERY-MARATHON TSP410 NICAD,PAMALS,AUT,,,38.0
2026-09-04,3040265751,30994-001,BATTERY-MARATHON TSP410 NICAD,PAMALS,AUT,,,38.0
2026-09-04,3040265752,2641011-5,AXLE-MAIN GEAR,BAMN,REC,,,38.0
2026-09-04,3040265753,2641011-5,AXLE-MAIN GEAR,BAMN,REC,,,38.0
2026-09-04,3040265754,161-11700,INNER WHEEL HALF ASSY,BACO,AUT,,,38.0
2026-09-04,3040265755,161-12800,WHEEL HALF ASSY-INNER,BABE,REC,,,38.0
2026-09-04,3040265757,066-01141-0101,"RECEIVER,RADIO",PAMALS,REC,,,38.0
2026-09-04,3040265758,066-01141-0101,"RECEIVER,RADIO",PAMALS,REC,,,38.0
2026-09-04,3040265759,C660501-0103,"COMPASS,SPEC",DACTA II,REC,,,38.0
2026-09-04,3040265769,023694-000,BATTERY NICKEL CADMIUM,BAPV,REC,,,37.0
2026-09-04,3040265771,2651023-23,ENGINE MOUNT ASSEMBLY,PAMALS,REC,,,37.0
2026-09-04,3040265772,2651023-23,ENGINE MOUNT ASSEMBLY,PAMALS,REC,,,37.0
2026-09-04,3040265892,324843-0020,HEADSET-MICROPHONE,PAMALS,REC,,,32.0
2026-09-04,3040265893,324843-0020,HEADSET-MICROPHONE,PAMALS,OS concluída,,,
2026-09-04,3040265894,324843-0020,HEADSET-MICROPHONE,PAMALS,REC,,,32.0
2026-09-04,3040265895,324843-0020,HEADSET-MICROPHONE,PAMALS,REC,,,32.0
2026-09-04,3040265946,011-00870-00,MAGNETOMETER GMU 44,BAMN,REC,,,29.0
2026-09-04,3040265947,011-00870-00,MAGNETOMETER GMU 44,BAMN,REC,,,29.0
2026-09-04,3040266034,C662041-0102,INDICATOR FUEL,BABE,REC,,,25.0
2026-09-04,3040266040,C662041-0102,INDICATOR FUEL,PAMALS,REC,,,25.0
2026-09-04,3040266036,C662041-0102,INDICATOR FUEL,PAMALS,REC,,,25.0
2026-09-04,3040266035,C662041-0102,INDICATOR FUEL,PAMALS,REC,,,17.0
2026-09-04,3040266039,C662041-0102,INDICATOR FUEL,BANT,REC,,,17.0
2026-09-04,3040266041,C662041-0102,INDICATOR FUEL,PAMALS,REC,,,17.0
2026-09-04,3040266307,069-01033-0101,"RECEIVER-TRANSMITTER,RADIO",PAMALS,REC,,,15.0
2026-09-04,3040266308,069-01033-0101,"RECEIVER-TRANSMITTER,RADIO",BANT,REC,,,15.0
2026-09-04,3040266306,069-01033-0101,"RECEIVER-TRANSMITTER,RADIO",BACG,REC,,,15.0
2026-09-04,3040266307,069-01033-0101,"RECEIVER-TRANSMITTER,RADIO",PAMALS,REC,,,15.0
2026-09-04,3040266308,069-01033-0101,"RECEIVER-TRANSMITTER,RADIO",BANT,REC,,,15.0
2026-09-04,3040266568,C662504-0101,GAGE VOLT AMME,PAMALS,REC,,,4.0
2026-09-04,3040266567,C662504-0101,GAGE VOLT AMME,ALA 9,REC,,,4.0
2026-09-04,3040266566,C662504-0101,GAGE VOLT AMME,PAMALS,REC,,,4.0
2026-09-04,3040266569,C662504-0101,GAGE VOLT AMME,BABV,REC,,,4.0
2026-09-07,3040249831,066-01141-5101,"RECEIVER-TRANSMITTER,RADIO (KT71)",PAMALS,REC,EM REPARO,LEAP,574.0
2026-09-07,3040250248,452-0133,"BATTERY,NONRECHARGEABLE",BABR,REC,CONDENADO,VEE ONE,558.0
2026-09-07,3040250249,452-0133,"BATTERY,NONRECHARGEABLE",BAMN,REC,CONDENADO,VEE ONE,558.0
2026-09-07,3040250234,3034792,BOMBA DE COMBUSTÍVEL,PAMALS,REC,,BANT,558.0
2026-09-07,3040250816,453-5060,"BEACON,DISTRESS",BAMN,REC,,PAMA-LS,536.0
2026-09-07,3040250830,799-1,TRANSDUCER,BACO,REC,,BANT,536.0
2026-09-07,3040250829,51539-012N,CONTROL UNIT ASSY-GENERATOR,BAMN,OS concluída,,,
2026-09-07,3040250828,51539-012N,CONTROL UNIT ASSY-GENERATOR,BACG,REC,,BABR,536.0
2026-09-07,3040250827,51539-012N,CONTROL UNIT ASSY-GENERATOR,BANT,REC,,BABR,536.0
2026-09-07,3040250831,799-1,TRANSDUCER,BANT,REC,,BANT,536.0
2026-09-07,3040250833,9910586-4,FLAP ACTUATOR AND MOTOR ASSEMBLY,ALA 3,REC,,BAMN,536.0
2026-09-07,3040250834,9910586-4,FLAP ACTUATOR AND MOTOR ASSEMBLY,ALA 3,OS concluída,,,
2026-09-07,3040250832,9910338-4,FUEL TOTALIZER INDICATOR,EEAR,REC,,PAMA-LS,536.0
2026-09-07,3040250835,ASG12000-2,ALTERNATOR,ALA 5,REC,REPARADO,V1 PAMA-LS,536.0
2026-09-07,3040250841,C661030-0301,TURN BANK,PAMALS,REC,EM REPARO,LEAP,536.0
2026-09-07,3040250842,C662041-0102,INDICATOR FUEL,ALA 5,REC,,PAMA-LS,536.0
2026-09-07,3040250844,C662041-0102,INDICATOR FUEL,ALA 9,REC,,PAMA-LS,536.0
2026-09-07,3040250843,C662041-0102,INDICATOR FUEL,ALA 10,OS concluída,,,
2026-09-07,3040250719,060-0017-00,FLIGHT DIR HOR,PAMALS,REC,,BANT,536.0
2026-09-07,3040250720,060-0017-00,FLIGHT DIR HOR,BABV,OS concluída,,,
2026-09-07,3040250722,066-01141-5101,"RECEIVER-TRANSMITTER,RADIO (KT71)",ALA 9,REC,EM REPARO,WILLIAM,536.0
2026-09-07,3040250723,066-01141-5101,"RECEIVER-TRANSMITTER,RADIO (KT71)",CLA,REC,,BABR,536.0
2026-09-07,3040250721,060-0017-00,FLIGHT DIR HOR,BANT,OS concluída,,,
2026-09-07,3040250725,066-3046-07,"CONTROL,INDICATOR",ALA 10,OS concluída,,,
2026-09-07,3040250724,066-04035-1101,"DISPLAY UNIT,RADAR",PAMALS,REC,,BANT,536.0
2026-09-07,3040250732,069-1025-25,"RECEIVER-TRANSMITTER,RADIO - KX165",PAMALS,REC,EM REPARO,WILLIAM,536.0
2026-09-07,3040250782,2606012-1,INDICATOR-INTER-TURBINE TEMPERATURE,ALA 9,OS concluída,,,
2026-09-07,3040250775,161-11700,INNER WHEEL HALF ASSY,BABE,OS concluída,,,
2026-09-07,3040250773,161-11700,INNER WHEEL HALF ASSY,EEAR,REC,,BACG,536.0
2026-09-07,3040250718,030-18200,MAIN WHEEL BRAKE,BACO,OS concluída,,,
2026-09-07,3040250716,030-18200,MAIN WHEEL BRAKE,BABV,REC,EM REPARO,LEAP,536.0
2026-09-07,3040250717,030-18200,MAIN WHEEL BRAKE,BACO,OS concluída,,,
2026-09-07,3040250780,162-11800,WHEEL HALF ASSY-OUTER,PAMALS,OS concluída,,,
2026-09-07,3040250781,162-11800,WHEEL HALF ASSY-OUTER,BACG,OS concluída,,,
2026-09-07,3040250778,161-12800,WHEEL HALF ASSY-INNER,BACG,OS concluída,,,
2026-09-07,3040250776,161-12800,WHEEL HALF ASSY-INNER,BABE,OS concluída,,,
2026-09-07,3040250790,2643031-7,"FORK ASSY,NOSE GEAR SPRING",BAMN,OS concluída,,,
2026-09-07,3040250791,2643090-1,SHIMMY DAMPENE,BANT,REC,EM REPARO,AV AERONAUTICA,536.0
2026-09-07,3040250792,2643090-1,SHIMMY DAMPENE,BAMN,REC,REPARADO,V1 PAMA-LS,536.0
2026-09-07,3040250789,2641012-14,TRUNNION ASSY-RH-MAIN GEAR,PAMASP,OS concluída,,,
2026-09-07,3040250793,2643099-4,"SUPPORT ASSY FOWARD, NLG SPRING",BAMN,OS concluída,,,
2026-09-07,3040250798,30994-001,BATTERY-MARATHON TSP410 NICAD,BANT,OS concluída,CONDENADO,AMA - VEE ONE,
2026-09-07,3040252191,C611008-0101,ALTERNATOR CONTROL UNIT,PAMALS,REC,,BABR,503.0
2026-09-07,3040252159,011-00916-00,DISPLAY UNIT GDU 1040A,BAMN,REC,,BAMN,503.0
2026-09-07,3040252161,065-0042-03,COMPUTER PA,ALA 10,REC,EM REPARO,WILLIAM,503.0
2026-09-07,3040252162,065-0042-03,COMPUTER PA,EEAR,REC,,BABE,503.0
2026-09-07,3040252164,065-0042-03,COMPUTER PA,EEAR,REC,EM REPARO,WILLIAM,503.0
2026-09-07,3040252165,065-0042-03,COMPUTER PA,PAMALS,OS concluída,,,
2026-09-07,3040252166,065-0059-01,SERVO PITCH,EEAR,REC,EM REPARO,WILLIAM,503.0
2026-09-07,3040252168,066-03064-0005,"ALTIMETER,SERVO CONTROLLED,AUTOMATIC PRESSURE",ALA 9,OS concluída,,,
2026-09-07,3040252173,066-03064-0005,"ALTIMETER,SERVO CONTROLLED,AUTOMATIC PRESSURE",BANT,REC,EM REPARO,LEAP,503.0
2026-09-07,3040252172,066-03064-0005,"ALTIMETER,SERVO CONTROLLED,AUTOMATIC PRESSURE",PAMALS,REC,NO ESTADO,VEE ONE,503.0
2026-09-07,3040252170,066-03064-0005,"ALTIMETER,SERVO CONTROLLED,AUTOMATIC PRESSURE",ALA 7,REC,NO ESTADO,VEE ONE,503.0
2026-09-07,3040252178,066-1072-00,RECEIVER ADF (KING KR87),PAMALS,OS concluída,,,
2026-09-07,3040252182,066-1072-04,"RECEIVER,RADIO",ALA 9,OS concluída,,,
2026-09-07,3040252181,066-1072-04,"RECEIVER,RADIO",PAMASP,REC,EM REPARO,WILLIAM,503.0
2026-09-07,3040252180,066-1072-04,"RECEIVER,RADIO",ALA 8,OS concluída,,,
2026-09-07,3040252185,066-1072-04,"RECEIVER,RADIO",BAMN,OS concluída,,,
2026-09-07,3040252189,9910338-6,"TRANSMITTER,RATE OF FLOW",ALA 8,OS concluída,,,
2026-09-07,3040252190,9910338-6,"TRANSMITTER,RATE OF FLOW",BABR,OS concluída,,,
2026-09-07,3040252160,011-01020-10,AFCS MODE CONTROLLER GMC 710,BAMN,OS concluída,,,
2026-09-07,3040252939,C163030-1001,MAIN W BRAKE A,BABV,REC,,BAMN,473.0
2026-09-07,3040252936,030-18200,MAIN WHEEL BRAKE,BACO,REC,,PAMA-LS,473.0
2026-09-07,3040252935,030-18200,MAIN WHEEL BRAKE,BAMN,OS concluída,,,
2026-09-07,3040252940,30-182,MAIN WHEEL BRAKE,BABV,OS concluída,,,
2026-09-07,3040252942,30-182,MAIN WHEEL BRAKE,BAMN,OS concluída,,,
2026-09-07,3040252943,30-182,MAIN WHEEL BRAKE,BAMN,OS concluída,,,
2026-09-07,3040253170,161-12800,WHEEL HALF ASSY-INNER,BASM,OS concluída,,,
2026-09-07,3040253168,161-12800,WHEEL HALF ASSY-INNER,BASM,REC,,PAMA-LS,469.0
2026-09-07,3040253172,161-12800,WHEEL HALF ASSY-INNER,PAMALS,REC,,PAMA-LS,469.0
2026-09-07,3040253174,161-12800,WHEEL HALF ASSY-INNER,PAMALS,OS concluída,,,
2026-09-07,3040253173,161-12800,WHEEL HALF ASSY-INNER,PAMALS,REC,EM REPARO,LEAP,469.0
2026-09-07,3040253176,162-10700,OUTER WHEEL HALF ASSY,BABE,OS concluída,,,
2026-09-07,3040253177,162-10700,OUTER WHEEL HALF ASSY,BABV,REC,,PAMA-LS,469.0
2026-09-07,3040253178,162-10700,OUTER WHEEL HALF ASSY,PAMALS,REC,,PROCURANDO,469.0
2026-09-07,3040253179,162-11800,WHEEL HALF ASSY-OUTER,CLA,OS concluída,,,
2026-09-07,3040253181,162-11800,WHEEL HALF ASSY-OUTER,PAMALS,OS concluída,,,
2026-09-07,3040253180,162-11800,WHEEL HALF ASSY-OUTER,BASM,REC,,PROCURANDO,469.0
2026-09-07,3040253182,162-11800,WHEEL HALF ASSY-OUTER,PAMALS,REC,,PAMA-LS,469.0
2026-09-07,3040253536,2641012-14,TRUNNION ASSY-RH-MAIN GEAR,PAMALS,OS concluída,,,
2026-09-07,3040253529,066-03064-0005,"ALTIMETER,SERVO CONTROLLED,AUTOMATIC PRESSURE",DSM-MN,REC,DEVOLVIDO NO ESTADO,WILLIAM,459.0
2026-09-07,3040253528,066-03064-0005,"ALTIMETER,SERVO CONTROLLED,AUTOMATIC PRESSURE",BANT,OS concluída,,,
2026-09-07,3040253532,799-1,TRANSDUCER,PAMALS,REC,,BANT,459.0
2026-09-07,3040253535,2643099-4,"SUPPORT ASSY FOWARD, NLG SPRING",BABE,REC,CONDENADO,VEE ONE,459.0
2026-09-07,3040253531,799-1,TRANSDUCER,BAMN,REC,,VEE ONE,459.0
2026-09-07,3040253530,799-1,TRANSDUCER,BAMN,REC,,BANT,459.0
2026-09-07,3040253526,30994-001,BATTERY-MARATHON TSP410 NICAD,PAMALS,OS concluída,,PAMA-LS,
2026-09-07,3040253527,30994-001,BATTERY-MARATHON TSP410 NICAD,BAPV,OS concluída,,PAMA-LS,
2026-09-07,3040254195,540-1407-4,"VALVE,BLEED,TURBINEENGINE",PAMALS,REC,,BANT,441.0
2026-09-07,3040254201,2643090-3,SHIMMY DAMPER-NOSE GEAR,PAMALS,REC,,PAMA-LS,441.0
2026-09-07,3040254203,SE1070-6,SHIMMY DAMPENER ASSY,BACGINAT,OS concluída,,,
2026-09-07,3040254205,C660501-0103,"COMPASS,SPEC",PAMALS,REC,,PAMA-LS,441.0
2026-09-07,3040254206,C660501-0103,"COMPASS,SPEC",ALA 8,REC,EM REPARO EM GARANTIA,WILLIAM,441.0
2026-09-07,3040254208,C660501-0103,"COMPASS,SPEC",BABV,REC,,PAMA-LS,441.0
2026-09-07,3040254210,799-1,TRANSDUCER,BANT,REC,,BANT,441.0
2026-09-07,3040254792,2606013-1RX,INDICATOR-PERCENT RPM,BABR,REC,,BANT,432.0
2026-09-07,3040254770,069-1025-25,"RECEIVER-TRANSMITTER,RADIO - KX165",ALA 9,REC,EM REPARO,WILLIAM,432.0
2026-09-07,3040254799,453-5000-710,EMERGENCY LOCATOR TRANSMITTER MODEL C406-2,PAMASP,OS concluída,,,
2026-09-07,3040254806,C352TS,"EXTINGUISHER,FIRE",PAMALS,REC,,PAMA-LS,432.0
2026-09-07,3040254805,C352TS,"EXTINGUISHER,FIRE",PAMALS,OS concluída,,,
2026-09-07,3040254810,C352TS,"EXTINGUISHER,FIRE",PAMALS,OS concluída,,,
2026-09-07,3040254809,C352TS,"EXTINGUISHER,FIRE",PAMAGL,OS concluída,,,
2026-09-07,3040254803,C352TS,"EXTINGUISHER,FIRE",2 ETA,REC,,PAMA-LS,432.0
2026-09-07,3040254808,C352TS,"EXTINGUISHER,FIRE",BABR,REC,,PAMA-LS,432.0
2026-09-07,3040254795,D145-00-46-2,FLAP ACTUATOR ASSY,BABE,REC,,PAMA-LS,432.0
2026-09-07,3040254793,D145-00-46-2,FLAP ACTUATOR ASSY,PAMALS,REC,,PAMA-LS,432.0
2026-09-07,3040254815,C482001-0402,VACUUM REGULAT,PAMALS,REC,CONDENADO,VEE ONE,432.0
2026-09-07,3040254816,C482001-0402,VACUUM REGULAT,PAMALS,REC,CONDENADO,VEE ONE,432.0
2026-09-07,3040254820,2641011-5,AXLE-MAIN GEAR,BAMN,OS concluída,,,
2026-09-07,3040254817,2641011-5,AXLE-MAIN GEAR,BABE,OS concluída,,,
2026-09-07,3040254818,2641011-5,AXLE-MAIN GEAR,BABE,OS concluída,,,
2026-09-07,3040254819,2641011-5,AXLE-MAIN GEAR,BANT,OS concluída,,,
2026-09-07,3040254796,30994-001,BATTERY-MARATHON TSP410 NICAD,BAMN,OS concluída,,,
2026-09-07,3040254789,452-0133,"BATTERY,NONRECHARGEABLE",BAMN,REC,CONDENADO,VEE ONE,432.0
2026-09-07,3040254788,452-0133,"BATTERY,NONRECHARGEABLE",BAMN,REC,CONDENADO,VEE ONE,432.0
2026-09-07,3040254787,452-0133,"BATTERY PACK,AIRCRAFT",DACTA II,REC,CONDENADO,VEE ONE,432.0
2026-09-07,3040254786,452-0133,"BATTERY PACK,AIRCRAFT",BAMN,REC,CONDENADO,VEE ONE,432.0
2026-09-07,3040254785,452-0133,"BATTERY,NONRECHARGEABLE",BAMN,REC,CONDENADO,VEE ONE,432.0
2026-09-07,3040254784,452-0133,"BATTERY,NONRECHARGEABLE",DACTA II,REC,CONDENADO,VEE ONE,432.0
2026-09-07,3040255326,011-00916-00,DISPLAY UNIT GDU 1040A,BAMN,REC,,BAMN,423.0
2026-09-07,3040255319,702801-5,FUEL PUMP,PAMASP,REC,EM REPARO,VEE ONE,423.0
2026-09-07,3040255321,8210-002,"GOVERNOR,CONSTANT SPEED DRIVE",PAMALS,OS concluída,,,
2026-09-07,3040255461,DAAS-A-010-1,ADAS-D PROCESSOR,PAMALS,REC,EM REPARO,VEE ONE,419.0
2026-09-07,3040255589,071-01519-0101,"RECEIVER-EXCITER,RADAR",BANT,REC,,PROCURANDO,417.0
2026-09-07,3040255590,071-01519-0101,"RECEIVER-EXCITER,RADAR",PAMALS,OS concluída,,,
2026-09-07,3040255706,C661064-0237,AIRSPEED INDICATOR,BAMN,OS concluída,,,
2026-09-07,3040256114,5934PAD-3,"ALTIMETER,PRESSURE",PAMALS,REC,EM REPARO,VEE ONE,403.0
2026-09-07,3040256119,011-00878-10,GSA-81 TORQUE SERVO,BAPV,REC,EM REPARO,LEAP,403.0
2026-09-07,3040256112,011-00883-20,RADAR GWX 68 WEATHER,BABE,REC,,BAMN,403.0
2026-09-07,3040256115,5934PAD-3,"ALTIMETER,PRESSURE",PAMALS,OS concluída,,,
2026-09-07,3040256118,011-00878-10,GSA-81 TORQUE SERVO,BAPV,REC,,BACO,403.0
2026-09-07,3040256120,011-00916-10,"DISPLAY UNIT,FLIGHT INFORMATION",BAMN,OS concluída,,,
2026-09-07,3040256314,066-4010-12,RECEIVER VOR/LOC (KNS81),EEAR,REC,EM REPARO,LEAP,390.0
2026-09-07,3040256311,3121248-03,"VALVE ASSEMBLY,COMPRESSOR BLEED",PAMALS,OS concluída,,,
2026-09-07,3040256704,C661064-0237,AIRSPEED INDICATOR,PAMALS,OS concluída,,,
2026-09-07,3040256707,D210507,"GOVERNOR,OVERSPEED",PAMALS,OS concluída,,,
2026-09-07,3040256708,D210507,"GOVERNOR,OVERSPEED",PAMALS,REC,REPARADO,VEE ONE,381.0
2026-09-07,3040256702,C661064-0237,AIRSPEED INDICATOR,BABR,OS concluída,,,
2026-09-07,3040256703,C661064-0237,AIRSPEED INDICATOR,PAMALS,OS concluída,,,
2026-09-07,3040256662,030-18200,MAIN WHEEL BRAKE,BASM,OS concluída,,,
2026-09-07,3040256665,161-11700,INNER WHEEL HALF ASSY,BABV,OS concluída,,,
2026-09-07,3040256666,161-11700,INNER WHEEL HALF ASSY,PAMALS,OS concluída,,,
2026-09-07,3040256667,161-11700,INNER WHEEL HALF ASSY,PAMALS,OS concluída,,,
2026-09-07,3040256668,161-11700,INNER WHEEL HALF ASSY,PAMALS,OS concluída,,,
2026-09-07,3040256669,161-11700,INNER WHEEL HALF ASSY,PAMALS,OS concluída,,,
2026-09-07,3040256670,161-11700,INNER WHEEL HALF ASSY,PAMALS,OS concluída,,,
2026-09-07,3040256671,161-11700,INNER WHEEL HALF ASSY,PAMALS,REC,,PAMA-LS,381.0
2026-09-07,3040256698,030-18200,MAIN WHEEL BRAKE,PAMASP,REC,,BABE,381.0
2026-09-07,3040256713,030-18200,MAIN WHEEL BRAKE,ALA 3,REC,,BAMN,381.0
2026-09-07,3040256694,162-11800,WHEEL HALF ASSY-OUTER,BANT,OS concluída,,,
2026-09-07,3040256696,162-11800,WHEEL HALF ASSY-OUTER,PAMALS,REC,,PAMA-LS,381.0
2026-09-07,3040256672,161-12800,WHEEL HALF ASSY-INNER,PAMALS,OS concluída,,PAMA-LS,
2026-09-07,3040256675,161-12800,WHEEL HALF ASSY-INNER,BANT,OS concluída,,,
2026-09-07,3040256792,011-00877-00,"GSA-80 SERVO ROL,YAW,SPEC",BAMN,REC,,PROCURANDO,381.0
2026-09-07,3040256787,011-00877-00,"GSA-80 SERVO ROL,YAW,SPEC",PAMALS,REC,EM REPARO,VEE ONE,381.0
2026-09-07,3040256828,011-00883-20,RADAR GWX 68 WEATHER,PAMALS,REC,,PAMA-LS,381.0
2026-09-07,3040256709,3121248-03,"VALVE ASSEMBLY,COMPRESSOR BLEED",PAMASP,REC,,BANT,378.0
2026-09-07,3040256673,161-12800,WHEEL HALF ASSY-INNER,PAMALS,REC,CONDENADO,VEE ONE,378.0
2026-09-07,3040257095,011-01105-01,INTEGRATED AVIONICS UNIT GIA63W,BABE,REC,EM REPARO,VEE ONE,374.0
2026-09-07,3040257096,011-01105-01,INTEGRATED AVIONICS UNIT GIA63W,BABE,REC,,BAMN,374.0
2026-09-07,3040257093,065-00183-0501,AUTOPILOT COMPUTER KFC225,BABE,REC,,BANT,374.0
2026-09-07,3040257094,065-00183-0501,AUTOPILOT COMPUTER KFC225,BABE,REC,,BANT,374.0
2026-09-07,3040257443,161-12800,WHEEL HALF ASSY-INNER,ALA 3,AUT,,,362.0
2026-09-07,3040257442,C163030-1001,MAIN W BRAKE A,BAMN,OS concluída,,BAMN,
2026-09-07,3040257452,3244809-8,"FUEL CONTROL,MAIN,TURBINE ENGINE",BAPV,OS concluída,,,
2026-09-07,3040257454,EA-5172-45-CES,"INDICATOR,AIRSPEED",BACG,OS concluída,,,
2026-09-07,3040257453,EA-5172-45-CES,"INDICATOR,AIRSPEED",ALA 7,REC,DEVOLVIDO NO ESTADO,WILLIAM,355.0
2026-09-07,3040257451,3244809-7,"FUEL CONTROL,MAIN,TURBINE ENGINE",PAMASP,REC,,BANT,355.0
2026-09-07,3040257450,3244809-4,"FUEL CONTROL,MAIN,TURBINE ENGINE",PAMASP,OS concluída,EM REPARO,LEAP,
2026-09-07,3040257438,030-18200,MAIN WHEEL BRAKE,BAMN,REC,REPARADO,VEE ONE,355.0
2026-09-07,3040257444,162-10700,OUTER WHEEL HALF ASSY,PAMALS,OS concluída,,,
2026-09-07,3040257447,162-10700,OUTER WHEEL HALF ASSY,PAMALS,OS concluída,,,
2026-09-07,3040257436,30994-001,BATTERY-MARATHON TSP410 NICAD,PAMALS,OS concluída,,PAMA-LS,
2026-09-07,3040257441,030-18200,MAIN WHEEL BRAKE,BAPV,REC,,BAMN,355.0
2026-09-07,3040257440,030-18200,MAIN WHEEL BRAKE,BANT,REC,CONDENADO,VEE ONE,355.0
2026-09-07,3040257439,030-18200,MAIN WHEEL BRAKE,BAMN,REC,,BAMN,355.0
2026-09-07,3040258306,D210507,"GOVERNOR,OVERSPEED",PAMALS,REC,EM REPARO,LEAP,335.0
2026-09-07,3040258310,D210507,"GOVERNOR,OVERSPEED",BACO,OS concluída,,,
2026-09-07,3040258309,D210507,"GOVERNOR,OVERSPEED",BAMN,REC,EM REPARO,LEAP,335.0
2026-09-07,3040258308,D210507,"GOVERNOR,OVERSPEED",BAMN,OS concluída,,,
2026-09-07,3040258307,D210507,"GOVERNOR,OVERSPEED",ALA 5,OS concluída,,,
2026-09-07,3040258303,011-00877-00,"GSA-80 SERVO ROL,YAW,SPEC",DACTA II,REC,EM REPARO,VEE ONE,335.0
2026-09-07,3040258422,2601188-8,COMPRESSOR DRIVE ASSY R134A,PAMASP,REC,,PROCURANDO,333.0
2026-09-07,3040258419,011-00877-00,"GSA-80 SERVO ROL,YAW,SPEC",DACTA II,REC,EM REPARO,VEE ONE,333.0
2026-09-07,3040258420,011-00877-00,"GSA-80 SERVO ROL,YAW,SPEC",BACO,REC,EM REPARO,VEE ONE,333.0
2026-09-07,3040258421,011-00877-00,"GSA-80 SERVO ROL,YAW,SPEC",BABE,REC,,BACO,333.0
2026-09-07,3040258764,069-01034-0102,"NAVIGATION SET,SATELLITE SIGNALS KLN-94",PAMALS,REC,,BANT,326.0
2026-09-07,3040259152,066-01141-5101,"TRANSPONDER,RADAR",BABE,REC,,BANT,307.0
2026-09-07,3040259151,066-01141-5101,"TRANSPONDER,RADAR",BANT,REC,,BANT,307.0
2026-09-07,3040259251,064-1019-05,VHF TRANSCEIVE KY196,EEAR,REC,,EEAR,305.0
2026-09-07,3040259146,1U149-015-15,HORIZ. GYRO-STADBY,PAMALS,REC,EM REPARO,VEE ONE,304.0
2026-09-07,3040259147,162-10700,OUTER WHEEL HALF ASSY,BANT,REC,EM REPARO,AMA - VEE ONE,304.0
2026-09-07,3040259148,3049038-03,"VALVE,COMPRESSOR BLEED",BANT,OS concluída,,,
2026-09-07,3040259316,2606015-4,INDICATOR-OIL TEMP/OIL PRESS,BACG,REC,,PAMA-LS,301.0
2026-09-07,3040259564,C414007-0102,BLOWER ASSY,PAMALS,OS concluída,,,
2026-09-07,3040259568,C414007-0102,BLOWER ASSY,ALA 10,OS concluída,,,
2026-09-07,3040259570,C414007-0102,BLOWER ASSY,ALA 10,OS concluída,,,
2026-09-07,3040259694,025323-150,FUEL PUMP,PAMASP,REC,,BACO,293.0
2026-09-07,3040259922,C414007-0102,BLOWER ASSY,BANT,REC,,PAMA-LS,286.0
2026-09-07,3040259928,C414007-0102,BLOWER ASSY,PAMALS,REC,EM REPARO,VEE ONE,286.0
2026-09-07,3040259924,C414007-0102,BLOWER ASSY,BACG,REC,EM REPARO,VEE ONE,286.0
2026-09-07,3040259918,C414007-0102,BLOWER ASSY,ALA 10,OS concluída,,VEE ONE,
2026-09-07,3040259950,065-0060-01,"CONTROL,SERVO,AUTOMATIC PILOT",PAMALS,REC,EM REPARO,LEAP,286.0
2026-09-07,3040259949,065-0060-01,"CONTROL,SERVO,AUTOMATIC PILOT",PAMALS,REC,EM REPARO,LEAP,286.0
2026-09-07,3040259947,066-3046-07,"CONTROL,INDICATOR",EEAR,OS concluída,,,
2026-09-07,3040259946,066-3046-07,"CONTROL,INDICATOR",BANT,REC,,BANT,286.0
2026-09-07,3040259944,066-3046-07,"CONTROL,INDICATOR",EEAR,REC,,PAMA-LS,286.0
2026-09-07,3040260209,011-00916-00,DISPLAY UNIT GDU 1040A,PAMALS,REC,,BAMN,272.0
2026-09-07,3040260208,324843-W020,HEADSET-MICROPHONE,PAMALS,REC,VAI SER DEVOLVIDO SEM REPARO,WILLIAM,272.0
2026-09-07,3040260204,324843-W020,HEADSET-MICROPHONE,PAMALS,OS concluída,,,
2026-09-07,3040260205,324843-W020,HEADSET-MICROPHONE,PAMALS,OS concluída,,,
2026-09-07,3040260388,SD5H14C4527,AIR COMPRESSOR,PAMALS,REC,EM REPARO,VEE ONE,265.0
2026-09-07,3040260382,065-00183-0501,AUTOPILOT COMPUTER KFC225,BANT,REC,,BANT,265.0
2026-09-07,3040260389,SD5H14C4527,AIR COMPRESSOR,PAMALS,REC,EM REPARO,VEE ONE,265.0
2026-09-07,3040260517,ASG12000-2,ALTERNATOR,PAMALS,OS concluída,,,
2026-09-07,3040260524,51539-012M,CONTROL UNIT ASSY-GENERATOR,BANT,REC,,BACG,262.0
2026-09-07,3040260516,ASG12000-2,ALTERNATOR,PAMALS,REC,,V1 PAMA-LS,262.0
2026-09-07,3040260523,9910592-2,ALTERNADOR,BAMN,OS concluída,,babr,
2026-09-07,3040260522,9910592-2,ALTERNADOR,BAMN,REC,,dacta II,262.0
2026-09-07,3040260547,161-12800,WHEEL HALF ASSY-INNER,EPCAR,OS concluída,,BABE,
2026-09-07,3040260545,161-11700,INNER WHEEL HALF ASSY,BACG,OS concluída,,,
2026-09-07,3040260544,161-11700,INNER WHEEL HALF ASSY,BANT,OS concluída,,,
2026-09-07,3040260546,161-12800,WHEEL HALF ASSY-INNER,PAMALS,REC,,,244.0
2026-09-07,3040260548,161-11700,INNER WHEEL HALF ASSY,CLA,OS concluída,,,
2026-09-07,3040260549,162-10700,OUTER WHEEL HALF ASSY,BACG,OS concluída,,,
2026-09-07,3040260550,162-10700,OUTER WHEEL HALF ASSY,CLA,OS concluída,,,
2026-09-07,3040260551,162-11800,WHEEL HALF ASSY-OUTER,BANT,REC,,,244.0
2026-09-07,3040260552,30994-001,BATTERY-MARATHON TSP410 NICAD,BABE,OS concluída,,PAMA-LS,
2026-09-07,3040260543,324843-W020,HEADSET-MICROPHONE,PAMALS,REC,,PAMA-LS,244.0
2026-09-07,3040260542,324843-W020,HEADSET-MICROPHONE,PAMALS,REC,,BABE,244.0
2026-09-07,3040260541,324843-W020,HEADSET-MICROPHONE,PAMALS,OS concluída,,,
2026-09-07,3040260540,324843-W020,HEADSET-MICROPHONE,PAMALS,OS concluída,,,
2026-09-07,3040260538,324843-W020,HEADSET-MICROPHONE,PAMALS,REC,,BABE,244.0
2026-09-07,3040260539,324843-W020,HEADSET-MICROPHONE,PAMALS,REC,,BABE,244.0
2026-09-07,3040260595,9910586-4,FLAP ACTUATOR AND MOTOR ASSEMBLY,7 ETA,REC,,BAMN,244.0
2026-09-07,3040260597,9910586-4,FLAP ACTUATOR AND MOTOR ASSEMBLY,BAPV,OS concluída,,BABR,
2026-09-07,3040260583,3244897-4,FUEL CONTROL UNIT,PAMALS,OS concluída,,,
2026-09-07,3040260750,3122678-04,FUEL CONTROL UNIT,PAMASP,REC,,BANT,236.0
2026-09-07,3040260752,3244897-4,FUEL CONTROL UNIT,PAMASP,OS concluída,,,
2026-09-07,3040260753,3244809-7,"FUEL CONTROL,MAIN,TURBINE ENGINE",PAMASP,OS concluída,,,
2026-09-07,3040260754,3244809-1,"FUEL CONTROL,MAIN,TURBINE ENGINE",PAMASP,REC,EM QUARENTENA,LEAP,236.0
2026-09-07,3040254794,C145-350,"MOTOR,DIRECT CURRENT",PAMALS,OS concluída,,,
2026-09-07,3040260913,064-1054-30,RECEIVER-TRANSMITTER SUBASSEMBLY,EPCAR,REC,,V1 PAMA-LS,224.0
2026-09-07,3040260915,064-1054-30,RECEIVER-TRANSMITTER SUBASSEMBLY,PAMALS,REC,,BABR,224.0
2026-09-07,3040260811,3034792,BOMBA DE COMBUSTÍVEL,BAPV,OS concluída,,BABR,
2026-09-07,3040260812,3034792,BOMBA DE COMBUSTÍVEL,BACG,OS concluída,,,
2026-09-07,3040260922,162-11800,WHEEL HALF ASSY-OUTER,PAMALS,OS concluída,,,
2026-09-07,3040260923,030-18200,MAIN WHEEL BRAKE,BACO,REC,REPARADO,VEE ONE,222.0
2026-09-07,3040261389,3034792,BOMBA DE COMBUSTÍVEL,PAMASP,OS concluída,REPARADO,V1 PAMA-LS,
2026-09-07,3040261388,3034792,BOMBA DE COMBUSTÍVEL,BABR,OS concluída,,,
2026-09-07,3040261387,3034792,BOMBA DE COMBUSTÍVEL,BABR,OS concluída,,,
2026-09-07,3040261371,TFF2905-13,FUEL FLOW TRANSDUCER,ALA 8,REC,,PAMA-LS,209.0
2026-09-07,3040261375,C661065-0240RX,"INDICATOR, AIRSPEED",BACG,REC,EM REPARO,WILLIAM,209.0
2026-09-07,3040261373,C661065-0240,AIRSPEED INDICATOR,BABE,REC,,PAMA-LS,209.0
2026-09-07,3040261322,011-00831-00,"ENGINE INTERFA,SPEC",BAPV,REC,,VEE ONE,209.0
2026-09-07,3040261326,011-00882-10,"COMPUTER,AIR DATA",BAMN,OS concluída,,,
2026-09-07,3040261324,011-00882-10,"COMPUTER,AIR DATA",BAMN,OS concluída,,,
2026-09-07,3040261327,064-1054-30,RECEIVER-TRANSMITTER SUBASSEMBLY,PAMASP,REC,,PAMA-LS,209.0
2026-09-07,3040261336,066-01141-0101,"RECEIVER,RADIO",BANT,REC,,PAMA-LS,209.0
2026-09-07,3040261334,065-0065-01,SELECTOR ALT,BANT,REC,,PAMA-LS,209.0
2026-09-07,3040261331,065-0061-36,ACTUATOR TRIM (KS272A),PAMASP,OS concluída,,BABR,
2026-09-07,3040261329,065-0061-36,ACTUATOR TRIM (KS272A),ALA 10,OS concluída,,,
2026-09-07,3040261335,065-0065-01,SELECTOR ALT,BANT,REC,,PAMA-LS,209.0
2026-09-07,3040261342,066-3084-02,COLOR RADAR INDICATOR,BABV,REC,,PAMA-LS,209.0
2026-09-07,3040261340,066-1053-00,"RECEIVER,RADIO",BASM,REC,,PAMA-LS,209.0
2026-09-07,3040261377,066-3054-01,INDICATOR RADAR ALTIMETER - TYPE KI250,PAMALS,REC,EM REPARO,WILLIAM,209.0
2026-09-07,3040261376,066-1061-03,RT RADAR ALTIM (KRA10A),PAMALS,REC,PARA REPARO,VEE ONE,209.0
2026-09-07,3040261352,1134380-4,EVAPORATOR MODULE ASSY-RH,BAMN,REC,CONDENADO,VEE ONE,209.0
2026-09-07,3040261347,071-1234-00,ANTENNA ACCESSORY,ALA 1,REC,EM REPARO,WILLIAM,209.0
2026-09-07,3040261344,066-4010-12,RECEIVER VOR/LOC (KNS81),ALA 10,REC,EM REPARO,WILLIAM,209.0
2026-09-07,3040261353,1H75-21,PRESSURE REGULATOR,BAMN,OS concluída,,BAMN,
2026-09-07,3040261357,2682001-1,BRAKE CYL MAST,BABE,OS concluída,,,
2026-09-07,3040261356,2670104-2,ANNUNCIATOR PANEL,PAMALS,OS concluída,,,
2026-09-07,3040261355,2643100-201,NOSE GEAR STRUT ASSY - TALL FORK,BABR,OS concluída,,,
2026-09-07,3040261354,2643100-201,NOSE GEAR STRUT ASSY - TALL FORK,BANT,REC,EM REPARO,AV AERONAUTICA,209.0
2026-09-07,3040261364,8210-002-01,GOVERNOR PROPELLER,PAMASP,REC,REPARADO,VEE ONE,209.0
2026-09-07,3040261627,S3828-1,ALTIMETER,BAMN,REC,,PAMA-LS,195.0
2026-09-07,3040261628,S3828-1,ALTIMETER,BABE,REC,REPARADO,V1 PAMA-LS,195.0
2026-09-07,3040261851,51539-012MRX,CONTROL UNIT ASSY-GENERATOR,BABE,REC,EM REPARO,VEE ONE,187.0
2026-09-07,3040261852,51539-012MRX,CONTROL UNIT ASSY-GENERATOR,BABE,REC,EM REPARO,VEE ONE,187.0
2026-09-07,3040261843,3034792,BOMBA DE COMBUSTÍVEL,PAMALS,REC,EM REPARO,VEE ONE,182.0
2026-09-07,3040262245,200SGL119Q-2,STARTER GENERATOR,BAMN,OS concluída,,,
2026-09-07,3040262246,200SGL119Q-2,STARTER GENERATOR,BAMN,OS concluída,,,
2026-09-07,3040262273,324843-W020,HEADSET-MICROPHONE,BABE,OS concluída,,,
2026-09-07,3040262275,324843-W020,HEADSET-MICROPHONE,BANT,OS concluída,,,
2026-09-07,3040262363,066-1055-00,AUDIO CONTROL PANEL,ALA 5,OS concluída,,,
2026-09-07,3040262367,066-1055-00,AUDIO CONTROL PANEL,ALA 9,REC,,WILLIAM,165.0
2026-09-07,3040262368,066-1055-00,AUDIO CONTROL PANEL,CLA,OS concluída,,,
2026-09-07,3040262372,51539-012M,CONTROL UNIT ASSY-GENERATOR,BANT,REC,,PAMA-LS,165.0
2026-09-07,3040262371,51539-012N,CONTROL UNIT ASSY-GENERATOR,BANT,REC,,PAMA-LS,165.0
2026-09-07,3040262419,065-0061-36,ACTUATOR TRIM (KS272A),ALA 9,REC,EM REPARO,WILLIAM,160.0
2026-09-07,3040262734,C352,PORTABLE HALON FIRE EXTINGUISHERS,ALA 5,REC,EM REPARO,AV AERONAUTICA,147.0
2026-09-07,3040262738,C352TS,"EXTINGUISHER,FIRE",BANT,REC,,AV AERONÁUTICA,147.0
2026-09-07,3040262739,C352TS,"EXTINGUISHER,FIRE",BANT,REC,,AV AERONÁUTICA,147.0
2026-09-07,3040262740,C352TS,"EXTINGUISHER,FIRE",PAMALS,REC,,AV AERONÁUTICA,147.0
2026-09-07,3040262766,011-00883-20,RADAR GWX 68 WEATHER,BAMN,OS concluída,,V1 PAMA-LS,
2026-09-07,3040262765,011-00883-20,RADAR GWX 68 WEATHER,BAMN,REC,,V1 PAMA-LS,147.0
2026-09-07,3040262772,011-01020-10,AFCS MODE CONTROLLER GMC 710,BAMN,REC,,PAMA-LS,147.0
2026-09-07,3040262770,011-01020-10,AFCS MODE CONTROLLER GMC 710,BAMN,REC,,PAMA-LS,147.0
2026-09-07,3040262773,011-01020-10,AFCS MODE CONTROLLER GMC 710,BAMN,REC,,PAMA-LS,147.0
2026-09-07,3040262746,066-1070-01,TRANSCEIVER DME (KN63),BABE,REC,EM REPARO,WILLIAM,147.0
2026-09-07,3040262745,064-1019-05,VHF TRANSCEIVE KY196,EEAR,REC,EM REPARO,VEE ONE,147.0
2026-09-07,3040262747,066-1072-00,RECEIVER ADF (KING KR87),ALA 7,REC,EM REPARO,WILLIAM,147.0
2026-09-07,3040262748,066-3046-07,"CONTROL,INDICATOR",BABR,REC,,BANT,147.0
2026-09-07,3040262769,066-3046-07,"CONTROL,INDICATOR",BABR,REC,,BANT,147.0
2026-09-07,3040262768,066-3046-07,"CONTROL,INDICATOR",EEAR,OS concluída,,BABR,
2026-09-07,3040262767,066-3046-07,"CONTROL,INDICATOR",EEAR,REC,EM REPARO,LEAP,147.0
2026-09-07,3040262791,066-3060-00,IND RMI KNI582,BANT,OS concluída,,,
2026-09-07,3040262630,161-11700,INNER WHEEL HALF ASSY,BANT,REC,,PAMA-LS,147.0
2026-09-07,3040262792,066-3060-00,IND RMI KNI582,BANT,REC,EM REPARO,LEAP,147.0
2026-09-07,3040262634,162-10700,OUTER WHEEL HALF ASSY,BANT,OS concluída,,PAMA-LS,
2026-09-07,3040262632,161-12800,WHEEL HALF ASSY-INNER,BANT,OS concluída,REPARADO,VEE ONE,
2026-09-07,3040262633,161-12800,WHEEL HALF ASSY-INNER,BANT,OS concluída,,,
2026-09-07,3040262635,162-11800,WHEEL HALF ASSY-OUTER,EPCAR,OS concluída,,,
2026-09-07,3040262637,162-11800,WHEEL HALF ASSY-OUTER,BANT,REC,REPARADO,VEE ONE,147.0
2026-09-07,3040262636,162-11800,WHEEL HALF ASSY-OUTER,BANT,OS concluída,REPARADO,VEE ONE,
2026-09-07,3040262646,200SGL119Q,STARTER GENERATOR,PAMASP,OS concluída,,,
2026-09-07,3040262639,200SGL119Q,STARTER GENERATOR,PAMASP,OS concluída,,PAMA-LS,
2026-09-07,3040262638,200SGL119Q,STARTER GENERATOR,PAMALS,REC,EM REPARO,AV AERONAUTICA,147.0
2026-09-07,3040262757,2606015-2,IND OIL TEMP/P,PAMALS,REC,EM REPARO,VEE ONE,147.0
2026-09-07,3040262706,2641011-5,AXLE-MAIN GEAR,BAMN,REC,,BANT,147.0
2026-09-07,3040262707,2641011-5,AXLE-MAIN GEAR,BABV,OS concluída,REPARADO,VEE ONE,
2026-09-07,3040262717,2641011-5,AXLE-MAIN GEAR,BANT,OS concluída,REPARADO,VEE ONE,
2026-09-07,3040262714,2641011-5,AXLE-MAIN GEAR,BAPV,REC,,BANT,147.0
2026-09-07,3040262713,2641011-5,AXLE-MAIN GEAR,BAPV,OS concluída,,,
2026-09-07,3040262712,2641011-5,AXLE-MAIN GEAR,BABR,REC,,BANT,147.0
2026-09-07,3040262711,2641011-5,AXLE-MAIN GEAR,BABR,REC,,BANT,147.0
2026-09-07,3040262709,2641011-5,AXLE-MAIN GEAR,PAMALS,REC,,BANT,147.0
2026-09-07,3040262708,2641011-5,AXLE-MAIN GEAR,PAMALS,REC,,BANT,147.0
2026-09-07,3040262744,3244809-1A,F.C.U,PAMALS,REC,EM REPARO,LEAP,147.0
2026-09-07,3040262758,9910338-4,FUEL TOTALIZER INDICATOR,PAMALS,REC,EM REPARO,VEE ONE,147.0
2026-09-07,3040262759,9910338-6,"TRANSMITTER,RATE OF FLOW",BAMN,REC,,PAMA-LS,147.0
2026-09-07,3040262760,9910338-6,"TRANSMITTER,RATE OF FLOW",BANT,REC,EM REPARO,VEE ONE,147.0
2026-09-07,3040262966,2682001-1,BRAKE CYL MAST,BACO,OS concluída,,PAMA-LS,
2026-09-07,3040262967,2682001-1,BRAKE CYL MAST,PAMALS,REC,,PAMA-LS,145.0
2026-09-07,3040262968,2682001-1,BRAKE CYL MAST,BANT,OS concluída,,PAMA-LS,
2026-09-07,3040262969,2682001-1,BRAKE CYL MAST,BABE,REC,,PAMA-LS,145.0
2026-09-07,3040263069,453-5060,ELT C406-N,BABE,OS concluída,,,
2026-09-07,3040263283,D145-00-46-2,FLAP ACTUATOR ASSY,PAMALS,REC,,,130.0
2026-09-07,3040263284,D145-00-46-2,FLAP ACTUATOR ASSY,BAFL,REC,,,130.0
2026-09-07,3040263324,069-01033-0101,"RECEIVER-TRANSMITTER,RADIO",PAMALS,REC,EM REPARO,LEAP,130.0
2026-09-07,3040263287,C661065-0237,AIRSPEED INDICATOR,BABR,OS concluída,,,
2026-09-07,3040263288,C661065-0237,AIRSPEED INDICATOR,PAMASP,OS concluída,,,
2026-09-07,3040263314,060-0017-00,FLIGHT DIR HOR,EEAR,REC,EM REPARO,LEAP,130.0
2026-09-07,3040263319,066-1055-00,AUDIO CONTROL PANEL,BABE,OS concluída,,,
2026-09-07,3040263317,060-0017-00,FLIGHT DIR HOR,PAMASP,REC,,BANT,130.0
2026-09-07,3040263316,060-0017-00,FLIGHT DIR HOR,BANT,REC,,BANT,130.0
2026-09-07,3040263320,066-1055-00,AUDIO CONTROL PANEL,PAMALS,REC,EM REPARO,AV AERONAUTICA,130.0
2026-09-07,3040263325,069-01033-0101,"RECEIVER-TRANSMITTER,RADIO",PAMALS,REC,,,130.0
2026-09-07,3040263335,C611008-0101,ALTERNATOR CONTROL UNIT,PAMALS,REC,,BANT,130.0
2026-09-07,3040263336,C611008-0101,ALTERNATOR CONTROL UNIT,PAMALS,REC,,BANT,130.0
2026-09-07,3040263286,C661065-0237,AIRSPEED INDICATOR,BANT,REC,,PAMA-LS,130.0
2026-09-07,3040263322,066-1055-00,AUDIO CONTROL PANEL,ALA 9,REC,EM REPARO,WILLIAM,130.0
2026-09-07,3040263326,069-01033-0101,"RECEIVER-TRANSMITTER,RADIO",PAMALS,REC,,BANT,130.0
2026-09-07,3040263315,060-0017-00,FLIGHT DIR HOR,BACG,OS concluída,,BABR,
2026-09-07,3040263334,011-00916-10,"DISPLAY UNIT,FLIGHT INFORMATION",BACO,REC,,WILLIAM,130.0
2026-09-07,3040263333,011-00916-10,"DISPLAY UNIT,FLIGHT INFORMATION",BACO,OS concluída,,BAMN,
2026-09-07,3040263332,011-00916-10,"DISPLAY UNIT,FLIGHT INFORMATION",BAMN,OS concluída,,,
2026-09-07,3040263331,C661064-0237,AIRSPEED INDICATOR,PAMALS,REC,,PAMA-LS,130.0
2026-09-07,3040263329,C661064-0237,AIRSPEED INDICATOR,PAMALS,REC,,PAMA-LS,130.0
2026-09-07,3040263328,C661064-0237,AIRSPEED INDICATOR,BABR,REC,EM REPARO,WILLIAM,130.0
2026-09-07,3040263327,C661064-0237,AIRSPEED INDICATOR,BABR,REC,EM REPARO,WILLIAM,130.0
2026-09-07,3040263330,C661064-0237,AIRSPEED INDICATOR,PAMALS,REC,,PAMA-LS,130.0
2026-09-07,3040263338,C611008-0101,ALTERNATOR CONTROL UNIT,PAMALS,REC,,V1 PAMA-LS,130.0
2026-09-07,3040263433,066-03064-0005,"ALTIMETER,SERVO CONTROLLED,AUTOMATIC PRESSURE",BACG,REC,,PAMA-LS,124.0
2026-09-07,3040263435,066-03064-0005,"ALTIMETER,SERVO CONTROLLED,AUTOMATIC PRESSURE",BANT,REC,,PAMA-LS,124.0
2026-09-07,3040263434,066-03064-0005,"ALTIMETER,SERVO CONTROLLED,AUTOMATIC PRESSURE",PAMASP,REC,,PAMA-LS,124.0
2026-09-07,3040263417,069-01033-0101,"RECEIVER-TRANSMITTER,RADIO",PAMALS,REC,EM REPARO,WILLIAM,124.0
2026-09-07,3040263416,069-01033-0101,"RECEIVER-TRANSMITTER,RADIO",BASM,REC,EM REPARO,WILLIAM,124.0
2026-09-07,3040263415,069-01033-0101,"RECEIVER-TRANSMITTER,RADIO",BABR,REC,,BANT,124.0
2026-09-07,3040263447,066-3046-07,"CONTROL,INDICATOR",CLA,OS concluída,,BABR,
2026-09-07,3040263443,3244897-4,FUEL CONTROL UNIT,PAMALS,REC,EM REPARO,LEAP,123.0
2026-09-07,3040263444,3244897-4,FUEL CONTROL UNIT,PAMALS,REC,EM REPARO,LEAP,123.0
2026-09-07,3040263577,060-0015-00,"CONTROL,DIRECTIONAL,AUTOMATIC PILOT",ALA 5,REC,,WILLIAM,118.0
2026-09-07,3040263574,066-1072-04,"RECEIVER,RADIO",BABE,REC,EM REPARO,WILLIAM,118.0
2026-09-07,3040263576,066-1072-04,"RECEIVER,RADIO",BAMN,OS concluída,,WILLIAM,
2026-09-07,3040263575,066-1072-04,"RECEIVER,RADIO",BABE,REC,EM REPARO,WILLIAM,118.0
2026-09-07,3040263573,066-3084-32,IND RDR 2000 IN-182A,PAMALS,REC,,BABR,118.0
2026-09-07,3040263571,066-3084-32,IND RDR 2000 IN-182A,PAMALS,REC,,BANT,118.0
2026-09-07,3040263572,066-3084-32,IND RDR 2000 IN-182A,PAMALS,REC,EM REPARO,WILLIAM,118.0
2026-09-07,3040263448,2618510-10,ALTERNATOR CONTROL UNIT ASSY,BABE,REC,EM REPARO,WILLIAM,118.0
2026-09-07,3040263449,2618510-10,ALTERNATOR CONTROL UNIT ASSY,PAMALS,REC,,BANT,118.0
2026-09-07,3040263877,2641011-5,AXLE-MAIN GEAR,CLA,REC,REPARADO,VEE ONE,108.0
2026-09-07,3040263878,2641011-5,AXLE-MAIN GEAR,CLA,REC,,BABE,108.0
2026-09-07,3040264243,069-01033-0101,"RECEIVER-TRANSMITTER,RADIO",PAMALS,REC,EM REPARO,WILLIAM,101.0
2026-09-07,3040264244,069-01033-0101,"RECEIVER-TRANSMITTER,RADIO",PAMASP,REC,EM REPARO,WILLIAM,101.0
2026-09-07,3040264246,060-0017-00,FLIGHT DIR HOR,PAMALS,REC,,BABR,101.0
2026-09-07,3040264237,200SGL119Q-2,STARTER GENERATOR,BAMN,REC,EM REPARO,AV AERONAUTICA,101.0
2026-09-07,3040264236,200SGL119Q-2,STARTER GENERATOR,BABE,OS concluída,,BABE,
2026-09-07,3040264121,3244897-4,FUEL CONTROL UNIT,BABE,OS concluída,EM REPARO,LEAP,
2026-09-07,3040264263,9910338-8,"INDICATOR,FUEL FLOW",PAMALS,OS concluída,,BABR,
2026-09-07,3040264262,9910338-8,"INDICATOR,FUEL FLOW",BABV,REC,,PAMA-LS,101.0
2026-09-07,3040264242,324843-2020,HEADSET-MICROPHONE,BABE,OS concluída,,BAMN,
2026-09-07,3040264264,324843-2020,HEADSET-MICROPHONE,DACTA II,OS concluída,,BAMN,
2026-09-07,3040264238,324843-2020,HEADSET-MICROPHONE,DACTA II,OS concluída,,,
2026-09-07,3040264241,324843-2020,HEADSET-MICROPHONE,DACTA II,OS concluída,,BAMN,
2026-09-07,3040264240,324843-2020,HEADSET-MICROPHONE,DACTA II,OS concluída,,BAMN,
2026-09-07,3040264122,3244809-8,"FUEL CONTROL,MAIN,TURBINE ENGINE",BABE,OS concluída,,BABR,
2026-09-07,3040263797,066-3046-07,"CONTROL,INDICATOR",BABE,REC,EM REPARO,WILLIAM,101.0
2026-09-07,3040263798,066-3046-07,"CONTROL,INDICATOR",PAMASP,OS concluída,,,
2026-09-07,3040263799,066-3046-07,"CONTROL,INDICATOR",PAMASP,REC,EM REPARO,WILLIAM,101.0
2026-09-07,3040263795,071-01519-0101,"RECEIVER-EXCITER,RADAR",PAMALS,REC,,BANT,101.0
2026-09-07,3040263796,071-01519-0101,"RECEIVER-EXCITER,RADAR",PAMALS,REC,EM REPARO,WILLIAM,101.0
2026-09-07,3040264579,060-0017-00,FLIGHT DIR HOR,BABR,OS concluída,,,
2026-09-07,3040264577,060-0017-00,FLIGHT DIR HOR,PAMALS,REC,,,89.0
2026-09-07,3040264573,060-0017-00,FLIGHT DIR HOR,BANT,REC,,,89.0
2026-09-07,3040264574,060-0017-00,FLIGHT DIR HOR,BANT,REC,,,89.0
2026-09-07,3040264576,060-0017-00,FLIGHT DIR HOR,PAMALS,REC,,,89.0
2026-09-07,3040264572,060-0017-00,FLIGHT DIR HOR,PAMASP,REC,,,89.0
2026-09-07,3040264647,1H75-21,PRESSURE REGULATOR,BAMN,REC,,,84.0
2026-09-07,3040264646,1H75-21,PRESSURE REGULATOR,PAMASP,REC,,,84.0
2026-09-07,3040264645,1H75-21,PRESSURE REGULATOR,PAMASP,REC,,,84.0
2026-09-07,3040264643,1H75-21,PRESSURE REGULATOR,PAMASP,OS concluída,,,
2026-09-07,3040264707,3244809-7,"FUEL CONTROL,MAIN,TURBINE ENGINE",BABE,OS concluída,,,
2026-09-07,3040264709,540-1407-4,"VALVE,BLEED,TURBINEENGINE",PAMASP,REC,,,84.0
2026-09-07,3040264710,200SGL153Q,"STARTER-GENERATOR,ENGINE,AIRCRAFT",CLA,OS concluída,,,
2026-09-07,3040264711,200SGL153Q,"STARTER-GENERATOR,ENGINE,AIRCRAFT",PAMASP,OS concluída,,,
2026-09-07,3040264712,200SGL153Q,"STARTER-GENERATOR,ENGINE,AIRCRAFT",BACG,REC,,,84.0
2026-09-07,3040264718,9910338-8,"INDICATOR,FUEL FLOW",PAMALS,REC,,,84.0
2026-09-07,3040264719,S3326-2,"INDICATOR,HORIZONTAL SITUATION",ALA 8,REC,,,84.0
2026-09-07,3040264720,S3326-2,"INDICATOR,HORIZONTAL SITUATION",PAMALS,REC,,,84.0
2026-09-07,3040264721,S3326-2,"INDICATOR,HORIZONTAL SITUATION",PAMASP,REC,,,84.0
2026-09-07,3040264724,2606013-1AM,INDICADOR PERCENTUAL RPM,BABV,REC,,,84.0
2026-09-07,3040264725,2606013-1AM,INDICADOR PERCENTUAL RPM,BABR,REC,,,84.0
2026-09-07,3040264726,2606015-4,INDICATOR-OIL TEMP/OIL PRESS,BANT,REC,,,84.0
2026-09-07,3040264727,C661051-0201,GYRO HORIZON,ALA 10,REC,,,84.0
2026-09-07,3040264728,504-0111-906,GYRO HORIZON,PAMALS,OS concluída,,,
2026-09-07,3040264729,504-0111-906,GYRO HORIZON,BACG,OS concluída,,,
2026-09-07,3040264730,8210-003,"GOVERNOR,FUEL CONTROL",PAMASP,REC,,,84.0
2026-09-07,3040264731,8210-002,"GOVERNOR,CONSTANT SPEED DRIVE",PAMASP,REC,,,84.0
2026-09-07,3040264732,8210-002,"GOVERNOR,CONSTANT SPEED DRIVE",BAMN,REC,,,84.0
2026-09-07,3040264733,030-18200,MAIN WHEEL BRAKE,BAMN,REC,,,84.0
2026-09-07,3040264734,030-18200,MAIN WHEEL BRAKE,BAMN,REC,,,84.0
2026-09-07,3040264735,161-11700,INNER WHEEL HALF ASSY,PAMALS,REC,,,84.0
2026-09-07,3040264736,161-12800,WHEEL HALF ASSY-INNER,BABR,REC,,,84.0
2026-09-07,3040264737,161-12800,WHEEL HALF ASSY-INNER,PAMALS,AUT,,,84.0
2026-09-07,3040264738,162-10700,OUTER WHEEL HALF ASSY,BACO,AUT,,,84.0
2026-09-07,3040264807,011-01105-01,INTEGRATED AVIONICS UNIT GIA63W,ALA 8,REC,,,76.0
2026-09-07,3040264808,011-01105-01,INTEGRATED AVIONICS UNIT GIA63W,BAMN,REC,,,76.0
2026-09-07,3040264907,011-00916-10,"DISPLAY UNIT,FLIGHT INFORMATION",BAMN,REC,,,69.0
2026-09-07,3040264908,011-00916-10,"DISPLAY UNIT,FLIGHT INFORMATION",BABV,OS concluída,,,
2026-09-07,3040264974,3244809-8,"FUEL CONTROL,MAIN,TURBINE ENGINE",BAMN,REC,,,67.0
2026-09-07,3040264961,3244897-4,FUEL CONTROL UNIT,CLA,OS concluída,,,
2026-09-07,3040264960,3034792,BOMBA DE COMBUSTÍVEL,CLA,OS concluída,,,
2026-09-07,3040265144,011-01020-10,AFCS MODE CONTROLLER GMC 710,BABE,REC,,,61.0
2026-09-07,3040265140,011-01020-10,AFCS MODE CONTROLLER GMC 710,BABE,REC,,,61.0
2026-09-07,3040265482,066-3084-32,IND RDR 2000 IN-182A,BABR,REC,,,46.0
2026-09-07,3040265484,066-3084-32,IND RDR 2000 IN-182A,BANT,REC,,,46.0
2026-09-07,3040265485,066-3084-32,IND RDR 2000 IN-182A,BABR,REC,,,46.0
2026-09-07,3040265526,ASG12000-2,ALTERNATOR,PAMALS,REC,,,42.0
2026-09-07,3040265525,ASG12000-2,ALTERNATOR,BABR,REC,,,42.0
2026-09-07,3040265527,9910592-2,ALTERNADOR,BABR,REC,,,42.0
2026-09-07,3040265533,3122678-04,FUEL CONTROL UNIT,BABR,REC,,,42.0
2026-09-07,3040265532,C611505-0201,ALTERNATOR,BANT,REC,,,42.0
2026-09-07,3040265530,C611505-0201,ALTERNATOR,BABV,REC,,,42.0
2026-09-07,3040265528,9910592-2,ALTERNADOR,BABR,REC,,,42.0
2026-09-07,3040265724,3244897-4,FUEL CONTROL UNIT,CLA,REC,,,41.0
2026-09-07,3040265474,C611008-0101,ALTERNATOR CONTROL UNIT,PAMALS,REC,,,39.0
2026-09-07,3040265475,C611008-0101,ALTERNATOR CONTROL UNIT,BABV,REC,,,39.0
2026-09-07,3040265476,C611008-0101,ALTERNATOR CONTROL UNIT,PAMALS,REC,,,39.0
2026-09-07,3040265477,C611008-0101,ALTERNATOR CONTROL UNIT,PAMALS,REC,,,39.0
2026-09-07,3040265576,011-00916-10,"DISPLAY UNIT,FLIGHT INFORMATION",BAMN,REC,,,38.0
2026-09-07,3040265580,011-00916-00,DISPLAY UNIT GDU 1040A,PAMALS,REC,,,42.0
2026-09-07,3040265581,011-00916-00,DISPLAY UNIT GDU 1040A,PAMALS,REC,,,42.0
2026-09-07,3040265589,EA-5175-52-CES,INDICATOR TRUE,BABV,REC,,,42.0
2026-09-07,3040265590,EA-5175-52-CES,INDICATOR TRUE,BASM,REC,,,42.0
2026-09-07,3040265591,EA-5175-52-CES,INDICATOR TRUE,BABV,REC,,,42.0
2026-09-07,3040265592,EA-5175-52-CES,INDICATOR TRUE,BABV,REC,,,42.0
2026-09-07,3040265668,9910592-2,ALTERNADOR,PAMALS,OS concluída,,,
2026-09-07,3040265678,9910592-2,ALTERNADOR,BAMN,REC,,,42.0
2026-09-07,3040265679,C611505-0201,ALTERNATOR,PAMALS,REC,,,42.0
2026-09-07,3040265680,C611505-0201,ALTERNATOR,ALA 8,REC,,,42.0
2026-09-07,3040265726,071-01519-0101,"RECEIVER-EXCITER,RADAR",PAMALS,REC,,,41.0
2026-09-07,3040265727,071-01519-0101,"RECEIVER-EXCITER,RADAR",CLA,REC,,,41.0
2026-09-07,3040265728,C163030-1001,MAIN W BRAKE A,BAMN,REC,,,41.0
2026-09-07,3040265731,066-3046-07,"CONTROL,INDICATOR",BABR,REC,,,41.0
2026-09-07,3040265732,066-3046-07,"CONTROL,INDICATOR",BANT,REC,,,41.0
2026-09-07,3040265734,066-3046-07,"CONTROL,INDICATOR",EEAR,REC,,,41.0
2026-09-07,3040265735,066-3046-07,"CONTROL,INDICATOR",CLA,REC,,,41.0
2026-09-07,3040265736,C611008-0101,ALTERNATOR CONTROL UNIT,BABV,REC,,,41.0
2026-09-07,3040265737,C611008-0101,ALTERNATOR CONTROL UNIT,EEAR,REC,,,41.0
2026-09-07,3040265738,C611008-0101,ALTERNATOR CONTROL UNIT,PAMALS,REC,,,41.0
2026-09-07,3040265739,C611008-0101,ALTERNATOR CONTROL UNIT,BANT,REC,,,41.0
2026-09-07,3040265740,C611008-0101,ALTERNATOR CONTROL UNIT,BABE,REC,,,41.0
2026-09-07,3040265741,C611008-0101,ALTERNATOR CONTROL UNIT,BABR,REC,,,41.0
2026-09-07,3040265742,066-1072-04,"RECEIVER,RADIO",BACG,REC,,,41.0
2026-09-07,3040265743,066-1072-04,"RECEIVER,RADIO",BAMN,REC,,,41.0
2026-09-07,3040265744,066-1072-04,"RECEIVER,RADIO",PAMALS,REC,,,41.0
2026-09-07,3040265745,066-3084-32,IND RDR 2000 IN-182A,PAMALS,REC,,,41.0
2026-09-07,3040265746,066-3084-32,IND RDR 2000 IN-182A,PAMALS,REC,,,41.0
2026-09-07,3040265747,30994-001,BATTERY-MARATHON TSP410 NICAD,PAMALS,AUT,,,41.0
2026-09-07,3040265748,30994-001,BATTERY-MARATHON TSP410 NICAD,PAMALS,AUT,,,41.0
2026-09-07,3040265749,30994-001,BATTERY-MARATHON TSP410 NICAD,PAMALS,AUT,,,41.0
2026-09-07,3040265750,30994-001,BATTERY-MARATHON TSP410 NICAD,PAMALS,AUT,,,41.0
2026-09-07,3040265751,30994-001,BATTERY-MARATHON TSP410 NICAD,PAMALS,AUT,,,41.0
2026-09-07,3040265752,2641011-5,AXLE-MAIN GEAR,BAMN,REC,,,41.0
2026-09-07,3040265753,2641011-5,AXLE-MAIN GEAR,BAMN,REC,,,41.0
2026-09-07,3040265754,161-11700,INNER WHEEL HALF ASSY,BACO,AUT,,,41.0
2026-09-07,3040265755,161-12800,WHEEL HALF ASSY-INNER,BABE,REC,,,41.0
2026-09-07,3040265757,066-01141-0101,"RECEIVER,RADIO",PAMALS,REC,,,41.0
2026-09-07,3040265758,066-01141-0101,"RECEIVER,RADIO",PAMALS,REC,,,41.0
2026-09-07,3040265759,C660501-0103,"COMPASS,SPEC",DACTA II,REC,,,41.0
2026-09-07,3040265769,023694-000,BATTERY NICKEL CADMIUM,BAPV,REC,,,40.0
2026-09-07,3040265771,2651023-23,ENGINE MOUNT ASSEMBLY,PAMALS,REC,,,40.0
2026-09-07,3040265772,2651023-23,ENGINE MOUNT ASSEMBLY,PAMALS,REC,,,40.0
2026-09-07,3040265892,324843-0020,HEADSET-MICROPHONE,PAMALS,REC,,,35.0
2026-09-07,3040265893,324843-0020,HEADSET-MICROPHONE,PAMALS,OS concluída,,,
2026-09-07,3040265894,324843-0020,HEADSET-MICROPHONE,PAMALS,REC,,,35.0
2026-09-07,3040265895,324843-0020,HEADSET-MICROPHONE,PAMALS,REC,,,35.0
2026-09-07,3040265946,011-00870-00,MAGNETOMETER GMU 44,BAMN,REC,,,32.0
2026-09-07,3040265947,011-00870-00,MAGNETOMETER GMU 44,BAMN,REC,,,32.0
2026-09-07,3040266034,C662041-0102,INDICATOR FUEL,BABE,REC,,,28.0
2026-09-07,3040266040,C662041-0102,INDICATOR FUEL,PAMALS,REC,,,28.0
2026-09-07,3040266036,C662041-0102,INDICATOR FUEL,PAMALS,REC,,,28.0
2026-09-07,3040266035,C662041-0102,INDICATOR FUEL,PAMALS,REC,,,20.0
2026-09-07,3040266039,C662041-0102,INDICATOR FUEL,BANT,REC,,,20.0
2026-09-07,3040266041,C662041-0102,INDICATOR FUEL,PAMALS,REC,,,20.0
2026-09-07,3040266307,069-01033-0101,"RECEIVER-TRANSMITTER,RADIO",PAMALS,REC,,,18.0
2026-09-07,3040266308,069-01033-0101,"RECEIVER-TRANSMITTER,RADIO",BANT,REC,,,18.0
2026-09-07,3040266306,069-01033-0101,"RECEIVER-TRANSMITTER,RADIO",BACG,REC,,,18.0
2026-09-07,3040266307,069-01033-0101,"RECEIVER-TRANSMITTER,RADIO",PAMALS,REC,,,18.0
2026-09-07,3040266308,069-01033-0101,"RECEIVER-TRANSMITTER,RADIO",BANT,REC,,,18.0
2026-09-07,3040266568,C662504-0101,GAGE VOLT AMME,PAMALS,REC,,,7.0
2026-09-07,3040266567,C662504-0101,GAGE VOLT AMME,ALA 9,REC,,,7.0
2026-09-07,3040266566,C662504-0101,GAGE VOLT AMME,PAMALS,REC,,,7.0
2026-09-07,3040266569,C662504-0101,GAGE VOLT AMME,BABV,REC,,,7.0
2026-09-08,3040249831,066-01141-5101,"RECEIVER-TRANSMITTER,RADIO (KT71)",PAMALS,REC,EM REPARO,LEAP,575.0
2026-09-08,3040250248,452-0133,"BATTERY,NONRECHARGEABLE",BABR,REC,CONDENADO,VEE ONE,559.0
2026-09-08,3040250249,452-0133,"BATTERY,NONRECHARGEABLE",BAMN,REC,CONDENADO,VEE ONE,559.0
2026-09-08,3040250234,3034792,BOMBA DE COMBUSTÍVEL,PAMALS,REC,,BANT,559.0
2026-09-08,3040250816,453-5060,"BEACON,DISTRESS",BAMN,REC,,PAMA-LS,537.0
2026-09-08,3040250830,799-1,TRANSDUCER,BACO,REC,,BANT,537.0
2026-09-08,3040250829,51539-012N,CONTROL UNIT ASSY-GENERATOR,BAMN,OS concluída,,,
2026-09-08,3040250828,51539-012N,CONTROL UNIT ASSY-GENERATOR,BACG,REC,,BABR,537.0
2026-09-08,3040250827,51539-012N,CONTROL UNIT ASSY-GENERATOR,BANT,REC,,BABR,537.0
2026-09-08,3040250831,799-1,TRANSDUCER,BANT,REC,,BANT,537.0
2026-09-08,3040250833,9910586-4,FLAP ACTUATOR AND MOTOR ASSEMBLY,ALA 3,REC,,BAMN,537.0
2026-09-08,3040250834,9910586-4,FLAP ACTUATOR AND MOTOR ASSEMBLY,ALA 3,OS concluída,,,
2026-09-08,3040250832,9910338-4,FUEL TOTALIZER INDICATOR,EEAR,REC,,PAMA-LS,537.0
2026-09-08,3040250835,ASG12000-2,ALTERNATOR,ALA 5,REC,REPARADO,V1 PAMA-LS,537.0
2026-09-08,3040250841,C661030-0301,TURN BANK,PAMALS,REC,EM REPARO,LEAP,537.0
2026-09-08,3040250842,C662041-0102,INDICATOR FUEL,ALA 5,REC,,PAMA-LS,537.0
2026-09-08,3040250844,C662041-0102,INDICATOR FUEL,ALA 9,REC,,PAMA-LS,537.0
2026-09-08,3040250843,C662041-0102,INDICATOR FUEL,ALA 10,OS concluída,,,
2026-09-08,3040250719,060-0017-00,FLIGHT DIR HOR,PAMALS,REC,,BANT,537.0
2026-09-08,3040250720,060-0017-00,FLIGHT DIR HOR,BABV,OS concluída,,,
2026-09-08,3040250722,066-01141-5101,"RECEIVER-TRANSMITTER,RADIO (KT71)",ALA 9,REC,EM REPARO,WILLIAM,537.0
2026-09-08,3040250723,066-01141-5101,"RECEIVER-TRANSMITTER,RADIO (KT71)",CLA,REC,,BABR,537.0
2026-09-08,3040250721,060-0017-00,FLIGHT DIR HOR,BANT,OS concluída,,,
2026-09-08,3040250725,066-3046-07,"CONTROL,INDICATOR",ALA 10,OS concluída,,,
2026-09-08,3040250724,066-04035-1101,"DISPLAY UNIT,RADAR",PAMALS,REC,,BANT,537.0
2026-09-08,3040250732,069-1025-25,"RECEIVER-TRANSMITTER,RADIO - KX165",PAMALS,REC,EM REPARO,WILLIAM,537.0
2026-09-08,3040250782,2606012-1,INDICATOR-INTER-TURBINE TEMPERATURE,ALA 9,OS concluída,,,
2026-09-08,3040250775,161-11700,INNER WHEEL HALF ASSY,BABE,OS concluída,,,
2026-09-08,3040250773,161-11700,INNER WHEEL HALF ASSY,EEAR,REC,,BACG,537.0
2026-09-08,3040250718,030-18200,MAIN WHEEL BRAKE,BACO,OS concluída,,,
2026-09-08,3040250716,030-18200,MAIN WHEEL BRAKE,BABV,REC,EM REPARO,LEAP,537.0
2026-09-08,3040250717,030-18200,MAIN WHEEL BRAKE,BACO,OS concluída,,,
2026-09-08,3040250780,162-11800,WHEEL HALF ASSY-OUTER,PAMALS,OS concluída,,,
2026-09-08,3040250781,162-11800,WHEEL HALF ASSY-OUTER,BACG,OS concluída,,,
2026-09-08,3040250778,161-12800,WHEEL HALF ASSY-INNER,BACG,OS concluída,,,
2026-09-08,3040250776,161-12800,WHEEL HALF ASSY-INNER,BABE,OS concluída,,,
2026-09-08,3040250790,2643031-7,"FORK ASSY,NOSE GEAR SPRING",BAMN,OS concluída,,,
2026-09-08,3040250791,2643090-1,SHIMMY DAMPENE,BANT,REC,EM REPARO,AV AERONAUTICA,537.0
2026-09-08,3040250792,2643090-1,SHIMMY DAMPENE,BAMN,REC,REPARADO,V1 PAMA-LS,537.0
2026-09-08,3040250789,2641012-14,TRUNNION ASSY-RH-MAIN GEAR,PAMASP,OS concluída,,,
2026-09-08,3040250793,2643099-4,"SUPPORT ASSY FOWARD, NLG SPRING",BAMN,OS concluída,,,
2026-09-08,3040250798,30994-001,BATTERY-MARATHON TSP410 NICAD,BANT,OS concluída,CONDENADO,AMA - VEE ONE,
2026-09-08,3040252191,C611008-0101,ALTERNATOR CONTROL UNIT,PAMALS,REC,,BABR,504.0
2026-09-08,3040252159,011-00916-00,DISPLAY UNIT GDU 1040A,BAMN,REC,,BAMN,504.0
2026-09-08,3040252161,065-0042-03,COMPUTER PA,ALA 10,REC,EM REPARO,WILLIAM,504.0
2026-09-08,3040252162,065-0042-03,COMPUTER PA,EEAR,REC,,BABE,504.0
2026-09-08,3040252164,065-0042-03,COMPUTER PA,EEAR,REC,EM REPARO,WILLIAM,504.0
2026-09-08,3040252165,065-0042-03,COMPUTER PA,PAMALS,OS concluída,,,
2026-09-08,3040252166,065-0059-01,SERVO PITCH,EEAR,REC,EM REPARO,WILLIAM,504.0
2026-09-08,3040252168,066-03064-0005,"ALTIMETER,SERVO CONTROLLED,AUTOMATIC PRESSURE",ALA 9,OS concluída,,,
2026-09-08,3040252173,066-03064-0005,"ALTIMETER,SERVO CONTROLLED,AUTOMATIC PRESSURE",BANT,REC,EM REPARO,LEAP,504.0
2026-09-08,3040252172,066-03064-0005,"ALTIMETER,SERVO CONTROLLED,AUTOMATIC PRESSURE",PAMALS,REC,NO ESTADO,VEE ONE,504.0
2026-09-08,3040252170,066-03064-0005,"ALTIMETER,SERVO CONTROLLED,AUTOMATIC PRESSURE",ALA 7,REC,NO ESTADO,VEE ONE,504.0
2026-09-08,3040252178,066-1072-00,RECEIVER ADF (KING KR87),PAMALS,OS concluída,,,
2026-09-08,3040252182,066-1072-04,"RECEIVER,RADIO",ALA 9,OS concluída,,,
2026-09-08,3040252181,066-1072-04,"RECEIVER,RADIO",PAMASP,REC,EM REPARO,WILLIAM,504.0
2026-09-08,3040252180,066-1072-04,"RECEIVER,RADIO",ALA 8,OS concluída,,,
2026-09-08,3040252185,066-1072-04,"RECEIVER,RADIO",BAMN,OS concluída,,,
2026-09-08,3040252189,9910338-6,"TRANSMITTER,RATE OF FLOW",ALA 8,OS concluída,,,
2026-09-08,3040252190,9910338-6,"TRANSMITTER,RATE OF FLOW",BABR,OS concluída,,,
2026-09-08,3040252160,011-01020-10,AFCS MODE CONTROLLER GMC 710,BAMN,OS concluída,,,
2026-09-08,3040252939,C163030-1001,MAIN W BRAKE A,BABV,REC,,BAMN,474.0
2026-09-08,3040252936,030-18200,MAIN WHEEL BRAKE,BACO,REC,,PAMA-LS,474.0
2026-09-08,3040252935,030-18200,MAIN WHEEL BRAKE,BAMN,OS concluída,,,
2026-09-08,3040252940,30-182,MAIN WHEEL BRAKE,BABV,OS concluída,,,
2026-09-08,3040252942,30-182,MAIN WHEEL BRAKE,BAMN,OS concluída,,,
2026-09-08,3040252943,30-182,MAIN WHEEL BRAKE,BAMN,OS concluída,,,
2026-09-08,3040253170,161-12800,WHEEL HALF ASSY-INNER,BASM,OS concluída,,,
2026-09-08,3040253168,161-12800,WHEEL HALF ASSY-INNER,BASM,REC,,PAMA-LS,470.0
2026-09-08,3040253172,161-12800,WHEEL HALF ASSY-INNER,PAMALS,REC,,PAMA-LS,470.0
2026-09-08,3040253174,161-12800,WHEEL HALF ASSY-INNER,PAMALS,OS concluída,,,
2026-09-08,3040253173,161-12800,WHEEL HALF ASSY-INNER,PAMALS,REC,EM REPARO,LEAP,470.0
2026-09-08,3040253176,162-10700,OUTER WHEEL HALF ASSY,BABE,OS concluída,,,
2026-09-08,3040253177,162-10700,OUTER WHEEL HALF ASSY,BABV,REC,,PAMA-LS,470.0
2026-09-08,3040253178,162-10700,OUTER WHEEL HALF ASSY,PAMALS,REC,,PROCURANDO,470.0
2026-09-08,3040253179,162-11800,WHEEL HALF ASSY-OUTER,CLA,OS concluída,,,
2026-09-08,3040253181,162-11800,WHEEL HALF ASSY-OUTER,PAMALS,OS concluída,,,
2026-09-08,3040253180,162-11800,WHEEL HALF ASSY-OUTER,BASM,REC,,PROCURANDO,470.0
2026-09-08,3040253182,162-11800,WHEEL HALF ASSY-OUTER,PAMALS,REC,,PAMA-LS,470.0
2026-09-08,3040253536,2641012-14,TRUNNION ASSY-RH-MAIN GEAR,PAMALS,OS concluída,,,
2026-09-08,3040253529,066-03064-0005,"ALTIMETER,SERVO CONTROLLED,AUTOMATIC PRESSURE",DSM-MN,REC,DEVOLVIDO NO ESTADO,WILLIAM,460.0
2026-09-08,3040253528,066-03064-0005,"ALTIMETER,SERVO CONTROLLED,AUTOMATIC PRESSURE",BANT,OS concluída,,,
2026-09-08,3040253532,799-1,TRANSDUCER,PAMALS,REC,,BANT,460.0
2026-09-08,3040253535,2643099-4,"SUPPORT ASSY FOWARD, NLG SPRING",BABE,REC,CONDENADO,VEE ONE,460.0
2026-09-08,3040253531,799-1,TRANSDUCER,BAMN,REC,,VEE ONE,460.0
2026-09-08,3040253530,799-1,TRANSDUCER,BAMN,REC,,BANT,460.0
2026-09-08,3040253526,30994-001,BATTERY-MARATHON TSP410 NICAD,PAMALS,OS concluída,,PAMA-LS,
2026-09-08,3040253527,30994-001,BATTERY-MARATHON TSP410 NICAD,BAPV,OS concluída,,PAMA-LS,
2026-09-08,3040254195,540-1407-4,"VALVE,BLEED,TURBINEENGINE",PAMALS,REC,,BANT,442.0
2026-09-08,3040254201,2643090-3,SHIMMY DAMPER-NOSE GEAR,PAMALS,REC,,PAMA-LS,442.0
2026-09-08,3040254203,SE1070-6,SHIMMY DAMPENER ASSY,BACGINAT,OS concluída,,,
2026-09-08,3040254205,C660501-0103,"COMPASS,SPEC",PAMALS,REC,,PAMA-LS,442.0
2026-09-08,3040254206,C660501-0103,"COMPASS,SPEC",ALA 8,REC,EM REPARO EM GARANTIA,WILLIAM,442.0
2026-09-08,3040254208,C660501-0103,"COMPASS,SPEC",BABV,REC,,PAMA-LS,442.0
2026-09-08,3040254210,799-1,TRANSDUCER,BANT,REC,,BANT,442.0
2026-09-08,3040254792,2606013-1RX,INDICATOR-PERCENT RPM,BABR,REC,,BANT,433.0
2026-09-08,3040254770,069-1025-25,"RECEIVER-TRANSMITTER,RADIO - KX165",ALA 9,REC,EM REPARO,WILLIAM,433.0
2026-09-08,3040254799,453-5000-710,EMERGENCY LOCATOR TRANSMITTER MODEL C406-2,PAMASP,OS concluída,,,
2026-09-08,3040254806,C352TS,"EXTINGUISHER,FIRE",PAMALS,REC,,PAMA-LS,433.0
2026-09-08,3040254805,C352TS,"EXTINGUISHER,FIRE",PAMALS,OS concluída,,,
2026-09-08,3040254810,C352TS,"EXTINGUISHER,FIRE",PAMALS,OS concluída,,,
2026-09-08,3040254809,C352TS,"EXTINGUISHER,FIRE",PAMAGL,OS concluída,,,
2026-09-08,3040254803,C352TS,"EXTINGUISHER,FIRE",2 ETA,REC,,PAMA-LS,433.0
2026-09-08,3040254808,C352TS,"EXTINGUISHER,FIRE",BABR,REC,,PAMA-LS,433.0
2026-09-08,3040254795,D145-00-46-2,FLAP ACTUATOR ASSY,BABE,REC,,PAMA-LS,433.0
2026-09-08,3040254793,D145-00-46-2,FLAP ACTUATOR ASSY,PAMALS,REC,,PAMA-LS,433.0
2026-09-08,3040254815,C482001-0402,VACUUM REGULAT,PAMALS,REC,CONDENADO,VEE ONE,433.0
2026-09-08,3040254816,C482001-0402,VACUUM REGULAT,PAMALS,REC,CONDENADO,VEE ONE,433.0
2026-09-08,3040254820,2641011-5,AXLE-MAIN GEAR,BAMN,OS concluída,,,
2026-09-08,3040254817,2641011-5,AXLE-MAIN GEAR,BABE,OS concluída,,,
2026-09-08,3040254818,2641011-5,AXLE-MAIN GEAR,BABE,OS concluída,,,
2026-09-08,3040254819,2641011-5,AXLE-MAIN GEAR,BANT,OS concluída,,,
2026-09-08,3040254796,30994-001,BATTERY-MARATHON TSP410 NICAD,BAMN,OS concluída,,,
2026-09-08,3040254789,452-0133,"BATTERY,NONRECHARGEABLE",BAMN,REC,CONDENADO,VEE ONE,433.0
2026-09-08,3040254788,452-0133,"BATTERY,NONRECHARGEABLE",BAMN,REC,CONDENADO,VEE ONE,433.0
2026-09-08,3040254787,452-0133,"BATTERY PACK,AIRCRAFT",DACTA II,REC,CONDENADO,VEE ONE,433.0
2026-09-08,3040254786,452-0133,"BATTERY PACK,AIRCRAFT",BAMN,REC,CONDENADO,VEE ONE,433.0
2026-09-08,3040254785,452-0133,"BATTERY,NONRECHARGEABLE",BAMN,REC,CONDENADO,VEE ONE,433.0
2026-09-08,3040254784,452-0133,"BATTERY,NONRECHARGEABLE",DACTA II,REC,CONDENADO,VEE ONE,433.0
2026-09-08,3040255326,011-00916-00,DISPLAY UNIT GDU 1040A,BAMN,REC,,BAMN,424.0
2026-09-08,3040255319,702801-5,FUEL PUMP,PAMASP,REC,EM REPARO,VEE ONE,424.0
2026-09-08,3040255321,8210-002,"GOVERNOR,CONSTANT SPEED DRIVE",PAMALS,OS concluída,,,
2026-09-08,3040255461,DAAS-A-010-1,ADAS-D PROCESSOR,PAMALS,REC,EM REPARO,VEE ONE,420.0
2026-09-08,3040255589,071-01519-0101,"RECEIVER-EXCITER,RADAR",BANT,REC,,PROCURANDO,418.0
2026-09-08,3040255590,071-01519-0101,"RECEIVER-EXCITER,RADAR",PAMALS,OS concluída,,,
2026-09-08,3040255706,C661064-0237,AIRSPEED INDICATOR,BAMN,OS concluída,,,
2026-09-08,3040256114,5934PAD-3,"ALTIMETER,PRESSURE",PAMALS,REC,EM REPARO,VEE ONE,404.0
2026-09-08,3040256119,011-00878-10,GSA-81 TORQUE SERVO,BAPV,REC,EM REPARO,LEAP,404.0
2026-09-08,3040256112,011-00883-20,RADAR GWX 68 WEATHER,BABE,REC,,BAMN,404.0
2026-09-08,3040256115,5934PAD-3,"ALTIMETER,PRESSURE",PAMALS,OS concluída,,,
2026-09-08,3040256118,011-00878-10,GSA-81 TORQUE SERVO,BAPV,REC,,BACO,404.0
2026-09-08,3040256120,011-00916-10,"DISPLAY UNIT,FLIGHT INFORMATION",BAMN,OS concluída,,,
2026-09-08,3040256314,066-4010-12,RECEIVER VOR/LOC (KNS81),EEAR,REC,EM REPARO,LEAP,391.0
2026-09-08,3040256311,3121248-03,"VALVE ASSEMBLY,COMPRESSOR BLEED",PAMALS,OS concluída,,,
2026-09-08,3040256704,C661064-0237,AIRSPEED INDICATOR,PAMALS,OS concluída,,,
2026-09-08,3040256707,D210507,"GOVERNOR,OVERSPEED",PAMALS,OS concluída,,,
2026-09-08,3040256708,D210507,"GOVERNOR,OVERSPEED",PAMALS,REC,REPARADO,VEE ONE,382.0
2026-09-08,3040256702,C661064-0237,AIRSPEED INDICATOR,BABR,OS concluída,,,
2026-09-08,3040256703,C661064-0237,AIRSPEED INDICATOR,PAMALS,OS concluída,,,
2026-09-08,3040256662,030-18200,MAIN WHEEL BRAKE,BASM,OS concluída,,,
2026-09-08,3040256665,161-11700,INNER WHEEL HALF ASSY,BABV,OS concluída,,,
2026-09-08,3040256666,161-11700,INNER WHEEL HALF ASSY,PAMALS,OS concluída,,,
2026-09-08,3040256667,161-11700,INNER WHEEL HALF ASSY,PAMALS,OS concluída,,,
2026-09-08,3040256668,161-11700,INNER WHEEL HALF ASSY,PAMALS,OS concluída,,,
2026-09-08,3040256669,161-11700,INNER WHEEL HALF ASSY,PAMALS,OS concluída,,,
2026-09-08,3040256670,161-11700,INNER WHEEL HALF ASSY,PAMALS,OS concluída,,,
2026-09-08,3040256671,161-11700,INNER WHEEL HALF ASSY,PAMALS,REC,,PAMA-LS,382.0
2026-09-08,3040256698,030-18200,MAIN WHEEL BRAKE,PAMASP,REC,,BABE,382.0
2026-09-08,3040256713,030-18200,MAIN WHEEL BRAKE,ALA 3,REC,,BAMN,382.0
2026-09-08,3040256694,162-11800,WHEEL HALF ASSY-OUTER,BANT,OS concluída,,,
2026-09-08,3040256696,162-11800,WHEEL HALF ASSY-OUTER,PAMALS,REC,,PAMA-LS,382.0
2026-09-08,3040256672,161-12800,WHEEL HALF ASSY-INNER,PAMALS,OS concluída,,PAMA-LS,
2026-09-08,3040256675,161-12800,WHEEL HALF ASSY-INNER,BANT,OS concluída,,,
2026-09-08,3040256792,011-00877-00,"GSA-80 SERVO ROL,YAW,SPEC",BAMN,REC,,PROCURANDO,382.0
2026-09-08,3040256787,011-00877-00,"GSA-80 SERVO ROL,YAW,SPEC",PAMALS,REC,EM REPARO,VEE ONE,382.0
2026-09-08,3040256828,011-00883-20,RADAR GWX 68 WEATHER,PAMALS,REC,,PAMA-LS,382.0
2026-09-08,3040256709,3121248-03,"VALVE ASSEMBLY,COMPRESSOR BLEED",PAMASP,REC,,BANT,379.0
2026-09-08,3040256673,161-12800,WHEEL HALF ASSY-INNER,PAMALS,REC,CONDENADO,VEE ONE,379.0
2026-09-08,3040257095,011-01105-01,INTEGRATED AVIONICS UNIT GIA63W,BABE,REC,EM REPARO,VEE ONE,375.0
2026-09-08,3040257096,011-01105-01,INTEGRATED AVIONICS UNIT GIA63W,BABE,REC,,BAMN,375.0
2026-09-08,3040257093,065-00183-0501,AUTOPILOT COMPUTER KFC225,BABE,REC,,BANT,375.0
2026-09-08,3040257094,065-00183-0501,AUTOPILOT COMPUTER KFC225,BABE,REC,,BANT,375.0
2026-09-08,3040257443,161-12800,WHEEL HALF ASSY-INNER,ALA 3,AUT,,,363.0
2026-09-08,3040257442,C163030-1001,MAIN W BRAKE A,BAMN,OS concluída,,BAMN,
2026-09-08,3040257452,3244809-8,"FUEL CONTROL,MAIN,TURBINE ENGINE",BAPV,OS concluída,,,
2026-09-08,3040257454,EA-5172-45-CES,"INDICATOR,AIRSPEED",BACG,OS concluída,,,
2026-09-08,3040257453,EA-5172-45-CES,"INDICATOR,AIRSPEED",ALA 7,REC,DEVOLVIDO NO ESTADO,WILLIAM,356.0
2026-09-08,3040257451,3244809-7,"FUEL CONTROL,MAIN,TURBINE ENGINE",PAMASP,REC,,BANT,356.0
2026-09-08,3040257450,3244809-4,"FUEL CONTROL,MAIN,TURBINE ENGINE",PAMASP,OS concluída,EM REPARO,LEAP,
2026-09-08,3040257438,030-18200,MAIN WHEEL BRAKE,BAMN,REC,REPARADO,VEE ONE,356.0
2026-09-08,3040257444,162-10700,OUTER WHEEL HALF ASSY,PAMALS,OS concluída,,,
2026-09-08,3040257447,162-10700,OUTER WHEEL HALF ASSY,PAMALS,OS concluída,,,
2026-09-08,3040257436,30994-001,BATTERY-MARATHON TSP410 NICAD,PAMALS,OS concluída,,PAMA-LS,
2026-09-08,3040257441,030-18200,MAIN WHEEL BRAKE,BAPV,REC,,BAMN,356.0
2026-09-08,3040257440,030-18200,MAIN WHEEL BRAKE,BANT,REC,CONDENADO,VEE ONE,356.0
2026-09-08,3040257439,030-18200,MAIN WHEEL BRAKE,BAMN,REC,,BAMN,356.0
2026-09-08,3040258306,D210507,"GOVERNOR,OVERSPEED",PAMALS,REC,EM REPARO,LEAP,336.0
2026-09-08,3040258310,D210507,"GOVERNOR,OVERSPEED",BACO,OS concluída,,,
2026-09-08,3040258309,D210507,"GOVERNOR,OVERSPEED",BAMN,REC,EM REPARO,LEAP,336.0
2026-09-08,3040258308,D210507,"GOVERNOR,OVERSPEED",BAMN,OS concluída,,,
2026-09-08,3040258307,D210507,"GOVERNOR,OVERSPEED",ALA 5,OS concluída,,,
2026-09-08,3040258303,011-00877-00,"GSA-80 SERVO ROL,YAW,SPEC",DACTA II,REC,EM REPARO,VEE ONE,336.0
2026-09-08,3040258422,2601188-8,COMPRESSOR DRIVE ASSY R134A,PAMASP,REC,,PROCURANDO,334.0
2026-09-08,3040258419,011-00877-00,"GSA-80 SERVO ROL,YAW,SPEC",DACTA II,REC,EM REPARO,VEE ONE,334.0
2026-09-08,3040258420,011-00877-00,"GSA-80 SERVO ROL,YAW,SPEC",BACO,REC,EM REPARO,VEE ONE,334.0
2026-09-08,3040258421,011-00877-00,"GSA-80 SERVO ROL,YAW,SPEC",BABE,REC,,BACO,334.0
2026-09-08,3040258764,069-01034-0102,"NAVIGATION SET,SATELLITE SIGNALS KLN-94",PAMALS,REC,,BANT,327.0
2026-09-08,3040259152,066-01141-5101,"TRANSPONDER,RADAR",BABE,REC,,BANT,308.0
2026-09-08,3040259151,066-01141-5101,"TRANSPONDER,RADAR",BANT,REC,,BANT,308.0
2026-09-08,3040259251,064-1019-05,VHF TRANSCEIVE KY196,EEAR,REC,,EEAR,306.0
2026-09-08,3040259146,1U149-015-15,HORIZ. GYRO-STADBY,PAMALS,REC,EM REPARO,VEE ONE,305.0
2026-09-08,3040259147,162-10700,OUTER WHEEL HALF ASSY,BANT,REC,EM REPARO,AMA - VEE ONE,305.0
2026-09-08,3040259148,3049038-03,"VALVE,COMPRESSOR BLEED",BANT,OS concluída,,,
2026-09-08,3040259316,2606015-4,INDICATOR-OIL TEMP/OIL PRESS,BACG,REC,,PAMA-LS,302.0
2026-09-08,3040259564,C414007-0102,BLOWER ASSY,PAMALS,OS concluída,,,
2026-09-08,3040259568,C414007-0102,BLOWER ASSY,ALA 10,OS concluída,,,
2026-09-08,3040259570,C414007-0102,BLOWER ASSY,ALA 10,OS concluída,,,
2026-09-08,3040259694,025323-150,FUEL PUMP,PAMASP,REC,,BACO,294.0
2026-09-08,3040259922,C414007-0102,BLOWER ASSY,BANT,REC,,PAMA-LS,287.0
2026-09-08,3040259928,C414007-0102,BLOWER ASSY,PAMALS,REC,EM REPARO,VEE ONE,287.0
2026-09-08,3040259924,C414007-0102,BLOWER ASSY,BACG,REC,EM REPARO,VEE ONE,287.0
2026-09-08,3040259918,C414007-0102,BLOWER ASSY,ALA 10,OS concluída,,VEE ONE,
2026-09-08,3040259950,065-0060-01,"CONTROL,SERVO,AUTOMATIC PILOT",PAMALS,REC,EM REPARO,LEAP,287.0
2026-09-08,3040259949,065-0060-01,"CONTROL,SERVO,AUTOMATIC PILOT",PAMALS,REC,EM REPARO,LEAP,287.0
2026-09-08,3040259947,066-3046-07,"CONTROL,INDICATOR",EEAR,OS concluída,,,
2026-09-08,3040259946,066-3046-07,"CONTROL,INDICATOR",BANT,REC,,BANT,287.0
2026-09-08,3040259944,066-3046-07,"CONTROL,INDICATOR",EEAR,REC,,PAMA-LS,287.0
2026-09-08,3040260209,011-00916-00,DISPLAY UNIT GDU 1040A,PAMALS,REC,,BAMN,273.0
2026-09-08,3040260208,324843-W020,HEADSET-MICROPHONE,PAMALS,REC,VAI SER DEVOLVIDO SEM REPARO,WILLIAM,273.0
2026-09-08,3040260204,324843-W020,HEADSET-MICROPHONE,PAMALS,OS concluída,,,
2026-09-08,3040260205,324843-W020,HEADSET-MICROPHONE,PAMALS,OS concluída,,,
2026-09-08,3040260388,SD5H14C4527,AIR COMPRESSOR,PAMALS,REC,EM REPARO,VEE ONE,266.0
2026-09-08,3040260382,065-00183-0501,AUTOPILOT COMPUTER KFC225,BANT,REC,,BANT,266.0
2026-09-08,3040260389,SD5H14C4527,AIR COMPRESSOR,PAMALS,REC,EM REPARO,VEE ONE,266.0
2026-09-08,3040260517,ASG12000-2,ALTERNATOR,PAMALS,OS concluída,,,
2026-09-08,3040260524,51539-012M,CONTROL UNIT ASSY-GENERATOR,BANT,REC,,BACG,263.0
2026-09-08,3040260516,ASG12000-2,ALTERNATOR,PAMALS,REC,,V1 PAMA-LS,263.0
2026-09-08,3040260523,9910592-2,ALTERNADOR,BAMN,OS concluída,,babr,
2026-09-08,3040260522,9910592-2,ALTERNADOR,BAMN,REC,,dacta II,263.0
2026-09-08,3040260547,161-12800,WHEEL HALF ASSY-INNER,EPCAR,OS concluída,,BABE,
2026-09-08,3040260545,161-11700,INNER WHEEL HALF ASSY,BACG,OS concluída,,,
2026-09-08,3040260544,161-11700,INNER WHEEL HALF ASSY,BANT,OS concluída,,,
2026-09-08,3040260546,161-12800,WHEEL HALF ASSY-INNER,PAMALS,REC,,,245.0
2026-09-08,3040260548,161-11700,INNER WHEEL HALF ASSY,CLA,OS concluída,,,
2026-09-08,3040260549,162-10700,OUTER WHEEL HALF ASSY,BACG,OS concluída,,,
2026-09-08,3040260550,162-10700,OUTER WHEEL HALF ASSY,CLA,OS concluída,,,
2026-09-08,3040260551,162-11800,WHEEL HALF ASSY-OUTER,BANT,REC,,,245.0
2026-09-08,3040260552,30994-001,BATTERY-MARATHON TSP410 NICAD,BABE,OS concluída,,PAMA-LS,
2026-09-08,3040260543,324843-W020,HEADSET-MICROPHONE,PAMALS,REC,,PAMA-LS,245.0
2026-09-08,3040260542,324843-W020,HEADSET-MICROPHONE,PAMALS,REC,,BABE,245.0
2026-09-08,3040260541,324843-W020,HEADSET-MICROPHONE,PAMALS,OS concluída,,,
2026-09-08,3040260540,324843-W020,HEADSET-MICROPHONE,PAMALS,OS concluída,,,
2026-09-08,3040260538,324843-W020,HEADSET-MICROPHONE,PAMALS,REC,,BABE,245.0
2026-09-08,3040260539,324843-W020,HEADSET-MICROPHONE,PAMALS,REC,,BABE,245.0
2026-09-08,3040260595,9910586-4,FLAP ACTUATOR AND MOTOR ASSEMBLY,7 ETA,REC,,BAMN,245.0
2026-09-08,3040260597,9910586-4,FLAP ACTUATOR AND MOTOR ASSEMBLY,BAPV,OS concluída,,BABR,
2026-09-08,3040260583,3244897-4,FUEL CONTROL UNIT,PAMALS,OS concluída,,,
2026-09-08,3040260750,3122678-04,FUEL CONTROL UNIT,PAMASP,REC,,BANT,237.0
2026-09-08,3040260752,3244897-4,FUEL CONTROL UNIT,PAMASP,OS concluída,,,
2026-09-08,3040260753,3244809-7,"FUEL CONTROL,MAIN,TURBINE ENGINE",PAMASP,OS concluída,,,
2026-09-08,3040260754,3244809-1,"FUEL CONTROL,MAIN,TURBINE ENGINE",PAMASP,REC,EM QUARENTENA,LEAP,237.0
2026-09-08,3040254794,C145-350,"MOTOR,DIRECT CURRENT",PAMALS,OS concluída,,,
2026-09-08,3040260913,064-1054-30,RECEIVER-TRANSMITTER SUBASSEMBLY,EPCAR,REC,,V1 PAMA-LS,225.0
2026-09-08,3040260915,064-1054-30,RECEIVER-TRANSMITTER SUBASSEMBLY,PAMALS,REC,,BABR,225.0
2026-09-08,3040260811,3034792,BOMBA DE COMBUSTÍVEL,BAPV,OS concluída,,BABR,
2026-09-08,3040260812,3034792,BOMBA DE COMBUSTÍVEL,BACG,OS concluída,,,
2026-09-08,3040260922,162-11800,WHEEL HALF ASSY-OUTER,PAMALS,OS concluída,,,
2026-09-08,3040260923,030-18200,MAIN WHEEL BRAKE,BACO,REC,REPARADO,VEE ONE,223.0
2026-09-08,3040261389,3034792,BOMBA DE COMBUSTÍVEL,PAMASP,OS concluída,REPARADO,V1 PAMA-LS,
2026-09-08,3040261388,3034792,BOMBA DE COMBUSTÍVEL,BABR,OS concluída,,,
2026-09-08,3040261387,3034792,BOMBA DE COMBUSTÍVEL,BABR,OS concluída,,,
2026-09-08,3040261371,TFF2905-13,FUEL FLOW TRANSDUCER,ALA 8,REC,,PAMA-LS,210.0
2026-09-08,3040261375,C661065-0240RX,"INDICATOR, AIRSPEED",BACG,REC,EM REPARO,WILLIAM,210.0
2026-09-08,3040261373,C661065-0240,AIRSPEED INDICATOR,BABE,REC,,PAMA-LS,210.0
2026-09-08,3040261322,011-00831-00,"ENGINE INTERFA,SPEC",BAPV,REC,,VEE ONE,210.0
2026-09-08,3040261326,011-00882-10,"COMPUTER,AIR DATA",BAMN,OS concluída,,,
2026-09-08,3040261324,011-00882-10,"COMPUTER,AIR DATA",BAMN,OS concluída,,,
2026-09-08,3040261327,064-1054-30,RECEIVER-TRANSMITTER SUBASSEMBLY,PAMASP,REC,,PAMA-LS,210.0
2026-09-08,3040261336,066-01141-0101,"RECEIVER,RADIO",BANT,REC,,PAMA-LS,210.0
2026-09-08,3040261334,065-0065-01,SELECTOR ALT,BANT,REC,,PAMA-LS,210.0
2026-09-08,3040261331,065-0061-36,ACTUATOR TRIM (KS272A),PAMASP,OS concluída,,BABR,
2026-09-08,3040261329,065-0061-36,ACTUATOR TRIM (KS272A),ALA 10,OS concluída,,,
2026-09-08,3040261335,065-0065-01,SELECTOR ALT,BANT,REC,,PAMA-LS,210.0
2026-09-08,3040261342,066-3084-02,COLOR RADAR INDICATOR,BABV,REC,,PAMA-LS,210.0
2026-09-08,3040261340,066-1053-00,"RECEIVER,RADIO",BASM,REC,,PAMA-LS,210.0
2026-09-08,3040261377,066-3054-01,INDICATOR RADAR ALTIMETER - TYPE KI250,PAMALS,REC,EM REPARO,WILLIAM,210.0
2026-09-08,3040261376,066-1061-03,RT RADAR ALTIM (KRA10A),PAMALS,REC,PARA REPARO,VEE ONE,210.0
2026-09-08,3040261352,1134380-4,EVAPORATOR MODULE ASSY-RH,BAMN,REC,CONDENADO,VEE ONE,210.0
2026-09-08,3040261347,071-1234-00,ANTENNA ACCESSORY,ALA 1,REC,EM REPARO,WILLIAM,210.0
2026-09-08,3040261344,066-4010-12,RECEIVER VOR/LOC (KNS81),ALA 10,REC,EM REPARO,WILLIAM,210.0
2026-09-08,3040261353,1H75-21,PRESSURE REGULATOR,BAMN,OS concluída,,BAMN,
2026-09-08,3040261357,2682001-1,BRAKE CYL MAST,BABE,OS concluída,,,
2026-09-08,3040261356,2670104-2,ANNUNCIATOR PANEL,PAMALS,OS concluída,,,
2026-09-08,3040261355,2643100-201,NOSE GEAR STRUT ASSY - TALL FORK,BABR,OS concluída,,,
2026-09-08,3040261354,2643100-201,NOSE GEAR STRUT ASSY - TALL FORK,BANT,REC,EM REPARO,AV AERONAUTICA,210.0
2026-09-08,3040261364,8210-002-01,GOVERNOR PROPELLER,PAMASP,REC,REPARADO,VEE ONE,210.0
2026-09-08,3040261627,S3828-1,ALTIMETER,BAMN,REC,,PAMA-LS,196.0
2026-09-08,3040261628,S3828-1,ALTIMETER,BABE,REC,REPARADO,V1 PAMA-LS,196.0
2026-09-08,3040261851,51539-012MRX,CONTROL UNIT ASSY-GENERATOR,BABE,REC,EM REPARO,VEE ONE,188.0
2026-09-08,3040261852,51539-012MRX,CONTROL UNIT ASSY-GENERATOR,BABE,REC,EM REPARO,VEE ONE,188.0
2026-09-08,3040261843,3034792,BOMBA DE COMBUSTÍVEL,PAMALS,REC,EM REPARO,VEE ONE,183.0
2026-09-08,3040262245,200SGL119Q-2,STARTER GENERATOR,BAMN,OS concluída,,,
2026-09-08,3040262246,200SGL119Q-2,STARTER GENERATOR,BAMN,OS concluída,,,
2026-09-08,3040262273,324843-W020,HEADSET-MICROPHONE,BABE,OS concluída,,,
2026-09-08,3040262275,324843-W020,HEADSET-MICROPHONE,BANT,OS concluída,,,
2026-09-08,3040262363,066-1055-00,AUDIO CONTROL PANEL,ALA 5,OS concluída,,,
2026-09-08,3040262367,066-1055-00,AUDIO CONTROL PANEL,ALA 9,REC,,WILLIAM,166.0
2026-09-08,3040262368,066-1055-00,AUDIO CONTROL PANEL,CLA,OS concluída,,,
2026-09-08,3040262372,51539-012M,CONTROL UNIT ASSY-GENERATOR,BANT,REC,,PAMA-LS,166.0
2026-09-08,3040262371,51539-012N,CONTROL UNIT ASSY-GENERATOR,BANT,REC,,PAMA-LS,166.0
2026-09-08,3040262419,065-0061-36,ACTUATOR TRIM (KS272A),ALA 9,REC,EM REPARO,WILLIAM,161.0
2026-09-08,3040262734,C352,PORTABLE HALON FIRE EXTINGUISHERS,ALA 5,REC,EM REPARO,AV AERONAUTICA,148.0
2026-09-08,3040262738,C352TS,"EXTINGUISHER,FIRE",BANT,REC,,AV AERONÁUTICA,148.0
2026-09-08,3040262739,C352TS,"EXTINGUISHER,FIRE",BANT,REC,,AV AERONÁUTICA,148.0
2026-09-08,3040262740,C352TS,"EXTINGUISHER,FIRE",PAMALS,REC,,AV AERONÁUTICA,148.0
2026-09-08,3040262766,011-00883-20,RADAR GWX 68 WEATHER,BAMN,OS concluída,,V1 PAMA-LS,
2026-09-08,3040262765,011-00883-20,RADAR GWX 68 WEATHER,BAMN,REC,,V1 PAMA-LS,148.0
2026-09-08,3040262772,011-01020-10,AFCS MODE CONTROLLER GMC 710,BAMN,REC,,PAMA-LS,148.0
2026-09-08,3040262770,011-01020-10,AFCS MODE CONTROLLER GMC 710,BAMN,REC,,PAMA-LS,148.0
2026-09-08,3040262773,011-01020-10,AFCS MODE CONTROLLER GMC 710,BAMN,REC,,PAMA-LS,148.0
2026-09-08,3040262746,066-1070-01,TRANSCEIVER DME (KN63),BABE,REC,EM REPARO,WILLIAM,148.0
2026-09-08,3040262745,064-1019-05,VHF TRANSCEIVE KY196,EEAR,REC,EM REPARO,VEE ONE,148.0
2026-09-08,3040262747,066-1072-00,RECEIVER ADF (KING KR87),ALA 7,REC,EM REPARO,WILLIAM,148.0
2026-09-08,3040262748,066-3046-07,"CONTROL,INDICATOR",BABR,REC,,BANT,148.0
2026-09-08,3040262769,066-3046-07,"CONTROL,INDICATOR",BABR,REC,,BANT,148.0
2026-09-08,3040262768,066-3046-07,"CONTROL,INDICATOR",EEAR,OS concluída,,BABR,
2026-09-08,3040262767,066-3046-07,"CONTROL,INDICATOR",EEAR,REC,EM REPARO,LEAP,148.0
2026-09-08,3040262791,066-3060-00,IND RMI KNI582,BANT,OS concluída,,,
2026-09-08,3040262630,161-11700,INNER WHEEL HALF ASSY,BANT,REC,,PAMA-LS,148.0
2026-09-08,3040262792,066-3060-00,IND RMI KNI582,BANT,REC,EM REPARO,LEAP,148.0
2026-09-08,3040262634,162-10700,OUTER WHEEL HALF ASSY,BANT,OS concluída,,PAMA-LS,
2026-09-08,3040262632,161-12800,WHEEL HALF ASSY-INNER,BANT,OS concluída,REPARADO,VEE ONE,
2026-09-08,3040262633,161-12800,WHEEL HALF ASSY-INNER,BANT,OS concluída,,,
2026-09-08,3040262635,162-11800,WHEEL HALF ASSY-OUTER,EPCAR,OS concluída,,,
2026-09-08,3040262637,162-11800,WHEEL HALF ASSY-OUTER,BANT,REC,REPARADO,VEE ONE,148.0
2026-09-08,3040262636,162-11800,WHEEL HALF ASSY-OUTER,BANT,OS concluída,REPARADO,VEE ONE,
2026-09-08,3040262646,200SGL119Q,STARTER GENERATOR,PAMASP,OS concluída,,,
2026-09-08,3040262639,200SGL119Q,STARTER GENERATOR,PAMASP,OS concluída,,PAMA-LS,
2026-09-08,3040262638,200SGL119Q,STARTER GENERATOR,PAMALS,REC,EM REPARO,AV AERONAUTICA,148.0
2026-09-08,3040262757,2606015-2,IND OIL TEMP/P,PAMALS,REC,EM REPARO,VEE ONE,148.0
2026-09-08,3040262706,2641011-5,AXLE-MAIN GEAR,BAMN,REC,,BANT,148.0
2026-09-08,3040262707,2641011-5,AXLE-MAIN GEAR,BABV,OS concluída,REPARADO,VEE ONE,
2026-09-08,3040262717,2641011-5,AXLE-MAIN GEAR,BANT,OS concluída,REPARADO,VEE ONE,
2026-09-08,3040262714,2641011-5,AXLE-MAIN GEAR,BAPV,REC,,BANT,148.0
2026-09-08,3040262713,2641011-5,AXLE-MAIN GEAR,BAPV,OS concluída,,,
2026-09-08,3040262712,2641011-5,AXLE-MAIN GEAR,BABR,REC,,BANT,148.0
2026-09-08,3040262711,2641011-5,AXLE-MAIN GEAR,BABR,REC,,BANT,148.0
2026-09-08,3040262709,2641011-5,AXLE-MAIN GEAR,PAMALS,REC,,BANT,148.0
2026-09-08,3040262708,2641011-5,AXLE-MAIN GEAR,PAMALS,REC,,BANT,148.0
2026-09-08,3040262744,3244809-1A,F.C.U,PAMALS,REC,EM REPARO,LEAP,148.0
2026-09-08,3040262758,9910338-4,FUEL TOTALIZER INDICATOR,PAMALS,REC,EM REPARO,VEE ONE,148.0
2026-09-08,3040262759,9910338-6,"TRANSMITTER,RATE OF FLOW",BAMN,REC,,PAMA-LS,148.0
2026-09-08,3040262760,9910338-6,"TRANSMITTER,RATE OF FLOW",BANT,REC,EM REPARO,VEE ONE,148.0
2026-09-08,3040262966,2682001-1,BRAKE CYL MAST,BACO,OS concluída,,PAMA-LS,
2026-09-08,3040262967,2682001-1,BRAKE CYL MAST,PAMALS,REC,,PAMA-LS,146.0
2026-09-08,3040262968,2682001-1,BRAKE CYL MAST,BANT,OS concluída,,PAMA-LS,
2026-09-08,3040262969,2682001-1,BRAKE CYL MAST,BABE,REC,,PAMA-LS,146.0
2026-09-08,3040263069,453-5060,ELT C406-N,BABE,OS concluída,,,
2026-09-08,3040263283,D145-00-46-2,FLAP ACTUATOR ASSY,PAMALS,REC,,,131.0
2026-09-08,3040263284,D145-00-46-2,FLAP ACTUATOR ASSY,BAFL,REC,,,131.0
2026-09-08,3040263324,069-01033-0101,"RECEIVER-TRANSMITTER,RADIO",PAMALS,REC,EM REPARO,LEAP,131.0
2026-09-08,3040263287,C661065-0237,AIRSPEED INDICATOR,BABR,OS concluída,,,
2026-09-08,3040263288,C661065-0237,AIRSPEED INDICATOR,PAMASP,OS concluída,,,
2026-09-08,3040263314,060-0017-00,FLIGHT DIR HOR,EEAR,REC,EM REPARO,LEAP,131.0
2026-09-08,3040263319,066-1055-00,AUDIO CONTROL PANEL,BABE,OS concluída,,,
2026-09-08,3040263317,060-0017-00,FLIGHT DIR HOR,PAMASP,REC,,BANT,131.0
2026-09-08,3040263316,060-0017-00,FLIGHT DIR HOR,BANT,REC,,BANT,131.0
2026-09-08,3040263320,066-1055-00,AUDIO CONTROL PANEL,PAMALS,REC,EM REPARO,AV AERONAUTICA,131.0
2026-09-08,3040263325,069-01033-0101,"RECEIVER-TRANSMITTER,RADIO",PAMALS,REC,,,131.0
2026-09-08,3040263335,C611008-0101,ALTERNATOR CONTROL UNIT,PAMALS,REC,,BANT,131.0
2026-09-08,3040263336,C611008-0101,ALTERNATOR CONTROL UNIT,PAMALS,REC,,BANT,131.0
2026-09-08,3040263286,C661065-0237,AIRSPEED INDICATOR,BANT,REC,,PAMA-LS,131.0
2026-09-08,3040263322,066-1055-00,AUDIO CONTROL PANEL,ALA 9,REC,EM REPARO,WILLIAM,131.0
2026-09-08,3040263326,069-01033-0101,"RECEIVER-TRANSMITTER,RADIO",PAMALS,REC,,BANT,131.0
2026-09-08,3040263315,060-0017-00,FLIGHT DIR HOR,BACG,OS concluída,,BABR,
2026-09-08,3040263334,011-00916-10,"DISPLAY UNIT,FLIGHT INFORMATION",BACO,REC,,WILLIAM,131.0
2026-09-08,3040263333,011-00916-10,"DISPLAY UNIT,FLIGHT INFORMATION",BACO,OS concluída,,BAMN,
2026-09-08,3040263332,011-00916-10,"DISPLAY UNIT,FLIGHT INFORMATION",BAMN,OS concluída,,,
2026-09-08,3040263331,C661064-0237,AIRSPEED INDICATOR,PAMALS,REC,,PAMA-LS,131.0
2026-09-08,3040263329,C661064-0237,AIRSPEED INDICATOR,PAMALS,REC,,PAMA-LS,131.0
2026-09-08,3040263328,C661064-0237,AIRSPEED INDICATOR,BABR,REC,EM REPARO,WILLIAM,131.0
2026-09-08,3040263327,C661064-0237,AIRSPEED INDICATOR,BABR,REC,EM REPARO,WILLIAM,131.0
2026-09-08,3040263330,C661064-0237,AIRSPEED INDICATOR,PAMALS,REC,,PAMA-LS,131.0
2026-09-08,3040263338,C611008-0101,ALTERNATOR CONTROL UNIT,PAMALS,REC,,V1 PAMA-LS,131.0
2026-09-08,3040263433,066-03064-0005,"ALTIMETER,SERVO CONTROLLED,AUTOMATIC PRESSURE",BACG,REC,,PAMA-LS,125.0
2026-09-08,3040263435,066-03064-0005,"ALTIMETER,SERVO CONTROLLED,AUTOMATIC PRESSURE",BANT,REC,,PAMA-LS,125.0
2026-09-08,3040263434,066-03064-0005,"ALTIMETER,SERVO CONTROLLED,AUTOMATIC PRESSURE",PAMASP,REC,,PAMA-LS,125.0
2026-09-08,3040263417,069-01033-0101,"RECEIVER-TRANSMITTER,RADIO",PAMALS,REC,EM REPARO,WILLIAM,125.0
2026-09-08,3040263416,069-01033-0101,"RECEIVER-TRANSMITTER,RADIO",BASM,REC,EM REPARO,WILLIAM,125.0
2026-09-08,3040263415,069-01033-0101,"RECEIVER-TRANSMITTER,RADIO",BABR,REC,,BANT,125.0
2026-09-08,3040263447,066-3046-07,"CONTROL,INDICATOR",CLA,OS concluída,,BABR,
2026-09-08,3040263443,3244897-4,FUEL CONTROL UNIT,PAMALS,REC,EM REPARO,LEAP,124.0
2026-09-08,3040263444,3244897-4,FUEL CONTROL UNIT,PAMALS,REC,EM REPARO,LEAP,124.0
2026-09-08,3040263577,060-0015-00,"CONTROL,DIRECTIONAL,AUTOMATIC PILOT",ALA 5,REC,,WILLIAM,119.0
2026-09-08,3040263574,066-1072-04,"RECEIVER,RADIO",BABE,REC,EM REPARO,WILLIAM,119.0
2026-09-08,3040263576,066-1072-04,"RECEIVER,RADIO",BAMN,OS concluída,,WILLIAM,
2026-09-08,3040263575,066-1072-04,"RECEIVER,RADIO",BABE,REC,EM REPARO,WILLIAM,119.0
2026-09-08,3040263573,066-3084-32,IND RDR 2000 IN-182A,PAMALS,REC,,BABR,119.0
2026-09-08,3040263571,066-3084-32,IND RDR 2000 IN-182A,PAMALS,REC,,BANT,119.0
2026-09-08,3040263572,066-3084-32,IND RDR 2000 IN-182A,PAMALS,REC,EM REPARO,WILLIAM,119.0
2026-09-08,3040263448,2618510-10,ALTERNATOR CONTROL UNIT ASSY,BABE,REC,EM REPARO,WILLIAM,119.0
2026-09-08,3040263449,2618510-10,ALTERNATOR CONTROL UNIT ASSY,PAMALS,REC,,BANT,119.0
2026-09-08,3040263877,2641011-5,AXLE-MAIN GEAR,CLA,REC,REPARADO,VEE ONE,109.0
2026-09-08,3040263878,2641011-5,AXLE-MAIN GEAR,CLA,REC,,BABE,109.0
2026-09-08,3040264243,069-01033-0101,"RECEIVER-TRANSMITTER,RADIO",PAMALS,REC,EM REPARO,WILLIAM,102.0
2026-09-08,3040264244,069-01033-0101,"RECEIVER-TRANSMITTER,RADIO",PAMASP,REC,EM REPARO,WILLIAM,102.0
2026-09-08,3040264246,060-0017-00,FLIGHT DIR HOR,PAMALS,REC,,BABR,102.0
2026-09-08,3040264237,200SGL119Q-2,STARTER GENERATOR,BAMN,REC,EM REPARO,AV AERONAUTICA,102.0
2026-09-08,3040264236,200SGL119Q-2,STARTER GENERATOR,BABE,OS concluída,,BABE,
2026-09-08,3040264121,3244897-4,FUEL CONTROL UNIT,BABE,OS concluída,EM REPARO,LEAP,
2026-09-08,3040264263,9910338-8,"INDICATOR,FUEL FLOW",PAMALS,OS concluída,,BABR,
2026-09-08,3040264262,9910338-8,"INDICATOR,FUEL FLOW",BABV,REC,,PAMA-LS,102.0
2026-09-08,3040264242,324843-2020,HEADSET-MICROPHONE,BABE,OS concluída,,BAMN,
2026-09-08,3040264264,324843-2020,HEADSET-MICROPHONE,DACTA II,OS concluída,,BAMN,
2026-09-08,3040264238,324843-2020,HEADSET-MICROPHONE,DACTA II,OS concluída,,,
2026-09-08,3040264241,324843-2020,HEADSET-MICROPHONE,DACTA II,OS concluída,,BAMN,
2026-09-08,3040264240,324843-2020,HEADSET-MICROPHONE,DACTA II,OS concluída,,BAMN,
2026-09-08,3040264122,3244809-8,"FUEL CONTROL,MAIN,TURBINE ENGINE",BABE,OS concluída,,BABR,
2026-09-08,3040263797,066-3046-07,"CONTROL,INDICATOR",BABE,REC,EM REPARO,WILLIAM,102.0
2026-09-08,3040263798,066-3046-07,"CONTROL,INDICATOR",PAMASP,OS concluída,,,
2026-09-08,3040263799,066-3046-07,"CONTROL,INDICATOR",PAMASP,REC,EM REPARO,WILLIAM,102.0
2026-09-08,3040263795,071-01519-0101,"RECEIVER-EXCITER,RADAR",PAMALS,REC,,BANT,102.0
2026-09-08,3040263796,071-01519-0101,"RECEIVER-EXCITER,RADAR",PAMALS,REC,EM REPARO,WILLIAM,102.0
2026-09-08,3040264579,060-0017-00,FLIGHT DIR HOR,BABR,OS concluída,,,
2026-09-08,3040264577,060-0017-00,FLIGHT DIR HOR,PAMALS,REC,,,90.0
2026-09-08,3040264573,060-0017-00,FLIGHT DIR HOR,BANT,REC,,,90.0
2026-09-08,3040264574,060-0017-00,FLIGHT DIR HOR,BANT,REC,,,90.0
2026-09-08,3040264576,060-0017-00,FLIGHT DIR HOR,PAMALS,REC,,,90.0
2026-09-08,3040264572,060-0017-00,FLIGHT DIR HOR,PAMASP,REC,,,90.0
2026-09-08,3040264647,1H75-21,PRESSURE REGULATOR,BAMN,REC,,,85.0
2026-09-08,3040264646,1H75-21,PRESSURE REGULATOR,PAMASP,REC,,,85.0
2026-09-08,3040264645,1H75-21,PRESSURE REGULATOR,PAMASP,REC,,,85.0
2026-09-08,3040264643,1H75-21,PRESSURE REGULATOR,PAMASP,OS concluída,,,
2026-09-08,3040264707,3244809-7,"FUEL CONTROL,MAIN,TURBINE ENGINE",BABE,OS concluída,,,
2026-09-08,3040264709,540-1407-4,"VALVE,BLEED,TURBINEENGINE",PAMASP,REC,,,85.0
2026-09-08,3040264710,200SGL153Q,"STARTER-GENERATOR,ENGINE,AIRCRAFT",CLA,OS concluída,,,
2026-09-08,3040264711,200SGL153Q,"STARTER-GENERATOR,ENGINE,AIRCRAFT",PAMASP,OS concluída,,,
2026-09-08,3040264712,200SGL153Q,"STARTER-GENERATOR,ENGINE,AIRCRAFT",BACG,REC,,,85.0
2026-09-08,3040264718,9910338-8,"INDICATOR,FUEL FLOW",PAMALS,REC,,,85.0
2026-09-08,3040264719,S3326-2,"INDICATOR,HORIZONTAL SITUATION",ALA 8,REC,,,85.0
2026-09-08,3040264720,S3326-2,"INDICATOR,HORIZONTAL SITUATION",PAMALS,REC,,,85.0
2026-09-08,3040264721,S3326-2,"INDICATOR,HORIZONTAL SITUATION",PAMASP,REC,,,85.0
2026-09-08,3040264724,2606013-1AM,INDICADOR PERCENTUAL RPM,BABV,REC,,,85.0
2026-09-08,3040264725,2606013-1AM,INDICADOR PERCENTUAL RPM,BABR,REC,,,85.0
2026-09-08,3040264726,2606015-4,INDICATOR-OIL TEMP/OIL PRESS,BANT,REC,,,85.0
2026-09-08,3040264727,C661051-0201,GYRO HORIZON,ALA 10,REC,,,85.0
2026-09-08,3040264728,504-0111-906,GYRO HORIZON,PAMALS,OS concluída,,,
2026-09-08,3040264729,504-0111-906,GYRO HORIZON,BACG,OS concluída,,,
2026-09-08,3040264730,8210-003,"GOVERNOR,FUEL CONTROL",PAMASP,REC,,,85.0
2026-09-08,3040264731,8210-002,"GOVERNOR,CONSTANT SPEED DRIVE",PAMASP,REC,,,85.0
2026-09-08,3040264732,8210-002,"GOVERNOR,CONSTANT SPEED DRIVE",BAMN,REC,,,85.0
2026-09-08,3040264733,030-18200,MAIN WHEEL BRAKE,BAMN,REC,,,85.0
2026-09-08,3040264734,030-18200,MAIN WHEEL BRAKE,BAMN,REC,,,85.0
2026-09-08,3040264735,161-11700,INNER WHEEL HALF ASSY,PAMALS,REC,,,85.0
2026-09-08,3040264736,161-12800,WHEEL HALF ASSY-INNER,BABR,REC,,,85.0
2026-09-08,3040264737,161-12800,WHEEL HALF ASSY-INNER,PAMALS,AUT,,,85.0
2026-09-08,3040264738,162-10700,OUTER WHEEL HALF ASSY,BACO,AUT,,,85.0
2026-09-08,3040264807,011-01105-01,INTEGRATED AVIONICS UNIT GIA63W,ALA 8,REC,,,77.0
2026-09-08,3040264808,011-01105-01,INTEGRATED AVIONICS UNIT GIA63W,BAMN,REC,,,77.0
2026-09-08,3040264907,011-00916-10,"DISPLAY UNIT,FLIGHT INFORMATION",BAMN,REC,,,70.0
2026-09-08,3040264908,011-00916-10,"DISPLAY UNIT,FLIGHT INFORMATION",BABV,OS concluída,,,
2026-09-08,3040264974,3244809-8,"FUEL CONTROL,MAIN,TURBINE ENGINE",BAMN,REC,,,68.0
2026-09-08,3040264961,3244897-4,FUEL CONTROL UNIT,CLA,OS concluída,,,
2026-09-08,3040264960,3034792,BOMBA DE COMBUSTÍVEL,CLA,OS concluída,,,
2026-09-08,3040265144,011-01020-10,AFCS MODE CONTROLLER GMC 710,BABE,REC,,,62.0
2026-09-08,3040265140,011-01020-10,AFCS MODE CONTROLLER GMC 710,BABE,REC,,,62.0
2026-09-08,3040265482,066-3084-32,IND RDR 2000 IN-182A,BABR,REC,,,47.0
2026-09-08,3040265484,066-3084-32,IND RDR 2000 IN-182A,BANT,REC,,,47.0
2026-09-08,3040265485,066-3084-32,IND RDR 2000 IN-182A,BABR,REC,,,47.0
2026-09-08,3040265526,ASG12000-2,ALTERNATOR,PAMALS,REC,,,43.0
2026-09-08,3040265525,ASG12000-2,ALTERNATOR,BABR,REC,,,43.0
2026-09-08,3040265527,9910592-2,ALTERNADOR,BABR,REC,,,43.0
2026-09-08,3040265533,3122678-04,FUEL CONTROL UNIT,BABR,REC,,,43.0
2026-09-08,3040265532,C611505-0201,ALTERNATOR,BANT,REC,,,43.0
2026-09-08,3040265530,C611505-0201,ALTERNATOR,BABV,REC,,,43.0
2026-09-08,3040265528,9910592-2,ALTERNADOR,BABR,REC,,,43.0
2026-09-08,3040265724,3244897-4,FUEL CONTROL UNIT,CLA,REC,,,42.0
2026-09-08,3040265474,C611008-0101,ALTERNATOR CONTROL UNIT,PAMALS,REC,,,40.0
2026-09-08,3040265475,C611008-0101,ALTERNATOR CONTROL UNIT,BABV,REC,,,40.0
2026-09-08,3040265476,C611008-0101,ALTERNATOR CONTROL UNIT,PAMALS,REC,,,40.0
2026-09-08,3040265477,C611008-0101,ALTERNATOR CONTROL UNIT,PAMALS,REC,,,40.0
2026-09-08,3040265576,011-00916-10,"DISPLAY UNIT,FLIGHT INFORMATION",BAMN,REC,,,39.0
2026-09-08,3040265580,011-00916-00,DISPLAY UNIT GDU 1040A,PAMALS,REC,,,43.0
2026-09-08,3040265581,011-00916-00,DISPLAY UNIT GDU 1040A,PAMALS,REC,,,43.0
2026-09-08,3040265589,EA-5175-52-CES,INDICATOR TRUE,BABV,REC,,,43.0
2026-09-08,3040265590,EA-5175-52-CES,INDICATOR TRUE,BASM,REC,,,43.0
2026-09-08,3040265591,EA-5175-52-CES,INDICATOR TRUE,BABV,REC,,,43.0
2026-09-08,3040265592,EA-5175-52-CES,INDICATOR TRUE,BABV,REC,,,43.0
2026-09-08,3040265668,9910592-2,ALTERNADOR,PAMALS,OS concluída,,,
2026-09-08,3040265678,9910592-2,ALTERNADOR,BAMN,REC,,,43.0
2026-09-08,3040265679,C611505-0201,ALTERNATOR,PAMALS,REC,,,43.0
2026-09-08,3040265680,C611505-0201,ALTERNATOR,ALA 8,REC,,,43.0
2026-09-08,3040265726,071-01519-0101,"RECEIVER-EXCITER,RADAR",PAMALS,REC,,,42.0
2026-09-08,3040265727,071-01519-0101,"RECEIVER-EXCITER,RADAR",CLA,REC,,,42.0
2026-09-08,3040265728,C163030-1001,MAIN W BRAKE A,BAMN,REC,,,42.0
2026-09-08,3040265731,066-3046-07,"CONTROL,INDICATOR",BABR,REC,,,42.0
2026-09-08,3040265732,066-3046-07,"CONTROL,INDICATOR",BANT,REC,,,42.0
2026-09-08,3040265734,066-3046-07,"CONTROL,INDICATOR",EEAR,REC,,,42.0
2026-09-08,3040265735,066-3046-07,"CONTROL,INDICATOR",CLA,REC,,,42.0
2026-09-08,3040265736,C611008-0101,ALTERNATOR CONTROL UNIT,BABV,REC,,,42.0
2026-09-08,3040265737,C611008-0101,ALTERNATOR CONTROL UNIT,EEAR,REC,,,42.0
2026-09-08,3040265738,C611008-0101,ALTERNATOR CONTROL UNIT,PAMALS,REC,,,42.0
2026-09-08,3040265739,C611008-0101,ALTERNATOR CONTROL UNIT,BANT,REC,,,42.0
2026-09-08,3040265740,C611008-0101,ALTERNATOR CONTROL UNIT,BABE,REC,,,42.0
2026-09-08,3040265741,C611008-0101,ALTERNATOR CONTROL UNIT,BABR,REC,,,42.0
2026-09-08,3040265742,066-1072-04,"RECEIVER,RADIO",BACG,REC,,,42.0
2026-09-08,3040265743,066-1072-04,"RECEIVER,RADIO",BAMN,REC,,,42.0
2026-09-08,3040265744,066-1072-04,"RECEIVER,RADIO",PAMALS,REC,,,42.0
2026-09-08,3040265745,066-3084-32,IND RDR 2000 IN-182A,PAMALS,REC,,,42.0
2026-09-08,3040265746,066-3084-32,IND RDR 2000 IN-182A,PAMALS,REC,,,42.0
2026-09-08,3040265747,30994-001,BATTERY-MARATHON TSP410 NICAD,PAMALS,AUT,,,42.0
2026-09-08,3040265748,30994-001,BATTERY-MARATHON TSP410 NICAD,PAMALS,AUT,,,42.0
2026-09-08,3040265749,30994-001,BATTERY-MARATHON TSP410 NICAD,PAMALS,AUT,,,42.0
2026-09-08,3040265750,30994-001,BATTERY-MARATHON TSP410 NICAD,PAMALS,AUT,,,42.0
2026-09-08,3040265751,30994-001,BATTERY-MARATHON TSP410 NICAD,PAMALS,AUT,,,42.0
2026-09-08,3040265752,2641011-5,AXLE-MAIN GEAR,BAMN,REC,,,42.0
2026-09-08,3040265753,2641011-5,AXLE-MAIN GEAR,BAMN,REC,,,42.0
2026-09-08,3040265754,161-11700,INNER WHEEL HALF ASSY,BACO,AUT,,,42.0
2026-09-08,3040265755,161-12800,WHEEL HALF ASSY-INNER,BABE,REC,,,42.0
2026-09-08,3040265757,066-01141-0101,"RECEIVER,RADIO",PAMALS,REC,,,42.0
2026-09-08,3040265758,066-01141-0101,"RECEIVER,RADIO",PAMALS,REC,,,42.0
2026-09-08,3040265759,C660501-0103,"COMPASS,SPEC",DACTA II,REC,,,42.0
2026-09-08,3040265769,023694-000,BATTERY NICKEL CADMIUM,BAPV,REC,,,41.0
2026-09-08,3040265771,2651023-23,ENGINE MOUNT ASSEMBLY,PAMALS,REC,,,41.0
2026-09-08,3040265772,2651023-23,ENGINE MOUNT ASSEMBLY,PAMALS,REC,,,41.0
2026-09-08,3040265892,324843-0020,HEADSET-MICROPHONE,PAMALS,REC,,,36.0
2026-09-08,3040265893,324843-0020,HEADSET-MICROPHONE,PAMALS,OS concluída,,,
2026-09-08,3040265894,324843-0020,HEADSET-MICROPHONE,PAMALS,REC,,,36.0
2026-09-08,3040265895,324843-0020,HEADSET-MICROPHONE,PAMALS,REC,,,36.0
2026-09-08,3040265946,011-00870-00,MAGNETOMETER GMU 44,BAMN,REC,,,33.0
2026-09-08,3040265947,011-00870-00,MAGNETOMETER GMU 44,BAMN,REC,,,33.0
2026-09-08,3040266034,C662041-0102,INDICATOR FUEL,BABE,REC,,,29.0
2026-09-08,3040266040,C662041-0102,INDICATOR FUEL,PAMALS,REC,,,29.0
2026-09-08,3040266036,C662041-0102,INDICATOR FUEL,PAMALS,REC,,,29.0
2026-09-08,3040266035,C662041-0102,INDICATOR FUEL,PAMALS,REC,,,21.0
2026-09-08,3040266039,C662041-0102,INDICATOR FUEL,BANT,REC,,,21.0
2026-09-08,3040266041,C662041-0102,INDICATOR FUEL,PAMALS,REC,,,21.0
2026-09-08,3040266307,069-01033-0101,"RECEIVER-TRANSMITTER,RADIO",PAMALS,REC,,,19.0
2026-09-08,3040266308,069-01033-0101,"RECEIVER-TRANSMITTER,RADIO",BANT,REC,,,19.0
2026-09-08,3040266306,069-01033-0101,"RECEIVER-TRANSMITTER,RADIO",BACG,REC,,,19.0
2026-09-08,3040266307,069-01033-0101,"RECEIVER-TRANSMITTER,RADIO",PAMALS,REC,,,19.0
2026-09-08,3040266308,069-01033-0101,"RECEIVER-TRANSMITTER,RADIO",BANT,REC,,,19.0
2026-09-08,3040266568,C662504-0101,GAGE VOLT AMME,PAMALS,REC,,,8.0
2026-09-08,3040266567,C662504-0101,GAGE VOLT AMME,ALA 9,REC,,,8.0
2026-09-08,3040266566,C662504-0101,GAGE VOLT AMME,PAMALS,REC,,,8.0
2026-09-08,3040266569,C662504-0101,GAGE VOLT AMME,BABV,REC,,,8.0
2026-09-09,3040249831,066-01141-5101,"RECEIVER-TRANSMITTER,RADIO (KT71)",PAMALS,REC,EM REPARO,LEAP,576.0
2026-09-09,3040250248,452-0133,"BATTERY,NONRECHARGEABLE",BABR,REC,CONDENADO,VEE ONE,560.0
2026-09-09,3040250249,452-0133,"BATTERY,NONRECHARGEABLE",BAMN,REC,CONDENADO,VEE ONE,560.0
2026-09-09,3040250234,3034792,BOMBA DE COMBUSTÍVEL,PAMALS,REC,,BANT,560.0
2026-09-09,3040250816,453-5060,"BEACON,DISTRESS",BAMN,REC,,PAMA-LS,538.0
2026-09-09,3040250830,799-1,TRANSDUCER,BACO,REC,,BANT,538.0
2026-09-09,3040250829,51539-012N,CONTROL UNIT ASSY-GENERATOR,BAMN,OS concluída,,,
2026-09-09,3040250828,51539-012N,CONTROL UNIT ASSY-GENERATOR,BACG,REC,,BABR,538.0
2026-09-09,3040250827,51539-012N,CONTROL UNIT ASSY-GENERATOR,BANT,REC,,BABR,538.0
2026-09-09,3040250831,799-1,TRANSDUCER,BANT,REC,,BANT,538.0
2026-09-09,3040250833,9910586-4,FLAP ACTUATOR AND MOTOR ASSEMBLY,ALA 3,REC,,BAMN,538.0
2026-09-09,3040250834,9910586-4,FLAP ACTUATOR AND MOTOR ASSEMBLY,ALA 3,OS concluída,,,
2026-09-09,3040250832,9910338-4,FUEL TOTALIZER INDICATOR,EEAR,REC,,PAMA-LS,538.0
2026-09-09,3040250835,ASG12000-2,ALTERNATOR,ALA 5,REC,REPARADO,V1 PAMA-LS,538.0
2026-09-09,3040250841,C661030-0301,TURN BANK,PAMALS,REC,EM REPARO,LEAP,538.0
2026-09-09,3040250842,C662041-0102,INDICATOR FUEL,ALA 5,REC,,PAMA-LS,538.0
2026-09-09,3040250844,C662041-0102,INDICATOR FUEL,ALA 9,REC,,PAMA-LS,538.0
2026-09-09,3040250843,C662041-0102,INDICATOR FUEL,ALA 10,OS concluída,,,
2026-09-09,3040250719,060-0017-00,FLIGHT DIR HOR,PAMALS,REC,,BANT,538.0
2026-09-09,3040250720,060-0017-00,FLIGHT DIR HOR,BABV,OS concluída,,,
2026-09-09,3040250722,066-01141-5101,"RECEIVER-TRANSMITTER,RADIO (KT71)",ALA 9,REC,EM REPARO,WILLIAM,538.0
2026-09-09,3040250723,066-01141-5101,"RECEIVER-TRANSMITTER,RADIO (KT71)",CLA,REC,,BABR,538.0
2026-09-09,3040250721,060-0017-00,FLIGHT DIR HOR,BANT,OS concluída,,,
2026-09-09,3040250725,066-3046-07,"CONTROL,INDICATOR",ALA 10,OS concluída,,,
2026-09-09,3040250724,066-04035-1101,"DISPLAY UNIT,RADAR",PAMALS,REC,,BANT,538.0
2026-09-09,3040250732,069-1025-25,"RECEIVER-TRANSMITTER,RADIO - KX165",PAMALS,REC,EM REPARO,WILLIAM,538.0
2026-09-09,3040250782,2606012-1,INDICATOR-INTER-TURBINE TEMPERATURE,ALA 9,OS concluída,,,
2026-09-09,3040250775,161-11700,INNER WHEEL HALF ASSY,BABE,OS concluída,,,
2026-09-09,3040250773,161-11700,INNER WHEEL HALF ASSY,EEAR,REC,,BACG,538.0
2026-09-09,3040250718,030-18200,MAIN WHEEL BRAKE,BACO,OS concluída,,,
2026-09-09,3040250716,030-18200,MAIN WHEEL BRAKE,BABV,REC,EM REPARO,LEAP,538.0
2026-09-09,3040250717,030-18200,MAIN WHEEL BRAKE,BACO,OS concluída,,,
2026-09-09,3040250780,162-11800,WHEEL HALF ASSY-OUTER,PAMALS,OS concluída,,,
2026-09-09,3040250781,162-11800,WHEEL HALF ASSY-OUTER,BACG,OS concluída,,,
2026-09-09,3040250778,161-12800,WHEEL HALF ASSY-INNER,BACG,OS concluída,,,
2026-09-09,3040250776,161-12800,WHEEL HALF ASSY-INNER,BABE,OS concluída,,,
2026-09-09,3040250790,2643031-7,"FORK ASSY,NOSE GEAR SPRING",BAMN,OS concluída,,,
2026-09-09,3040250791,2643090-1,SHIMMY DAMPENE,BANT,REC,EM REPARO,AV AERONAUTICA,538.0
2026-09-09,3040250792,2643090-1,SHIMMY DAMPENE,BAMN,REC,REPARADO,V1 PAMA-LS,538.0
2026-09-09,3040250789,2641012-14,TRUNNION ASSY-RH-MAIN GEAR,PAMASP,OS concluída,,,
2026-09-09,3040250793,2643099-4,"SUPPORT ASSY FOWARD, NLG SPRING",BAMN,OS concluída,,,
2026-09-09,3040250798,30994-001,BATTERY-MARATHON TSP410 NICAD,BANT,OS concluída,CONDENADO,AMA - VEE ONE,
2026-09-09,3040252191,C611008-0101,ALTERNATOR CONTROL UNIT,PAMALS,REC,,BABR,505.0
2026-09-09,3040252159,011-00916-00,DISPLAY UNIT GDU 1040A,BAMN,REC,,BAMN,505.0
2026-09-09,3040252161,065-0042-03,COMPUTER PA,ALA 10,REC,EM REPARO,WILLIAM,505.0
2026-09-09,3040252162,065-0042-03,COMPUTER PA,EEAR,REC,,BABE,505.0
2026-09-09,3040252164,065-0042-03,COMPUTER PA,EEAR,REC,EM REPARO,WILLIAM,505.0
2026-09-09,3040252165,065-0042-03,COMPUTER PA,PAMALS,OS concluída,,,
2026-09-09,3040252166,065-0059-01,SERVO PITCH,EEAR,REC,EM REPARO,WILLIAM,505.0
2026-09-09,3040252168,066-03064-0005,"ALTIMETER,SERVO CONTROLLED,AUTOMATIC PRESSURE",ALA 9,OS concluída,,,
2026-09-09,3040252173,066-03064-0005,"ALTIMETER,SERVO CONTROLLED,AUTOMATIC PRESSURE",BANT,REC,EM REPARO,LEAP,505.0
2026-09-09,3040252172,066-03064-0005,"ALTIMETER,SERVO CONTROLLED,AUTOMATIC PRESSURE",PAMALS,REC,NO ESTADO,VEE ONE,505.0
2026-09-09,3040252170,066-03064-0005,"ALTIMETER,SERVO CONTROLLED,AUTOMATIC PRESSURE",ALA 7,REC,NO ESTADO,VEE ONE,505.0
2026-09-09,3040252178,066-1072-00,RECEIVER ADF (KING KR87),PAMALS,OS concluída,,,
2026-09-09,3040252182,066-1072-04,"RECEIVER,RADIO",ALA 9,OS concluída,,,
2026-09-09,3040252181,066-1072-04,"RECEIVER,RADIO",PAMASP,REC,EM REPARO,WILLIAM,505.0
2026-09-09,3040252180,066-1072-04,"RECEIVER,RADIO",ALA 8,OS concluída,,,
2026-09-09,3040252185,066-1072-04,"RECEIVER,RADIO",BAMN,OS concluída,,,
2026-09-09,3040252189,9910338-6,"TRANSMITTER,RATE OF FLOW",ALA 8,OS concluída,,,
2026-09-09,3040252190,9910338-6,"TRANSMITTER,RATE OF FLOW",BABR,OS concluída,,,
2026-09-09,3040252160,011-01020-10,AFCS MODE CONTROLLER GMC 710,BAMN,OS concluída,,,
2026-09-09,3040252939,C163030-1001,MAIN W BRAKE A,BABV,REC,,BAMN,475.0
2026-09-09,3040252936,030-18200,MAIN WHEEL BRAKE,BACO,REC,,PAMA-LS,475.0
2026-09-09,3040252935,030-18200,MAIN WHEEL BRAKE,BAMN,OS concluída,,,
2026-09-09,3040252940,30-182,MAIN WHEEL BRAKE,BABV,OS concluída,,,
2026-09-09,3040252942,30-182,MAIN WHEEL BRAKE,BAMN,OS concluída,,,
2026-09-09,3040252943,30-182,MAIN WHEEL BRAKE,BAMN,OS concluída,,,
2026-09-09,3040253170,161-12800,WHEEL HALF ASSY-INNER,BASM,OS concluída,,,
2026-09-09,3040253168,161-12800,WHEEL HALF ASSY-INNER,BASM,REC,,PAMA-LS,471.0
2026-09-09,3040253172,161-12800,WHEEL HALF ASSY-INNER,PAMALS,REC,,PAMA-LS,471.0
2026-09-09,3040253174,161-12800,WHEEL HALF ASSY-INNER,PAMALS,OS concluída,,,
2026-09-09,3040253173,161-12800,WHEEL HALF ASSY-INNER,PAMALS,REC,EM REPARO,LEAP,471.0
2026-09-09,3040253176,162-10700,OUTER WHEEL HALF ASSY,BABE,OS concluída,,,
2026-09-09,3040253177,162-10700,OUTER WHEEL HALF ASSY,BABV,REC,,PAMA-LS,471.0
2026-09-09,3040253178,162-10700,OUTER WHEEL HALF ASSY,PAMALS,REC,,PROCURANDO,471.0
2026-09-09,3040253179,162-11800,WHEEL HALF ASSY-OUTER,CLA,OS concluída,,,
2026-09-09,3040253181,162-11800,WHEEL HALF ASSY-OUTER,PAMALS,OS concluída,,,
2026-09-09,3040253180,162-11800,WHEEL HALF ASSY-OUTER,BASM,REC,,PROCURANDO,471.0
2026-09-09,3040253182,162-11800,WHEEL HALF ASSY-OUTER,PAMALS,REC,,PAMA-LS,471.0
2026-09-09,3040253536,2641012-14,TRUNNION ASSY-RH-MAIN GEAR,PAMALS,OS concluída,,,
2026-09-09,3040253529,066-03064-0005,"ALTIMETER,SERVO CONTROLLED,AUTOMATIC PRESSURE",DSM-MN,REC,DEVOLVIDO NO ESTADO,WILLIAM,461.0
2026-09-09,3040253528,066-03064-0005,"ALTIMETER,SERVO CONTROLLED,AUTOMATIC PRESSURE",BANT,OS concluída,,,
2026-09-09,3040253532,799-1,TRANSDUCER,PAMALS,REC,,BANT,461.0
2026-09-09,3040253535,2643099-4,"SUPPORT ASSY FOWARD, NLG SPRING",BABE,REC,CONDENADO,VEE ONE,461.0
2026-09-09,3040253531,799-1,TRANSDUCER,BAMN,REC,,VEE ONE,461.0
2026-09-09,3040253530,799-1,TRANSDUCER,BAMN,REC,,BANT,461.0
2026-09-09,3040253526,30994-001,BATTERY-MARATHON TSP410 NICAD,PAMALS,OS concluída,,PAMA-LS,
2026-09-09,3040253527,30994-001,BATTERY-MARATHON TSP410 NICAD,BAPV,OS concluída,,PAMA-LS,
2026-09-09,3040254195,540-1407-4,"VALVE,BLEED,TURBINEENGINE",PAMALS,REC,,BANT,443.0
2026-09-09,3040254201,2643090-3,SHIMMY DAMPER-NOSE GEAR,PAMALS,REC,,PAMA-LS,443.0
2026-09-09,3040254203,SE1070-6,SHIMMY DAMPENER ASSY,BACGINAT,OS concluída,,,
2026-09-09,3040254205,C660501-0103,"COMPASS,SPEC",PAMALS,REC,,PAMA-LS,443.0
2026-09-09,3040254206,C660501-0103,"COMPASS,SPEC",ALA 8,REC,EM REPARO EM GARANTIA,WILLIAM,443.0
2026-09-09,3040254208,C660501-0103,"COMPASS,SPEC",BABV,REC,,PAMA-LS,443.0
2026-09-09,3040254210,799-1,TRANSDUCER,BANT,REC,,BANT,443.0
2026-09-09,3040254792,2606013-1RX,INDICATOR-PERCENT RPM,BABR,REC,,BANT,434.0
2026-09-09,3040254770,069-1025-25,"RECEIVER-TRANSMITTER,RADIO - KX165",ALA 9,REC,EM REPARO,WILLIAM,434.0
2026-09-09,3040254799,453-5000-710,EMERGENCY LOCATOR TRANSMITTER MODEL C406-2,PAMASP,OS concluída,,,
2026-09-09,3040254806,C352TS,"EXTINGUISHER,FIRE",PAMALS,REC,,PAMA-LS,434.0
2026-09-09,3040254805,C352TS,"EXTINGUISHER,FIRE",PAMALS,OS concluída,,,
2026-09-09,3040254810,C352TS,"EXTINGUISHER,FIRE",PAMALS,OS concluída,,,
2026-09-09,3040254809,C352TS,"EXTINGUISHER,FIRE",PAMAGL,OS concluída,,,
2026-09-09,3040254803,C352TS,"EXTINGUISHER,FIRE",2 ETA,REC,,PAMA-LS,434.0
2026-09-09,3040254808,C352TS,"EXTINGUISHER,FIRE",BABR,REC,,PAMA-LS,434.0
2026-09-09,3040254795,D145-00-46-2,FLAP ACTUATOR ASSY,BABE,REC,,PAMA-LS,434.0
2026-09-09,3040254793,D145-00-46-2,FLAP ACTUATOR ASSY,PAMALS,REC,,PAMA-LS,434.0
2026-09-09,3040254815,C482001-0402,VACUUM REGULAT,PAMALS,REC,CONDENADO,VEE ONE,434.0
2026-09-09,3040254816,C482001-0402,VACUUM REGULAT,PAMALS,REC,CONDENADO,VEE ONE,434.0
2026-09-09,3040254820,2641011-5,AXLE-MAIN GEAR,BAMN,OS concluída,,,
2026-09-09,3040254817,2641011-5,AXLE-MAIN GEAR,BABE,OS concluída,,,
2026-09-09,3040254818,2641011-5,AXLE-MAIN GEAR,BABE,OS concluída,,,
2026-09-09,3040254819,2641011-5,AXLE-MAIN GEAR,BANT,OS concluída,,,
2026-09-09,3040254796,30994-001,BATTERY-MARATHON TSP410 NICAD,BAMN,OS concluída,,,
2026-09-09,3040254789,452-0133,"BATTERY,NONRECHARGEABLE",BAMN,REC,CONDENADO,VEE ONE,434.0
2026-09-09,3040254788,452-0133,"BATTERY,NONRECHARGEABLE",BAMN,REC,CONDENADO,VEE ONE,434.0
2026-09-09,3040254787,452-0133,"BATTERY PACK,AIRCRAFT",DACTA II,REC,CONDENADO,VEE ONE,434.0
2026-09-09,3040254786,452-0133,"BATTERY PACK,AIRCRAFT",BAMN,REC,CONDENADO,VEE ONE,434.0
2026-09-09,3040254785,452-0133,"BATTERY,NONRECHARGEABLE",BAMN,REC,CONDENADO,VEE ONE,434.0
2026-09-09,3040254784,452-0133,"BATTERY,NONRECHARGEABLE",DACTA II,REC,CONDENADO,VEE ONE,434.0
2026-09-09,3040255326,011-00916-00,DISPLAY UNIT GDU 1040A,BAMN,REC,,BAMN,425.0
2026-09-09,3040255319,702801-5,FUEL PUMP,PAMASP,REC,EM REPARO,VEE ONE,425.0
2026-09-09,3040255321,8210-002,"GOVERNOR,CONSTANT SPEED DRIVE",PAMALS,OS concluída,,,
2026-09-09,3040255461,DAAS-A-010-1,ADAS-D PROCESSOR,PAMALS,REC,EM REPARO,VEE ONE,421.0
2026-09-09,3040255589,071-01519-0101,"RECEIVER-EXCITER,RADAR",BANT,REC,,PROCURANDO,419.0
2026-09-09,3040255590,071-01519-0101,"RECEIVER-EXCITER,RADAR",PAMALS,OS concluída,,,
2026-09-09,3040255706,C661064-0237,AIRSPEED INDICATOR,BAMN,OS concluída,,,
2026-09-09,3040256114,5934PAD-3,"ALTIMETER,PRESSURE",PAMALS,REC,EM REPARO,VEE ONE,405.0
2026-09-09,3040256119,011-00878-10,GSA-81 TORQUE SERVO,BAPV,REC,EM REPARO,LEAP,405.0
2026-09-09,3040256112,011-00883-20,RADAR GWX 68 WEATHER,BABE,REC,,BAMN,405.0
2026-09-09,3040256115,5934PAD-3,"ALTIMETER,PRESSURE",PAMALS,OS concluída,,,
2026-09-09,3040256118,011-00878-10,GSA-81 TORQUE SERVO,BAPV,REC,,BACO,405.0
2026-09-09,3040256120,011-00916-10,"DISPLAY UNIT,FLIGHT INFORMATION",BAMN,OS concluída,,,
2026-09-09,3040256314,066-4010-12,RECEIVER VOR/LOC (KNS81),EEAR,REC,EM REPARO,LEAP,392.0
2026-09-09,3040256311,3121248-03,"VALVE ASSEMBLY,COMPRESSOR BLEED",PAMALS,OS concluída,,,
2026-09-09,3040256704,C661064-0237,AIRSPEED INDICATOR,PAMALS,OS concluída,,,
2026-09-09,3040256707,D210507,"GOVERNOR,OVERSPEED",PAMALS,OS concluída,,,
2026-09-09,3040256708,D210507,"GOVERNOR,OVERSPEED",PAMALS,REC,REPARADO,VEE ONE,383.0
2026-09-09,3040256702,C661064-0237,AIRSPEED INDICATOR,BABR,OS concluída,,,
2026-09-09,3040256703,C661064-0237,AIRSPEED INDICATOR,PAMALS,OS concluída,,,
2026-09-09,3040256662,030-18200,MAIN WHEEL BRAKE,BASM,OS concluída,,,
2026-09-09,3040256665,161-11700,INNER WHEEL HALF ASSY,BABV,OS concluída,,,
2026-09-09,3040256666,161-11700,INNER WHEEL HALF ASSY,PAMALS,OS concluída,,,
2026-09-09,3040256667,161-11700,INNER WHEEL HALF ASSY,PAMALS,OS concluída,,,
2026-09-09,3040256668,161-11700,INNER WHEEL HALF ASSY,PAMALS,OS concluída,,,
2026-09-09,3040256669,161-11700,INNER WHEEL HALF ASSY,PAMALS,OS concluída,,,
2026-09-09,3040256670,161-11700,INNER WHEEL HALF ASSY,PAMALS,OS concluída,,,
2026-09-09,3040256671,161-11700,INNER WHEEL HALF ASSY,PAMALS,REC,,PAMA-LS,383.0
2026-09-09,3040256698,030-18200,MAIN WHEEL BRAKE,PAMASP,REC,,BABE,383.0
2026-09-09,3040256713,030-18200,MAIN WHEEL BRAKE,ALA 3,REC,,BAMN,383.0
2026-09-09,3040256694,162-11800,WHEEL HALF ASSY-OUTER,BANT,OS concluída,,,
2026-09-09,3040256696,162-11800,WHEEL HALF ASSY-OUTER,PAMALS,REC,,PAMA-LS,383.0
2026-09-09,3040256672,161-12800,WHEEL HALF ASSY-INNER,PAMALS,OS concluída,,PAMA-LS,
2026-09-09,3040256675,161-12800,WHEEL HALF ASSY-INNER,BANT,OS concluída,,,
2026-09-09,3040256792,011-00877-00,"GSA-80 SERVO ROL,YAW,SPEC",BAMN,REC,,PROCURANDO,383.0
2026-09-09,3040256787,011-00877-00,"GSA-80 SERVO ROL,YAW,SPEC",PAMALS,REC,EM REPARO,VEE ONE,383.0
2026-09-09,3040256828,011-00883-20,RADAR GWX 68 WEATHER,PAMALS,REC,,PAMA-LS,383.0
2026-09-09,3040256709,3121248-03,"VALVE ASSEMBLY,COMPRESSOR BLEED",PAMASP,REC,,BANT,380.0
2026-09-09,3040256673,161-12800,WHEEL HALF ASSY-INNER,PAMALS,REC,CONDENADO,VEE ONE,380.0
2026-09-09,3040257095,011-01105-01,INTEGRATED AVIONICS UNIT GIA63W,BABE,REC,EM REPARO,VEE ONE,376.0
2026-09-09,3040257096,011-01105-01,INTEGRATED AVIONICS UNIT GIA63W,BABE,REC,,BAMN,376.0
2026-09-09,3040257093,065-00183-0501,AUTOPILOT COMPUTER KFC225,BABE,REC,,BANT,376.0
2026-09-09,3040257094,065-00183-0501,AUTOPILOT COMPUTER KFC225,BABE,REC,,BANT,376.0
2026-09-09,3040257443,161-12800,WHEEL HALF ASSY-INNER,ALA 3,AUT,,,364.0
2026-09-09,3040257442,C163030-1001,MAIN W BRAKE A,BAMN,OS concluída,,BAMN,
2026-09-09,3040257452,3244809-8,"FUEL CONTROL,MAIN,TURBINE ENGINE",BAPV,OS concluída,,,
2026-09-09,3040257454,EA-5172-45-CES,"INDICATOR,AIRSPEED",BACG,OS concluída,,,
2026-09-09,3040257453,EA-5172-45-CES,"INDICATOR,AIRSPEED",ALA 7,REC,DEVOLVIDO NO ESTADO,WILLIAM,357.0
2026-09-09,3040257451,3244809-7,"FUEL CONTROL,MAIN,TURBINE ENGINE",PAMASP,REC,,BANT,357.0
2026-09-09,3040257450,3244809-4,"FUEL CONTROL,MAIN,TURBINE ENGINE",PAMASP,OS concluída,EM REPARO,LEAP,
2026-09-09,3040257438,030-18200,MAIN WHEEL BRAKE,BAMN,REC,REPARADO,VEE ONE,357.0
2026-09-09,3040257444,162-10700,OUTER WHEEL HALF ASSY,PAMALS,OS concluída,,,
2026-09-09,3040257447,162-10700,OUTER WHEEL HALF ASSY,PAMALS,OS concluída,,,
2026-09-09,3040257436,30994-001,BATTERY-MARATHON TSP410 NICAD,PAMALS,OS concluída,,PAMA-LS,
2026-09-09,3040257441,030-18200,MAIN WHEEL BRAKE,BAPV,REC,,BAMN,357.0
2026-09-09,3040257440,030-18200,MAIN WHEEL BRAKE,BANT,REC,CONDENADO,VEE ONE,357.0
2026-09-09,3040257439,030-18200,MAIN WHEEL BRAKE,BAMN,REC,,BAMN,357.0
2026-09-09,3040258306,D210507,"GOVERNOR,OVERSPEED",PAMALS,REC,EM REPARO,LEAP,337.0
2026-09-09,3040258310,D210507,"GOVERNOR,OVERSPEED",BACO,OS concluída,,,
2026-09-09,3040258309,D210507,"GOVERNOR,OVERSPEED",BAMN,REC,EM REPARO,LEAP,337.0
2026-09-09,3040258308,D210507,"GOVERNOR,OVERSPEED",BAMN,OS concluída,,,
2026-09-09,3040258307,D210507,"GOVERNOR,OVERSPEED",ALA 5,OS concluída,,,
2026-09-09,3040258303,011-00877-00,"GSA-80 SERVO ROL,YAW,SPEC",DACTA II,REC,EM REPARO,VEE ONE,337.0
2026-09-09,3040258422,2601188-8,COMPRESSOR DRIVE ASSY R134A,PAMASP,REC,,PROCURANDO,335.0
2026-09-09,3040258419,011-00877-00,"GSA-80 SERVO ROL,YAW,SPEC",DACTA II,REC,EM REPARO,VEE ONE,335.0
2026-09-09,3040258420,011-00877-00,"GSA-80 SERVO ROL,YAW,SPEC",BACO,REC,EM REPARO,VEE ONE,335.0
2026-09-09,3040258421,011-00877-00,"GSA-80 SERVO ROL,YAW,SPEC",BABE,REC,,BACO,335.0
2026-09-09,3040258764,069-01034-0102,"NAVIGATION SET,SATELLITE SIGNALS KLN-94",PAMALS,REC,,BANT,328.0
2026-09-09,3040259152,066-01141-5101,"TRANSPONDER,RADAR",BABE,REC,,BANT,309.0
2026-09-09,3040259151,066-01141-5101,"TRANSPONDER,RADAR",BANT,REC,,BANT,309.0
2026-09-09,3040259251,064-1019-05,VHF TRANSCEIVE KY196,EEAR,REC,,EEAR,307.0
2026-09-09,3040259146,1U149-015-15,HORIZ. GYRO-STADBY,PAMALS,REC,EM REPARO,VEE ONE,306.0
2026-09-09,3040259147,162-10700,OUTER WHEEL HALF ASSY,BANT,REC,EM REPARO,AMA - VEE ONE,306.0
2026-09-09,3040259148,3049038-03,"VALVE,COMPRESSOR BLEED",BANT,OS concluída,,,
2026-09-09,3040259316,2606015-4,INDICATOR-OIL TEMP/OIL PRESS,BACG,REC,,PAMA-LS,303.0
2026-09-09,3040259564,C414007-0102,BLOWER ASSY,PAMALS,OS concluída,,,
2026-09-09,3040259568,C414007-0102,BLOWER ASSY,ALA 10,OS concluída,,,
2026-09-09,3040259570,C414007-0102,BLOWER ASSY,ALA 10,OS concluída,,,
2026-09-09,3040259694,025323-150,FUEL PUMP,PAMASP,REC,,BACO,295.0
2026-09-09,3040259922,C414007-0102,BLOWER ASSY,BANT,REC,,PAMA-LS,288.0
2026-09-09,3040259928,C414007-0102,BLOWER ASSY,PAMALS,REC,EM REPARO,VEE ONE,288.0
2026-09-09,3040259924,C414007-0102,BLOWER ASSY,BACG,REC,EM REPARO,VEE ONE,288.0
2026-09-09,3040259918,C414007-0102,BLOWER ASSY,ALA 10,OS concluída,,VEE ONE,
2026-09-09,3040259950,065-0060-01,"CONTROL,SERVO,AUTOMATIC PILOT",PAMALS,REC,EM REPARO,LEAP,288.0
2026-09-09,3040259949,065-0060-01,"CONTROL,SERVO,AUTOMATIC PILOT",PAMALS,REC,EM REPARO,LEAP,288.0
2026-09-09,3040259947,066-3046-07,"CONTROL,INDICATOR",EEAR,OS concluída,,,
2026-09-09,3040259946,066-3046-07,"CONTROL,INDICATOR",BANT,REC,,BANT,288.0
2026-09-09,3040259944,066-3046-07,"CONTROL,INDICATOR",EEAR,REC,,PAMA-LS,288.0
2026-09-09,3040260209,011-00916-00,DISPLAY UNIT GDU 1040A,PAMALS,REC,,BAMN,274.0
2026-09-09,3040260208,324843-W020,HEADSET-MICROPHONE,PAMALS,REC,VAI SER DEVOLVIDO SEM REPARO,WILLIAM,274.0
2026-09-09,3040260204,324843-W020,HEADSET-MICROPHONE,PAMALS,OS concluída,,,
2026-09-09,3040260205,324843-W020,HEADSET-MICROPHONE,PAMALS,OS concluída,,,
2026-09-09,3040260388,SD5H14C4527,AIR COMPRESSOR,PAMALS,REC,EM REPARO,VEE ONE,267.0
2026-09-09,3040260382,065-00183-0501,AUTOPILOT COMPUTER KFC225,BANT,REC,,BANT,267.0
2026-09-09,3040260389,SD5H14C4527,AIR COMPRESSOR,PAMALS,REC,EM REPARO,VEE ONE,267.0
2026-09-09,3040260517,ASG12000-2,ALTERNATOR,PAMALS,OS concluída,,,
2026-09-09,3040260524,51539-012M,CONTROL UNIT ASSY-GENERATOR,BANT,REC,,BACG,264.0
2026-09-09,3040260516,ASG12000-2,ALTERNATOR,PAMALS,REC,,V1 PAMA-LS,264.0
2026-09-09,3040260523,9910592-2,ALTERNADOR,BAMN,OS concluída,,babr,
2026-09-09,3040260522,9910592-2,ALTERNADOR,BAMN,REC,,dacta II,264.0
2026-09-09,3040260547,161-12800,WHEEL HALF ASSY-INNER,EPCAR,OS concluída,,BABE,
2026-09-09,3040260545,161-11700,INNER WHEEL HALF ASSY,BACG,OS concluída,,,
2026-09-09,3040260544,161-11700,INNER WHEEL HALF ASSY,BANT,OS concluída,,,
2026-09-09,3040260546,161-12800,WHEEL HALF ASSY-INNER,PAMALS,REC,,,246.0
2026-09-09,3040260548,161-11700,INNER WHEEL HALF ASSY,CLA,OS concluída,,,
2026-09-09,3040260549,162-10700,OUTER WHEEL HALF ASSY,BACG,OS concluída,,,
2026-09-09,3040260550,162-10700,OUTER WHEEL HALF ASSY,CLA,OS concluída,,,
2026-09-09,3040260551,162-11800,WHEEL HALF ASSY-OUTER,BANT,REC,,,246.0
2026-09-09,3040260552,30994-001,BATTERY-MARATHON TSP410 NICAD,BABE,OS concluída,,PAMA-LS,
2026-09-09,3040260543,324843-W020,HEADSET-MICROPHONE,PAMALS,REC,,PAMA-LS,246.0
2026-09-09,3040260542,324843-W020,HEADSET-MICROPHONE,PAMALS,REC,,BABE,246.0
2026-09-09,3040260541,324843-W020,HEADSET-MICROPHONE,PAMALS,OS concluída,,,
2026-09-09,3040260540,324843-W020,HEADSET-MICROPHONE,PAMALS,OS concluída,,,
2026-09-09,3040260538,324843-W020,HEADSET-MICROPHONE,PAMALS,REC,,BABE,246.0
2026-09-09,3040260539,324843-W020,HEADSET-MICROPHONE,PAMALS,REC,,BABE,246.0
2026-09-09,3040260595,9910586-4,FLAP ACTUATOR AND MOTOR ASSEMBLY,7 ETA,REC,,BAMN,246.0
2026-09-09,3040260597,9910586-4,FLAP ACTUATOR AND MOTOR ASSEMBLY,BAPV,OS concluída,,BABR,
2026-09-09,3040260583,3244897-4,FUEL CONTROL UNIT,PAMALS,OS concluída,,,
2026-09-09,3040260750,3122678-04,FUEL CONTROL UNIT,PAMASP,REC,,BANT,238.0
2026-09-09,3040260752,3244897-4,FUEL CONTROL UNIT,PAMASP,OS concluída,,,
2026-09-09,3040260753,3244809-7,"FUEL CONTROL,MAIN,TURBINE ENGINE",PAMASP,OS concluída,,,
2026-09-09,3040260754,3244809-1,"FUEL CONTROL,MAIN,TURBINE ENGINE",PAMASP,REC,EM QUARENTENA,LEAP,238.0
2026-09-09,3040254794,C145-350,"MOTOR,DIRECT CURRENT",PAMALS,OS concluída,,,
2026-09-09,3040260913,064-1054-30,RECEIVER-TRANSMITTER SUBASSEMBLY,EPCAR,REC,,V1 PAMA-LS,226.0
2026-09-09,3040260915,064-1054-30,RECEIVER-TRANSMITTER SUBASSEMBLY,PAMALS,REC,,BABR,226.0
2026-09-09,3040260811,3034792,BOMBA DE COMBUSTÍVEL,BAPV,OS concluída,,BABR,
2026-09-09,3040260812,3034792,BOMBA DE COMBUSTÍVEL,BACG,OS concluída,,,
2026-09-09,3040260922,162-11800,WHEEL HALF ASSY-OUTER,PAMALS,OS concluída,,,
2026-09-09,3040260923,030-18200,MAIN WHEEL BRAKE,BACO,REC,REPARADO,VEE ONE,224.0
2026-09-09,3040261389,3034792,BOMBA DE COMBUSTÍVEL,PAMASP,OS concluída,REPARADO,V1 PAMA-LS,
2026-09-09,3040261388,3034792,BOMBA DE COMBUSTÍVEL,BABR,OS concluída,,,
2026-09-09,3040261387,3034792,BOMBA DE COMBUSTÍVEL,BABR,OS concluída,,,
2026-09-09,3040261371,TFF2905-13,FUEL FLOW TRANSDUCER,ALA 8,REC,,PAMA-LS,211.0
2026-09-09,3040261375,C661065-0240RX,"INDICATOR, AIRSPEED",BACG,REC,EM REPARO,WILLIAM,211.0
2026-09-09,3040261373,C661065-0240,AIRSPEED INDICATOR,BABE,REC,,PAMA-LS,211.0
2026-09-09,3040261322,011-00831-00,"ENGINE INTERFA,SPEC",BAPV,REC,,VEE ONE,211.0
2026-09-09,3040261326,011-00882-10,"COMPUTER,AIR DATA",BAMN,OS concluída,,,
2026-09-09,3040261324,011-00882-10,"COMPUTER,AIR DATA",BAMN,OS concluída,,,
2026-09-09,3040261327,064-1054-30,RECEIVER-TRANSMITTER SUBASSEMBLY,PAMASP,REC,,PAMA-LS,211.0
2026-09-09,3040261336,066-01141-0101,"RECEIVER,RADIO",BANT,REC,,PAMA-LS,211.0
2026-09-09,3040261334,065-0065-01,SELECTOR ALT,BANT,REC,,PAMA-LS,211.0
2026-09-09,3040261331,065-0061-36,ACTUATOR TRIM (KS272A),PAMASP,OS concluída,,BABR,
2026-09-09,3040261329,065-0061-36,ACTUATOR TRIM (KS272A),ALA 10,OS concluída,,,
2026-09-09,3040261335,065-0065-01,SELECTOR ALT,BANT,REC,,PAMA-LS,211.0
2026-09-09,3040261342,066-3084-02,COLOR RADAR INDICATOR,BABV,REC,,PAMA-LS,211.0
2026-09-09,3040261340,066-1053-00,"RECEIVER,RADIO",BASM,REC,,PAMA-LS,211.0
2026-09-09,3040261377,066-3054-01,INDICATOR RADAR ALTIMETER - TYPE KI250,PAMALS,REC,EM REPARO,WILLIAM,211.0
2026-09-09,3040261376,066-1061-03,RT RADAR ALTIM (KRA10A),PAMALS,REC,PARA REPARO,VEE ONE,211.0
2026-09-09,3040261352,1134380-4,EVAPORATOR MODULE ASSY-RH,BAMN,REC,CONDENADO,VEE ONE,211.0
2026-09-09,3040261347,071-1234-00,ANTENNA ACCESSORY,ALA 1,REC,EM REPARO,WILLIAM,211.0
2026-09-09,3040261344,066-4010-12,RECEIVER VOR/LOC (KNS81),ALA 10,REC,EM REPARO,WILLIAM,211.0
2026-09-09,3040261353,1H75-21,PRESSURE REGULATOR,BAMN,OS concluída,,BAMN,
2026-09-09,3040261357,2682001-1,BRAKE CYL MAST,BABE,OS concluída,,,
2026-09-09,3040261356,2670104-2,ANNUNCIATOR PANEL,PAMALS,OS concluída,,,
2026-09-09,3040261355,2643100-201,NOSE GEAR STRUT ASSY - TALL FORK,BABR,OS concluída,,,
2026-09-09,3040261354,2643100-201,NOSE GEAR STRUT ASSY - TALL FORK,BANT,REC,EM REPARO,AV AERONAUTICA,211.0
2026-09-09,3040261364,8210-002-01,GOVERNOR PROPELLER,PAMASP,REC,REPARADO,VEE ONE,211.0
2026-09-09,3040261627,S3828-1,ALTIMETER,BAMN,REC,,PAMA-LS,197.0
2026-09-09,3040261628,S3828-1,ALTIMETER,BABE,REC,REPARADO,V1 PAMA-LS,197.0
2026-09-09,3040261851,51539-012MRX,CONTROL UNIT ASSY-GENERATOR,BABE,REC,EM REPARO,VEE ONE,189.0
2026-09-09,3040261852,51539-012MRX,CONTROL UNIT ASSY-GENERATOR,BABE,REC,EM REPARO,VEE ONE,189.0
2026-09-09,3040261843,3034792,BOMBA DE COMBUSTÍVEL,PAMALS,REC,EM REPARO,VEE ONE,184.0
2026-09-09,3040262245,200SGL119Q-2,STARTER GENERATOR,BAMN,OS concluída,,,
2026-09-09,3040262246,200SGL119Q-2,STARTER GENERATOR,BAMN,OS concluída,,,
2026-09-09,3040262273,324843-W020,HEADSET-MICROPHONE,BABE,OS concluída,,,
2026-09-09,3040262275,324843-W020,HEADSET-MICROPHONE,BANT,OS concluída,,,
2026-09-09,3040262363,066-1055-00,AUDIO CONTROL PANEL,ALA 5,OS concluída,,,
2026-09-09,3040262367,066-1055-00,AUDIO CONTROL PANEL,ALA 9,REC,,WILLIAM,167.0
2026-09-09,3040262368,066-1055-00,AUDIO CONTROL PANEL,CLA,OS concluída,,,
2026-09-09,3040262372,51539-012M,CONTROL UNIT ASSY-GENERATOR,BANT,REC,,PAMA-LS,167.0
2026-09-09,3040262371,51539-012N,CONTROL UNIT ASSY-GENERATOR,BANT,REC,,PAMA-LS,167.0
2026-09-09,3040262419,065-0061-36,ACTUATOR TRIM (KS272A),ALA 9,REC,EM REPARO,WILLIAM,162.0
2026-09-09,3040262734,C352,PORTABLE HALON FIRE EXTINGUISHERS,ALA 5,REC,EM REPARO,AV AERONAUTICA,149.0
2026-09-09,3040262738,C352TS,"EXTINGUISHER,FIRE",BANT,REC,,AV AERONÁUTICA,149.0
2026-09-09,3040262739,C352TS,"EXTINGUISHER,FIRE",BANT,REC,,AV AERONÁUTICA,149.0
2026-09-09,3040262740,C352TS,"EXTINGUISHER,FIRE",PAMALS,REC,,AV AERONÁUTICA,149.0
2026-09-09,3040262766,011-00883-20,RADAR GWX 68 WEATHER,BAMN,OS concluída,,V1 PAMA-LS,
2026-09-09,3040262765,011-00883-20,RADAR GWX 68 WEATHER,BAMN,REC,,V1 PAMA-LS,149.0
2026-09-09,3040262772,011-01020-10,AFCS MODE CONTROLLER GMC 710,BAMN,REC,,PAMA-LS,149.0
2026-09-09,3040262770,011-01020-10,AFCS MODE CONTROLLER GMC 710,BAMN,REC,,PAMA-LS,149.0
2026-09-09,3040262773,011-01020-10,AFCS MODE CONTROLLER GMC 710,BAMN,REC,,PAMA-LS,149.0
2026-09-09,3040262746,066-1070-01,TRANSCEIVER DME (KN63),BABE,REC,EM REPARO,WILLIAM,149.0
2026-09-09,3040262745,064-1019-05,VHF TRANSCEIVE KY196,EEAR,REC,EM REPARO,VEE ONE,149.0
2026-09-09,3040262747,066-1072-00,RECEIVER ADF (KING KR87),ALA 7,REC,EM REPARO,WILLIAM,149.0
2026-09-09,3040262748,066-3046-07,"CONTROL,INDICATOR",BABR,REC,,BANT,149.0
2026-09-09,3040262769,066-3046-07,"CONTROL,INDICATOR",BABR,REC,,BANT,149.0
2026-09-09,3040262768,066-3046-07,"CONTROL,INDICATOR",EEAR,OS concluída,,BABR,
2026-09-09,3040262767,066-3046-07,"CONTROL,INDICATOR",EEAR,REC,EM REPARO,LEAP,149.0
2026-09-09,3040262791,066-3060-00,IND RMI KNI582,BANT,OS concluída,,,
2026-09-09,3040262630,161-11700,INNER WHEEL HALF ASSY,BANT,REC,,PAMA-LS,149.0
2026-09-09,3040262792,066-3060-00,IND RMI KNI582,BANT,REC,EM REPARO,LEAP,149.0
2026-09-09,3040262634,162-10700,OUTER WHEEL HALF ASSY,BANT,OS concluída,,PAMA-LS,
2026-09-09,3040262632,161-12800,WHEEL HALF ASSY-INNER,BANT,OS concluída,REPARADO,VEE ONE,
2026-09-09,3040262633,161-12800,WHEEL HALF ASSY-INNER,BANT,OS concluída,,,
2026-09-09,3040262635,162-11800,WHEEL HALF ASSY-OUTER,EPCAR,OS concluída,,,
2026-09-09,3040262637,162-11800,WHEEL HALF ASSY-OUTER,BANT,REC,REPARADO,VEE ONE,149.0
2026-09-09,3040262636,162-11800,WHEEL HALF ASSY-OUTER,BANT,OS concluída,REPARADO,VEE ONE,
2026-09-09,3040262646,200SGL119Q,STARTER GENERATOR,PAMASP,OS concluída,,,
2026-09-09,3040262639,200SGL119Q,STARTER GENERATOR,PAMASP,OS concluída,,PAMA-LS,
2026-09-09,3040262638,200SGL119Q,STARTER GENERATOR,PAMALS,REC,EM REPARO,AV AERONAUTICA,149.0
2026-09-09,3040262757,2606015-2,IND OIL TEMP/P,PAMALS,REC,EM REPARO,VEE ONE,149.0
2026-09-09,3040262706,2641011-5,AXLE-MAIN GEAR,BAMN,REC,,BANT,149.0
2026-09-09,3040262707,2641011-5,AXLE-MAIN GEAR,BABV,OS concluída,REPARADO,VEE ONE,
2026-09-09,3040262717,2641011-5,AXLE-MAIN GEAR,BANT,OS concluída,REPARADO,VEE ONE,
2026-09-09,3040262714,2641011-5,AXLE-MAIN GEAR,BAPV,REC,,BANT,149.0
2026-09-09,3040262713,2641011-5,AXLE-MAIN GEAR,BAPV,OS concluída,,,
2026-09-09,3040262712,2641011-5,AXLE-MAIN GEAR,BABR,REC,,BANT,149.0
2026-09-09,3040262711,2641011-5,AXLE-MAIN GEAR,BABR,REC,,BANT,149.0
2026-09-09,3040262709,2641011-5,AXLE-MAIN GEAR,PAMALS,REC,,BANT,149.0
2026-09-09,3040262708,2641011-5,AXLE-MAIN GEAR,PAMALS,REC,,BANT,149.0
2026-09-09,3040262744,3244809-1A,F.C.U,PAMALS,REC,EM REPARO,LEAP,149.0
2026-09-09,3040262758,9910338-4,FUEL TOTALIZER INDICATOR,PAMALS,REC,EM REPARO,VEE ONE,149.0
2026-09-09,3040262759,9910338-6,"TRANSMITTER,RATE OF FLOW",BAMN,REC,,PAMA-LS,149.0
2026-09-09,3040262760,9910338-6,"TRANSMITTER,RATE OF FLOW",BANT,REC,EM REPARO,VEE ONE,149.0
2026-09-09,3040262966,2682001-1,BRAKE CYL MAST,BACO,OS concluída,,PAMA-LS,
2026-09-09,3040262967,2682001-1,BRAKE CYL MAST,PAMALS,REC,,PAMA-LS,147.0
2026-09-09,3040262968,2682001-1,BRAKE CYL MAST,BANT,OS concluída,,PAMA-LS,
2026-09-09,3040262969,2682001-1,BRAKE CYL MAST,BABE,REC,,PAMA-LS,147.0
2026-09-09,3040263069,453-5060,ELT C406-N,BABE,OS concluída,,,
2026-09-09,3040263283,D145-00-46-2,FLAP ACTUATOR ASSY,PAMALS,REC,,,132.0
2026-09-09,3040263284,D145-00-46-2,FLAP ACTUATOR ASSY,BAFL,REC,,,132.0
2026-09-09,3040263324,069-01033-0101,"RECEIVER-TRANSMITTER,RADIO",PAMALS,REC,EM REPARO,LEAP,132.0
2026-09-09,3040263287,C661065-0237,AIRSPEED INDICATOR,BABR,OS concluída,,,
2026-09-09,3040263288,C661065-0237,AIRSPEED INDICATOR,PAMASP,OS concluída,,,
2026-09-09,3040263314,060-0017-00,FLIGHT DIR HOR,EEAR,REC,EM REPARO,LEAP,132.0
2026-09-09,3040263319,066-1055-00,AUDIO CONTROL PANEL,BABE,OS concluída,,,
2026-09-09,3040263317,060-0017-00,FLIGHT DIR HOR,PAMASP,REC,,BANT,132.0
2026-09-09,3040263316,060-0017-00,FLIGHT DIR HOR,BANT,REC,,BANT,132.0
2026-09-09,3040263320,066-1055-00,AUDIO CONTROL PANEL,PAMALS,REC,EM REPARO,AV AERONAUTICA,132.0
2026-09-09,3040263325,069-01033-0101,"RECEIVER-TRANSMITTER,RADIO",PAMALS,REC,,,132.0
2026-09-09,3040263335,C611008-0101,ALTERNATOR CONTROL UNIT,PAMALS,REC,,BANT,132.0
2026-09-09,3040263336,C611008-0101,ALTERNATOR CONTROL UNIT,PAMALS,REC,,BANT,132.0
2026-09-09,3040263286,C661065-0237,AIRSPEED INDICATOR,BANT,REC,,PAMA-LS,132.0
2026-09-09,3040263322,066-1055-00,AUDIO CONTROL PANEL,ALA 9,REC,EM REPARO,WILLIAM,132.0
2026-09-09,3040263326,069-01033-0101,"RECEIVER-TRANSMITTER,RADIO",PAMALS,REC,,BANT,132.0
2026-09-09,3040263315,060-0017-00,FLIGHT DIR HOR,BACG,OS concluída,,BABR,
2026-09-09,3040263334,011-00916-10,"DISPLAY UNIT,FLIGHT INFORMATION",BACO,REC,,WILLIAM,132.0
2026-09-09,3040263333,011-00916-10,"DISPLAY UNIT,FLIGHT INFORMATION",BACO,OS concluída,,BAMN,
2026-09-09,3040263332,011-00916-10,"DISPLAY UNIT,FLIGHT INFORMATION",BAMN,OS concluída,,,
2026-09-09,3040263331,C661064-0237,AIRSPEED INDICATOR,PAMALS,REC,,PAMA-LS,132.0
2026-09-09,3040263329,C661064-0237,AIRSPEED INDICATOR,PAMALS,REC,,PAMA-LS,132.0
2026-09-09,3040263328,C661064-0237,AIRSPEED INDICATOR,BABR,REC,EM REPARO,WILLIAM,132.0
2026-09-09,3040263327,C661064-0237,AIRSPEED INDICATOR,BABR,REC,EM REPARO,WILLIAM,132.0
2026-09-09,3040263330,C661064-0237,AIRSPEED INDICATOR,PAMALS,REC,,PAMA-LS,132.0
2026-09-09,3040263338,C611008-0101,ALTERNATOR CONTROL UNIT,PAMALS,REC,,V1 PAMA-LS,132.0
2026-09-09,3040263433,066-03064-0005,"ALTIMETER,SERVO CONTROLLED,AUTOMATIC PRESSURE",BACG,REC,,PAMA-LS,126.0
2026-09-09,3040263435,066-03064-0005,"ALTIMETER,SERVO CONTROLLED,AUTOMATIC PRESSURE",BANT,REC,,PAMA-LS,126.0
2026-09-09,3040263434,066-03064-0005,"ALTIMETER,SERVO CONTROLLED,AUTOMATIC PRESSURE",PAMASP,REC,,PAMA-LS,126.0
2026-09-09,3040263417,069-01033-0101,"RECEIVER-TRANSMITTER,RADIO",PAMALS,REC,EM REPARO,WILLIAM,126.0
2026-09-09,3040263416,069-01033-0101,"RECEIVER-TRANSMITTER,RADIO",BASM,REC,EM REPARO,WILLIAM,126.0
2026-09-09,3040263415,069-01033-0101,"RECEIVER-TRANSMITTER,RADIO",BABR,REC,,BANT,126.0
2026-09-09,3040263447,066-3046-07,"CONTROL,INDICATOR",CLA,OS concluída,,BABR,
2026-09-09,3040263443,3244897-4,FUEL CONTROL UNIT,PAMALS,REC,EM REPARO,LEAP,125.0
2026-09-09,3040263444,3244897-4,FUEL CONTROL UNIT,PAMALS,REC,EM REPARO,LEAP,125.0
2026-09-09,3040263577,060-0015-00,"CONTROL,DIRECTIONAL,AUTOMATIC PILOT",ALA 5,REC,,WILLIAM,120.0
2026-09-09,3040263574,066-1072-04,"RECEIVER,RADIO",BABE,REC,EM REPARO,WILLIAM,120.0
2026-09-09,3040263576,066-1072-04,"RECEIVER,RADIO",BAMN,OS concluída,,WILLIAM,
2026-09-09,3040263575,066-1072-04,"RECEIVER,RADIO",BABE,REC,EM REPARO,WILLIAM,120.0
2026-09-09,3040263573,066-3084-32,IND RDR 2000 IN-182A,PAMALS,REC,,BABR,120.0
2026-09-09,3040263571,066-3084-32,IND RDR 2000 IN-182A,PAMALS,REC,,BANT,120.0
2026-09-09,3040263572,066-3084-32,IND RDR 2000 IN-182A,PAMALS,REC,EM REPARO,WILLIAM,120.0
2026-09-09,3040263448,2618510-10,ALTERNATOR CONTROL UNIT ASSY,BABE,REC,EM REPARO,WILLIAM,120.0
2026-09-09,3040263449,2618510-10,ALTERNATOR CONTROL UNIT ASSY,PAMALS,REC,,BANT,120.0
2026-09-09,3040263877,2641011-5,AXLE-MAIN GEAR,CLA,REC,REPARADO,VEE ONE,110.0
2026-09-09,3040263878,2641011-5,AXLE-MAIN GEAR,CLA,REC,,BABE,110.0
2026-09-09,3040264243,069-01033-0101,"RECEIVER-TRANSMITTER,RADIO",PAMALS,REC,EM REPARO,WILLIAM,103.0
2026-09-09,3040264244,069-01033-0101,"RECEIVER-TRANSMITTER,RADIO",PAMASP,REC,EM REPARO,WILLIAM,103.0
2026-09-09,3040264246,060-0017-00,FLIGHT DIR HOR,PAMALS,REC,,BABR,103.0
2026-09-09,3040264237,200SGL119Q-2,STARTER GENERATOR,BAMN,REC,EM REPARO,AV AERONAUTICA,103.0
2026-09-09,3040264236,200SGL119Q-2,STARTER GENERATOR,BABE,OS concluída,,BABE,
2026-09-09,3040264121,3244897-4,FUEL CONTROL UNIT,BABE,OS concluída,EM REPARO,LEAP,
2026-09-09,3040264263,9910338-8,"INDICATOR,FUEL FLOW",PAMALS,OS concluída,,BABR,
2026-09-09,3040264262,9910338-8,"INDICATOR,FUEL FLOW",BABV,REC,,PAMA-LS,103.0
2026-09-09,3040264242,324843-2020,HEADSET-MICROPHONE,BABE,OS concluída,,BAMN,
2026-09-09,3040264264,324843-2020,HEADSET-MICROPHONE,DACTA II,OS concluída,,BAMN,
2026-09-09,3040264238,324843-2020,HEADSET-MICROPHONE,DACTA II,OS concluída,,,
2026-09-09,3040264241,324843-2020,HEADSET-MICROPHONE,DACTA II,OS concluída,,BAMN,
2026-09-09,3040264240,324843-2020,HEADSET-MICROPHONE,DACTA II,OS concluída,,BAMN,
2026-09-09,3040264122,3244809-8,"FUEL CONTROL,MAIN,TURBINE ENGINE",BABE,OS concluída,,BABR,
2026-09-09,3040263797,066-3046-07,"CONTROL,INDICATOR",BABE,REC,EM REPARO,WILLIAM,103.0
2026-09-09,3040263798,066-3046-07,"CONTROL,INDICATOR",PAMASP,OS concluída,,,
2026-09-09,3040263799,066-3046-07,"CONTROL,INDICATOR",PAMASP,REC,EM REPARO,WILLIAM,103.0
2026-09-09,3040263795,071-01519-0101,"RECEIVER-EXCITER,RADAR",PAMALS,REC,,BANT,103.0
2026-09-09,3040263796,071-01519-0101,"RECEIVER-EXCITER,RADAR",PAMALS,REC,EM REPARO,WILLIAM,103.0
2026-09-09,3040264579,060-0017-00,FLIGHT DIR HOR,BABR,OS concluída,,,
2026-09-09,3040264577,060-0017-00,FLIGHT DIR HOR,PAMALS,REC,,,91.0
2026-09-09,3040264573,060-0017-00,FLIGHT DIR HOR,BANT,REC,,,91.0
2026-09-09,3040264574,060-0017-00,FLIGHT DIR HOR,BANT,REC,,,91.0
2026-09-09,3040264576,060-0017-00,FLIGHT DIR HOR,PAMALS,REC,,,91.0
2026-09-09,3040264572,060-0017-00,FLIGHT DIR HOR,PAMASP,REC,,,91.0
2026-09-09,3040264647,1H75-21,PRESSURE REGULATOR,BAMN,REC,,,86.0
2026-09-09,3040264646,1H75-21,PRESSURE REGULATOR,PAMASP,REC,,,86.0
2026-09-09,3040264645,1H75-21,PRESSURE REGULATOR,PAMASP,REC,,,86.0
2026-09-09,3040264643,1H75-21,PRESSURE REGULATOR,PAMASP,OS concluída,,,
2026-09-09,3040264707,3244809-7,"FUEL CONTROL,MAIN,TURBINE ENGINE",BABE,OS concluída,,,
2026-09-09,3040264709,540-1407-4,"VALVE,BLEED,TURBINEENGINE",PAMASP,REC,,,86.0
2026-09-09,3040264710,200SGL153Q,"STARTER-GENERATOR,ENGINE,AIRCRAFT",CLA,OS concluída,,,
2026-09-09,3040264711,200SGL153Q,"STARTER-GENERATOR,ENGINE,AIRCRAFT",PAMASP,OS concluída,,,
2026-09-09,3040264712,200SGL153Q,"STARTER-GENERATOR,ENGINE,AIRCRAFT",BACG,REC,,,86.0
2026-09-09,3040264718,9910338-8,"INDICATOR,FUEL FLOW",PAMALS,REC,,,86.0
2026-09-09,3040264719,S3326-2,"INDICATOR,HORIZONTAL SITUATION",ALA 8,REC,,,86.0
2026-09-09,3040264720,S3326-2,"INDICATOR,HORIZONTAL SITUATION",PAMALS,REC,,,86.0
2026-09-09,3040264721,S3326-2,"INDICATOR,HORIZONTAL SITUATION",PAMASP,REC,,,86.0
2026-09-09,3040264724,2606013-1AM,INDICADOR PERCENTUAL RPM,BABV,REC,,,86.0
2026-09-09,3040264725,2606013-1AM,INDICADOR PERCENTUAL RPM,BABR,REC,,,86.0
2026-09-09,3040264726,2606015-4,INDICATOR-OIL TEMP/OIL PRESS,BANT,REC,,,86.0
2026-09-09,3040264727,C661051-0201,GYRO HORIZON,ALA 10,REC,,,86.0
2026-09-09,3040264728,504-0111-906,GYRO HORIZON,PAMALS,OS concluída,,,
2026-09-09,3040264729,504-0111-906,GYRO HORIZON,BACG,OS concluída,,,
2026-09-09,3040264730,8210-003,"GOVERNOR,FUEL CONTROL",PAMASP,REC,,,86.0
2026-09-09,3040264731,8210-002,"GOVERNOR,CONSTANT SPEED DRIVE",PAMASP,REC,,,86.0
2026-09-09,3040264732,8210-002,"GOVERNOR,CONSTANT SPEED DRIVE",BAMN,REC,,,86.0
2026-09-09,3040264733,030-18200,MAIN WHEEL BRAKE,BAMN,REC,,,86.0
2026-09-09,3040264734,030-18200,MAIN WHEEL BRAKE,BAMN,REC,,,86.0
2026-09-09,3040264735,161-11700,INNER WHEEL HALF ASSY,PAMALS,REC,,,86.0
2026-09-09,3040264736,161-12800,WHEEL HALF ASSY-INNER,BABR,REC,,,86.0
2026-09-09,3040264737,161-12800,WHEEL HALF ASSY-INNER,PAMALS,AUT,,,86.0
2026-09-09,3040264738,162-10700,OUTER WHEEL HALF ASSY,BACO,AUT,,,86.0
2026-09-09,3040264807,011-01105-01,INTEGRATED AVIONICS UNIT GIA63W,ALA 8,REC,,,78.0
2026-09-09,3040264808,011-01105-01,INTEGRATED AVIONICS UNIT GIA63W,BAMN,REC,,,78.0
2026-09-09,3040264907,011-00916-10,"DISPLAY UNIT,FLIGHT INFORMATION",BAMN,REC,,,71.0
2026-09-09,3040264908,011-00916-10,"DISPLAY UNIT,FLIGHT INFORMATION",BABV,OS concluída,,,
2026-09-09,3040264974,3244809-8,"FUEL CONTROL,MAIN,TURBINE ENGINE",BAMN,REC,,,69.0
2026-09-09,3040264961,3244897-4,FUEL CONTROL UNIT,CLA,OS concluída,,,
2026-09-09,3040264960,3034792,BOMBA DE COMBUSTÍVEL,CLA,OS concluída,,,
2026-09-09,3040265144,011-01020-10,AFCS MODE CONTROLLER GMC 710,BABE,REC,,,63.0
2026-09-09,3040265140,011-01020-10,AFCS MODE CONTROLLER GMC 710,BABE,REC,,,63.0
2026-09-09,3040265482,066-3084-32,IND RDR 2000 IN-182A,BABR,REC,,,48.0
2026-09-09,3040265484,066-3084-32,IND RDR 2000 IN-182A,BANT,REC,,,48.0
2026-09-09,3040265485,066-3084-32,IND RDR 2000 IN-182A,BABR,REC,,,48.0
2026-09-09,3040265526,ASG12000-2,ALTERNATOR,PAMALS,REC,,,44.0
2026-09-09,3040265525,ASG12000-2,ALTERNATOR,BABR,REC,,,44.0
2026-09-09,3040265527,9910592-2,ALTERNADOR,BABR,REC,,,44.0
2026-09-09,3040265533,3122678-04,FUEL CONTROL UNIT,BABR,REC,,,44.0
2026-09-09,3040265532,C611505-0201,ALTERNATOR,BANT,REC,,,44.0
2026-09-09,3040265530,C611505-0201,ALTERNATOR,BABV,REC,,,44.0
2026-09-09,3040265528,9910592-2,ALTERNADOR,BABR,REC,,,44.0
2026-09-09,3040265724,3244897-4,FUEL CONTROL UNIT,CLA,REC,,,43.0
2026-09-09,3040265474,C611008-0101,ALTERNATOR CONTROL UNIT,PAMALS,REC,,,41.0
2026-09-09,3040265475,C611008-0101,ALTERNATOR CONTROL UNIT,BABV,REC,,,41.0
2026-09-09,3040265476,C611008-0101,ALTERNATOR CONTROL UNIT,PAMALS,REC,,,41.0
2026-09-09,3040265477,C611008-0101,ALTERNATOR CONTROL UNIT,PAMALS,REC,,,41.0
2026-09-09,3040265576,011-00916-10,"DISPLAY UNIT,FLIGHT INFORMATION",BAMN,REC,,,40.0
2026-09-09,3040265580,011-00916-00,DISPLAY UNIT GDU 1040A,PAMALS,REC,,,44.0
2026-09-09,3040265581,011-00916-00,DISPLAY UNIT GDU 1040A,PAMALS,REC,,,44.0
2026-09-09,3040265589,EA-5175-52-CES,INDICATOR TRUE,BABV,REC,,,44.0
2026-09-09,3040265590,EA-5175-52-CES,INDICATOR TRUE,BASM,REC,,,44.0
2026-09-09,3040265591,EA-5175-52-CES,INDICATOR TRUE,BABV,REC,,,44.0
2026-09-09,3040265592,EA-5175-52-CES,INDICATOR TRUE,BABV,REC,,,44.0
2026-09-09,3040265668,9910592-2,ALTERNADOR,PAMALS,OS concluída,,,
2026-09-09,3040265678,9910592-2,ALTERNADOR,BAMN,REC,,,44.0
2026-09-09,3040265679,C611505-0201,ALTERNATOR,PAMALS,REC,,,44.0
2026-09-09,3040265680,C611505-0201,ALTERNATOR,ALA 8,REC,,,44.0
2026-09-09,3040265726,071-01519-0101,"RECEIVER-EXCITER,RADAR",PAMALS,REC,,,43.0
2026-09-09,3040265727,071-01519-0101,"RECEIVER-EXCITER,RADAR",CLA,REC,,,43.0
2026-09-09,3040265728,C163030-1001,MAIN W BRAKE A,BAMN,REC,,,43.0
2026-09-09,3040265731,066-3046-07,"CONTROL,INDICATOR",BABR,REC,,,43.0
2026-09-09,3040265732,066-3046-07,"CONTROL,INDICATOR",BANT,REC,,,43.0
2026-09-09,3040265734,066-3046-07,"CONTROL,INDICATOR",EEAR,REC,,,43.0
2026-09-09,3040265735,066-3046-07,"CONTROL,INDICATOR",CLA,REC,,,43.0
2026-09-09,3040265736,C611008-0101,ALTERNATOR CONTROL UNIT,BABV,REC,,,43.0
2026-09-09,3040265737,C611008-0101,ALTERNATOR CONTROL UNIT,EEAR,REC,,,43.0
2026-09-09,3040265738,C611008-0101,ALTERNATOR CONTROL UNIT,PAMALS,REC,,,43.0
2026-09-09,3040265739,C611008-0101,ALTERNATOR CONTROL UNIT,BANT,REC,,,43.0
2026-09-09,3040265740,C611008-0101,ALTERNATOR CONTROL UNIT,BABE,REC,,,43.0
2026-09-09,3040265741,C611008-0101,ALTERNATOR CONTROL UNIT,BABR,REC,,,43.0
2026-09-09,3040265742,066-1072-04,"RECEIVER,RADIO",BACG,REC,,,43.0
2026-09-09,3040265743,066-1072-04,"RECEIVER,RADIO",BAMN,REC,,,43.0
2026-09-09,3040265744,066-1072-04,"RECEIVER,RADIO",PAMALS,REC,,,43.0
2026-09-09,3040265745,066-3084-32,IND RDR 2000 IN-182A,PAMALS,REC,,,43.0
2026-09-09,3040265746,066-3084-32,IND RDR 2000 IN-182A,PAMALS,REC,,,43.0
2026-09-09,3040265747,30994-001,BATTERY-MARATHON TSP410 NICAD,PAMALS,AUT,,,43.0
2026-09-09,3040265748,30994-001,BATTERY-MARATHON TSP410 NICAD,PAMALS,AUT,,,43.0
2026-09-09,3040265749,30994-001,BATTERY-MARATHON TSP410 NICAD,PAMALS,AUT,,,43.0
2026-09-09,3040265750,30994-001,BATTERY-MARATHON TSP410 NICAD,PAMALS,AUT,,,43.0
2026-09-09,3040265751,30994-001,BATTERY-MARATHON TSP410 NICAD,PAMALS,AUT,,,43.0
2026-09-09,3040265752,2641011-5,AXLE-MAIN GEAR,BAMN,REC,,,43.0
2026-09-09,3040265753,2641011-5,AXLE-MAIN GEAR,BAMN,REC,,,43.0
2026-09-09,3040265754,161-11700,INNER WHEEL HALF ASSY,BACO,AUT,,,43.0
2026-09-09,3040265755,161-12800,WHEEL HALF ASSY-INNER,BABE,REC,,,43.0
2026-09-09,3040265757,066-01141-0101,"RECEIVER,RADIO",PAMALS,REC,,,43.0
2026-09-09,3040265758,066-01141-0101,"RECEIVER,RADIO",PAMALS,REC,,,43.0
2026-09-09,3040265759,C660501-0103,"COMPASS,SPEC",DACTA II,REC,,,43.0
2026-09-09,3040265769,023694-000,BATTERY NICKEL CADMIUM,BAPV,REC,,,42.0
2026-09-09,3040265771,2651023-23,ENGINE MOUNT ASSEMBLY,PAMALS,REC,,,42.0
2026-09-09,3040265772,2651023-23,ENGINE MOUNT ASSEMBLY,PAMALS,REC,,,42.0
2026-09-09,3040265892,324843-0020,HEADSET-MICROPHONE,PAMALS,REC,,,37.0
2026-09-09,3040265893,324843-0020,HEADSET-MICROPHONE,PAMALS,OS concluída,,,
2026-09-09,3040265894,324843-0020,HEADSET-MICROPHONE,PAMALS,REC,,,37.0
2026-09-09,3040265895,324843-0020,HEADSET-MICROPHONE,PAMALS,REC,,,37.0
2026-09-09,3040265946,011-00870-00,MAGNETOMETER GMU 44,BAMN,REC,,,34.0
2026-09-09,3040265947,011-00870-00,MAGNETOMETER GMU 44,BAMN,REC,,,34.0
2026-09-09,3040266034,C662041-0102,INDICATOR FUEL,BABE,REC,,,30.0
2026-09-09,3040266040,C662041-0102,INDICATOR FUEL,PAMALS,REC,,,30.0
2026-09-09,3040266036,C662041-0102,INDICATOR FUEL,PAMALS,REC,,,30.0
2026-09-09,3040266035,C662041-0102,INDICATOR FUEL,PAMALS,REC,,,22.0
2026-09-09,3040266039,C662041-0102,INDICATOR FUEL,BANT,REC,,,22.0
2026-09-09,3040266041,C662041-0102,INDICATOR FUEL,PAMALS,REC,,,22.0
2026-09-09,3040266307,069-01033-0101,"RECEIVER-TRANSMITTER,RADIO",PAMALS,REC,,,20.0
2026-09-09,3040266308,069-01033-0101,"RECEIVER-TRANSMITTER,RADIO",BANT,REC,,,20.0
2026-09-09,3040266306,069-01033-0101,"RECEIVER-TRANSMITTER,RADIO",BACG,REC,,,20.0
2026-09-09,3040266307,069-01033-0101,"RECEIVER-TRANSMITTER,RADIO",PAMALS,REC,,,20.0
2026-09-09,3040266308,069-01033-0101,"RECEIVER-TRANSMITTER,RADIO",BANT,REC,,,20.0
2026-09-09,3040266568,C662504-0101,GAGE VOLT AMME,PAMALS,REC,,,9.0
2026-09-09,3040266567,C662504-0101,GAGE VOLT AMME,ALA 9,REC,,,9.0
2026-09-09,3040266566,C662504-0101,GAGE VOLT AMME,PAMALS,REC,,,9.0
2026-09-09,3040266569,C662504-0101,GAGE VOLT AMME,BABV,REC,,,9.0
2026-09-10,3040249831,066-01141-5101,"RECEIVER-TRANSMITTER,RADIO (KT71)",PAMALS,REC,EM REPARO,LEAP,577.0
2026-09-10,3040250248,452-0133,"BATTERY,NONRECHARGEABLE",BABR,REC,CONDENADO,VEE ONE,561.0
2026-09-10,3040250249,452-0133,"BATTERY,NONRECHARGEABLE",BAMN,REC,CONDENADO,VEE ONE,561.0
2026-09-10,3040250234,3034792,BOMBA DE COMBUSTÍVEL,PAMALS,REC,,BANT,561.0
2026-09-10,3040250816,453-5060,"BEACON,DISTRESS",BAMN,REC,,PAMA-LS,539.0
2026-09-10,3040250830,799-1,TRANSDUCER,BACO,REC,,BANT,539.0
2026-09-10,3040250829,51539-012N,CONTROL UNIT ASSY-GENERATOR,BAMN,OS concluída,,,
2026-09-10,3040250828,51539-012N,CONTROL UNIT ASSY-GENERATOR,BACG,REC,,BABR,539.0
2026-09-10,3040250827,51539-012N,CONTROL UNIT ASSY-GENERATOR,BANT,REC,,BABR,539.0
2026-09-10,3040250831,799-1,TRANSDUCER,BANT,REC,,BANT,539.0
2026-09-10,3040250833,9910586-4,FLAP ACTUATOR AND MOTOR ASSEMBLY,ALA 3,REC,,BAMN,539.0
2026-09-10,3040250834,9910586-4,FLAP ACTUATOR AND MOTOR ASSEMBLY,ALA 3,OS concluída,,,
2026-09-10,3040250832,9910338-4,FUEL TOTALIZER INDICATOR,EEAR,REC,,PAMA-LS,539.0
2026-09-10,3040250835,ASG12000-2,ALTERNATOR,ALA 5,REC,REPARADO,V1 PAMA-LS,539.0
2026-09-10,3040250841,C661030-0301,TURN BANK,PAMALS,REC,EM REPARO,LEAP,539.0
2026-09-10,3040250842,C662041-0102,INDICATOR FUEL,ALA 5,REC,,PAMA-LS,539.0
2026-09-10,3040250844,C662041-0102,INDICATOR FUEL,ALA 9,REC,,PAMA-LS,539.0
2026-09-10,3040250843,C662041-0102,INDICATOR FUEL,ALA 10,OS concluída,,,
2026-09-10,3040250719,060-0017-00,FLIGHT DIR HOR,PAMALS,REC,,BANT,539.0
2026-09-10,3040250720,060-0017-00,FLIGHT DIR HOR,BABV,OS concluída,,,
2026-09-10,3040250722,066-01141-5101,"RECEIVER-TRANSMITTER,RADIO (KT71)",ALA 9,REC,EM REPARO,WILLIAM,539.0
2026-09-10,3040250723,066-01141-5101,"RECEIVER-TRANSMITTER,RADIO (KT71)",CLA,REC,,BABR,539.0
2026-09-10,3040250721,060-0017-00,FLIGHT DIR HOR,BANT,OS concluída,,,
2026-09-10,3040250725,066-3046-07,"CONTROL,INDICATOR",ALA 10,OS concluída,,,
2026-09-10,3040250724,066-04035-1101,"DISPLAY UNIT,RADAR",PAMALS,REC,,BANT,539.0
2026-09-10,3040250732,069-1025-25,"RECEIVER-TRANSMITTER,RADIO - KX165",PAMALS,REC,EM REPARO,WILLIAM,539.0
2026-09-10,3040250782,2606012-1,INDICATOR-INTER-TURBINE TEMPERATURE,ALA 9,OS concluída,,,
2026-09-10,3040250775,161-11700,INNER WHEEL HALF ASSY,BABE,OS concluída,,,
2026-09-10,3040250773,161-11700,INNER WHEEL HALF ASSY,EEAR,REC,,BACG,539.0
2026-09-10,3040250718,030-18200,MAIN WHEEL BRAKE,BACO,OS concluída,,,
2026-09-10,3040250716,030-18200,MAIN WHEEL BRAKE,BABV,REC,EM REPARO,LEAP,539.0
2026-09-10,3040250717,030-18200,MAIN WHEEL BRAKE,BACO,OS concluída,,,
2026-09-10,3040250780,162-11800,WHEEL HALF ASSY-OUTER,PAMALS,OS concluída,,,
2026-09-10,3040250781,162-11800,WHEEL HALF ASSY-OUTER,BACG,OS concluída,,,
2026-09-10,3040250778,161-12800,WHEEL HALF ASSY-INNER,BACG,OS concluída,,,
2026-09-10,3040250776,161-12800,WHEEL HALF ASSY-INNER,BABE,OS concluída,,,
2026-09-10,3040250790,2643031-7,"FORK ASSY,NOSE GEAR SPRING",BAMN,OS concluída,,,
2026-09-10,3040250791,2643090-1,SHIMMY DAMPENE,BANT,REC,EM REPARO,AV AERONAUTICA,539.0
2026-09-10,3040250792,2643090-1,SHIMMY DAMPENE,BAMN,REC,REPARADO,V1 PAMA-LS,539.0
2026-09-10,3040250789,2641012-14,TRUNNION ASSY-RH-MAIN GEAR,PAMASP,OS concluída,,,
2026-09-10,3040250793,2643099-4,"SUPPORT ASSY FOWARD, NLG SPRING",BAMN,OS concluída,,,
2026-09-10,3040250798,30994-001,BATTERY-MARATHON TSP410 NICAD,BANT,OS concluída,CONDENADO,AMA - VEE ONE,
2026-09-10,3040252191,C611008-0101,ALTERNATOR CONTROL UNIT,PAMALS,REC,,BABR,506.0
2026-09-10,3040252159,011-00916-00,DISPLAY UNIT GDU 1040A,BAMN,REC,,BAMN,506.0
2026-09-10,3040252161,065-0042-03,COMPUTER PA,ALA 10,REC,EM REPARO,WILLIAM,506.0
2026-09-10,3040252162,065-0042-03,COMPUTER PA,EEAR,REC,,BABE,506.0
2026-09-10,3040252164,065-0042-03,COMPUTER PA,EEAR,REC,EM REPARO,WILLIAM,506.0
2026-09-10,3040252165,065-0042-03,COMPUTER PA,PAMALS,OS concluída,,,
2026-09-10,3040252166,065-0059-01,SERVO PITCH,EEAR,REC,EM REPARO,WILLIAM,506.0
2026-09-10,3040252168,066-03064-0005,"ALTIMETER,SERVO CONTROLLED,AUTOMATIC PRESSURE",ALA 9,OS concluída,,,
2026-09-10,3040252173,066-03064-0005,"ALTIMETER,SERVO CONTROLLED,AUTOMATIC PRESSURE",BANT,REC,EM REPARO,LEAP,506.0
2026-09-10,3040252172,066-03064-0005,"ALTIMETER,SERVO CONTROLLED,AUTOMATIC PRESSURE",PAMALS,REC,NO ESTADO,VEE ONE,506.0
2026-09-10,3040252170,066-03064-0005,"ALTIMETER,SERVO CONTROLLED,AUTOMATIC PRESSURE",ALA 7,REC,NO ESTADO,VEE ONE,506.0
2026-09-10,3040252178,066-1072-00,RECEIVER ADF (KING KR87),PAMALS,OS concluída,,,
2026-09-10,3040252182,066-1072-04,"RECEIVER,RADIO",ALA 9,OS concluída,,,
2026-09-10,3040252181,066-1072-04,"RECEIVER,RADIO",PAMASP,REC,EM REPARO,WILLIAM,506.0
2026-09-10,3040252180,066-1072-04,"RECEIVER,RADIO",ALA 8,OS concluída,,,
2026-09-10,3040252185,066-1072-04,"RECEIVER,RADIO",BAMN,OS concluída,,,
2026-09-10,3040252189,9910338-6,"TRANSMITTER,RATE OF FLOW",ALA 8,OS concluída,,,
2026-09-10,3040252190,9910338-6,"TRANSMITTER,RATE OF FLOW",BABR,OS concluída,,,
2026-09-10,3040252160,011-01020-10,AFCS MODE CONTROLLER GMC 710,BAMN,OS concluída,,,
2026-09-10,3040252939,C163030-1001,MAIN W BRAKE A,BABV,REC,,BAMN,476.0
2026-09-10,3040252936,030-18200,MAIN WHEEL BRAKE,BACO,REC,,PAMA-LS,476.0
2026-09-10,3040252935,030-18200,MAIN WHEEL BRAKE,BAMN,OS concluída,,,
2026-09-10,3040252940,30-182,MAIN WHEEL BRAKE,BABV,OS concluída,,,
2026-09-10,3040252942,30-182,MAIN WHEEL BRAKE,BAMN,OS concluída,,,
2026-09-10,3040252943,30-182,MAIN WHEEL BRAKE,BAMN,OS concluída,,,
2026-09-10,3040253170,161-12800,WHEEL HALF ASSY-INNER,BASM,OS concluída,,,
2026-09-10,3040253168,161-12800,WHEEL HALF ASSY-INNER,BASM,REC,,PAMA-LS,472.0
2026-09-10,3040253172,161-12800,WHEEL HALF ASSY-INNER,PAMALS,REC,,PAMA-LS,472.0
2026-09-10,3040253174,161-12800,WHEEL HALF ASSY-INNER,PAMALS,OS concluída,,,
2026-09-10,3040253173,161-12800,WHEEL HALF ASSY-INNER,PAMALS,REC,EM REPARO,LEAP,472.0
2026-09-10,3040253176,162-10700,OUTER WHEEL HALF ASSY,BABE,OS concluída,,,
2026-09-10,3040253177,162-10700,OUTER WHEEL HALF ASSY,BABV,REC,,PAMA-LS,472.0
2026-09-10,3040253178,162-10700,OUTER WHEEL HALF ASSY,PAMALS,REC,,PROCURANDO,472.0
2026-09-10,3040253179,162-11800,WHEEL HALF ASSY-OUTER,CLA,OS concluída,,,
2026-09-10,3040253181,162-11800,WHEEL HALF ASSY-OUTER,PAMALS,OS concluída,,,
2026-09-10,3040253180,162-11800,WHEEL HALF ASSY-OUTER,BASM,REC,,PROCURANDO,472.0
2026-09-10,3040253182,162-11800,WHEEL HALF ASSY-OUTER,PAMALS,REC,,PAMA-LS,472.0
2026-09-10,3040253536,2641012-14,TRUNNION ASSY-RH-MAIN GEAR,PAMALS,OS concluída,,,
2026-09-10,3040253529,066-03064-0005,"ALTIMETER,SERVO CONTROLLED,AUTOMATIC PRESSURE",DSM-MN,REC,DEVOLVIDO NO ESTADO,WILLIAM,462.0
2026-09-10,3040253528,066-03064-0005,"ALTIMETER,SERVO CONTROLLED,AUTOMATIC PRESSURE",BANT,OS concluída,,,
2026-09-10,3040253532,799-1,TRANSDUCER,PAMALS,REC,,BANT,462.0
2026-09-10,3040253535,2643099-4,"SUPPORT ASSY FOWARD, NLG SPRING",BABE,REC,CONDENADO,VEE ONE,462.0
2026-09-10,3040253531,799-1,TRANSDUCER,BAMN,REC,,VEE ONE,462.0
2026-09-10,3040253530,799-1,TRANSDUCER,BAMN,REC,,BANT,462.0
2026-09-10,3040253526,30994-001,BATTERY-MARATHON TSP410 NICAD,PAMALS,OS concluída,,PAMA-LS,
2026-09-10,3040253527,30994-001,BATTERY-MARATHON TSP410 NICAD,BAPV,OS concluída,,PAMA-LS,
2026-09-10,3040254195,540-1407-4,"VALVE,BLEED,TURBINEENGINE",PAMALS,REC,,BANT,444.0
2026-09-10,3040254201,2643090-3,SHIMMY DAMPER-NOSE GEAR,PAMALS,REC,,PAMA-LS,444.0
2026-09-10,3040254203,SE1070-6,SHIMMY DAMPENER ASSY,BACGINAT,OS concluída,,,
2026-09-10,3040254205,C660501-0103,"COMPASS,SPEC",PAMALS,REC,,PAMA-LS,444.0
2026-09-10,3040254206,C660501-0103,"COMPASS,SPEC",ALA 8,REC,EM REPARO EM GARANTIA,WILLIAM,444.0
2026-09-10,3040254208,C660501-0103,"COMPASS,SPEC",BABV,REC,,PAMA-LS,444.0
2026-09-10,3040254210,799-1,TRANSDUCER,BANT,REC,,BANT,444.0
2026-09-10,3040254792,2606013-1RX,INDICATOR-PERCENT RPM,BABR,REC,,BANT,435.0
2026-09-10,3040254770,069-1025-25,"RECEIVER-TRANSMITTER,RADIO - KX165",ALA 9,REC,EM REPARO,WILLIAM,435.0
2026-09-10,3040254799,453-5000-710,EMERGENCY LOCATOR TRANSMITTER MODEL C406-2,PAMASP,OS concluída,,,
2026-09-10,3040254806,C352TS,"EXTINGUISHER,FIRE",PAMALS,REC,,PAMA-LS,435.0
2026-09-10,3040254805,C352TS,"EXTINGUISHER,FIRE",PAMALS,OS concluída,,,
2026-09-10,3040254810,C352TS,"EXTINGUISHER,FIRE",PAMALS,OS concluída,,,
2026-09-10,3040254809,C352TS,"EXTINGUISHER,FIRE",PAMAGL,OS concluída,,,
2026-09-10,3040254803,C352TS,"EXTINGUISHER,FIRE",2 ETA,REC,,PAMA-LS,435.0
2026-09-10,3040254808,C352TS,"EXTINGUISHER,FIRE",BABR,REC,,PAMA-LS,435.0
2026-09-10,3040254795,D145-00-46-2,FLAP ACTUATOR ASSY,BABE,REC,,PAMA-LS,435.0
2026-09-10,3040254793,D145-00-46-2,FLAP ACTUATOR ASSY,PAMALS,REC,,PAMA-LS,435.0
2026-09-10,3040254815,C482001-0402,VACUUM REGULAT,PAMALS,REC,CONDENADO,VEE ONE,435.0
2026-09-10,3040254816,C482001-0402,VACUUM REGULAT,PAMALS,REC,CONDENADO,VEE ONE,435.0
2026-09-10,3040254820,2641011-5,AXLE-MAIN GEAR,BAMN,OS concluída,,,
2026-09-10,3040254817,2641011-5,AXLE-MAIN GEAR,BABE,OS concluída,,,
2026-09-10,3040254818,2641011-5,AXLE-MAIN GEAR,BABE,OS concluída,,,
2026-09-10,3040254819,2641011-5,AXLE-MAIN GEAR,BANT,OS concluída,,,
2026-09-10,3040254796,30994-001,BATTERY-MARATHON TSP410 NICAD,BAMN,OS concluída,,,
2026-09-10,3040254789,452-0133,"BATTERY,NONRECHARGEABLE",BAMN,REC,CONDENADO,VEE ONE,435.0
2026-09-10,3040254788,452-0133,"BATTERY,NONRECHARGEABLE",BAMN,REC,CONDENADO,VEE ONE,435.0
2026-09-10,3040254787,452-0133,"BATTERY PACK,AIRCRAFT",DACTA II,REC,CONDENADO,VEE ONE,435.0
2026-09-10,3040254786,452-0133,"BATTERY PACK,AIRCRAFT",BAMN,REC,CONDENADO,VEE ONE,435.0
2026-09-10,3040254785,452-0133,"BATTERY,NONRECHARGEABLE",BAMN,REC,CONDENADO,VEE ONE,435.0
2026-09-10,3040254784,452-0133,"BATTERY,NONRECHARGEABLE",DACTA II,REC,CONDENADO,VEE ONE,435.0
2026-09-10,3040255326,011-00916-00,DISPLAY UNIT GDU 1040A,BAMN,REC,,BAMN,426.0
2026-09-10,3040255319,702801-5,FUEL PUMP,PAMASP,REC,EM REPARO,VEE ONE,426.0
2026-09-10,3040255321,8210-002,"GOVERNOR,CONSTANT SPEED DRIVE",PAMALS,OS concluída,,,
2026-09-10,3040255461,DAAS-A-010-1,ADAS-D PROCESSOR,PAMALS,REC,EM REPARO,VEE ONE,422.0
2026-09-10,3040255589,071-01519-0101,"RECEIVER-EXCITER,RADAR",BANT,REC,,PROCURANDO,420.0
2026-09-10,3040255590,071-01519-0101,"RECEIVER-EXCITER,RADAR",PAMALS,OS concluída,,,
2026-09-10,3040255706,C661064-0237,AIRSPEED INDICATOR,BAMN,OS concluída,,,
2026-09-10,3040256114,5934PAD-3,"ALTIMETER,PRESSURE",PAMALS,REC,EM REPARO,VEE ONE,406.0
2026-09-10,3040256119,011-00878-10,GSA-81 TORQUE SERVO,BAPV,REC,EM REPARO,LEAP,406.0
2026-09-10,3040256112,011-00883-20,RADAR GWX 68 WEATHER,BABE,REC,,BAMN,406.0
2026-09-10,3040256115,5934PAD-3,"ALTIMETER,PRESSURE",PAMALS,OS concluída,,,
2026-09-10,3040256118,011-00878-10,GSA-81 TORQUE SERVO,BAPV,REC,,BACO,406.0
2026-09-10,3040256120,011-00916-10,"DISPLAY UNIT,FLIGHT INFORMATION",BAMN,OS concluída,,,
2026-09-10,3040256314,066-4010-12,RECEIVER VOR/LOC (KNS81),EEAR,REC,EM REPARO,LEAP,393.0
2026-09-10,3040256311,3121248-03,"VALVE ASSEMBLY,COMPRESSOR BLEED",PAMALS,OS concluída,,,
2026-09-10,3040256704,C661064-0237,AIRSPEED INDICATOR,PAMALS,OS concluída,,,
2026-09-10,3040256707,D210507,"GOVERNOR,OVERSPEED",PAMALS,OS concluída,,,
2026-09-10,3040256708,D210507,"GOVERNOR,OVERSPEED",PAMALS,REC,REPARADO,VEE ONE,384.0
2026-09-10,3040256702,C661064-0237,AIRSPEED INDICATOR,BABR,OS concluída,,,
2026-09-10,3040256703,C661064-0237,AIRSPEED INDICATOR,PAMALS,OS concluída,,,
2026-09-10,3040256662,030-18200,MAIN WHEEL BRAKE,BASM,OS concluída,,,
2026-09-10,3040256665,161-11700,INNER WHEEL HALF ASSY,BABV,OS concluída,,,
2026-09-10,3040256666,161-11700,INNER WHEEL HALF ASSY,PAMALS,OS concluída,,,
2026-09-10,3040256667,161-11700,INNER WHEEL HALF ASSY,PAMALS,OS concluída,,,
2026-09-10,3040256668,161-11700,INNER WHEEL HALF ASSY,PAMALS,OS concluída,,,
2026-09-10,3040256669,161-11700,INNER WHEEL HALF ASSY,PAMALS,OS concluída,,,
2026-09-10,3040256670,161-11700,INNER WHEEL HALF ASSY,PAMALS,OS concluída,,,
2026-09-10,3040256671,161-11700,INNER WHEEL HALF ASSY,PAMALS,REC,,PAMA-LS,384.0
2026-09-10,3040256698,030-18200,MAIN WHEEL BRAKE,PAMASP,REC,,BABE,384.0
2026-09-10,3040256713,030-18200,MAIN WHEEL BRAKE,ALA 3,REC,,BAMN,384.0
2026-09-10,3040256694,162-11800,WHEEL HALF ASSY-OUTER,BANT,OS concluída,,,
2026-09-10,3040256696,162-11800,WHEEL HALF ASSY-OUTER,PAMALS,REC,,PAMA-LS,384.0
2026-09-10,3040256672,161-12800,WHEEL HALF ASSY-INNER,PAMALS,OS concluída,,PAMA-LS,
2026-09-10,3040256675,161-12800,WHEEL HALF ASSY-INNER,BANT,OS concluída,,,
2026-09-10,3040256792,011-00877-00,"GSA-80 SERVO ROL,YAW,SPEC",BAMN,REC,,PROCURANDO,384.0
2026-09-10,3040256787,011-00877-00,"GSA-80 SERVO ROL,YAW,SPEC",PAMALS,REC,EM REPARO,VEE ONE,384.0
2026-09-10,3040256828,011-00883-20,RADAR GWX 68 WEATHER,PAMALS,REC,,PAMA-LS,384.0
2026-09-10,3040256709,3121248-03,"VALVE ASSEMBLY,COMPRESSOR BLEED",PAMASP,REC,,BANT,381.0
2026-09-10,3040256673,161-12800,WHEEL HALF ASSY-INNER,PAMALS,REC,CONDENADO,VEE ONE,381.0
2026-09-10,3040257095,011-01105-01,INTEGRATED AVIONICS UNIT GIA63W,BABE,REC,EM REPARO,VEE ONE,377.0
2026-09-10,3040257096,011-01105-01,INTEGRATED AVIONICS UNIT GIA63W,BABE,REC,,BAMN,377.0
2026-09-10,3040257093,065-00183-0501,AUTOPILOT COMPUTER KFC225,BABE,REC,,BANT,377.0
2026-09-10,3040257094,065-00183-0501,AUTOPILOT COMPUTER KFC225,BABE,REC,,BANT,377.0
2026-09-10,3040257443,161-12800,WHEEL HALF ASSY-INNER,ALA 3,AUT,,,365.0
2026-09-10,3040257442,C163030-1001,MAIN W BRAKE A,BAMN,OS concluída,,BAMN,
2026-09-10,3040257452,3244809-8,"FUEL CONTROL,MAIN,TURBINE ENGINE",BAPV,OS concluída,,,
2026-09-10,3040257454,EA-5172-45-CES,"INDICATOR,AIRSPEED",BACG,OS concluída,,,
2026-09-10,3040257453,EA-5172-45-CES,"INDICATOR,AIRSPEED",ALA 7,REC,DEVOLVIDO NO ESTADO,WILLIAM,358.0
2026-09-10,3040257451,3244809-7,"FUEL CONTROL,MAIN,TURBINE ENGINE",PAMASP,REC,,BANT,358.0
2026-09-10,3040257450,3244809-4,"FUEL CONTROL,MAIN,TURBINE ENGINE",PAMASP,OS concluída,EM REPARO,LEAP,
2026-09-10,3040257438,030-18200,MAIN WHEEL BRAKE,BAMN,REC,REPARADO,VEE ONE,358.0
2026-09-10,3040257444,162-10700,OUTER WHEEL HALF ASSY,PAMALS,OS concluída,,,
2026-09-10,3040257447,162-10700,OUTER WHEEL HALF ASSY,PAMALS,OS concluída,,,
2026-09-10,3040257436,30994-001,BATTERY-MARATHON TSP410 NICAD,PAMALS,OS concluída,,PAMA-LS,
2026-09-10,3040257441,030-18200,MAIN WHEEL BRAKE,BAPV,REC,,BAMN,358.0
2026-09-10,3040257440,030-18200,MAIN WHEEL BRAKE,BANT,REC,CONDENADO,VEE ONE,358.0
2026-09-10,3040257439,030-18200,MAIN WHEEL BRAKE,BAMN,REC,,BAMN,358.0
2026-09-10,3040258306,D210507,"GOVERNOR,OVERSPEED",PAMALS,REC,EM REPARO,LEAP,338.0
2026-09-10,3040258310,D210507,"GOVERNOR,OVERSPEED",BACO,OS concluída,,,
2026-09-10,3040258309,D210507,"GOVERNOR,OVERSPEED",BAMN,REC,EM REPARO,LEAP,338.0
2026-09-10,3040258308,D210507,"GOVERNOR,OVERSPEED",BAMN,OS concluída,,,
2026-09-10,3040258307,D210507,"GOVERNOR,OVERSPEED",ALA 5,OS concluída,,,
2026-09-10,3040258303,011-00877-00,"GSA-80 SERVO ROL,YAW,SPEC",DACTA II,REC,EM REPARO,VEE ONE,338.0
2026-09-10,3040258422,2601188-8,COMPRESSOR DRIVE ASSY R134A,PAMASP,REC,,PROCURANDO,336.0
2026-09-10,3040258419,011-00877-00,"GSA-80 SERVO ROL,YAW,SPEC",DACTA II,REC,EM REPARO,VEE ONE,336.0
2026-09-10,3040258420,011-00877-00,"GSA-80 SERVO ROL,YAW,SPEC",BACO,REC,EM REPARO,VEE ONE,336.0
2026-09-10,3040258421,011-00877-00,"GSA-80 SERVO ROL,YAW,SPEC",BABE,REC,,BACO,336.0
2026-09-10,3040258764,069-01034-0102,"NAVIGATION SET,SATELLITE SIGNALS KLN-94",PAMALS,REC,,BANT,329.0
2026-09-10,3040259152,066-01141-5101,"TRANSPONDER,RADAR",BABE,REC,,BANT,310.0
2026-09-10,3040259151,066-01141-5101,"TRANSPONDER,RADAR",BANT,REC,,BANT,310.0
2026-09-10,3040259251,064-1019-05,VHF TRANSCEIVE KY196,EEAR,REC,,EEAR,308.0
2026-09-10,3040259146,1U149-015-15,HORIZ. GYRO-STADBY,PAMALS,REC,EM REPARO,VEE ONE,307.0
2026-09-10,3040259147,162-10700,OUTER WHEEL HALF ASSY,BANT,REC,EM REPARO,AMA - VEE ONE,307.0
2026-09-10,3040259148,3049038-03,"VALVE,COMPRESSOR BLEED",BANT,OS concluída,,,
2026-09-10,3040259316,2606015-4,INDICATOR-OIL TEMP/OIL PRESS,BACG,REC,,PAMA-LS,304.0
2026-09-10,3040259564,C414007-0102,BLOWER ASSY,PAMALS,OS concluída,,,
2026-09-10,3040259568,C414007-0102,BLOWER ASSY,ALA 10,OS concluída,,,
2026-09-10,3040259570,C414007-0102,BLOWER ASSY,ALA 10,OS concluída,,,
2026-09-10,3040259694,025323-150,FUEL PUMP,PAMASP,REC,,BACO,296.0
2026-09-10,3040259922,C414007-0102,BLOWER ASSY,BANT,REC,,PAMA-LS,289.0
2026-09-10,3040259928,C414007-0102,BLOWER ASSY,PAMALS,REC,EM REPARO,VEE ONE,289.0
2026-09-10,3040259924,C414007-0102,BLOWER ASSY,BACG,REC,EM REPARO,VEE ONE,289.0
2026-09-10,3040259918,C414007-0102,BLOWER ASSY,ALA 10,OS concluída,,VEE ONE,
2026-09-10,3040259950,065-0060-01,"CONTROL,SERVO,AUTOMATIC PILOT",PAMALS,REC,EM REPARO,LEAP,289.0
2026-09-10,3040259949,065-0060-01,"CONTROL,SERVO,AUTOMATIC PILOT",PAMALS,REC,EM REPARO,LEAP,289.0
2026-09-10,3040259947,066-3046-07,"CONTROL,INDICATOR",EEAR,OS concluída,,,
2026-09-10,3040259946,066-3046-07,"CONTROL,INDICATOR",BANT,REC,,BANT,289.0
2026-09-10,3040259944,066-3046-07,"CONTROL,INDICATOR",EEAR,REC,,PAMA-LS,289.0
2026-09-10,3040260209,011-00916-00,DISPLAY UNIT GDU 1040A,PAMALS,REC,,BAMN,275.0
2026-09-10,3040260208,324843-W020,HEADSET-MICROPHONE,PAMALS,REC,VAI SER DEVOLVIDO SEM REPARO,WILLIAM,275.0
2026-09-10,3040260204,324843-W020,HEADSET-MICROPHONE,PAMALS,OS concluída,,,
2026-09-10,3040260205,324843-W020,HEADSET-MICROPHONE,PAMALS,OS concluída,,,
2026-09-10,3040260388,SD5H14C4527,AIR COMPRESSOR,PAMALS,REC,EM REPARO,VEE ONE,268.0
2026-09-10,3040260382,065-00183-0501,AUTOPILOT COMPUTER KFC225,BANT,REC,,BANT,268.0
2026-09-10,3040260389,SD5H14C4527,AIR COMPRESSOR,PAMALS,REC,EM REPARO,VEE ONE,268.0
2026-09-10,3040260517,ASG12000-2,ALTERNATOR,PAMALS,OS concluída,,,
2026-09-10,3040260524,51539-012M,CONTROL UNIT ASSY-GENERATOR,BANT,REC,,BACG,265.0
2026-09-10,3040260516,ASG12000-2,ALTERNATOR,PAMALS,REC,,V1 PAMA-LS,265.0
2026-09-10,3040260523,9910592-2,ALTERNADOR,BAMN,OS concluída,,babr,
2026-09-10,3040260522,9910592-2,ALTERNADOR,BAMN,REC,,dacta II,265.0
2026-09-10,3040260547,161-12800,WHEEL HALF ASSY-INNER,EPCAR,OS concluída,,BABE,
2026-09-10,3040260545,161-11700,INNER WHEEL HALF ASSY,BACG,OS concluída,,,
2026-09-10,3040260544,161-11700,INNER WHEEL HALF ASSY,BANT,OS concluída,,,
2026-09-10,3040260546,161-12800,WHEEL HALF ASSY-INNER,PAMALS,REC,,,247.0
2026-09-10,3040260548,161-11700,INNER WHEEL HALF ASSY,CLA,OS concluída,,,
2026-09-10,3040260549,162-10700,OUTER WHEEL HALF ASSY,BACG,OS concluída,,,
2026-09-10,3040260550,162-10700,OUTER WHEEL HALF ASSY,CLA,OS concluída,,,
2026-09-10,3040260551,162-11800,WHEEL HALF ASSY-OUTER,BANT,REC,,,247.0
2026-09-10,3040260552,30994-001,BATTERY-MARATHON TSP410 NICAD,BABE,OS concluída,,PAMA-LS,
2026-09-10,3040260543,324843-W020,HEADSET-MICROPHONE,PAMALS,REC,,PAMA-LS,247.0
2026-09-10,3040260542,324843-W020,HEADSET-MICROPHONE,PAMALS,REC,,BABE,247.0
2026-09-10,3040260541,324843-W020,HEADSET-MICROPHONE,PAMALS,OS concluída,,,
2026-09-10,3040260540,324843-W020,HEADSET-MICROPHONE,PAMALS,OS concluída,,,
2026-09-10,3040260538,324843-W020,HEADSET-MICROPHONE,PAMALS,REC,,BABE,247.0
2026-09-10,3040260539,324843-W020,HEADSET-MICROPHONE,PAMALS,REC,,BABE,247.0
2026-09-10,3040260595,9910586-4,FLAP ACTUATOR AND MOTOR ASSEMBLY,7 ETA,REC,,BAMN,247.0
2026-09-10,3040260597,9910586-4,FLAP ACTUATOR AND MOTOR ASSEMBLY,BAPV,OS concluída,,BABR,
2026-09-10,3040260583,3244897-4,FUEL CONTROL UNIT,PAMALS,OS concluída,,,
2026-09-10,3040260750,3122678-04,FUEL CONTROL UNIT,PAMASP,REC,,BANT,239.0
2026-09-10,3040260752,3244897-4,FUEL CONTROL UNIT,PAMASP,OS concluída,,,
2026-09-10,3040260753,3244809-7,"FUEL CONTROL,MAIN,TURBINE ENGINE",PAMASP,OS concluída,,,
2026-09-10,3040260754,3244809-1,"FUEL CONTROL,MAIN,TURBINE ENGINE",PAMASP,REC,EM QUARENTENA,LEAP,239.0
2026-09-10,3040254794,C145-350,"MOTOR,DIRECT CURRENT",PAMALS,OS concluída,,,
2026-09-10,3040260913,064-1054-30,RECEIVER-TRANSMITTER SUBASSEMBLY,EPCAR,REC,,V1 PAMA-LS,227.0
2026-09-10,3040260915,064-1054-30,RECEIVER-TRANSMITTER SUBASSEMBLY,PAMALS,REC,,BABR,227.0
2026-09-10,3040260811,3034792,BOMBA DE COMBUSTÍVEL,BAPV,OS concluída,,BABR,
2026-09-10,3040260812,3034792,BOMBA DE COMBUSTÍVEL,BACG,OS concluída,,,
2026-09-10,3040260922,162-11800,WHEEL HALF ASSY-OUTER,PAMALS,OS concluída,,,
2026-09-10,3040260923,030-18200,MAIN WHEEL BRAKE,BACO,REC,REPARADO,VEE ONE,225.0
2026-09-10,3040261389,3034792,BOMBA DE COMBUSTÍVEL,PAMASP,OS concluída,REPARADO,V1 PAMA-LS,
2026-09-10,3040261388,3034792,BOMBA DE COMBUSTÍVEL,BABR,OS concluída,,,
2026-09-10,3040261387,3034792,BOMBA DE COMBUSTÍVEL,BABR,OS concluída,,,
2026-09-10,3040261371,TFF2905-13,FUEL FLOW TRANSDUCER,ALA 8,REC,,PAMA-LS,212.0
2026-09-10,3040261375,C661065-0240RX,"INDICATOR, AIRSPEED",BACG,REC,EM REPARO,WILLIAM,212.0
2026-09-10,3040261373,C661065-0240,AIRSPEED INDICATOR,BABE,REC,,PAMA-LS,212.0
2026-09-10,3040261322,011-00831-00,"ENGINE INTERFA,SPEC",BAPV,REC,,VEE ONE,212.0
2026-09-10,3040261326,011-00882-10,"COMPUTER,AIR DATA",BAMN,OS concluída,,,
2026-09-10,3040261324,011-00882-10,"COMPUTER,AIR DATA",BAMN,OS concluída,,,
2026-09-10,3040261327,064-1054-30,RECEIVER-TRANSMITTER SUBASSEMBLY,PAMASP,REC,,PAMA-LS,212.0
2026-09-10,3040261336,066-01141-0101,"RECEIVER,RADIO",BANT,REC,,PAMA-LS,212.0
2026-09-10,3040261334,065-0065-01,SELECTOR ALT,BANT,REC,,PAMA-LS,212.0
2026-09-10,3040261331,065-0061-36,ACTUATOR TRIM (KS272A),PAMASP,OS concluída,,BABR,
2026-09-10,3040261329,065-0061-36,ACTUATOR TRIM (KS272A),ALA 10,OS concluída,,,
2026-09-10,3040261335,065-0065-01,SELECTOR ALT,BANT,REC,,PAMA-LS,212.0
2026-09-10,3040261342,066-3084-02,COLOR RADAR INDICATOR,BABV,REC,,PAMA-LS,212.0
2026-09-10,3040261340,066-1053-00,"RECEIVER,RADIO",BASM,REC,,PAMA-LS,212.0
2026-09-10,3040261377,066-3054-01,INDICATOR RADAR ALTIMETER - TYPE KI250,PAMALS,REC,EM REPARO,WILLIAM,212.0
2026-09-10,3040261376,066-1061-03,RT RADAR ALTIM (KRA10A),PAMALS,REC,PARA REPARO,VEE ONE,212.0
2026-09-10,3040261352,1134380-4,EVAPORATOR MODULE ASSY-RH,BAMN,REC,CONDENADO,VEE ONE,212.0
2026-09-10,3040261347,071-1234-00,ANTENNA ACCESSORY,ALA 1,REC,EM REPARO,WILLIAM,212.0
2026-09-10,3040261344,066-4010-12,RECEIVER VOR/LOC (KNS81),ALA 10,REC,EM REPARO,WILLIAM,212.0
2026-09-10,3040261353,1H75-21,PRESSURE REGULATOR,BAMN,OS concluída,,BAMN,
2026-09-10,3040261357,2682001-1,BRAKE CYL MAST,BABE,OS concluída,,,
2026-09-10,3040261356,2670104-2,ANNUNCIATOR PANEL,PAMALS,OS concluída,,,
2026-09-10,3040261355,2643100-201,NOSE GEAR STRUT ASSY - TALL FORK,BABR,OS concluída,,,
2026-09-10,3040261354,2643100-201,NOSE GEAR STRUT ASSY - TALL FORK,BANT,REC,EM REPARO,AV AERONAUTICA,212.0
2026-09-10,3040261364,8210-002-01,GOVERNOR PROPELLER,PAMASP,REC,REPARADO,VEE ONE,212.0
2026-09-10,3040261627,S3828-1,ALTIMETER,BAMN,REC,,PAMA-LS,198.0
2026-09-10,3040261628,S3828-1,ALTIMETER,BABE,REC,REPARADO,V1 PAMA-LS,198.0
2026-09-10,3040261851,51539-012MRX,CONTROL UNIT ASSY-GENERATOR,BABE,REC,EM REPARO,VEE ONE,190.0
2026-09-10,3040261852,51539-012MRX,CONTROL UNIT ASSY-GENERATOR,BABE,REC,EM REPARO,VEE ONE,190.0
2026-09-10,3040261843,3034792,BOMBA DE COMBUSTÍVEL,PAMALS,REC,EM REPARO,VEE ONE,185.0
2026-09-10,3040262245,200SGL119Q-2,STARTER GENERATOR,BAMN,OS concluída,,,
2026-09-10,3040262246,200SGL119Q-2,STARTER GENERATOR,BAMN,OS concluída,,,
2026-09-10,3040262273,324843-W020,HEADSET-MICROPHONE,BABE,OS concluída,,,
2026-09-10,3040262275,324843-W020,HEADSET-MICROPHONE,BANT,OS concluída,,,
2026-09-10,3040262363,066-1055-00,AUDIO CONTROL PANEL,ALA 5,OS concluída,,,
2026-09-10,3040262367,066-1055-00,AUDIO CONTROL PANEL,ALA 9,REC,,WILLIAM,168.0
2026-09-10,3040262368,066-1055-00,AUDIO CONTROL PANEL,CLA,OS concluída,,,
2026-09-10,3040262372,51539-012M,CONTROL UNIT ASSY-GENERATOR,BANT,REC,,PAMA-LS,168.0
2026-09-10,3040262371,51539-012N,CONTROL UNIT ASSY-GENERATOR,BANT,REC,,PAMA-LS,168.0
2026-09-10,3040262419,065-0061-36,ACTUATOR TRIM (KS272A),ALA 9,REC,EM REPARO,WILLIAM,163.0
2026-09-10,3040262734,C352,PORTABLE HALON FIRE EXTINGUISHERS,ALA 5,REC,EM REPARO,AV AERONAUTICA,150.0
2026-09-10,3040262738,C352TS,"EXTINGUISHER,FIRE",BANT,REC,,AV AERONÁUTICA,150.0
2026-09-10,3040262739,C352TS,"EXTINGUISHER,FIRE",BANT,REC,,AV AERONÁUTICA,150.0
2026-09-10,3040262740,C352TS,"EXTINGUISHER,FIRE",PAMALS,REC,,AV AERONÁUTICA,150.0
2026-09-10,3040262766,011-00883-20,RADAR GWX 68 WEATHER,BAMN,OS concluída,,V1 PAMA-LS,
2026-09-10,3040262765,011-00883-20,RADAR GWX 68 WEATHER,BAMN,REC,,V1 PAMA-LS,150.0
2026-09-10,3040262772,011-01020-10,AFCS MODE CONTROLLER GMC 710,BAMN,REC,,PAMA-LS,150.0
2026-09-10,3040262770,011-01020-10,AFCS MODE CONTROLLER GMC 710,BAMN,REC,,PAMA-LS,150.0
2026-09-10,3040262773,011-01020-10,AFCS MODE CONTROLLER GMC 710,BAMN,REC,,PAMA-LS,150.0
2026-09-10,3040262746,066-1070-01,TRANSCEIVER DME (KN63),BABE,REC,EM REPARO,WILLIAM,150.0
2026-09-10,3040262745,064-1019-05,VHF TRANSCEIVE KY196,EEAR,REC,EM REPARO,VEE ONE,150.0
2026-09-10,3040262747,066-1072-00,RECEIVER ADF (KING KR87),ALA 7,REC,EM REPARO,WILLIAM,150.0
2026-09-10,3040262748,066-3046-07,"CONTROL,INDICATOR",BABR,REC,,BANT,150.0
2026-09-10,3040262769,066-3046-07,"CONTROL,INDICATOR",BABR,REC,,BANT,150.0
2026-09-10,3040262768,066-3046-07,"CONTROL,INDICATOR",EEAR,OS concluída,,BABR,
2026-09-10,3040262767,066-3046-07,"CONTROL,INDICATOR",EEAR,REC,EM REPARO,LEAP,150.0
2026-09-10,3040262791,066-3060-00,IND RMI KNI582,BANT,OS concluída,,,
2026-09-10,3040262630,161-11700,INNER WHEEL HALF ASSY,BANT,REC,,PAMA-LS,150.0
2026-09-10,3040262792,066-3060-00,IND RMI KNI582,BANT,REC,EM REPARO,LEAP,150.0
2026-09-10,3040262634,162-10700,OUTER WHEEL HALF ASSY,BANT,OS concluída,,PAMA-LS,
2026-09-10,3040262632,161-12800,WHEEL HALF ASSY-INNER,BANT,OS concluída,REPARADO,VEE ONE,
2026-09-10,3040262633,161-12800,WHEEL HALF ASSY-INNER,BANT,OS concluída,,,
2026-09-10,3040262635,162-11800,WHEEL HALF ASSY-OUTER,EPCAR,OS concluída,,,
2026-09-10,3040262637,162-11800,WHEEL HALF ASSY-OUTER,BANT,REC,REPARADO,VEE ONE,150.0
2026-09-10,3040262636,162-11800,WHEEL HALF ASSY-OUTER,BANT,OS concluída,REPARADO,VEE ONE,
2026-09-10,3040262646,200SGL119Q,STARTER GENERATOR,PAMASP,OS concluída,,,
2026-09-10,3040262639,200SGL119Q,STARTER GENERATOR,PAMASP,OS concluída,,PAMA-LS,
2026-09-10,3040262638,200SGL119Q,STARTER GENERATOR,PAMALS,REC,EM REPARO,AV AERONAUTICA,150.0
2026-09-10,3040262757,2606015-2,IND OIL TEMP/P,PAMALS,REC,EM REPARO,VEE ONE,150.0
2026-09-10,3040262706,2641011-5,AXLE-MAIN GEAR,BAMN,REC,,BANT,150.0
2026-09-10,3040262707,2641011-5,AXLE-MAIN GEAR,BABV,OS concluída,REPARADO,VEE ONE,
2026-09-10,3040262717,2641011-5,AXLE-MAIN GEAR,BANT,OS concluída,REPARADO,VEE ONE,
2026-09-10,3040262714,2641011-5,AXLE-MAIN GEAR,BAPV,REC,,BANT,150.0
2026-09-10,3040262713,2641011-5,AXLE-MAIN GEAR,BAPV,OS concluída,,,
2026-09-10,3040262712,2641011-5,AXLE-MAIN GEAR,BABR,REC,,BANT,150.0
2026-09-10,3040262711,2641011-5,AXLE-MAIN GEAR,BABR,REC,,BANT,150.0
2026-09-10,3040262709,2641011-5,AXLE-MAIN GEAR,PAMALS,REC,,BANT,150.0
2026-09-10,3040262708,2641011-5,AXLE-MAIN GEAR,PAMALS,REC,,BANT,150.0
2026-09-10,3040262744,3244809-1A,F.C.U,PAMALS,REC,EM REPARO,LEAP,150.0
2026-09-10,3040262758,9910338-4,FUEL TOTALIZER INDICATOR,PAMALS,REC,EM REPARO,VEE ONE,150.0
2026-09-10,3040262759,9910338-6,"TRANSMITTER,RATE OF FLOW",BAMN,REC,,PAMA-LS,150.0
2026-09-10,3040262760,9910338-6,"TRANSMITTER,RATE OF FLOW",BANT,REC,EM REPARO,VEE ONE,150.0
2026-09-10,3040262966,2682001-1,BRAKE CYL MAST,BACO,OS concluída,,PAMA-LS,
2026-09-10,3040262967,2682001-1,BRAKE CYL MAST,PAMALS,REC,,PAMA-LS,148.0
2026-09-10,3040262968,2682001-1,BRAKE CYL MAST,BANT,OS concluída,,PAMA-LS,
2026-09-10,3040262969,2682001-1,BRAKE CYL MAST,BABE,REC,,PAMA-LS,148.0
2026-09-10,3040263069,453-5060,ELT C406-N,BABE,OS concluída,,,
2026-09-10,3040263283,D145-00-46-2,FLAP ACTUATOR ASSY,PAMALS,REC,,,133.0
2026-09-10,3040263284,D145-00-46-2,FLAP ACTUATOR ASSY,BAFL,REC,,,133.0
2026-09-10,3040263324,069-01033-0101,"RECEIVER-TRANSMITTER,RADIO",PAMALS,REC,EM REPARO,LEAP,133.0
2026-09-10,3040263287,C661065-0237,AIRSPEED INDICATOR,BABR,OS concluída,,,
2026-09-10,3040263288,C661065-0237,AIRSPEED INDICATOR,PAMASP,OS concluída,,,
2026-09-10,3040263314,060-0017-00,FLIGHT DIR HOR,EEAR,REC,EM REPARO,LEAP,133.0
2026-09-10,3040263319,066-1055-00,AUDIO CONTROL PANEL,BABE,OS concluída,,,
2026-09-10,3040263317,060-0017-00,FLIGHT DIR HOR,PAMASP,REC,,BANT,133.0
2026-09-10,3040263316,060-0017-00,FLIGHT DIR HOR,BANT,REC,,BANT,133.0
2026-09-10,3040263320,066-1055-00,AUDIO CONTROL PANEL,PAMALS,REC,EM REPARO,AV AERONAUTICA,133.0
2026-09-10,3040263325,069-01033-0101,"RECEIVER-TRANSMITTER,RADIO",PAMALS,REC,,,133.0
2026-09-10,3040263335,C611008-0101,ALTERNATOR CONTROL UNIT,PAMALS,REC,,BANT,133.0
2026-09-10,3040263336,C611008-0101,ALTERNATOR CONTROL UNIT,PAMALS,REC,,BANT,133.0
2026-09-10,3040263286,C661065-0237,AIRSPEED INDICATOR,BANT,REC,,PAMA-LS,133.0
2026-09-10,3040263322,066-1055-00,AUDIO CONTROL PANEL,ALA 9,REC,EM REPARO,WILLIAM,133.0
2026-09-10,3040263326,069-01033-0101,"RECEIVER-TRANSMITTER,RADIO",PAMALS,REC,,BANT,133.0
2026-09-10,3040263315,060-0017-00,FLIGHT DIR HOR,BACG,OS concluída,,BABR,
2026-09-10,3040263334,011-00916-10,"DISPLAY UNIT,FLIGHT INFORMATION",BACO,REC,,WILLIAM,133.0
2026-09-10,3040263333,011-00916-10,"DISPLAY UNIT,FLIGHT INFORMATION",BACO,OS concluída,,BAMN,
2026-09-10,3040263332,011-00916-10,"DISPLAY UNIT,FLIGHT INFORMATION",BAMN,OS concluída,,,
2026-09-10,3040263331,C661064-0237,AIRSPEED INDICATOR,PAMALS,REC,,PAMA-LS,133.0
2026-09-10,3040263329,C661064-0237,AIRSPEED INDICATOR,PAMALS,REC,,PAMA-LS,133.0
2026-09-10,3040263328,C661064-0237,AIRSPEED INDICATOR,BABR,REC,EM REPARO,WILLIAM,133.0
2026-09-10,3040263327,C661064-0237,AIRSPEED INDICATOR,BABR,REC,EM REPARO,WILLIAM,133.0
2026-09-10,3040263330,C661064-0237,AIRSPEED INDICATOR,PAMALS,REC,,PAMA-LS,133.0
2026-09-10,3040263338,C611008-0101,ALTERNATOR CONTROL UNIT,PAMALS,REC,,V1 PAMA-LS,133.0
2026-09-10,3040263433,066-03064-0005,"ALTIMETER,SERVO CONTROLLED,AUTOMATIC PRESSURE",BACG,REC,,PAMA-LS,127.0
2026-09-10,3040263435,066-03064-0005,"ALTIMETER,SERVO CONTROLLED,AUTOMATIC PRESSURE",BANT,REC,,PAMA-LS,127.0
2026-09-10,3040263434,066-03064-0005,"ALTIMETER,SERVO CONTROLLED,AUTOMATIC PRESSURE",PAMASP,REC,,PAMA-LS,127.0
2026-09-10,3040263417,069-01033-0101,"RECEIVER-TRANSMITTER,RADIO",PAMALS,REC,EM REPARO,WILLIAM,127.0
2026-09-10,3040263416,069-01033-0101,"RECEIVER-TRANSMITTER,RADIO",BASM,REC,EM REPARO,WILLIAM,127.0
2026-09-10,3040263415,069-01033-0101,"RECEIVER-TRANSMITTER,RADIO",BABR,REC,,BANT,127.0
2026-09-10,3040263447,066-3046-07,"CONTROL,INDICATOR",CLA,OS concluída,,BABR,
2026-09-10,3040263443,3244897-4,FUEL CONTROL UNIT,PAMALS,REC,EM REPARO,LEAP,126.0
2026-09-10,3040263444,3244897-4,FUEL CONTROL UNIT,PAMALS,REC,EM REPARO,LEAP,126.0
2026-09-10,3040263577,060-0015-00,"CONTROL,DIRECTIONAL,AUTOMATIC PILOT",ALA 5,REC,,WILLIAM,121.0
2026-09-10,3040263574,066-1072-04,"RECEIVER,RADIO",BABE,REC,EM REPARO,WILLIAM,121.0
2026-09-10,3040263576,066-1072-04,"RECEIVER,RADIO",BAMN,OS concluída,,WILLIAM,
2026-09-10,3040263575,066-1072-04,"RECEIVER,RADIO",BABE,REC,EM REPARO,WILLIAM,121.0
2026-09-10,3040263573,066-3084-32,IND RDR 2000 IN-182A,PAMALS,REC,,BABR,121.0
2026-09-10,3040263571,066-3084-32,IND RDR 2000 IN-182A,PAMALS,REC,,BANT,121.0
2026-09-10,3040263572,066-3084-32,IND RDR 2000 IN-182A,PAMALS,REC,EM REPARO,WILLIAM,121.0
2026-09-10,3040263448,2618510-10,ALTERNATOR CONTROL UNIT ASSY,BABE,REC,EM REPARO,WILLIAM,121.0
2026-09-10,3040263449,2618510-10,ALTERNATOR CONTROL UNIT ASSY,PAMALS,REC,,BANT,121.0
2026-09-10,3040263877,2641011-5,AXLE-MAIN GEAR,CLA,REC,REPARADO,VEE ONE,111.0
2026-09-10,3040263878,2641011-5,AXLE-MAIN GEAR,CLA,REC,,BABE,111.0
2026-09-10,3040264243,069-01033-0101,"RECEIVER-TRANSMITTER,RADIO",PAMALS,REC,EM REPARO,WILLIAM,104.0
2026-09-10,3040264244,069-01033-0101,"RECEIVER-TRANSMITTER,RADIO",PAMASP,REC,EM REPARO,WILLIAM,104.0
2026-09-10,3040264246,060-0017-00,FLIGHT DIR HOR,PAMALS,REC,,BABR,104.0
2026-09-10,3040264237,200SGL119Q-2,STARTER GENERATOR,BAMN,REC,EM REPARO,AV AERONAUTICA,104.0
2026-09-10,3040264236,200SGL119Q-2,STARTER GENERATOR,BABE,OS concluída,,BABE,
2026-09-10,3040264121,3244897-4,FUEL CONTROL UNIT,BABE,OS concluída,EM REPARO,LEAP,
2026-09-10,3040264263,9910338-8,"INDICATOR,FUEL FLOW",PAMALS,OS concluída,,BABR,
2026-09-10,3040264262,9910338-8,"INDICATOR,FUEL FLOW",BABV,REC,,PAMA-LS,104.0
2026-09-10,3040264242,324843-2020,HEADSET-MICROPHONE,BABE,OS concluída,,BAMN,
2026-09-10,3040264264,324843-2020,HEADSET-MICROPHONE,DACTA II,OS concluída,,BAMN,
2026-09-10,3040264238,324843-2020,HEADSET-MICROPHONE,DACTA II,OS concluída,,,
2026-09-10,3040264241,324843-2020,HEADSET-MICROPHONE,DACTA II,OS concluída,,BAMN,
2026-09-10,3040264240,324843-2020,HEADSET-MICROPHONE,DACTA II,OS concluída,,BAMN,
2026-09-10,3040264122,3244809-8,"FUEL CONTROL,MAIN,TURBINE ENGINE",BABE,OS concluída,,BABR,
2026-09-10,3040263797,066-3046-07,"CONTROL,INDICATOR",BABE,REC,EM REPARO,WILLIAM,104.0
2026-09-10,3040263798,066-3046-07,"CONTROL,INDICATOR",PAMASP,OS concluída,,,
2026-09-10,3040263799,066-3046-07,"CONTROL,INDICATOR",PAMASP,REC,EM REPARO,WILLIAM,104.0
2026-09-10,3040263795,071-01519-0101,"RECEIVER-EXCITER,RADAR",PAMALS,REC,,BANT,104.0
2026-09-10,3040263796,071-01519-0101,"RECEIVER-EXCITER,RADAR",PAMALS,REC,EM REPARO,WILLIAM,104.0
2026-09-10,3040264579,060-0017-00,FLIGHT DIR HOR,BABR,OS concluída,,,
2026-09-10,3040264577,060-0017-00,FLIGHT DIR HOR,PAMALS,REC,,,92.0
2026-09-10,3040264573,060-0017-00,FLIGHT DIR HOR,BANT,REC,,,92.0
2026-09-10,3040264574,060-0017-00,FLIGHT DIR HOR,BANT,REC,,,92.0
2026-09-10,3040264576,060-0017-00,FLIGHT DIR HOR,PAMALS,REC,,,92.0
2026-09-10,3040264572,060-0017-00,FLIGHT DIR HOR,PAMASP,REC,,,92.0
2026-09-10,3040264647,1H75-21,PRESSURE REGULATOR,BAMN,REC,,,87.0
2026-09-10,3040264646,1H75-21,PRESSURE REGULATOR,PAMASP,REC,,,87.0
2026-09-10,3040264645,1H75-21,PRESSURE REGULATOR,PAMASP,REC,,,87.0
2026-09-10,3040264643,1H75-21,PRESSURE REGULATOR,PAMASP,OS concluída,,,
2026-09-10,3040264707,3244809-7,"FUEL CONTROL,MAIN,TURBINE ENGINE",BABE,OS concluída,,,
2026-09-10,3040264709,540-1407-4,"VALVE,BLEED,TURBINEENGINE",PAMASP,REC,,,87.0
2026-09-10,3040264710,200SGL153Q,"STARTER-GENERATOR,ENGINE,AIRCRAFT",CLA,OS concluída,,,
2026-09-10,3040264711,200SGL153Q,"STARTER-GENERATOR,ENGINE,AIRCRAFT",PAMASP,OS concluída,,,
2026-09-10,3040264712,200SGL153Q,"STARTER-GENERATOR,ENGINE,AIRCRAFT",BACG,REC,,,87.0
2026-09-10,3040264718,9910338-8,"INDICATOR,FUEL FLOW",PAMALS,REC,,,87.0
2026-09-10,3040264719,S3326-2,"INDICATOR,HORIZONTAL SITUATION",ALA 8,REC,,,87.0
2026-09-10,3040264720,S3326-2,"INDICATOR,HORIZONTAL SITUATION",PAMALS,REC,,,87.0
2026-09-10,3040264721,S3326-2,"INDICATOR,HORIZONTAL SITUATION",PAMASP,REC,,,87.0
2026-09-10,3040264724,2606013-1AM,INDICADOR PERCENTUAL RPM,BABV,REC,,,87.0
2026-09-10,3040264725,2606013-1AM,INDICADOR PERCENTUAL RPM,BABR,REC,,,87.0
2026-09-10,3040264726,2606015-4,INDICATOR-OIL TEMP/OIL PRESS,BANT,REC,,,87.0
2026-09-10,3040264727,C661051-0201,GYRO HORIZON,ALA 10,REC,,,87.0
2026-09-10,3040264728,504-0111-906,GYRO HORIZON,PAMALS,OS concluída,,,
2026-09-10,3040264729,504-0111-906,GYRO HORIZON,BACG,OS concluída,,,
2026-09-10,3040264730,8210-003,"GOVERNOR,FUEL CONTROL",PAMASP,REC,,,87.0
2026-09-10,3040264731,8210-002,"GOVERNOR,CONSTANT SPEED DRIVE",PAMASP,REC,,,87.0
2026-09-10,3040264732,8210-002,"GOVERNOR,CONSTANT SPEED DRIVE",BAMN,REC,,,87.0
2026-09-10,3040264733,030-18200,MAIN WHEEL BRAKE,BAMN,REC,,,87.0
2026-09-10,3040264734,030-18200,MAIN WHEEL BRAKE,BAMN,REC,,,87.0
2026-09-10,3040264735,161-11700,INNER WHEEL HALF ASSY,PAMALS,REC,,,87.0
2026-09-10,3040264736,161-12800,WHEEL HALF ASSY-INNER,BABR,REC,,,87.0
2026-09-10,3040264737,161-12800,WHEEL HALF ASSY-INNER,PAMALS,AUT,,,87.0
2026-09-10,3040264738,162-10700,OUTER WHEEL HALF ASSY,BACO,AUT,,,87.0
2026-09-10,3040264807,011-01105-01,INTEGRATED AVIONICS UNIT GIA63W,ALA 8,REC,,,79.0
2026-09-10,3040264808,011-01105-01,INTEGRATED AVIONICS UNIT GIA63W,BAMN,REC,,,79.0
2026-09-10,3040264907,011-00916-10,"DISPLAY UNIT,FLIGHT INFORMATION",BAMN,REC,,,72.0
2026-09-10,3040264908,011-00916-10,"DISPLAY UNIT,FLIGHT INFORMATION",BABV,OS concluída,,,
2026-09-10,3040264974,3244809-8,"FUEL CONTROL,MAIN,TURBINE ENGINE",BAMN,REC,,,70.0
2026-09-10,3040264961,3244897-4,FUEL CONTROL UNIT,CLA,OS concluída,,,
2026-09-10,3040264960,3034792,BOMBA DE COMBUSTÍVEL,CLA,OS concluída,,,
2026-09-10,3040265144,011-01020-10,AFCS MODE CONTROLLER GMC 710,BABE,REC,,,64.0
2026-09-10,3040265140,011-01020-10,AFCS MODE CONTROLLER GMC 710,BABE,REC,,,64.0
2026-09-10,3040265482,066-3084-32,IND RDR 2000 IN-182A,BABR,REC,,,49.0
2026-09-10,3040265484,066-3084-32,IND RDR 2000 IN-182A,BANT,REC,,,49.0
2026-09-10,3040265485,066-3084-32,IND RDR 2000 IN-182A,BABR,REC,,,49.0
2026-09-10,3040265526,ASG12000-2,ALTERNATOR,PAMALS,REC,,,45.0
2026-09-10,3040265525,ASG12000-2,ALTERNATOR,BABR,REC,,,45.0
2026-09-10,3040265527,9910592-2,ALTERNADOR,BABR,REC,,,45.0
2026-09-10,3040265533,3122678-04,FUEL CONTROL UNIT,BABR,REC,,,45.0
2026-09-10,3040265532,C611505-0201,ALTERNATOR,BANT,REC,,,45.0
2026-09-10,3040265530,C611505-0201,ALTERNATOR,BABV,REC,,,45.0
2026-09-10,3040265528,9910592-2,ALTERNADOR,BABR,REC,,,45.0
2026-09-10,3040265724,3244897-4,FUEL CONTROL UNIT,CLA,REC,,,44.0
2026-09-10,3040265474,C611008-0101,ALTERNATOR CONTROL UNIT,PAMALS,REC,,,42.0
2026-09-10,3040265475,C611008-0101,ALTERNATOR CONTROL UNIT,BABV,REC,,,42.0
2026-09-10,3040265476,C611008-0101,ALTERNATOR CONTROL UNIT,PAMALS,REC,,,42.0
2026-09-10,3040265477,C611008-0101,ALTERNATOR CONTROL UNIT,PAMALS,REC,,,42.0
2026-09-10,3040265576,011-00916-10,"DISPLAY UNIT,FLIGHT INFORMATION",BAMN,REC,,,41.0
2026-09-10,3040265580,011-00916-00,DISPLAY UNIT GDU 1040A,PAMALS,REC,,,45.0
2026-09-10,3040265581,011-00916-00,DISPLAY UNIT GDU 1040A,PAMALS,REC,,,45.0
2026-09-10,3040265589,EA-5175-52-CES,INDICATOR TRUE,BABV,REC,,,45.0
2026-09-10,3040265590,EA-5175-52-CES,INDICATOR TRUE,BASM,REC,,,45.0
2026-09-10,3040265591,EA-5175-52-CES,INDICATOR TRUE,BABV,REC,,,45.0
2026-09-10,3040265592,EA-5175-52-CES,INDICATOR TRUE,BABV,REC,,,45.0
2026-09-10,3040265668,9910592-2,ALTERNADOR,PAMALS,OS concluída,,,
2026-09-10,3040265678,9910592-2,ALTERNADOR,BAMN,REC,,,45.0
2026-09-10,3040265679,C611505-0201,ALTERNATOR,PAMALS,REC,,,45.0
2026-09-10,3040265680,C611505-0201,ALTERNATOR,ALA 8,REC,,,45.0
2026-09-10,3040265726,071-01519-0101,"RECEIVER-EXCITER,RADAR",PAMALS,REC,,,44.0
2026-09-10,3040265727,071-01519-0101,"RECEIVER-EXCITER,RADAR",CLA,REC,,,44.0
2026-09-10,3040265728,C163030-1001,MAIN W BRAKE A,BAMN,REC,,,44.0
2026-09-10,3040265731,066-3046-07,"CONTROL,INDICATOR",BABR,REC,,,44.0
2026-09-10,3040265732,066-3046-07,"CONTROL,INDICATOR",BANT,REC,,,44.0
2026-09-10,3040265734,066-3046-07,"CONTROL,INDICATOR",EEAR,REC,,,44.0
2026-09-10,3040265735,066-3046-07,"CONTROL,INDICATOR",CLA,REC,,,44.0
2026-09-10,3040265736,C611008-0101,ALTERNATOR CONTROL UNIT,BABV,REC,,,44.0
2026-09-10,3040265737,C611008-0101,ALTERNATOR CONTROL UNIT,EEAR,REC,,,44.0
2026-09-10,3040265738,C611008-0101,ALTERNATOR CONTROL UNIT,PAMALS,REC,,,44.0
2026-09-10,3040265739,C611008-0101,ALTERNATOR CONTROL UNIT,BANT,REC,,,44.0
2026-09-10,3040265740,C611008-0101,ALTERNATOR CONTROL UNIT,BABE,REC,,,44.0
2026-09-10,3040265741,C611008-0101,ALTERNATOR CONTROL UNIT,BABR,REC,,,44.0
2026-09-10,3040265742,066-1072-04,"RECEIVER,RADIO",BACG,REC,,,44.0
2026-09-10,3040265743,066-1072-04,"RECEIVER,RADIO",BAMN,REC,,,44.0
2026-09-10,3040265744,066-1072-04,"RECEIVER,RADIO",PAMALS,REC,,,44.0
2026-09-10,3040265745,066-3084-32,IND RDR 2000 IN-182A,PAMALS,REC,,,44.0
2026-09-10,3040265746,066-3084-32,IND RDR 2000 IN-182A,PAMALS,REC,,,44.0
2026-09-10,3040265747,30994-001,BATTERY-MARATHON TSP410 NICAD,PAMALS,AUT,,,44.0
2026-09-10,3040265748,30994-001,BATTERY-MARATHON TSP410 NICAD,PAMALS,AUT,,,44.0
2026-09-10,3040265749,30994-001,BATTERY-MARATHON TSP410 NICAD,PAMALS,AUT,,,44.0
2026-09-10,3040265750,30994-001,BATTERY-MARATHON TSP410 NICAD,PAMALS,AUT,,,44.0
2026-09-10,3040265751,30994-001,BATTERY-MARATHON TSP410 NICAD,PAMALS,AUT,,,44.0
2026-09-10,3040265752,2641011-5,AXLE-MAIN GEAR,BAMN,REC,,,44.0
2026-09-10,3040265753,2641011-5,AXLE-MAIN GEAR,BAMN,REC,,,44.0
2026-09-10,3040265754,161-11700,INNER WHEEL HALF ASSY,BACO,AUT,,,44.0
2026-09-10,3040265755,161-12800,WHEEL HALF ASSY-INNER,BABE,REC,,,44.0
2026-09-10,3040265757,066-01141-0101,"RECEIVER,RADIO",PAMALS,REC,,,44.0
2026-09-10,3040265758,066-01141-0101,"RECEIVER,RADIO",PAMALS,REC,,,44.0
2026-09-10,3040265759,C660501-0103,"COMPASS,SPEC",DACTA II,REC,,,44.0
2026-09-10,3040265769,023694-000,BATTERY NICKEL CADMIUM,BAPV,REC,,,43.0
2026-09-10,3040265771,2651023-23,ENGINE MOUNT ASSEMBLY,PAMALS,REC,,,43.0
2026-09-10,3040265772,2651023-23,ENGINE MOUNT ASSEMBLY,PAMALS,REC,,,43.0
2026-09-10,3040265892,324843-0020,HEADSET-MICROPHONE,PAMALS,REC,,,38.0
2026-09-10,3040265893,324843-0020,HEADSET-MICROPHONE,PAMALS,OS concluída,,,
2026-09-10,3040265894,324843-0020,HEADSET-MICROPHONE,PAMALS,REC,,,38.0
2026-09-10,3040265895,324843-0020,HEADSET-MICROPHONE,PAMALS,REC,,,38.0
2026-09-10,3040265946,011-00870-00,MAGNETOMETER GMU 44,BAMN,REC,,,35.0
2026-09-10,3040265947,011-00870-00,MAGNETOMETER GMU 44,BAMN,REC,,,35.0
2026-09-10,3040266034,C662041-0102,INDICATOR FUEL,BABE,REC,,,31.0
2026-09-10,3040266040,C662041-0102,INDICATOR FUEL,PAMALS,REC,,,31.0
2026-09-10,3040266036,C662041-0102,INDICATOR FUEL,PAMALS,REC,,,31.0
2026-09-10,3040266035,C662041-0102,INDICATOR FUEL,PAMALS,REC,,,23.0
2026-09-10,3040266039,C662041-0102,INDICATOR FUEL,BANT,REC,,,23.0
2026-09-10,3040266041,C662041-0102,INDICATOR FUEL,PAMALS,REC,,,23.0
2026-09-10,3040266307,069-01033-0101,"RECEIVER-TRANSMITTER,RADIO",PAMALS,REC,,,21.0
2026-09-10,3040266308,069-01033-0101,"RECEIVER-TRANSMITTER,RADIO",BANT,REC,,,21.0
2026-09-10,3040266306,069-01033-0101,"RECEIVER-TRANSMITTER,RADIO",BACG,REC,,,21.0
2026-09-10,3040266307,069-01033-0101,"RECEIVER-TRANSMITTER,RADIO",PAMALS,REC,,,21.0
2026-09-10,3040266308,069-01033-0101,"RECEIVER-TRANSMITTER,RADIO",BANT,REC,,,21.0
2026-09-10,3040266568,C662504-0101,GAGE VOLT AMME,PAMALS,REC,,,10.0
2026-09-10,3040266567,C662504-0101,GAGE VOLT AMME,ALA 9,REC,,,10.0
2026-09-10,3040266566,C662504-0101,GAGE VOLT AMME,PAMALS,REC,,,10.0
2026-09-10,3040266569,C662504-0101,GAGE VOLT AMME,BABV,REC,,,10.0
2026-09-11,3040249831,066-01141-5101,"RECEIVER-TRANSMITTER,RADIO (KT71)",PAMALS,REC,EM REPARO,LEAP,578.0
2026-09-11,3040250248,452-0133,"BATTERY,NONRECHARGEABLE",BABR,REC,CONDENADO,VEE ONE,562.0
2026-09-11,3040250249,452-0133,"BATTERY,NONRECHARGEABLE",BAMN,REC,CONDENADO,VEE ONE,562.0
2026-09-11,3040250234,3034792,BOMBA DE COMBUSTÍVEL,PAMALS,REC,,BANT,562.0
2026-09-11,3040250816,453-5060,"BEACON,DISTRESS",BAMN,REC,,PAMA-LS,540.0
2026-09-11,3040250830,799-1,TRANSDUCER,BACO,REC,,BANT,540.0
2026-09-11,3040250829,51539-012N,CONTROL UNIT ASSY-GENERATOR,BAMN,OS concluída,,,
2026-09-11,3040250828,51539-012N,CONTROL UNIT ASSY-GENERATOR,BACG,REC,,BABR,540.0
2026-09-11,3040250827,51539-012N,CONTROL UNIT ASSY-GENERATOR,BANT,REC,,BABR,540.0
2026-09-11,3040250831,799-1,TRANSDUCER,BANT,REC,,BANT,540.0
2026-09-11,3040250833,9910586-4,FLAP ACTUATOR AND MOTOR ASSEMBLY,ALA 3,REC,,BAMN,540.0
2026-09-11,3040250834,9910586-4,FLAP ACTUATOR AND MOTOR ASSEMBLY,ALA 3,OS concluída,,,
2026-09-11,3040250832,9910338-4,FUEL TOTALIZER INDICATOR,EEAR,REC,,PAMA-LS,540.0
2026-09-11,3040250835,ASG12000-2,ALTERNATOR,ALA 5,REC,REPARADO,V1 PAMA-LS,540.0
2026-09-11,3040250841,C661030-0301,TURN BANK,PAMALS,REC,EM REPARO,LEAP,540.0
2026-09-11,3040250842,C662041-0102,INDICATOR FUEL,ALA 5,REC,,PAMA-LS,540.0
2026-09-11,3040250844,C662041-0102,INDICATOR FUEL,ALA 9,REC,,PAMA-LS,540.0
2026-09-11,3040250843,C662041-0102,INDICATOR FUEL,ALA 10,OS concluída,,,
2026-09-11,3040250719,060-0017-00,FLIGHT DIR HOR,PAMALS,REC,,BANT,540.0
2026-09-11,3040250720,060-0017-00,FLIGHT DIR HOR,BABV,OS concluída,,,
2026-09-11,3040250722,066-01141-5101,"RECEIVER-TRANSMITTER,RADIO (KT71)",ALA 9,REC,EM REPARO,WILLIAM,540.0
2026-09-11,3040250723,066-01141-5101,"RECEIVER-TRANSMITTER,RADIO (KT71)",CLA,REC,,BABR,540.0
2026-09-11,3040250721,060-0017-00,FLIGHT DIR HOR,BANT,OS concluída,,,
2026-09-11,3040250725,066-3046-07,"CONTROL,INDICATOR",ALA 10,OS concluída,,,
2026-09-11,3040250724,066-04035-1101,"DISPLAY UNIT,RADAR",PAMALS,REC,,BANT,540.0
2026-09-11,3040250732,069-1025-25,"RECEIVER-TRANSMITTER,RADIO - KX165",PAMALS,REC,EM REPARO,WILLIAM,540.0
2026-09-11,3040250782,2606012-1,INDICATOR-INTER-TURBINE TEMPERATURE,ALA 9,OS concluída,,,
2026-09-11,3040250775,161-11700,INNER WHEEL HALF ASSY,BABE,OS concluída,,,
2026-09-11,3040250773,161-11700,INNER WHEEL HALF ASSY,EEAR,REC,,BACG,540.0
2026-09-11,3040250718,030-18200,MAIN WHEEL BRAKE,BACO,OS concluída,,,
2026-09-11,3040250716,030-18200,MAIN WHEEL BRAKE,BABV,REC,EM REPARO,LEAP,540.0
2026-09-11,3040250717,030-18200,MAIN WHEEL BRAKE,BACO,OS concluída,,,
2026-09-11,3040250780,162-11800,WHEEL HALF ASSY-OUTER,PAMALS,OS concluída,,,
2026-09-11,3040250781,162-11800,WHEEL HALF ASSY-OUTER,BACG,OS concluída,,,
2026-09-11,3040250778,161-12800,WHEEL HALF ASSY-INNER,BACG,OS concluída,,,
2026-09-11,3040250776,161-12800,WHEEL HALF ASSY-INNER,BABE,OS concluída,,,
2026-09-11,3040250790,2643031-7,"FORK ASSY,NOSE GEAR SPRING",BAMN,OS concluída,,,
2026-09-11,3040250791,2643090-1,SHIMMY DAMPENE,BANT,REC,EM REPARO,AV AERONAUTICA,540.0
2026-09-11,3040250792,2643090-1,SHIMMY DAMPENE,BAMN,REC,REPARADO,V1 PAMA-LS,540.0
2026-09-11,3040250789,2641012-14,TRUNNION ASSY-RH-MAIN GEAR,PAMASP,OS concluída,,,
2026-09-11,3040250793,2643099-4,"SUPPORT ASSY FOWARD, NLG SPRING",BAMN,OS concluída,,,
2026-09-11,3040250798,30994-001,BATTERY-MARATHON TSP410 NICAD,BANT,OS concluída,CONDENADO,AMA - VEE ONE,
2026-09-11,3040252191,C611008-0101,ALTERNATOR CONTROL UNIT,PAMALS,REC,,BABR,507.0
2026-09-11,3040252159,011-00916-00,DISPLAY UNIT GDU 1040A,BAMN,REC,,BAMN,507.0
2026-09-11,3040252161,065-0042-03,COMPUTER PA,ALA 10,REC,EM REPARO,WILLIAM,507.0
2026-09-11,3040252162,065-0042-03,COMPUTER PA,EEAR,REC,,BABE,507.0
2026-09-11,3040252164,065-0042-03,COMPUTER PA,EEAR,REC,EM REPARO,WILLIAM,507.0
2026-09-11,3040252165,065-0042-03,COMPUTER PA,PAMALS,OS concluída,,,
2026-09-11,3040252166,065-0059-01,SERVO PITCH,EEAR,REC,EM REPARO,WILLIAM,507.0
2026-09-11,3040252168,066-03064-0005,"ALTIMETER,SERVO CONTROLLED,AUTOMATIC PRESSURE",ALA 9,OS concluída,,,
2026-09-11,3040252173,066-03064-0005,"ALTIMETER,SERVO CONTROLLED,AUTOMATIC PRESSURE",BANT,REC,EM REPARO,LEAP,507.0
2026-09-11,3040252172,066-03064-0005,"ALTIMETER,SERVO CONTROLLED,AUTOMATIC PRESSURE",PAMALS,REC,NO ESTADO,VEE ONE,507.0
2026-09-11,3040252170,066-03064-0005,"ALTIMETER,SERVO CONTROLLED,AUTOMATIC PRESSURE",ALA 7,REC,NO ESTADO,VEE ONE,507.0
2026-09-11,3040252178,066-1072-00,RECEIVER ADF (KING KR87),PAMALS,OS concluída,,,
2026-09-11,3040252182,066-1072-04,"RECEIVER,RADIO",ALA 9,OS concluída,,,
2026-09-11,3040252181,066-1072-04,"RECEIVER,RADIO",PAMASP,REC,EM REPARO,WILLIAM,507.0
2026-09-11,3040252180,066-1072-04,"RECEIVER,RADIO",ALA 8,OS concluída,,,
2026-09-11,3040252185,066-1072-04,"RECEIVER,RADIO",BAMN,OS concluída,,,
2026-09-11,3040252189,9910338-6,"TRANSMITTER,RATE OF FLOW",ALA 8,OS concluída,,,
2026-09-11,3040252190,9910338-6,"TRANSMITTER,RATE OF FLOW",BABR,OS concluída,,,
2026-09-11,3040252160,011-01020-10,AFCS MODE CONTROLLER GMC 710,BAMN,OS concluída,,,
2026-09-11,3040252939,C163030-1001,MAIN W BRAKE A,BABV,REC,,BAMN,477.0
2026-09-11,3040252936,030-18200,MAIN WHEEL BRAKE,BACO,REC,,PAMA-LS,477.0
2026-09-11,3040252935,030-18200,MAIN WHEEL BRAKE,BAMN,OS concluída,,,
2026-09-11,3040252940,30-182,MAIN WHEEL BRAKE,BABV,OS concluída,,,
2026-09-11,3040252942,30-182,MAIN WHEEL BRAKE,BAMN,OS concluída,,,
2026-09-11,3040252943,30-182,MAIN WHEEL BRAKE,BAMN,OS concluída,,,
2026-09-11,3040253170,161-12800,WHEEL HALF ASSY-INNER,BASM,OS concluída,,,
2026-09-11,3040253168,161-12800,WHEEL HALF ASSY-INNER,BASM,REC,,PAMA-LS,473.0
2026-09-11,3040253172,161-12800,WHEEL HALF ASSY-INNER,PAMALS,REC,,PAMA-LS,473.0
2026-09-11,3040253174,161-12800,WHEEL HALF ASSY-INNER,PAMALS,OS concluída,,,
2026-09-11,3040253173,161-12800,WHEEL HALF ASSY-INNER,PAMALS,REC,EM REPARO,LEAP,473.0
2026-09-11,3040253176,162-10700,OUTER WHEEL HALF ASSY,BABE,OS concluída,,,
2026-09-11,3040253177,162-10700,OUTER WHEEL HALF ASSY,BABV,REC,,PAMA-LS,473.0
2026-09-11,3040253178,162-10700,OUTER WHEEL HALF ASSY,PAMALS,REC,,PROCURANDO,473.0
2026-09-11,3040253179,162-11800,WHEEL HALF ASSY-OUTER,CLA,OS concluída,,,
2026-09-11,3040253181,162-11800,WHEEL HALF ASSY-OUTER,PAMALS,OS concluída,,,
2026-09-11,3040253180,162-11800,WHEEL HALF ASSY-OUTER,BASM,REC,,PROCURANDO,473.0
2026-09-11,3040253182,162-11800,WHEEL HALF ASSY-OUTER,PAMALS,REC,,PAMA-LS,473.0
2026-09-11,3040253536,2641012-14,TRUNNION ASSY-RH-MAIN GEAR,PAMALS,OS concluída,,,
2026-09-11,3040253529,066-03064-0005,"ALTIMETER,SERVO CONTROLLED,AUTOMATIC PRESSURE",DSM-MN,REC,DEVOLVIDO NO ESTADO,WILLIAM,463.0
2026-09-11,3040253528,066-03064-0005,"ALTIMETER,SERVO CONTROLLED,AUTOMATIC PRESSURE",BANT,OS concluída,,,
2026-09-11,3040253532,799-1,TRANSDUCER,PAMALS,REC,,BANT,463.0
2026-09-11,3040253535,2643099-4,"SUPPORT ASSY FOWARD, NLG SPRING",BABE,REC,CONDENADO,VEE ONE,463.0
2026-09-11,3040253531,799-1,TRANSDUCER,BAMN,REC,,VEE ONE,463.0
2026-09-11,3040253530,799-1,TRANSDUCER,BAMN,REC,,BANT,463.0
2026-09-11,3040253526,30994-001,BATTERY-MARATHON TSP410 NICAD,PAMALS,OS concluída,,PAMA-LS,
2026-09-11,3040253527,30994-001,BATTERY-MARATHON TSP410 NICAD,BAPV,OS concluída,,PAMA-LS,
2026-09-11,3040254195,540-1407-4,"VALVE,BLEED,TURBINEENGINE",PAMALS,REC,,BANT,445.0
2026-09-11,3040254201,2643090-3,SHIMMY DAMPER-NOSE GEAR,PAMALS,REC,,PAMA-LS,445.0
2026-09-11,3040254203,SE1070-6,SHIMMY DAMPENER ASSY,BACGINAT,OS concluída,,,
2026-09-11,3040254205,C660501-0103,"COMPASS,SPEC",PAMALS,REC,,PAMA-LS,445.0
2026-09-11,3040254206,C660501-0103,"COMPASS,SPEC",ALA 8,REC,EM REPARO EM GARANTIA,WILLIAM,445.0
2026-09-11,3040254208,C660501-0103,"COMPASS,SPEC",BABV,REC,,PAMA-LS,445.0
2026-09-11,3040254210,799-1,TRANSDUCER,BANT,REC,,BANT,445.0
2026-09-11,3040254792,2606013-1RX,INDICATOR-PERCENT RPM,BABR,REC,,BANT,436.0
2026-09-11,3040254770,069-1025-25,"RECEIVER-TRANSMITTER,RADIO - KX165",ALA 9,REC,EM REPARO,WILLIAM,436.0
2026-09-11,3040254799,453-5000-710,EMERGENCY LOCATOR TRANSMITTER MODEL C406-2,PAMASP,OS concluída,,,
2026-09-11,3040254806,C352TS,"EXTINGUISHER,FIRE",PAMALS,REC,,PAMA-LS,436.0
2026-09-11,3040254805,C352TS,"EXTINGUISHER,FIRE",PAMALS,OS concluída,,,
2026-09-11,3040254810,C352TS,"EXTINGUISHER,FIRE",PAMALS,OS concluída,,,
2026-09-11,3040254809,C352TS,"EXTINGUISHER,FIRE",PAMAGL,OS concluída,,,
2026-09-11,3040254803,C352TS,"EXTINGUISHER,FIRE",2 ETA,REC,,PAMA-LS,436.0
2026-09-11,3040254808,C352TS,"EXTINGUISHER,FIRE",BABR,REC,,PAMA-LS,436.0
2026-09-11,3040254795,D145-00-46-2,FLAP ACTUATOR ASSY,BABE,REC,,PAMA-LS,436.0
2026-09-11,3040254793,D145-00-46-2,FLAP ACTUATOR ASSY,PAMALS,REC,,PAMA-LS,436.0
2026-09-11,3040254815,C482001-0402,VACUUM REGULAT,PAMALS,REC,CONDENADO,VEE ONE,436.0
2026-09-11,3040254816,C482001-0402,VACUUM REGULAT,PAMALS,REC,CONDENADO,VEE ONE,436.0
2026-09-11,3040254820,2641011-5,AXLE-MAIN GEAR,BAMN,OS concluída,,,
2026-09-11,3040254817,2641011-5,AXLE-MAIN GEAR,BABE,OS concluída,,,
2026-09-11,3040254818,2641011-5,AXLE-MAIN GEAR,BABE,OS concluída,,,
2026-09-11,3040254819,2641011-5,AXLE-MAIN GEAR,BANT,OS concluída,,,
2026-09-11,3040254796,30994-001,BATTERY-MARATHON TSP410 NICAD,BAMN,OS concluída,,,
2026-09-11,3040254789,452-0133,"BATTERY,NONRECHARGEABLE",BAMN,REC,CONDENADO,VEE ONE,436.0
2026-09-11,3040254788,452-0133,"BATTERY,NONRECHARGEABLE",BAMN,REC,CONDENADO,VEE ONE,436.0
2026-09-11,3040254787,452-0133,"BATTERY PACK,AIRCRAFT",DACTA II,REC,CONDENADO,VEE ONE,436.0
2026-09-11,3040254786,452-0133,"BATTERY PACK,AIRCRAFT",BAMN,REC,CONDENADO,VEE ONE,436.0
2026-09-11,3040254785,452-0133,"BATTERY,NONRECHARGEABLE",BAMN,REC,CONDENADO,VEE ONE,436.0
2026-09-11,3040254784,452-0133,"BATTERY,NONRECHARGEABLE",DACTA II,REC,CONDENADO,VEE ONE,436.0
2026-09-11,3040255326,011-00916-00,DISPLAY UNIT GDU 1040A,BAMN,REC,,BAMN,427.0
2026-09-11,3040255319,702801-5,FUEL PUMP,PAMASP,REC,EM REPARO,VEE ONE,427.0
2026-09-11,3040255321,8210-002,"GOVERNOR,CONSTANT SPEED DRIVE",PAMALS,OS concluída,,,
2026-09-11,3040255461,DAAS-A-010-1,ADAS-D PROCESSOR,PAMALS,REC,EM REPARO,VEE ONE,423.0
2026-09-11,3040255589,071-01519-0101,"RECEIVER-EXCITER,RADAR",BANT,REC,,PROCURANDO,421.0
2026-09-11,3040255590,071-01519-0101,"RECEIVER-EXCITER,RADAR",PAMALS,OS concluída,,,
2026-09-11,3040255706,C661064-0237,AIRSPEED INDICATOR,BAMN,OS concluída,,,
2026-09-11,3040256114,5934PAD-3,"ALTIMETER,PRESSURE",PAMALS,REC,EM REPARO,VEE ONE,407.0
2026-09-11,3040256119,011-00878-10,GSA-81 TORQUE SERVO,BAPV,REC,EM REPARO,LEAP,407.0
2026-09-11,3040256112,011-00883-20,RADAR GWX 68 WEATHER,BABE,REC,,BAMN,407.0
2026-09-11,3040256115,5934PAD-3,"ALTIMETER,PRESSURE",PAMALS,OS concluída,,,
2026-09-11,3040256118,011-00878-10,GSA-81 TORQUE SERVO,BAPV,REC,,BACO,407.0
2026-09-11,3040256120,011-00916-10,"DISPLAY UNIT,FLIGHT INFORMATION",BAMN,OS concluída,,,
2026-09-11,3040256314,066-4010-12,RECEIVER VOR/LOC (KNS81),EEAR,REC,EM REPARO,LEAP,394.0
2026-09-11,3040256311,3121248-03,"VALVE ASSEMBLY,COMPRESSOR BLEED",PAMALS,OS concluída,,,
2026-09-11,3040256704,C661064-0237,AIRSPEED INDICATOR,PAMALS,OS concluída,,,
2026-09-11,3040256707,D210507,"GOVERNOR,OVERSPEED",PAMALS,OS concluída,,,
2026-09-11,3040256708,D210507,"GOVERNOR,OVERSPEED",PAMALS,REC,REPARADO,VEE ONE,385.0
2026-09-11,3040256702,C661064-0237,AIRSPEED INDICATOR,BABR,OS concluída,,,
2026-09-11,3040256703,C661064-0237,AIRSPEED INDICATOR,PAMALS,OS concluída,,,
2026-09-11,3040256662,030-18200,MAIN WHEEL BRAKE,BASM,OS concluída,,,
2026-09-11,3040256665,161-11700,INNER WHEEL HALF ASSY,BABV,OS concluída,,,
2026-09-11,3040256666,161-11700,INNER WHEEL HALF ASSY,PAMALS,OS concluída,,,
2026-09-11,3040256667,161-11700,INNER WHEEL HALF ASSY,PAMALS,OS concluída,,,
2026-09-11,3040256668,161-11700,INNER WHEEL HALF ASSY,PAMALS,OS concluída,,,
2026-09-11,3040256669,161-11700,INNER WHEEL HALF ASSY,PAMALS,OS concluída,,,
2026-09-11,3040256670,161-11700,INNER WHEEL HALF ASSY,PAMALS,OS concluída,,,
2026-09-11,3040256671,161-11700,INNER WHEEL HALF ASSY,PAMALS,REC,,PAMA-LS,385.0
2026-09-11,3040256698,030-18200,MAIN WHEEL BRAKE,PAMASP,REC,,BABE,385.0
2026-09-11,3040256713,030-18200,MAIN WHEEL BRAKE,ALA 3,REC,,BAMN,385.0
2026-09-11,3040256694,162-11800,WHEEL HALF ASSY-OUTER,BANT,OS concluída,,,
2026-09-11,3040256696,162-11800,WHEEL HALF ASSY-OUTER,PAMALS,REC,,PAMA-LS,385.0
2026-09-11,3040256672,161-12800,WHEEL HALF ASSY-INNER,PAMALS,OS concluída,,PAMA-LS,
2026-09-11,3040256675,161-12800,WHEEL HALF ASSY-INNER,BANT,OS concluída,,,
2026-09-11,3040256792,011-00877-00,"GSA-80 SERVO ROL,YAW,SPEC",BAMN,REC,,PROCURANDO,385.0
2026-09-11,3040256787,011-00877-00,"GSA-80 SERVO ROL,YAW,SPEC",PAMALS,REC,EM REPARO,VEE ONE,385.0
2026-09-11,3040256828,011-00883-20,RADAR GWX 68 WEATHER,PAMALS,REC,,PAMA-LS,385.0
2026-09-11,3040256709,3121248-03,"VALVE ASSEMBLY,COMPRESSOR BLEED",PAMASP,REC,,BANT,382.0
2026-09-11,3040256673,161-12800,WHEEL HALF ASSY-INNER,PAMALS,REC,CONDENADO,VEE ONE,382.0
2026-09-11,3040257095,011-01105-01,INTEGRATED AVIONICS UNIT GIA63W,BABE,REC,EM REPARO,VEE ONE,378.0
2026-09-11,3040257096,011-01105-01,INTEGRATED AVIONICS UNIT GIA63W,BABE,REC,,BAMN,378.0
2026-09-11,3040257093,065-00183-0501,AUTOPILOT COMPUTER KFC225,BABE,REC,,BANT,378.0
2026-09-11,3040257094,065-00183-0501,AUTOPILOT COMPUTER KFC225,BABE,REC,,BANT,378.0
2026-09-11,3040257443,161-12800,WHEEL HALF ASSY-INNER,ALA 3,AUT,,,366.0
2026-09-11,3040257442,C163030-1001,MAIN W BRAKE A,BAMN,OS concluída,,BAMN,
2026-09-11,3040257452,3244809-8,"FUEL CONTROL,MAIN,TURBINE ENGINE",BAPV,OS concluída,,,
2026-09-11,3040257454,EA-5172-45-CES,"INDICATOR,AIRSPEED",BACG,OS concluída,,,
2026-09-11,3040257453,EA-5172-45-CES,"INDICATOR,AIRSPEED",ALA 7,REC,DEVOLVIDO NO ESTADO,WILLIAM,359.0
2026-09-11,3040257451,3244809-7,"FUEL CONTROL,MAIN,TURBINE ENGINE",PAMASP,REC,,BANT,359.0
2026-09-11,3040257450,3244809-4,"FUEL CONTROL,MAIN,TURBINE ENGINE",PAMASP,OS concluída,EM REPARO,LEAP,
2026-09-11,3040257438,030-18200,MAIN WHEEL BRAKE,BAMN,REC,REPARADO,VEE ONE,359.0
2026-09-11,3040257444,162-10700,OUTER WHEEL HALF ASSY,PAMALS,OS concluída,,,
2026-09-11,3040257447,162-10700,OUTER WHEEL HALF ASSY,PAMALS,OS concluída,,,
2026-09-11,3040257436,30994-001,BATTERY-MARATHON TSP410 NICAD,PAMALS,OS concluída,,PAMA-LS,
2026-09-11,3040257441,030-18200,MAIN WHEEL BRAKE,BAPV,REC,,BAMN,359.0
2026-09-11,3040257440,030-18200,MAIN WHEEL BRAKE,BANT,REC,CONDENADO,VEE ONE,359.0
2026-09-11,3040257439,030-18200,MAIN WHEEL BRAKE,BAMN,REC,,BAMN,359.0
2026-09-11,3040258306,D210507,"GOVERNOR,OVERSPEED",PAMALS,REC,EM REPARO,LEAP,339.0
2026-09-11,3040258310,D210507,"GOVERNOR,OVERSPEED",BACO,OS concluída,,,
2026-09-11,3040258309,D210507,"GOVERNOR,OVERSPEED",BAMN,REC,EM REPARO,LEAP,339.0
2026-09-11,3040258308,D210507,"GOVERNOR,OVERSPEED",BAMN,OS concluída,,,
2026-09-11,3040258307,D210507,"GOVERNOR,OVERSPEED",ALA 5,OS concluída,,,
2026-09-11,3040258303,011-00877-00,"GSA-80 SERVO ROL,YAW,SPEC",DACTA II,REC,EM REPARO,VEE ONE,339.0
2026-09-11,3040258422,2601188-8,COMPRESSOR DRIVE ASSY R134A,PAMASP,REC,,PROCURANDO,337.0
2026-09-11,3040258419,011-00877-00,"GSA-80 SERVO ROL,YAW,SPEC",DACTA II,REC,EM REPARO,VEE ONE,337.0
2026-09-11,3040258420,011-00877-00,"GSA-80 SERVO ROL,YAW,SPEC",BACO,REC,EM REPARO,VEE ONE,337.0
2026-09-11,3040258421,011-00877-00,"GSA-80 SERVO ROL,YAW,SPEC",BABE,REC,,BACO,337.0
2026-09-11,3040258764,069-01034-0102,"NAVIGATION SET,SATELLITE SIGNALS KLN-94",PAMALS,REC,,BANT,330.0
2026-09-11,3040259152,066-01141-5101,"TRANSPONDER,RADAR",BABE,REC,,BANT,311.0
2026-09-11,3040259151,066-01141-5101,"TRANSPONDER,RADAR",BANT,REC,,BANT,311.0
2026-09-11,3040259251,064-1019-05,VHF TRANSCEIVE KY196,EEAR,REC,,EEAR,309.0
2026-09-11,3040259146,1U149-015-15,HORIZ. GYRO-STADBY,PAMALS,REC,EM REPARO,VEE ONE,308.0
2026-09-11,3040259147,162-10700,OUTER WHEEL HALF ASSY,BANT,REC,EM REPARO,AMA - VEE ONE,308.0
2026-09-11,3040259148,3049038-03,"VALVE,COMPRESSOR BLEED",BANT,OS concluída,,,
2026-09-11,3040259316,2606015-4,INDICATOR-OIL TEMP/OIL PRESS,BACG,REC,,PAMA-LS,305.0
2026-09-11,3040259564,C414007-0102,BLOWER ASSY,PAMALS,OS concluída,,,
2026-09-11,3040259568,C414007-0102,BLOWER ASSY,ALA 10,OS concluída,,,
2026-09-11,3040259570,C414007-0102,BLOWER ASSY,ALA 10,OS concluída,,,
2026-09-11,3040259694,025323-150,FUEL PUMP,PAMASP,REC,,BACO,297.0
2026-09-11,3040259922,C414007-0102,BLOWER ASSY,BANT,REC,,PAMA-LS,290.0
2026-09-11,3040259928,C414007-0102,BLOWER ASSY,PAMALS,REC,EM REPARO,VEE ONE,290.0
2026-09-11,3040259924,C414007-0102,BLOWER ASSY,BACG,REC,EM REPARO,VEE ONE,290.0
2026-09-11,3040259918,C414007-0102,BLOWER ASSY,ALA 10,OS concluída,,VEE ONE,
2026-09-11,3040259950,065-0060-01,"CONTROL,SERVO,AUTOMATIC PILOT",PAMALS,REC,EM REPARO,LEAP,290.0
2026-09-11,3040259949,065-0060-01,"CONTROL,SERVO,AUTOMATIC PILOT",PAMALS,REC,EM REPARO,LEAP,290.0
2026-09-11,3040259947,066-3046-07,"CONTROL,INDICATOR",EEAR,OS concluída,,,
2026-09-11,3040259946,066-3046-07,"CONTROL,INDICATOR",BANT,REC,,BANT,290.0
2026-09-11,3040259944,066-3046-07,"CONTROL,INDICATOR",EEAR,REC,,PAMA-LS,290.0
2026-09-11,3040260209,011-00916-00,DISPLAY UNIT GDU 1040A,PAMALS,REC,,BAMN,276.0
2026-09-11,3040260208,324843-W020,HEADSET-MICROPHONE,PAMALS,REC,VAI SER DEVOLVIDO SEM REPARO,WILLIAM,276.0
2026-09-11,3040260204,324843-W020,HEADSET-MICROPHONE,PAMALS,OS concluída,,,
2026-09-11,3040260205,324843-W020,HEADSET-MICROPHONE,PAMALS,OS concluída,,,
2026-09-11,3040260388,SD5H14C4527,AIR COMPRESSOR,PAMALS,REC,EM REPARO,VEE ONE,269.0
2026-09-11,3040260382,065-00183-0501,AUTOPILOT COMPUTER KFC225,BANT,REC,,BANT,269.0
2026-09-11,3040260389,SD5H14C4527,AIR COMPRESSOR,PAMALS,REC,EM REPARO,VEE ONE,269.0
2026-09-11,3040260517,ASG12000-2,ALTERNATOR,PAMALS,OS concluída,,,
2026-09-11,3040260524,51539-012M,CONTROL UNIT ASSY-GENERATOR,BANT,REC,,BACG,266.0
2026-09-11,3040260516,ASG12000-2,ALTERNATOR,PAMALS,REC,,V1 PAMA-LS,266.0
2026-09-11,3040260523,9910592-2,ALTERNADOR,BAMN,OS concluída,,babr,
2026-09-11,3040260522,9910592-2,ALTERNADOR,BAMN,REC,,dacta II,266.0
2026-09-11,3040260547,161-12800,WHEEL HALF ASSY-INNER,EPCAR,OS concluída,,BABE,
2026-09-11,3040260545,161-11700,INNER WHEEL HALF ASSY,BACG,OS concluída,,,
2026-09-11,3040260544,161-11700,INNER WHEEL HALF ASSY,BANT,OS concluída,,,
2026-09-11,3040260546,161-12800,WHEEL HALF ASSY-INNER,PAMALS,REC,,,248.0
2026-09-11,3040260548,161-11700,INNER WHEEL HALF ASSY,CLA,OS concluída,,,
2026-09-11,3040260549,162-10700,OUTER WHEEL HALF ASSY,BACG,OS concluída,,,
2026-09-11,3040260550,162-10700,OUTER WHEEL HALF ASSY,CLA,OS concluída,,,
2026-09-11,3040260551,162-11800,WHEEL HALF ASSY-OUTER,BANT,REC,,,248.0
2026-09-11,3040260552,30994-001,BATTERY-MARATHON TSP410 NICAD,BABE,OS concluída,,PAMA-LS,
2026-09-11,3040260543,324843-W020,HEADSET-MICROPHONE,PAMALS,REC,,PAMA-LS,248.0
2026-09-11,3040260542,324843-W020,HEADSET-MICROPHONE,PAMALS,REC,,BABE,248.0
2026-09-11,3040260541,324843-W020,HEADSET-MICROPHONE,PAMALS,OS concluída,,,
2026-09-11,3040260540,324843-W020,HEADSET-MICROPHONE,PAMALS,OS concluída,,,
2026-09-11,3040260538,324843-W020,HEADSET-MICROPHONE,PAMALS,REC,,BABE,248.0
2026-09-11,3040260539,324843-W020,HEADSET-MICROPHONE,PAMALS,REC,,BABE,248.0
2026-09-11,3040260595,9910586-4,FLAP ACTUATOR AND MOTOR ASSEMBLY,7 ETA,REC,,BAMN,248.0
2026-09-11,3040260597,9910586-4,FLAP ACTUATOR AND MOTOR ASSEMBLY,BAPV,OS concluída,,BABR,
2026-09-11,3040260583,3244897-4,FUEL CONTROL UNIT,PAMALS,OS concluída,,,
2026-09-11,3040260750,3122678-04,FUEL CONTROL UNIT,PAMASP,REC,,BANT,240.0
2026-09-11,3040260752,3244897-4,FUEL CONTROL UNIT,PAMASP,OS concluída,,,
2026-09-11,3040260753,3244809-7,"FUEL CONTROL,MAIN,TURBINE ENGINE",PAMASP,OS concluída,,,
2026-09-11,3040260754,3244809-1,"FUEL CONTROL,MAIN,TURBINE ENGINE",PAMASP,REC,EM QUARENTENA,LEAP,240.0
2026-09-11,3040254794,C145-350,"MOTOR,DIRECT CURRENT",PAMALS,OS concluída,,,
2026-09-11,3040260913,064-1054-30,RECEIVER-TRANSMITTER SUBASSEMBLY,EPCAR,REC,,V1 PAMA-LS,228.0
2026-09-11,3040260915,064-1054-30,RECEIVER-TRANSMITTER SUBASSEMBLY,PAMALS,REC,,BABR,228.0
2026-09-11,3040260811,3034792,BOMBA DE COMBUSTÍVEL,BAPV,OS concluída,,BABR,
2026-09-11,3040260812,3034792,BOMBA DE COMBUSTÍVEL,BACG,OS concluída,,,
2026-09-11,3040260922,162-11800,WHEEL HALF ASSY-OUTER,PAMALS,OS concluída,,,
2026-09-11,3040260923,030-18200,MAIN WHEEL BRAKE,BACO,REC,REPARADO,VEE ONE,226.0
2026-09-11,3040261389,3034792,BOMBA DE COMBUSTÍVEL,PAMASP,OS concluída,REPARADO,V1 PAMA-LS,
2026-09-11,3040261388,3034792,BOMBA DE COMBUSTÍVEL,BABR,OS concluída,,,
2026-09-11,3040261387,3034792,BOMBA DE COMBUSTÍVEL,BABR,OS concluída,,,
2026-09-11,3040261371,TFF2905-13,FUEL FLOW TRANSDUCER,ALA 8,REC,,PAMA-LS,213.0
2026-09-11,3040261375,C661065-0240RX,"INDICATOR, AIRSPEED",BACG,REC,EM REPARO,WILLIAM,213.0
2026-09-11,3040261373,C661065-0240,AIRSPEED INDICATOR,BABE,REC,,PAMA-LS,213.0
2026-09-11,3040261322,011-00831-00,"ENGINE INTERFA,SPEC",BAPV,REC,,VEE ONE,213.0
2026-09-11,3040261326,011-00882-10,"COMPUTER,AIR DATA",BAMN,OS concluída,,,
2026-09-11,3040261324,011-00882-10,"COMPUTER,AIR DATA",BAMN,OS concluída,,,
2026-09-11,3040261327,064-1054-30,RECEIVER-TRANSMITTER SUBASSEMBLY,PAMASP,REC,,PAMA-LS,213.0
2026-09-11,3040261336,066-01141-0101,"RECEIVER,RADIO",BANT,REC,,PAMA-LS,213.0
2026-09-11,3040261334,065-0065-01,SELECTOR ALT,BANT,REC,,PAMA-LS,213.0
2026-09-11,3040261331,065-0061-36,ACTUATOR TRIM (KS272A),PAMASP,OS concluída,,BABR,
2026-09-11,3040261329,065-0061-36,ACTUATOR TRIM (KS272A),ALA 10,OS concluída,,,
2026-09-11,3040261335,065-0065-01,SELECTOR ALT,BANT,REC,,PAMA-LS,213.0
2026-09-11,3040261342,066-3084-02,COLOR RADAR INDICATOR,BABV,REC,,PAMA-LS,213.0
2026-09-11,3040261340,066-1053-00,"RECEIVER,RADIO",BASM,REC,,PAMA-LS,213.0
2026-09-11,3040261377,066-3054-01,INDICATOR RADAR ALTIMETER - TYPE KI250,PAMALS,REC,EM REPARO,WILLIAM,213.0
2026-09-11,3040261376,066-1061-03,RT RADAR ALTIM (KRA10A),PAMALS,REC,PARA REPARO,VEE ONE,213.0
2026-09-11,3040261352,1134380-4,EVAPORATOR MODULE ASSY-RH,BAMN,REC,CONDENADO,VEE ONE,213.0
2026-09-11,3040261347,071-1234-00,ANTENNA ACCESSORY,ALA 1,REC,EM REPARO,WILLIAM,213.0
2026-09-11,3040261344,066-4010-12,RECEIVER VOR/LOC (KNS81),ALA 10,REC,EM REPARO,WILLIAM,213.0
2026-09-11,3040261353,1H75-21,PRESSURE REGULATOR,BAMN,OS concluída,,BAMN,
2026-09-11,3040261357,2682001-1,BRAKE CYL MAST,BABE,OS concluída,,,
2026-09-11,3040261356,2670104-2,ANNUNCIATOR PANEL,PAMALS,OS concluída,,,
2026-09-11,3040261355,2643100-201,NOSE GEAR STRUT ASSY - TALL FORK,BABR,OS concluída,,,
2026-09-11,3040261354,2643100-201,NOSE GEAR STRUT ASSY - TALL FORK,BANT,REC,EM REPARO,AV AERONAUTICA,213.0
2026-09-11,3040261364,8210-002-01,GOVERNOR PROPELLER,PAMASP,REC,REPARADO,VEE ONE,213.0
2026-09-11,3040261627,S3828-1,ALTIMETER,BAMN,REC,,PAMA-LS,199.0
2026-09-11,3040261628,S3828-1,ALTIMETER,BABE,REC,REPARADO,V1 PAMA-LS,199.0
2026-09-11,3040261851,51539-012MRX,CONTROL UNIT ASSY-GENERATOR,BABE,REC,EM REPARO,VEE ONE,191.0
2026-09-11,3040261852,51539-012MRX,CONTROL UNIT ASSY-GENERATOR,BABE,REC,EM REPARO,VEE ONE,191.0
2026-09-11,3040261843,3034792,BOMBA DE COMBUSTÍVEL,PAMALS,REC,EM REPARO,VEE ONE,186.0
2026-09-11,3040262245,200SGL119Q-2,STARTER GENERATOR,BAMN,OS concluída,,,
2026-09-11,3040262246,200SGL119Q-2,STARTER GENERATOR,BAMN,OS concluída,,,
2026-09-11,3040262273,324843-W020,HEADSET-MICROPHONE,BABE,OS concluída,,,
2026-09-11,3040262275,324843-W020,HEADSET-MICROPHONE,BANT,OS concluída,,,
2026-09-11,3040262363,066-1055-00,AUDIO CONTROL PANEL,ALA 5,OS concluída,,,
2026-09-11,3040262367,066-1055-00,AUDIO CONTROL PANEL,ALA 9,REC,,WILLIAM,169.0
2026-09-11,3040262368,066-1055-00,AUDIO CONTROL PANEL,CLA,OS concluída,,,
2026-09-11,3040262372,51539-012M,CONTROL UNIT ASSY-GENERATOR,BANT,REC,,PAMA-LS,169.0
2026-09-11,3040262371,51539-012N,CONTROL UNIT ASSY-GENERATOR,BANT,REC,,PAMA-LS,169.0
2026-09-11,3040262419,065-0061-36,ACTUATOR TRIM (KS272A),ALA 9,REC,EM REPARO,WILLIAM,164.0
2026-09-11,3040262734,C352,PORTABLE HALON FIRE EXTINGUISHERS,ALA 5,REC,EM REPARO,AV AERONAUTICA,151.0
2026-09-11,3040262738,C352TS,"EXTINGUISHER,FIRE",BANT,REC,,AV AERONÁUTICA,151.0
2026-09-11,3040262739,C352TS,"EXTINGUISHER,FIRE",BANT,REC,,AV AERONÁUTICA,151.0
2026-09-11,3040262740,C352TS,"EXTINGUISHER,FIRE",PAMALS,REC,,AV AERONÁUTICA,151.0
2026-09-11,3040262766,011-00883-20,RADAR GWX 68 WEATHER,BAMN,OS concluída,,V1 PAMA-LS,
2026-09-11,3040262765,011-00883-20,RADAR GWX 68 WEATHER,BAMN,REC,,V1 PAMA-LS,151.0
2026-09-11,3040262772,011-01020-10,AFCS MODE CONTROLLER GMC 710,BAMN,REC,,PAMA-LS,151.0
2026-09-11,3040262770,011-01020-10,AFCS MODE CONTROLLER GMC 710,BAMN,REC,,PAMA-LS,151.0
2026-09-11,3040262773,011-01020-10,AFCS MODE CONTROLLER GMC 710,BAMN,REC,,PAMA-LS,151.0
2026-09-11,3040262746,066-1070-01,TRANSCEIVER DME (KN63),BABE,REC,EM REPARO,WILLIAM,151.0
2026-09-11,3040262745,064-1019-05,VHF TRANSCEIVE KY196,EEAR,REC,EM REPARO,VEE ONE,151.0
2026-09-11,3040262747,066-1072-00,RECEIVER ADF (KING KR87),ALA 7,REC,EM REPARO,WILLIAM,151.0
2026-09-11,3040262748,066-3046-07,"CONTROL,INDICATOR",BABR,REC,,BANT,151.0
2026-09-11,3040262769,066-3046-07,"CONTROL,INDICATOR",BABR,REC,,BANT,151.0
2026-09-11,3040262768,066-3046-07,"CONTROL,INDICATOR",EEAR,OS concluída,,BABR,
2026-09-11,3040262767,066-3046-07,"CONTROL,INDICATOR",EEAR,REC,EM REPARO,LEAP,151.0
2026-09-11,3040262791,066-3060-00,IND RMI KNI582,BANT,OS concluída,,,
2026-09-11,3040262630,161-11700,INNER WHEEL HALF ASSY,BANT,REC,,PAMA-LS,151.0
2026-09-11,3040262792,066-3060-00,IND RMI KNI582,BANT,REC,EM REPARO,LEAP,151.0
2026-09-11,3040262634,162-10700,OUTER WHEEL HALF ASSY,BANT,OS concluída,,PAMA-LS,
2026-09-11,3040262632,161-12800,WHEEL HALF ASSY-INNER,BANT,OS concluída,REPARADO,VEE ONE,
2026-09-11,3040262633,161-12800,WHEEL HALF ASSY-INNER,BANT,OS concluída,,,
2026-09-11,3040262635,162-11800,WHEEL HALF ASSY-OUTER,EPCAR,OS concluída,,,
2026-09-11,3040262637,162-11800,WHEEL HALF ASSY-OUTER,BANT,REC,REPARADO,VEE ONE,151.0
2026-09-11,3040262636,162-11800,WHEEL HALF ASSY-OUTER,BANT,OS concluída,REPARADO,VEE ONE,
2026-09-11,3040262646,200SGL119Q,STARTER GENERATOR,PAMASP,OS concluída,,,
2026-09-11,3040262639,200SGL119Q,STARTER GENERATOR,PAMASP,OS concluída,,PAMA-LS,
2026-09-11,3040262638,200SGL119Q,STARTER GENERATOR,PAMALS,REC,EM REPARO,AV AERONAUTICA,151.0
2026-09-11,3040262757,2606015-2,IND OIL TEMP/P,PAMALS,REC,EM REPARO,VEE ONE,151.0
2026-09-11,3040262706,2641011-5,AXLE-MAIN GEAR,BAMN,REC,,BANT,151.0
2026-09-11,3040262707,2641011-5,AXLE-MAIN GEAR,BABV,OS concluída,REPARADO,VEE ONE,
2026-09-11,3040262717,2641011-5,AXLE-MAIN GEAR,BANT,OS concluída,REPARADO,VEE ONE,
2026-09-11,3040262714,2641011-5,AXLE-MAIN GEAR,BAPV,REC,,BANT,151.0
2026-09-11,3040262713,2641011-5,AXLE-MAIN GEAR,BAPV,OS concluída,,,
2026-09-11,3040262712,2641011-5,AXLE-MAIN GEAR,BABR,REC,,BANT,151.0
2026-09-11,3040262711,2641011-5,AXLE-MAIN GEAR,BABR,REC,,BANT,151.0
2026-09-11,3040262709,2641011-5,AXLE-MAIN GEAR,PAMALS,REC,,BANT,151.0
2026-09-11,3040262708,2641011-5,AXLE-MAIN GEAR,PAMALS,REC,,BANT,151.0
2026-09-11,3040262744,3244809-1A,F.C.U,PAMALS,REC,EM REPARO,LEAP,151.0
2026-09-11,3040262758,9910338-4,FUEL TOTALIZER INDICATOR,PAMALS,REC,EM REPARO,VEE ONE,151.0
2026-09-11,3040262759,9910338-6,"TRANSMITTER,RATE OF FLOW",BAMN,REC,,PAMA-LS,151.0
2026-09-11,3040262760,9910338-6,"TRANSMITTER,RATE OF FLOW",BANT,REC,EM REPARO,VEE ONE,151.0
2026-09-11,3040262966,2682001-1,BRAKE CYL MAST,BACO,OS concluída,,PAMA-LS,
2026-09-11,3040262967,2682001-1,BRAKE CYL MAST,PAMALS,REC,,PAMA-LS,149.0
2026-09-11,3040262968,2682001-1,BRAKE CYL MAST,BANT,OS concluída,,PAMA-LS,
2026-09-11,3040262969,2682001-1,BRAKE CYL MAST,BABE,REC,,PAMA-LS,149.0
2026-09-11,3040263069,453-5060,ELT C406-N,BABE,OS concluída,,,
2026-09-11,3040263283,D145-00-46-2,FLAP ACTUATOR ASSY,PAMALS,REC,,,134.0
2026-09-11,3040263284,D145-00-46-2,FLAP ACTUATOR ASSY,BAFL,REC,,,134.0
2026-09-11,3040263324,069-01033-0101,"RECEIVER-TRANSMITTER,RADIO",PAMALS,REC,EM REPARO,LEAP,134.0
2026-09-11,3040263287,C661065-0237,AIRSPEED INDICATOR,BABR,OS concluída,,,
2026-09-11,3040263288,C661065-0237,AIRSPEED INDICATOR,PAMASP,OS concluída,,,
2026-09-11,3040263314,060-0017-00,FLIGHT DIR HOR,EEAR,REC,EM REPARO,LEAP,134.0
2026-09-11,3040263319,066-1055-00,AUDIO CONTROL PANEL,BABE,OS concluída,,,
2026-09-11,3040263317,060-0017-00,FLIGHT DIR HOR,PAMASP,REC,,BANT,134.0
2026-09-11,3040263316,060-0017-00,FLIGHT DIR HOR,BANT,REC,,BANT,134.0
2026-09-11,3040263320,066-1055-00,AUDIO CONTROL PANEL,PAMALS,REC,EM REPARO,AV AERONAUTICA,134.0
2026-09-11,3040263325,069-01033-0101,"RECEIVER-TRANSMITTER,RADIO",PAMALS,REC,,,134.0
2026-09-11,3040263335,C611008-0101,ALTERNATOR CONTROL UNIT,PAMALS,REC,,BANT,134.0
2026-09-11,3040263336,C611008-0101,ALTERNATOR CONTROL UNIT,PAMALS,REC,,BANT,134.0
2026-09-11,3040263286,C661065-0237,AIRSPEED INDICATOR,BANT,REC,,PAMA-LS,134.0
2026-09-11,3040263322,066-1055-00,AUDIO CONTROL PANEL,ALA 9,REC,EM REPARO,WILLIAM,134.0
2026-09-11,3040263326,069-01033-0101,"RECEIVER-TRANSMITTER,RADIO",PAMALS,REC,,BANT,134.0
2026-09-11,3040263315,060-0017-00,FLIGHT DIR HOR,BACG,OS concluída,,BABR,
2026-09-11,3040263334,011-00916-10,"DISPLAY UNIT,FLIGHT INFORMATION",BACO,REC,,WILLIAM,134.0
2026-09-11,3040263333,011-00916-10,"DISPLAY UNIT,FLIGHT INFORMATION",BACO,OS concluída,,BAMN,
2026-09-11,3040263332,011-00916-10,"DISPLAY UNIT,FLIGHT INFORMATION",BAMN,OS concluída,,,
2026-09-11,3040263331,C661064-0237,AIRSPEED INDICATOR,PAMALS,REC,,PAMA-LS,134.0
2026-09-11,3040263329,C661064-0237,AIRSPEED INDICATOR,PAMALS,REC,,PAMA-LS,134.0
2026-09-11,3040263328,C661064-0237,AIRSPEED INDICATOR,BABR,REC,EM REPARO,WILLIAM,134.0
2026-09-11,3040263327,C661064-0237,AIRSPEED INDICATOR,BABR,REC,EM REPARO,WILLIAM,134.0
2026-09-11,3040263330,C661064-0237,AIRSPEED INDICATOR,PAMALS,REC,,PAMA-LS,134.0
2026-09-11,3040263338,C611008-0101,ALTERNATOR CONTROL UNIT,PAMALS,REC,,V1 PAMA-LS,134.0
2026-09-11,3040263433,066-03064-0005,"ALTIMETER,SERVO CONTROLLED,AUTOMATIC PRESSURE",BACG,REC,,PAMA-LS,128.0
2026-09-11,3040263435,066-03064-0005,"ALTIMETER,SERVO CONTROLLED,AUTOMATIC PRESSURE",BANT,REC,,PAMA-LS,128.0
2026-09-11,3040263434,066-03064-0005,"ALTIMETER,SERVO CONTROLLED,AUTOMATIC PRESSURE",PAMASP,REC,,PAMA-LS,128.0
2026-09-11,3040263417,069-01033-0101,"RECEIVER-TRANSMITTER,RADIO",PAMALS,REC,EM REPARO,WILLIAM,128.0
2026-09-11,3040263416,069-01033-0101,"RECEIVER-TRANSMITTER,RADIO",BASM,REC,EM REPARO,WILLIAM,128.0
2026-09-11,3040263415,069-01033-0101,"RECEIVER-TRANSMITTER,RADIO",BABR,REC,,BANT,128.0
2026-09-11,3040263447,066-3046-07,"CONTROL,INDICATOR",CLA,OS concluída,,BABR,
2026-09-11,3040263443,3244897-4,FUEL CONTROL UNIT,PAMALS,REC,EM REPARO,LEAP,127.0
2026-09-11,3040263444,3244897-4,FUEL CONTROL UNIT,PAMALS,REC,EM REPARO,LEAP,127.0
2026-09-11,3040263577,060-0015-00,"CONTROL,DIRECTIONAL,AUTOMATIC PILOT",ALA 5,REC,,WILLIAM,122.0
2026-09-11,3040263574,066-1072-04,"RECEIVER,RADIO",BABE,REC,EM REPARO,WILLIAM,122.0
2026-09-11,3040263576,066-1072-04,"RECEIVER,RADIO",BAMN,OS concluída,,WILLIAM,
2026-09-11,3040263575,066-1072-04,"RECEIVER,RADIO",BABE,REC,EM REPARO,WILLIAM,122.0
2026-09-11,3040263573,066-3084-32,IND RDR 2000 IN-182A,PAMALS,REC,,BABR,122.0
2026-09-11,3040263571,066-3084-32,IND RDR 2000 IN-182A,PAMALS,REC,,BANT,122.0
2026-09-11,3040263572,066-3084-32,IND RDR 2000 IN-182A,PAMALS,REC,EM REPARO,WILLIAM,122.0
2026-09-11,3040263448,2618510-10,ALTERNATOR CONTROL UNIT ASSY,BABE,REC,EM REPARO,WILLIAM,122.0
2026-09-11,3040263449,2618510-10,ALTERNATOR CONTROL UNIT ASSY,PAMALS,REC,,BANT,122.0
2026-09-11,3040263877,2641011-5,AXLE-MAIN GEAR,CLA,REC,REPARADO,VEE ONE,112.0
2026-09-11,3040263878,2641011-5,AXLE-MAIN GEAR,CLA,REC,,BABE,112.0
2026-09-11,3040264243,069-01033-0101,"RECEIVER-TRANSMITTER,RADIO",PAMALS,REC,EM REPARO,WILLIAM,105.0
2026-09-11,3040264244,069-01033-0101,"RECEIVER-TRANSMITTER,RADIO",PAMASP,REC,EM REPARO,WILLIAM,105.0
2026-09-11,3040264246,060-0017-00,FLIGHT DIR HOR,PAMALS,REC,,BABR,105.0
2026-09-11,3040264237,200SGL119Q-2,STARTER GENERATOR,BAMN,REC,EM REPARO,AV AERONAUTICA,105.0
2026-09-11,3040264236,200SGL119Q-2,STARTER GENERATOR,BABE,OS concluída,,BABE,
2026-09-11,3040264121,3244897-4,FUEL CONTROL UNIT,BABE,OS concluída,EM REPARO,LEAP,
2026-09-11,3040264263,9910338-8,"INDICATOR,FUEL FLOW",PAMALS,OS concluída,,BABR,
2026-09-11,3040264262,9910338-8,"INDICATOR,FUEL FLOW",BABV,REC,,PAMA-LS,105.0
2026-09-11,3040264242,324843-2020,HEADSET-MICROPHONE,BABE,OS concluída,,BAMN,
2026-09-11,3040264264,324843-2020,HEADSET-MICROPHONE,DACTA II,OS concluída,,BAMN,
2026-09-11,3040264238,324843-2020,HEADSET-MICROPHONE,DACTA II,OS concluída,,,
2026-09-11,3040264241,324843-2020,HEADSET-MICROPHONE,DACTA II,OS concluída,,BAMN,
2026-09-11,3040264240,324843-2020,HEADSET-MICROPHONE,DACTA II,OS concluída,,BAMN,
2026-09-11,3040264122,3244809-8,"FUEL CONTROL,MAIN,TURBINE ENGINE",BABE,OS concluída,,BABR,
2026-09-11,3040263797,066-3046-07,"CONTROL,INDICATOR",BABE,REC,EM REPARO,WILLIAM,105.0
2026-09-11,3040263798,066-3046-07,"CONTROL,INDICATOR",PAMASP,OS concluída,,,
2026-09-11,3040263799,066-3046-07,"CONTROL,INDICATOR",PAMASP,REC,EM REPARO,WILLIAM,105.0
2026-09-11,3040263795,071-01519-0101,"RECEIVER-EXCITER,RADAR",PAMALS,REC,,BANT,105.0
2026-09-11,3040263796,071-01519-0101,"RECEIVER-EXCITER,RADAR",PAMALS,REC,EM REPARO,WILLIAM,105.0
2026-09-11,3040264579,060-0017-00,FLIGHT DIR HOR,BABR,OS concluída,,,
2026-09-11,3040264577,060-0017-00,FLIGHT DIR HOR,PAMALS,REC,,,93.0
2026-09-11,3040264573,060-0017-00,FLIGHT DIR HOR,BANT,REC,,,93.0
2026-09-11,3040264574,060-0017-00,FLIGHT DIR HOR,BANT,REC,,,93.0
2026-09-11,3040264576,060-0017-00,FLIGHT DIR HOR,PAMALS,REC,,,93.0
2026-09-11,3040264572,060-0017-00,FLIGHT DIR HOR,PAMASP,REC,,,93.0
2026-09-11,3040264647,1H75-21,PRESSURE REGULATOR,BAMN,REC,,,88.0
2026-09-11,3040264646,1H75-21,PRESSURE REGULATOR,PAMASP,REC,,,88.0
2026-09-11,3040264645,1H75-21,PRESSURE REGULATOR,PAMASP,REC,,,88.0
2026-09-11,3040264643,1H75-21,PRESSURE REGULATOR,PAMASP,OS concluída,,,
2026-09-11,3040264707,3244809-7,"FUEL CONTROL,MAIN,TURBINE ENGINE",BABE,OS concluída,,,
2026-09-11,3040264709,540-1407-4,"VALVE,BLEED,TURBINEENGINE",PAMASP,REC,,,88.0
2026-09-11,3040264710,200SGL153Q,"STARTER-GENERATOR,ENGINE,AIRCRAFT",CLA,OS concluída,,,
2026-09-11,3040264711,200SGL153Q,"STARTER-GENERATOR,ENGINE,AIRCRAFT",PAMASP,OS concluída,,,
2026-09-11,3040264712,200SGL153Q,"STARTER-GENERATOR,ENGINE,AIRCRAFT",BACG,REC,,,88.0
2026-09-11,3040264718,9910338-8,"INDICATOR,FUEL FLOW",PAMALS,REC,,,88.0
2026-09-11,3040264719,S3326-2,"INDICATOR,HORIZONTAL SITUATION",ALA 8,REC,,,88.0
2026-09-11,3040264720,S3326-2,"INDICATOR,HORIZONTAL SITUATION",PAMALS,REC,,,88.0
2026-09-11,3040264721,S3326-2,"INDICATOR,HORIZONTAL SITUATION",PAMASP,REC,,,88.0
2026-09-11,3040264724,2606013-1AM,INDICADOR PERCENTUAL RPM,BABV,REC,,,88.0
2026-09-11,3040264725,2606013-1AM,INDICADOR PERCENTUAL RPM,BABR,REC,,,88.0
2026-09-11,3040264726,2606015-4,INDICATOR-OIL TEMP/OIL PRESS,BANT,REC,,,88.0
2026-09-11,3040264727,C661051-0201,GYRO HORIZON,ALA 10,REC,,,88.0
2026-09-11,3040264728,504-0111-906,GYRO HORIZON,PAMALS,OS concluída,,,
2026-09-11,3040264729,504-0111-906,GYRO HORIZON,BACG,OS concluída,,,
2026-09-11,3040264730,8210-003,"GOVERNOR,FUEL CONTROL",PAMASP,REC,,,88.0
2026-09-11,3040264731,8210-002,"GOVERNOR,CONSTANT SPEED DRIVE",PAMASP,REC,,,88.0
2026-09-11,3040264732,8210-002,"GOVERNOR,CONSTANT SPEED DRIVE",BAMN,REC,,,88.0
2026-09-11,3040264733,030-18200,MAIN WHEEL BRAKE,BAMN,REC,,,88.0
2026-09-11,3040264734,030-18200,MAIN WHEEL BRAKE,BAMN,REC,,,88.0
2026-09-11,3040264735,161-11700,INNER WHEEL HALF ASSY,PAMALS,REC,,,88.0
2026-09-11,3040264736,161-12800,WHEEL HALF ASSY-INNER,BABR,REC,,,88.0
2026-09-11,3040264737,161-12800,WHEEL HALF ASSY-INNER,PAMALS,AUT,,,88.0
2026-09-11,3040264738,162-10700,OUTER WHEEL HALF ASSY,BACO,AUT,,,88.0
2026-09-11,3040264807,011-01105-01,INTEGRATED AVIONICS UNIT GIA63W,ALA 8,REC,,,80.0
2026-09-11,3040264808,011-01105-01,INTEGRATED AVIONICS UNIT GIA63W,BAMN,REC,,,80.0
2026-09-11,3040264907,011-00916-10,"DISPLAY UNIT,FLIGHT INFORMATION",BAMN,REC,,,73.0
2026-09-11,3040264908,011-00916-10,"DISPLAY UNIT,FLIGHT INFORMATION",BABV,OS concluída,,,
2026-09-11,3040264974,3244809-8,"FUEL CONTROL,MAIN,TURBINE ENGINE",BAMN,REC,,,71.0
2026-09-11,3040264961,3244897-4,FUEL CONTROL UNIT,CLA,OS concluída,,,
2026-09-11,3040264960,3034792,BOMBA DE COMBUSTÍVEL,CLA,OS concluída,,,
2026-09-11,3040265144,011-01020-10,AFCS MODE CONTROLLER GMC 710,BABE,REC,,,65.0
2026-09-11,3040265140,011-01020-10,AFCS MODE CONTROLLER GMC 710,BABE,REC,,,65.0
2026-09-11,3040265482,066-3084-32,IND RDR 2000 IN-182A,BABR,REC,,,50.0
2026-09-11,3040265484,066-3084-32,IND RDR 2000 IN-182A,BANT,REC,,,50.0
2026-09-11,3040265485,066-3084-32,IND RDR 2000 IN-182A,BABR,REC,,,50.0
2026-09-11,3040265526,ASG12000-2,ALTERNATOR,PAMALS,REC,,,46.0
2026-09-11,3040265525,ASG12000-2,ALTERNATOR,BABR,REC,,,46.0
2026-09-11,3040265527,9910592-2,ALTERNADOR,BABR,REC,,,46.0
2026-09-11,3040265533,3122678-04,FUEL CONTROL UNIT,BABR,REC,,,46.0
2026-09-11,3040265532,C611505-0201,ALTERNATOR,BANT,REC,,,46.0
2026-09-11,3040265530,C611505-0201,ALTERNATOR,BABV,REC,,,46.0
2026-09-11,3040265528,9910592-2,ALTERNADOR,BABR,REC,,,46.0
2026-09-11,3040265724,3244897-4,FUEL CONTROL UNIT,CLA,REC,,,45.0
2026-09-11,3040265474,C611008-0101,ALTERNATOR CONTROL UNIT,PAMALS,REC,,,43.0
2026-09-11,3040265475,C611008-0101,ALTERNATOR CONTROL UNIT,BABV,REC,,,43.0
2026-09-11,3040265476,C611008-0101,ALTERNATOR CONTROL UNIT,PAMALS,REC,,,43.0
2026-09-11,3040265477,C611008-0101,ALTERNATOR CONTROL UNIT,PAMALS,REC,,,43.0
2026-09-11,3040265576,011-00916-10,"DISPLAY UNIT,FLIGHT INFORMATION",BAMN,REC,,,42.0
2026-09-11,3040265580,011-00916-00,DISPLAY UNIT GDU 1040A,PAMALS,REC,,,46.0
2026-09-11,3040265581,011-00916-00,DISPLAY UNIT GDU 1040A,PAMALS,REC,,,46.0
2026-09-11,3040265589,EA-5175-52-CES,INDICATOR TRUE,BABV,REC,,,46.0
2026-09-11,3040265590,EA-5175-52-CES,INDICATOR TRUE,BASM,REC,,,46.0
2026-09-11,3040265591,EA-5175-52-CES,INDICATOR TRUE,BABV,REC,,,46.0
2026-09-11,3040265592,EA-5175-52-CES,INDICATOR TRUE,BABV,REC,,,46.0
2026-09-11,3040265668,9910592-2,ALTERNADOR,PAMALS,OS concluída,,,
2026-09-11,3040265678,9910592-2,ALTERNADOR,BAMN,REC,,,46.0
2026-09-11,3040265679,C611505-0201,ALTERNATOR,PAMALS,REC,,,46.0
2026-09-11,3040265680,C611505-0201,ALTERNATOR,ALA 8,REC,,,46.0
2026-09-11,3040265726,071-01519-0101,"RECEIVER-EXCITER,RADAR",PAMALS,REC,,,45.0
2026-09-11,3040265727,071-01519-0101,"RECEIVER-EXCITER,RADAR",CLA,REC,,,45.0
2026-09-11,3040265728,C163030-1001,MAIN W BRAKE A,BAMN,REC,,,45.0
2026-09-11,3040265731,066-3046-07,"CONTROL,INDICATOR",BABR,REC,,,45.0
2026-09-11,3040265732,066-3046-07,"CONTROL,INDICATOR",BANT,REC,,,45.0
2026-09-11,3040265734,066-3046-07,"CONTROL,INDICATOR",EEAR,REC,,,45.0
2026-09-11,3040265735,066-3046-07,"CONTROL,INDICATOR",CLA,REC,,,45.0
2026-09-11,3040265736,C611008-0101,ALTERNATOR CONTROL UNIT,BABV,REC,,,45.0
2026-09-11,3040265737,C611008-0101,ALTERNATOR CONTROL UNIT,EEAR,REC,,,45.0
2026-09-11,3040265738,C611008-0101,ALTERNATOR CONTROL UNIT,PAMALS,REC,,,45.0
2026-09-11,3040265739,C611008-0101,ALTERNATOR CONTROL UNIT,BANT,REC,,,45.0
2026-09-11,3040265740,C611008-0101,ALTERNATOR CONTROL UNIT,BABE,REC,,,45.0
2026-09-11,3040265741,C611008-0101,ALTERNATOR CONTROL UNIT,BABR,REC,,,45.0
2026-09-11,3040265742,066-1072-04,"RECEIVER,RADIO",BACG,REC,,,45.0
2026-09-11,3040265743,066-1072-04,"RECEIVER,RADIO",BAMN,REC,,,45.0
2026-09-11,3040265744,066-1072-04,"RECEIVER,RADIO",PAMALS,REC,,,45.0
2026-09-11,3040265745,066-3084-32,IND RDR 2000 IN-182A,PAMALS,REC,,,45.0
2026-09-11,3040265746,066-3084-32,IND RDR 2000 IN-182A,PAMALS,REC,,,45.0
2026-09-11,3040265747,30994-001,BATTERY-MARATHON TSP410 NICAD,PAMALS,AUT,,,45.0
2026-09-11,3040265748,30994-001,BATTERY-MARATHON TSP410 NICAD,PAMALS,AUT,,,45.0
2026-09-11,3040265749,30994-001,BATTERY-MARATHON TSP410 NICAD,PAMALS,AUT,,,45.0
2026-09-11,3040265750,30994-001,BATTERY-MARATHON TSP410 NICAD,PAMALS,AUT,,,45.0
2026-09-11,3040265751,30994-001,BATTERY-MARATHON TSP410 NICAD,PAMALS,AUT,,,45.0
2026-09-11,3040265752,2641011-5,AXLE-MAIN GEAR,BAMN,REC,,,45.0
2026-09-11,3040265753,2641011-5,AXLE-MAIN GEAR,BAMN,REC,,,45.0
2026-09-11,3040265754,161-11700,INNER WHEEL HALF ASSY,BACO,AUT,,,45.0
2026-09-11,3040265755,161-12800,WHEEL HALF ASSY-INNER,BABE,REC,,,45.0
2026-09-11,3040265757,066-01141-0101,"RECEIVER,RADIO",PAMALS,REC,,,45.0
2026-09-11,3040265758,066-01141-0101,"RECEIVER,RADIO",PAMALS,REC,,,45.0
2026-09-11,3040265759,C660501-0103,"COMPASS,SPEC",DACTA II,REC,,,45.0
2026-09-11,3040265769,023694-000,BATTERY NICKEL CADMIUM,BAPV,REC,,,44.0
2026-09-11,3040265771,2651023-23,ENGINE MOUNT ASSEMBLY,PAMALS,REC,,,44.0
2026-09-11,3040265772,2651023-23,ENGINE MOUNT ASSEMBLY,PAMALS,REC,,,44.0
2026-09-11,3040265892,324843-0020,HEADSET-MICROPHONE,PAMALS,REC,,,39.0
2026-09-11,3040265893,324843-0020,HEADSET-MICROPHONE,PAMALS,OS concluída,,,
2026-09-11,3040265894,324843-0020,HEADSET-MICROPHONE,PAMALS,REC,,,39.0
2026-09-11,3040265895,324843-0020,HEADSET-MICROPHONE,PAMALS,REC,,,39.0
2026-09-11,3040265946,011-00870-00,MAGNETOMETER GMU 44,BAMN,REC,,,36.0
2026-09-11,3040265947,011-00870-00,MAGNETOMETER GMU 44,BAMN,REC,,,36.0
2026-09-11,3040266034,C662041-0102,INDICATOR FUEL,BABE,REC,,,32.0
2026-09-11,3040266040,C662041-0102,INDICATOR FUEL,PAMALS,REC,,,32.0
2026-09-11,3040266036,C662041-0102,INDICATOR FUEL,PAMALS,REC,,,32.0
2026-09-11,3040266035,C662041-0102,INDICATOR FUEL,PAMALS,REC,,,24.0
2026-09-11,3040266039,C662041-0102,INDICATOR FUEL,BANT,REC,,,24.0
2026-09-11,3040266041,C662041-0102,INDICATOR FUEL,PAMALS,REC,,,24.0
2026-09-11,3040266307,069-01033-0101,"RECEIVER-TRANSMITTER,RADIO",PAMALS,REC,,,22.0
2026-09-11,3040266308,069-01033-0101,"RECEIVER-TRANSMITTER,RADIO",BANT,REC,,,22.0
2026-09-11,3040266306,069-01033-0101,"RECEIVER-TRANSMITTER,RADIO",BACG,REC,,,22.0
2026-09-11,3040266307,069-01033-0101,"RECEIVER-TRANSMITTER,RADIO",PAMALS,REC,,,22.0
2026-09-11,3040266308,069-01033-0101,"RECEIVER-TRANSMITTER,RADIO",BANT,REC,,,22.0
2026-09-11,3040266568,C662504-0101,GAGE VOLT AMME,PAMALS,REC,,,11.0
2026-09-11,3040266567,C662504-0101,GAGE VOLT AMME,ALA 9,REC,,,11.0
2026-09-11,3040266566,C662504-0101,GAGE VOLT AMME,PAMALS,REC,,,11.0
2026-09-11,3040266569,C662504-0101,GAGE VOLT AMME,BABV,REC,,,11.0
2026-09-14,3040249831,066-01141-5101,"RECEIVER-TRANSMITTER,RADIO (KT71)",PAMALS,REC,EM REPARO,LEAP,581.0
2026-09-14,3040250248,452-0133,"BATTERY,NONRECHARGEABLE",BABR,REC,CONDENADO,VEE ONE,565.0
2026-09-14,3040250249,452-0133,"BATTERY,NONRECHARGEABLE",BAMN,REC,CONDENADO,VEE ONE,565.0
2026-09-14,3040250234,3034792,BOMBA DE COMBUSTÍVEL,PAMALS,REC,,BANT,565.0
2026-09-14,3040250816,453-5060,"BEACON,DISTRESS",BAMN,REC,,PAMA-LS,543.0
2026-09-14,3040250830,799-1,TRANSDUCER,BACO,REC,,BANT,543.0
2026-09-14,3040250829,51539-012N,CONTROL UNIT ASSY-GENERATOR,BAMN,OS concluída,,,
2026-09-14,3040250828,51539-012N,CONTROL UNIT ASSY-GENERATOR,BACG,REC,,BABR,543.0
2026-09-14,3040250827,51539-012N,CONTROL UNIT ASSY-GENERATOR,BANT,REC,,BABR,543.0
2026-09-14,3040250831,799-1,TRANSDUCER,BANT,REC,,BANT,543.0
2026-09-14,3040250833,9910586-4,FLAP ACTUATOR AND MOTOR ASSEMBLY,ALA 3,REC,,BAMN,543.0
2026-09-14,3040250834,9910586-4,FLAP ACTUATOR AND MOTOR ASSEMBLY,ALA 3,OS concluída,,,
2026-09-14,3040250832,9910338-4,FUEL TOTALIZER INDICATOR,EEAR,REC,,PAMA-LS,543.0
2026-09-14,3040250835,ASG12000-2,ALTERNATOR,ALA 5,REC,REPARADO,V1 PAMA-LS,543.0
2026-09-14,3040250841,C661030-0301,TURN BANK,PAMALS,REC,EM REPARO,LEAP,543.0
2026-09-14,3040250842,C662041-0102,INDICATOR FUEL,ALA 5,REC,,PAMA-LS,543.0
2026-09-14,3040250844,C662041-0102,INDICATOR FUEL,ALA 9,REC,,PAMA-LS,543.0
2026-09-14,3040250843,C662041-0102,INDICATOR FUEL,ALA 10,OS concluída,,,
2026-09-14,3040250719,060-0017-00,FLIGHT DIR HOR,PAMALS,REC,,BANT,543.0
2026-09-14,3040250720,060-0017-00,FLIGHT DIR HOR,BABV,OS concluída,,,
2026-09-14,3040250722,066-01141-5101,"RECEIVER-TRANSMITTER,RADIO (KT71)",ALA 9,REC,EM REPARO,WILLIAM,543.0
2026-09-14,3040250723,066-01141-5101,"RECEIVER-TRANSMITTER,RADIO (KT71)",CLA,REC,,BABR,543.0
2026-09-14,3040250721,060-0017-00,FLIGHT DIR HOR,BANT,OS concluída,,,
2026-09-14,3040250725,066-3046-07,"CONTROL,INDICATOR",ALA 10,OS concluída,,,
2026-09-14,3040250724,066-04035-1101,"DISPLAY UNIT,RADAR",PAMALS,REC,,BANT,543.0
2026-09-14,3040250732,069-1025-25,"RECEIVER-TRANSMITTER,RADIO - KX165",PAMALS,REC,EM REPARO,WILLIAM,543.0
2026-09-14,3040250782,2606012-1,INDICATOR-INTER-TURBINE TEMPERATURE,ALA 9,OS concluída,,,
2026-09-14,3040250775,161-11700,INNER WHEEL HALF ASSY,BABE,OS concluída,,,
2026-09-14,3040250773,161-11700,INNER WHEEL HALF ASSY,EEAR,REC,,BACG,543.0
2026-09-14,3040250718,030-18200,MAIN WHEEL BRAKE,BACO,OS concluída,,,
2026-09-14,3040250716,030-18200,MAIN WHEEL BRAKE,BABV,REC,EM REPARO,LEAP,543.0
2026-09-14,3040250717,030-18200,MAIN WHEEL BRAKE,BACO,OS concluída,,,
2026-09-14,3040250780,162-11800,WHEEL HALF ASSY-OUTER,PAMALS,OS concluída,,,
2026-09-14,3040250781,162-11800,WHEEL HALF ASSY-OUTER,BACG,OS concluída,,,
2026-09-14,3040250778,161-12800,WHEEL HALF ASSY-INNER,BACG,OS concluída,,,
2026-09-14,3040250776,161-12800,WHEEL HALF ASSY-INNER,BABE,OS concluída,,,
2026-09-14,3040250790,2643031-7,"FORK ASSY,NOSE GEAR SPRING",BAMN,OS concluída,,,
2026-09-14,3040250791,2643090-1,SHIMMY DAMPENE,BANT,REC,EM REPARO,AV AERONAUTICA,543.0
2026-09-14,3040250792,2643090-1,SHIMMY DAMPENE,BAMN,REC,REPARADO,V1 PAMA-LS,543.0
2026-09-14,3040250789,2641012-14,TRUNNION ASSY-RH-MAIN GEAR,PAMASP,OS concluída,,,
2026-09-14,3040250793,2643099-4,"SUPPORT ASSY FOWARD, NLG SPRING",BAMN,OS concluída,,,
2026-09-14,3040250798,30994-001,BATTERY-MARATHON TSP410 NICAD,BANT,OS concluída,CONDENADO,AMA - VEE ONE,
2026-09-14,3040252191,C611008-0101,ALTERNATOR CONTROL UNIT,PAMALS,REC,,BABR,510.0
2026-09-14,3040252159,011-00916-00,DISPLAY UNIT GDU 1040A,BAMN,REC,,BAMN,510.0
2026-09-14,3040252161,065-0042-03,COMPUTER PA,ALA 10,REC,EM REPARO,WILLIAM,510.0
2026-09-14,3040252162,065-0042-03,COMPUTER PA,EEAR,REC,,BABE,510.0
2026-09-14,3040252164,065-0042-03,COMPUTER PA,EEAR,REC,EM REPARO,WILLIAM,510.0
2026-09-14,3040252165,065-0042-03,COMPUTER PA,PAMALS,OS concluída,,,
2026-09-14,3040252166,065-0059-01,SERVO PITCH,EEAR,REC,EM REPARO,WILLIAM,510.0
2026-09-14,3040252168,066-03064-0005,"ALTIMETER,SERVO CONTROLLED,AUTOMATIC PRESSURE",ALA 9,OS concluída,,,
2026-09-14,3040252173,066-03064-0005,"ALTIMETER,SERVO CONTROLLED,AUTOMATIC PRESSURE",BANT,REC,EM REPARO,LEAP,510.0
2026-09-14,3040252172,066-03064-0005,"ALTIMETER,SERVO CONTROLLED,AUTOMATIC PRESSURE",PAMALS,REC,NO ESTADO,VEE ONE,510.0
2026-09-14,3040252170,066-03064-0005,"ALTIMETER,SERVO CONTROLLED,AUTOMATIC PRESSURE",ALA 7,REC,NO ESTADO,VEE ONE,510.0
2026-09-14,3040252178,066-1072-00,RECEIVER ADF (KING KR87),PAMALS,OS concluída,,,
2026-09-14,3040252182,066-1072-04,"RECEIVER,RADIO",ALA 9,OS concluída,,,
2026-09-14,3040252181,066-1072-04,"RECEIVER,RADIO",PAMASP,REC,EM REPARO,WILLIAM,510.0
2026-09-14,3040252180,066-1072-04,"RECEIVER,RADIO",ALA 8,OS concluída,,,
2026-09-14,3040252185,066-1072-04,"RECEIVER,RADIO",BAMN,OS concluída,,,
2026-09-14,3040252189,9910338-6,"TRANSMITTER,RATE OF FLOW",ALA 8,OS concluída,,,
2026-09-14,3040252190,9910338-6,"TRANSMITTER,RATE OF FLOW",BABR,OS concluída,,,
2026-09-14,3040252160,011-01020-10,AFCS MODE CONTROLLER GMC 710,BAMN,OS concluída,,,
2026-09-14,3040252939,C163030-1001,MAIN W BRAKE A,BABV,REC,,BAMN,480.0
2026-09-14,3040252936,030-18200,MAIN WHEEL BRAKE,BACO,REC,,PAMA-LS,480.0
2026-09-14,3040252935,030-18200,MAIN WHEEL BRAKE,BAMN,OS concluída,,,
2026-09-14,3040252940,30-182,MAIN WHEEL BRAKE,BABV,OS concluída,,,
2026-09-14,3040252942,30-182,MAIN WHEEL BRAKE,BAMN,OS concluída,,,
2026-09-14,3040252943,30-182,MAIN WHEEL BRAKE,BAMN,OS concluída,,,
2026-09-14,3040253170,161-12800,WHEEL HALF ASSY-INNER,BASM,OS concluída,,,
2026-09-14,3040253168,161-12800,WHEEL HALF ASSY-INNER,BASM,REC,,PAMA-LS,476.0
2026-09-14,3040253172,161-12800,WHEEL HALF ASSY-INNER,PAMALS,REC,,PAMA-LS,476.0
2026-09-14,3040253174,161-12800,WHEEL HALF ASSY-INNER,PAMALS,OS concluída,,,
2026-09-14,3040253173,161-12800,WHEEL HALF ASSY-INNER,PAMALS,REC,EM REPARO,LEAP,476.0
2026-09-14,3040253176,162-10700,OUTER WHEEL HALF ASSY,BABE,OS concluída,,,
2026-09-14,3040253177,162-10700,OUTER WHEEL HALF ASSY,BABV,REC,,PAMA-LS,476.0
2026-09-14,3040253178,162-10700,OUTER WHEEL HALF ASSY,PAMALS,REC,,PROCURANDO,476.0
2026-09-14,3040253179,162-11800,WHEEL HALF ASSY-OUTER,CLA,OS concluída,,,
2026-09-14,3040253181,162-11800,WHEEL HALF ASSY-OUTER,PAMALS,OS concluída,,,
2026-09-14,3040253180,162-11800,WHEEL HALF ASSY-OUTER,BASM,REC,,PROCURANDO,476.0
2026-09-14,3040253182,162-11800,WHEEL HALF ASSY-OUTER,PAMALS,REC,,PAMA-LS,476.0
2026-09-14,3040253536,2641012-14,TRUNNION ASSY-RH-MAIN GEAR,PAMALS,OS concluída,,,
2026-09-14,3040253529,066-03064-0005,"ALTIMETER,SERVO CONTROLLED,AUTOMATIC PRESSURE",DSM-MN,REC,DEVOLVIDO NO ESTADO,WILLIAM,466.0
2026-09-14,3040253528,066-03064-0005,"ALTIMETER,SERVO CONTROLLED,AUTOMATIC PRESSURE",BANT,OS concluída,,,
2026-09-14,3040253532,799-1,TRANSDUCER,PAMALS,REC,,BANT,466.0
2026-09-14,3040253535,2643099-4,"SUPPORT ASSY FOWARD, NLG SPRING",BABE,REC,CONDENADO,VEE ONE,466.0
2026-09-14,3040253531,799-1,TRANSDUCER,BAMN,REC,,VEE ONE,466.0
2026-09-14,3040253530,799-1,TRANSDUCER,BAMN,REC,,BANT,466.0
2026-09-14,3040253526,30994-001,BATTERY-MARATHON TSP410 NICAD,PAMALS,OS concluída,,PAMA-LS,
2026-09-14,3040253527,30994-001,BATTERY-MARATHON TSP410 NICAD,BAPV,OS concluída,,PAMA-LS,
2026-09-14,3040254195,540-1407-4,"VALVE,BLEED,TURBINEENGINE",PAMALS,REC,,BANT,448.0
2026-09-14,3040254201,2643090-3,SHIMMY DAMPER-NOSE GEAR,PAMALS,REC,,PAMA-LS,448.0
2026-09-14,3040254203,SE1070-6,SHIMMY DAMPENER ASSY,BACGINAT,OS concluída,,,
2026-09-14,3040254205,C660501-0103,"COMPASS,SPEC",PAMALS,REC,,PAMA-LS,448.0
2026-09-14,3040254206,C660501-0103,"COMPASS,SPEC",ALA 8,REC,EM REPARO EM GARANTIA,WILLIAM,448.0
2026-09-14,3040254208,C660501-0103,"COMPASS,SPEC",BABV,REC,,PAMA-LS,448.0
2026-09-14,3040254210,799-1,TRANSDUCER,BANT,REC,,BANT,448.0
2026-09-14,3040254792,2606013-1RX,INDICATOR-PERCENT RPM,BABR,REC,,BANT,439.0
2026-09-14,3040254770,069-1025-25,"RECEIVER-TRANSMITTER,RADIO - KX165",ALA 9,REC,EM REPARO,WILLIAM,439.0
2026-09-14,3040254799,453-5000-710,EMERGENCY LOCATOR TRANSMITTER MODEL C406-2,PAMASP,OS concluída,,,
2026-09-14,3040254806,C352TS,"EXTINGUISHER,FIRE",PAMALS,REC,,PAMA-LS,439.0
2026-09-14,3040254805,C352TS,"EXTINGUISHER,FIRE",PAMALS,OS concluída,,,
2026-09-14,3040254810,C352TS,"EXTINGUISHER,FIRE",PAMALS,OS concluída,,,
2026-09-14,3040254809,C352TS,"EXTINGUISHER,FIRE",PAMAGL,OS concluída,,,
2026-09-14,3040254803,C352TS,"EXTINGUISHER,FIRE",2 ETA,REC,,PAMA-LS,439.0
2026-09-14,3040254808,C352TS,"EXTINGUISHER,FIRE",BABR,REC,,PAMA-LS,439.0
2026-09-14,3040254795,D145-00-46-2,FLAP ACTUATOR ASSY,BABE,REC,,PAMA-LS,439.0
2026-09-14,3040254793,D145-00-46-2,FLAP ACTUATOR ASSY,PAMALS,REC,,PAMA-LS,439.0
2026-09-14,3040254815,C482001-0402,VACUUM REGULAT,PAMALS,REC,CONDENADO,VEE ONE,439.0
2026-09-14,3040254816,C482001-0402,VACUUM REGULAT,PAMALS,REC,CONDENADO,VEE ONE,439.0
2026-09-14,3040254820,2641011-5,AXLE-MAIN GEAR,BAMN,OS concluída,,,
2026-09-14,3040254817,2641011-5,AXLE-MAIN GEAR,BABE,OS concluída,,,
2026-09-14,3040254818,2641011-5,AXLE-MAIN GEAR,BABE,OS concluída,,,
2026-09-14,3040254819,2641011-5,AXLE-MAIN GEAR,BANT,OS concluída,,,
2026-09-14,3040254796,30994-001,BATTERY-MARATHON TSP410 NICAD,BAMN,OS concluída,,,
2026-09-14,3040254789,452-0133,"BATTERY,NONRECHARGEABLE",BAMN,REC,CONDENADO,VEE ONE,439.0
2026-09-14,3040254788,452-0133,"BATTERY,NONRECHARGEABLE",BAMN,REC,CONDENADO,VEE ONE,439.0
2026-09-14,3040254787,452-0133,"BATTERY PACK,AIRCRAFT",DACTA II,REC,CONDENADO,VEE ONE,439.0
2026-09-14,3040254786,452-0133,"BATTERY PACK,AIRCRAFT",BAMN,REC,CONDENADO,VEE ONE,439.0
2026-09-14,3040254785,452-0133,"BATTERY,NONRECHARGEABLE",BAMN,REC,CONDENADO,VEE ONE,439.0
2026-09-14,3040254784,452-0133,"BATTERY,NONRECHARGEABLE",DACTA II,REC,CONDENADO,VEE ONE,439.0
2026-09-14,3040255326,011-00916-00,DISPLAY UNIT GDU 1040A,BAMN,REC,,BAMN,430.0
2026-09-14,3040255319,702801-5,FUEL PUMP,PAMASP,REC,EM REPARO,VEE ONE,430.0
2026-09-14,3040255321,8210-002,"GOVERNOR,CONSTANT SPEED DRIVE",PAMALS,OS concluída,,,
2026-09-14,3040255461,DAAS-A-010-1,ADAS-D PROCESSOR,PAMALS,REC,EM REPARO,VEE ONE,426.0
2026-09-14,3040255589,071-01519-0101,"RECEIVER-EXCITER,RADAR",BANT,REC,,PROCURANDO,424.0
2026-09-14,3040255590,071-01519-0101,"RECEIVER-EXCITER,RADAR",PAMALS,OS concluída,,,
2026-09-14,3040255706,C661064-0237,AIRSPEED INDICATOR,BAMN,OS concluída,,,
2026-09-14,3040256114,5934PAD-3,"ALTIMETER,PRESSURE",PAMALS,REC,EM REPARO,VEE ONE,410.0
2026-09-14,3040256119,011-00878-10,GSA-81 TORQUE SERVO,BAPV,REC,EM REPARO,LEAP,410.0
2026-09-14,3040256112,011-00883-20,RADAR GWX 68 WEATHER,BABE,REC,,BAMN,410.0
2026-09-14,3040256115,5934PAD-3,"ALTIMETER,PRESSURE",PAMALS,OS concluída,,,
2026-09-14,3040256118,011-00878-10,GSA-81 TORQUE SERVO,BAPV,REC,,BACO,410.0
2026-09-14,3040256120,011-00916-10,"DISPLAY UNIT,FLIGHT INFORMATION",BAMN,OS concluída,,,
2026-09-14,3040256314,066-4010-12,RECEIVER VOR/LOC (KNS81),EEAR,REC,EM REPARO,LEAP,397.0
2026-09-14,3040256311,3121248-03,"VALVE ASSEMBLY,COMPRESSOR BLEED",PAMALS,OS concluída,,,
2026-09-14,3040256704,C661064-0237,AIRSPEED INDICATOR,PAMALS,OS concluída,,,
2026-09-14,3040256707,D210507,"GOVERNOR,OVERSPEED",PAMALS,OS concluída,,,
2026-09-14,3040256708,D210507,"GOVERNOR,OVERSPEED",PAMALS,REC,REPARADO,VEE ONE,388.0
2026-09-14,3040256702,C661064-0237,AIRSPEED INDICATOR,BABR,OS concluída,,,
2026-09-14,3040256703,C661064-0237,AIRSPEED INDICATOR,PAMALS,OS concluída,,,
2026-09-14,3040256662,030-18200,MAIN WHEEL BRAKE,BASM,OS concluída,,,
2026-09-14,3040256665,161-11700,INNER WHEEL HALF ASSY,BABV,OS concluída,,,
2026-09-14,3040256666,161-11700,INNER WHEEL HALF ASSY,PAMALS,OS concluída,,,
2026-09-14,3040256667,161-11700,INNER WHEEL HALF ASSY,PAMALS,OS concluída,,,
2026-09-14,3040256668,161-11700,INNER WHEEL HALF ASSY,PAMALS,OS concluída,,,
2026-09-14,3040256669,161-11700,INNER WHEEL HALF ASSY,PAMALS,OS concluída,,,
2026-09-14,3040256670,161-11700,INNER WHEEL HALF ASSY,PAMALS,OS concluída,,,
2026-09-14,3040256671,161-11700,INNER WHEEL HALF ASSY,PAMALS,REC,,PAMA-LS,388.0
2026-09-14,3040256698,030-18200,MAIN WHEEL BRAKE,PAMASP,REC,,BABE,388.0
2026-09-14,3040256713,030-18200,MAIN WHEEL BRAKE,ALA 3,REC,,BAMN,388.0
2026-09-14,3040256694,162-11800,WHEEL HALF ASSY-OUTER,BANT,OS concluída,,,
2026-09-14,3040256696,162-11800,WHEEL HALF ASSY-OUTER,PAMALS,REC,,PAMA-LS,388.0
2026-09-14,3040256672,161-12800,WHEEL HALF ASSY-INNER,PAMALS,OS concluída,,PAMA-LS,
2026-09-14,3040256675,161-12800,WHEEL HALF ASSY-INNER,BANT,OS concluída,,,
2026-09-14,3040256792,011-00877-00,"GSA-80 SERVO ROL,YAW,SPEC",BAMN,REC,,PROCURANDO,388.0
2026-09-14,3040256787,011-00877-00,"GSA-80 SERVO ROL,YAW,SPEC",PAMALS,REC,EM REPARO,VEE ONE,388.0
2026-09-14,3040256828,011-00883-20,RADAR GWX 68 WEATHER,PAMALS,REC,,PAMA-LS,388.0
2026-09-14,3040256709,3121248-03,"VALVE ASSEMBLY,COMPRESSOR BLEED",PAMASP,REC,,BANT,385.0
2026-09-14,3040256673,161-12800,WHEEL HALF ASSY-INNER,PAMALS,REC,CONDENADO,VEE ONE,385.0
2026-09-14,3040257095,011-01105-01,INTEGRATED AVIONICS UNIT GIA63W,BABE,REC,EM REPARO,VEE ONE,381.0
2026-09-14,3040257096,011-01105-01,INTEGRATED AVIONICS UNIT GIA63W,BABE,REC,,BAMN,381.0
2026-09-14,3040257093,065-00183-0501,AUTOPILOT COMPUTER KFC225,BABE,REC,,BANT,381.0
2026-09-14,3040257094,065-00183-0501,AUTOPILOT COMPUTER KFC225,BABE,REC,,BANT,381.0
2026-09-14,3040257443,161-12800,WHEEL HALF ASSY-INNER,ALA 3,AUT,,,369.0
2026-09-14,3040257442,C163030-1001,MAIN W BRAKE A,BAMN,OS concluída,,BAMN,
2026-09-14,3040257452,3244809-8,"FUEL CONTROL,MAIN,TURBINE ENGINE",BAPV,OS concluída,,,
2026-09-14,3040257454,EA-5172-45-CES,"INDICATOR,AIRSPEED",BACG,OS concluída,,,
2026-09-14,3040257453,EA-5172-45-CES,"INDICATOR,AIRSPEED",ALA 7,REC,DEVOLVIDO NO ESTADO,WILLIAM,362.0
2026-09-14,3040257451,3244809-7,"FUEL CONTROL,MAIN,TURBINE ENGINE",PAMASP,REC,,BANT,362.0
2026-09-14,3040257450,3244809-4,"FUEL CONTROL,MAIN,TURBINE ENGINE",PAMASP,OS concluída,EM REPARO,LEAP,
2026-09-14,3040257438,030-18200,MAIN WHEEL BRAKE,BAMN,REC,REPARADO,VEE ONE,362.0
2026-09-14,3040257444,162-10700,OUTER WHEEL HALF ASSY,PAMALS,OS concluída,,,
2026-09-14,3040257447,162-10700,OUTER WHEEL HALF ASSY,PAMALS,OS concluída,,,
2026-09-14,3040257436,30994-001,BATTERY-MARATHON TSP410 NICAD,PAMALS,OS concluída,,PAMA-LS,
2026-09-14,3040257441,030-18200,MAIN WHEEL BRAKE,BAPV,REC,,BAMN,362.0
2026-09-14,3040257440,030-18200,MAIN WHEEL BRAKE,BANT,REC,CONDENADO,VEE ONE,362.0
2026-09-14,3040257439,030-18200,MAIN WHEEL BRAKE,BAMN,REC,,BAMN,362.0
2026-09-14,3040258306,D210507,"GOVERNOR,OVERSPEED",PAMALS,REC,EM REPARO,LEAP,342.0
2026-09-14,3040258310,D210507,"GOVERNOR,OVERSPEED",BACO,OS concluída,,,
2026-09-14,3040258309,D210507,"GOVERNOR,OVERSPEED",BAMN,REC,EM REPARO,LEAP,342.0
2026-09-14,3040258308,D210507,"GOVERNOR,OVERSPEED",BAMN,OS concluída,,,
2026-09-14,3040258307,D210507,"GOVERNOR,OVERSPEED",ALA 5,OS concluída,,,
2026-09-14,3040258303,011-00877-00,"GSA-80 SERVO ROL,YAW,SPEC",DACTA II,REC,EM REPARO,VEE ONE,342.0
2026-09-14,3040258422,2601188-8,COMPRESSOR DRIVE ASSY R134A,PAMASP,REC,,PROCURANDO,340.0
2026-09-14,3040258419,011-00877-00,"GSA-80 SERVO ROL,YAW,SPEC",DACTA II,REC,EM REPARO,VEE ONE,340.0
2026-09-14,3040258420,011-00877-00,"GSA-80 SERVO ROL,YAW,SPEC",BACO,REC,EM REPARO,VEE ONE,340.0
2026-09-14,3040258421,011-00877-00,"GSA-80 SERVO ROL,YAW,SPEC",BABE,REC,,BACO,340.0
2026-09-14,3040258764,069-01034-0102,"NAVIGATION SET,SATELLITE SIGNALS KLN-94",PAMALS,REC,,BANT,333.0
2026-09-14,3040259152,066-01141-5101,"TRANSPONDER,RADAR",BABE,REC,,BANT,314.0
2026-09-14,3040259151,066-01141-5101,"TRANSPONDER,RADAR",BANT,REC,,BANT,314.0
2026-09-14,3040259251,064-1019-05,VHF TRANSCEIVE KY196,EEAR,REC,,EEAR,312.0
2026-09-14,3040259146,1U149-015-15,HORIZ. GYRO-STADBY,PAMALS,REC,EM REPARO,VEE ONE,311.0
2026-09-14,3040259147,162-10700,OUTER WHEEL HALF ASSY,BANT,REC,EM REPARO,AMA - VEE ONE,311.0
2026-09-14,3040259148,3049038-03,"VALVE,COMPRESSOR BLEED",BANT,OS concluída,,,
2026-09-14,3040259316,2606015-4,INDICATOR-OIL TEMP/OIL PRESS,BACG,REC,,PAMA-LS,308.0
2026-09-14,3040259564,C414007-0102,BLOWER ASSY,PAMALS,OS concluída,,,
2026-09-14,3040259568,C414007-0102,BLOWER ASSY,ALA 10,OS concluída,,,
2026-09-14,3040259570,C414007-0102,BLOWER ASSY,ALA 10,OS concluída,,,
2026-09-14,3040259694,025323-150,FUEL PUMP,PAMASP,REC,,BACO,300.0
2026-09-14,3040259922,C414007-0102,BLOWER ASSY,BANT,REC,,PAMA-LS,293.0
2026-09-14,3040259928,C414007-0102,BLOWER ASSY,PAMALS,REC,EM REPARO,VEE ONE,293.0
2026-09-14,3040259924,C414007-0102,BLOWER ASSY,BACG,REC,EM REPARO,VEE ONE,293.0
2026-09-14,3040259918,C414007-0102,BLOWER ASSY,ALA 10,OS concluída,,VEE ONE,
2026-09-14,3040259950,065-0060-01,"CONTROL,SERVO,AUTOMATIC PILOT",PAMALS,REC,EM REPARO,LEAP,293.0
2026-09-14,3040259949,065-0060-01,"CONTROL,SERVO,AUTOMATIC PILOT",PAMALS,REC,EM REPARO,LEAP,293.0
2026-09-14,3040259947,066-3046-07,"CONTROL,INDICATOR",EEAR,OS concluída,,,
2026-09-14,3040259946,066-3046-07,"CONTROL,INDICATOR",BANT,REC,,BANT,293.0
2026-09-14,3040259944,066-3046-07,"CONTROL,INDICATOR",EEAR,REC,,PAMA-LS,293.0
2026-09-14,3040260209,011-00916-00,DISPLAY UNIT GDU 1040A,PAMALS,REC,,BAMN,279.0
2026-09-14,3040260208,324843-W020,HEADSET-MICROPHONE,PAMALS,REC,VAI SER DEVOLVIDO SEM REPARO,WILLIAM,279.0
2026-09-14,3040260204,324843-W020,HEADSET-MICROPHONE,PAMALS,OS concluída,,,
2026-09-14,3040260205,324843-W020,HEADSET-MICROPHONE,PAMALS,OS concluída,,,
2026-09-14,3040260388,SD5H14C4527,AIR COMPRESSOR,PAMALS,REC,EM REPARO,VEE ONE,272.0
2026-09-14,3040260382,065-00183-0501,AUTOPILOT COMPUTER KFC225,BANT,REC,,BANT,272.0
2026-09-14,3040260389,SD5H14C4527,AIR COMPRESSOR,PAMALS,REC,EM REPARO,VEE ONE,272.0
2026-09-14,3040260517,ASG12000-2,ALTERNATOR,PAMALS,OS concluída,,,
2026-09-14,3040260524,51539-012M,CONTROL UNIT ASSY-GENERATOR,BANT,REC,,BACG,269.0
2026-09-14,3040260516,ASG12000-2,ALTERNATOR,PAMALS,REC,,V1 PAMA-LS,269.0
2026-09-14,3040260523,9910592-2,ALTERNADOR,BAMN,OS concluída,,babr,
2026-09-14,3040260522,9910592-2,ALTERNADOR,BAMN,REC,,dacta II,269.0
2026-09-14,3040260547,161-12800,WHEEL HALF ASSY-INNER,EPCAR,OS concluída,,BABE,
2026-09-14,3040260545,161-11700,INNER WHEEL HALF ASSY,BACG,OS concluída,,,
2026-09-14,3040260544,161-11700,INNER WHEEL HALF ASSY,BANT,OS concluída,,,
2026-09-14,3040260546,161-12800,WHEEL HALF ASSY-INNER,PAMALS,REC,,,251.0
2026-09-14,3040260548,161-11700,INNER WHEEL HALF ASSY,CLA,OS concluída,,,
2026-09-14,3040260549,162-10700,OUTER WHEEL HALF ASSY,BACG,OS concluída,,,
2026-09-14,3040260550,162-10700,OUTER WHEEL HALF ASSY,CLA,OS concluída,,,
2026-09-14,3040260551,162-11800,WHEEL HALF ASSY-OUTER,BANT,REC,,,251.0
2026-09-14,3040260552,30994-001,BATTERY-MARATHON TSP410 NICAD,BABE,OS concluída,,PAMA-LS,
2026-09-14,3040260543,324843-W020,HEADSET-MICROPHONE,PAMALS,REC,,PAMA-LS,251.0
2026-09-14,3040260542,324843-W020,HEADSET-MICROPHONE,PAMALS,REC,,BABE,251.0
2026-09-14,3040260541,324843-W020,HEADSET-MICROPHONE,PAMALS,OS concluída,,,
2026-09-14,3040260540,324843-W020,HEADSET-MICROPHONE,PAMALS,OS concluída,,,
2026-09-14,3040260538,324843-W020,HEADSET-MICROPHONE,PAMALS,REC,,BABE,251.0
2026-09-14,3040260539,324843-W020,HEADSET-MICROPHONE,PAMALS,REC,,BABE,251.0
2026-09-14,3040260595,9910586-4,FLAP ACTUATOR AND MOTOR ASSEMBLY,7 ETA,REC,,BAMN,251.0
2026-09-14,3040260597,9910586-4,FLAP ACTUATOR AND MOTOR ASSEMBLY,BAPV,OS concluída,,BABR,
2026-09-14,3040260583,3244897-4,FUEL CONTROL UNIT,PAMALS,OS concluída,,,
2026-09-14,3040260750,3122678-04,FUEL CONTROL UNIT,PAMASP,REC,,BANT,243.0
2026-09-14,3040260752,3244897-4,FUEL CONTROL UNIT,PAMASP,OS concluída,,,
2026-09-14,3040260753,3244809-7,"FUEL CONTROL,MAIN,TURBINE ENGINE",PAMASP,OS concluída,,,
2026-09-14,3040260754,3244809-1,"FUEL CONTROL,MAIN,TURBINE ENGINE",PAMASP,REC,EM QUARENTENA,LEAP,243.0
2026-09-14,3040254794,C145-350,"MOTOR,DIRECT CURRENT",PAMALS,OS concluída,,,
2026-09-14,3040260913,064-1054-30,RECEIVER-TRANSMITTER SUBASSEMBLY,EPCAR,REC,,V1 PAMA-LS,231.0
2026-09-14,3040260915,064-1054-30,RECEIVER-TRANSMITTER SUBASSEMBLY,PAMALS,REC,,BABR,231.0
2026-09-14,3040260811,3034792,BOMBA DE COMBUSTÍVEL,BAPV,OS concluída,,BABR,
2026-09-14,3040260812,3034792,BOMBA DE COMBUSTÍVEL,BACG,OS concluída,,,
2026-09-14,3040260922,162-11800,WHEEL HALF ASSY-OUTER,PAMALS,OS concluída,,,
2026-09-14,3040260923,030-18200,MAIN WHEEL BRAKE,BACO,REC,REPARADO,VEE ONE,229.0
2026-09-14,3040261389,3034792,BOMBA DE COMBUSTÍVEL,PAMASP,OS concluída,REPARADO,V1 PAMA-LS,
2026-09-14,3040261388,3034792,BOMBA DE COMBUSTÍVEL,BABR,OS concluída,,,
2026-09-14,3040261387,3034792,BOMBA DE COMBUSTÍVEL,BABR,OS concluída,,,
2026-09-14,3040261371,TFF2905-13,FUEL FLOW TRANSDUCER,ALA 8,REC,,PAMA-LS,216.0
2026-09-14,3040261375,C661065-0240RX,"INDICATOR, AIRSPEED",BACG,REC,EM REPARO,WILLIAM,216.0
2026-09-14,3040261373,C661065-0240,AIRSPEED INDICATOR,BABE,REC,,PAMA-LS,216.0
2026-09-14,3040261322,011-00831-00,"ENGINE INTERFA,SPEC",BAPV,REC,,VEE ONE,216.0
2026-09-14,3040261326,011-00882-10,"COMPUTER,AIR DATA",BAMN,OS concluída,,,
2026-09-14,3040261324,011-00882-10,"COMPUTER,AIR DATA",BAMN,OS concluída,,,
2026-09-14,3040261327,064-1054-30,RECEIVER-TRANSMITTER SUBASSEMBLY,PAMASP,REC,,PAMA-LS,216.0
2026-09-14,3040261336,066-01141-0101,"RECEIVER,RADIO",BANT,REC,,PAMA-LS,216.0
2026-09-14,3040261334,065-0065-01,SELECTOR ALT,BANT,REC,,PAMA-LS,216.0
2026-09-14,3040261331,065-0061-36,ACTUATOR TRIM (KS272A),PAMASP,OS concluída,,BABR,
2026-09-14,3040261329,065-0061-36,ACTUATOR TRIM (KS272A),ALA 10,OS concluída,,,
2026-09-14,3040261335,065-0065-01,SELECTOR ALT,BANT,REC,,PAMA-LS,216.0
2026-09-14,3040261342,066-3084-02,COLOR RADAR INDICATOR,BABV,REC,,PAMA-LS,216.0
2026-09-14,3040261340,066-1053-00,"RECEIVER,RADIO",BASM,REC,,PAMA-LS,216.0
2026-09-14,3040261377,066-3054-01,INDICATOR RADAR ALTIMETER - TYPE KI250,PAMALS,REC,EM REPARO,WILLIAM,216.0
2026-09-14,3040261376,066-1061-03,RT RADAR ALTIM (KRA10A),PAMALS,REC,PARA REPARO,VEE ONE,216.0
2026-09-14,3040261352,1134380-4,EVAPORATOR MODULE ASSY-RH,BAMN,REC,CONDENADO,VEE ONE,216.0
2026-09-14,3040261347,071-1234-00,ANTENNA ACCESSORY,ALA 1,REC,EM REPARO,WILLIAM,216.0
2026-09-14,3040261344,066-4010-12,RECEIVER VOR/LOC (KNS81),ALA 10,REC,EM REPARO,WILLIAM,216.0
2026-09-14,3040261353,1H75-21,PRESSURE REGULATOR,BAMN,OS concluída,,BAMN,
2026-09-14,3040261357,2682001-1,BRAKE CYL MAST,BABE,OS concluída,,,
2026-09-14,3040261356,2670104-2,ANNUNCIATOR PANEL,PAMALS,OS concluída,,,
2026-09-14,3040261355,2643100-201,NOSE GEAR STRUT ASSY - TALL FORK,BABR,OS concluída,,,
2026-09-14,3040261354,2643100-201,NOSE GEAR STRUT ASSY - TALL FORK,BANT,REC,EM REPARO,AV AERONAUTICA,216.0
2026-09-14,3040261364,8210-002-01,GOVERNOR PROPELLER,PAMASP,REC,REPARADO,VEE ONE,216.0
2026-09-14,3040261627,S3828-1,ALTIMETER,BAMN,REC,,PAMA-LS,202.0
2026-09-14,3040261628,S3828-1,ALTIMETER,BABE,REC,REPARADO,V1 PAMA-LS,202.0
2026-09-14,3040261851,51539-012MRX,CONTROL UNIT ASSY-GENERATOR,BABE,REC,EM REPARO,VEE ONE,194.0
2026-09-14,3040261852,51539-012MRX,CONTROL UNIT ASSY-GENERATOR,BABE,REC,EM REPARO,VEE ONE,194.0
2026-09-14,3040261843,3034792,BOMBA DE COMBUSTÍVEL,PAMALS,REC,EM REPARO,VEE ONE,189.0
2026-09-14,3040262245,200SGL119Q-2,STARTER GENERATOR,BAMN,OS concluída,,,
2026-09-14,3040262246,200SGL119Q-2,STARTER GENERATOR,BAMN,OS concluída,,,
2026-09-14,3040262273,324843-W020,HEADSET-MICROPHONE,BABE,OS concluída,,,
2026-09-14,3040262275,324843-W020,HEADSET-MICROPHONE,BANT,OS concluída,,,
2026-09-14,3040262363,066-1055-00,AUDIO CONTROL PANEL,ALA 5,OS concluída,,,
2026-09-14,3040262367,066-1055-00,AUDIO CONTROL PANEL,ALA 9,REC,,WILLIAM,172.0
2026-09-14,3040262368,066-1055-00,AUDIO CONTROL PANEL,CLA,OS concluída,,,
2026-09-14,3040262372,51539-012M,CONTROL UNIT ASSY-GENERATOR,BANT,REC,,PAMA-LS,172.0
2026-09-14,3040262371,51539-012N,CONTROL UNIT ASSY-GENERATOR,BANT,REC,,PAMA-LS,172.0
2026-09-14,3040262419,065-0061-36,ACTUATOR TRIM (KS272A),ALA 9,REC,EM REPARO,WILLIAM,167.0
2026-09-14,3040262734,C352,PORTABLE HALON FIRE EXTINGUISHERS,ALA 5,REC,EM REPARO,AV AERONAUTICA,154.0
2026-09-14,3040262738,C352TS,"EXTINGUISHER,FIRE",BANT,REC,,AV AERONÁUTICA,154.0
2026-09-14,3040262739,C352TS,"EXTINGUISHER,FIRE",BANT,REC,,AV AERONÁUTICA,154.0
2026-09-14,3040262740,C352TS,"EXTINGUISHER,FIRE",PAMALS,REC,,AV AERONÁUTICA,154.0
2026-09-14,3040262766,011-00883-20,RADAR GWX 68 WEATHER,BAMN,OS concluída,,V1 PAMA-LS,
2026-09-14,3040262765,011-00883-20,RADAR GWX 68 WEATHER,BAMN,REC,,V1 PAMA-LS,154.0
2026-09-14,3040262772,011-01020-10,AFCS MODE CONTROLLER GMC 710,BAMN,REC,,PAMA-LS,154.0
2026-09-14,3040262770,011-01020-10,AFCS MODE CONTROLLER GMC 710,BAMN,REC,,PAMA-LS,154.0
2026-09-14,3040262773,011-01020-10,AFCS MODE CONTROLLER GMC 710,BAMN,REC,,PAMA-LS,154.0
2026-09-14,3040262746,066-1070-01,TRANSCEIVER DME (KN63),BABE,REC,EM REPARO,WILLIAM,154.0
2026-09-14,3040262745,064-1019-05,VHF TRANSCEIVE KY196,EEAR,REC,EM REPARO,VEE ONE,154.0
2026-09-14,3040262747,066-1072-00,RECEIVER ADF (KING KR87),ALA 7,REC,EM REPARO,WILLIAM,154.0
2026-09-14,3040262748,066-3046-07,"CONTROL,INDICATOR",BABR,REC,,BANT,154.0
2026-09-14,3040262769,066-3046-07,"CONTROL,INDICATOR",BABR,REC,,BANT,154.0
2026-09-14,3040262768,066-3046-07,"CONTROL,INDICATOR",EEAR,OS concluída,,BABR,
2026-09-14,3040262767,066-3046-07,"CONTROL,INDICATOR",EEAR,REC,EM REPARO,LEAP,154.0
2026-09-14,3040262791,066-3060-00,IND RMI KNI582,BANT,OS concluída,,,
2026-09-14,3040262630,161-11700,INNER WHEEL HALF ASSY,BANT,REC,,PAMA-LS,154.0
2026-09-14,3040262792,066-3060-00,IND RMI KNI582,BANT,REC,EM REPARO,LEAP,154.0
2026-09-14,3040262634,162-10700,OUTER WHEEL HALF ASSY,BANT,OS concluída,,PAMA-LS,
2026-09-14,3040262632,161-12800,WHEEL HALF ASSY-INNER,BANT,OS concluída,REPARADO,VEE ONE,
2026-09-14,3040262633,161-12800,WHEEL HALF ASSY-INNER,BANT,OS concluída,,,
2026-09-14,3040262635,162-11800,WHEEL HALF ASSY-OUTER,EPCAR,OS concluída,,,
2026-09-14,3040262637,162-11800,WHEEL HALF ASSY-OUTER,BANT,REC,REPARADO,VEE ONE,154.0
2026-09-14,3040262636,162-11800,WHEEL HALF ASSY-OUTER,BANT,OS concluída,REPARADO,VEE ONE,
2026-09-14,3040262646,200SGL119Q,STARTER GENERATOR,PAMASP,OS concluída,,,
2026-09-14,3040262639,200SGL119Q,STARTER GENERATOR,PAMASP,OS concluída,,PAMA-LS,
2026-09-14,3040262638,200SGL119Q,STARTER GENERATOR,PAMALS,REC,EM REPARO,AV AERONAUTICA,154.0
2026-09-14,3040262757,2606015-2,IND OIL TEMP/P,PAMALS,REC,EM REPARO,VEE ONE,154.0
2026-09-14,3040262706,2641011-5,AXLE-MAIN GEAR,BAMN,REC,,BANT,154.0
2026-09-14,3040262707,2641011-5,AXLE-MAIN GEAR,BABV,OS concluída,REPARADO,VEE ONE,
2026-09-14,3040262717,2641011-5,AXLE-MAIN GEAR,BANT,OS concluída,REPARADO,VEE ONE,
2026-09-14,3040262714,2641011-5,AXLE-MAIN GEAR,BAPV,REC,,BANT,154.0
2026-09-14,3040262713,2641011-5,AXLE-MAIN GEAR,BAPV,OS concluída,,,
2026-09-14,3040262712,2641011-5,AXLE-MAIN GEAR,BABR,REC,,BANT,154.0
2026-09-14,3040262711,2641011-5,AXLE-MAIN GEAR,BABR,REC,,BANT,154.0
2026-09-14,3040262709,2641011-5,AXLE-MAIN GEAR,PAMALS,REC,,BANT,154.0
2026-09-14,3040262708,2641011-5,AXLE-MAIN GEAR,PAMALS,REC,,BANT,154.0
2026-09-14,3040262744,3244809-1A,F.C.U,PAMALS,REC,EM REPARO,LEAP,154.0
2026-09-14,3040262758,9910338-4,FUEL TOTALIZER INDICATOR,PAMALS,REC,EM REPARO,VEE ONE,154.0
2026-09-14,3040262759,9910338-6,"TRANSMITTER,RATE OF FLOW",BAMN,REC,,PAMA-LS,154.0
2026-09-14,3040262760,9910338-6,"TRANSMITTER,RATE OF FLOW",BANT,REC,EM REPARO,VEE ONE,154.0
2026-09-14,3040262966,2682001-1,BRAKE CYL MAST,BACO,OS concluída,,PAMA-LS,
2026-09-14,3040262967,2682001-1,BRAKE CYL MAST,PAMALS,REC,,PAMA-LS,152.0
2026-09-14,3040262968,2682001-1,BRAKE CYL MAST,BANT,OS concluída,,PAMA-LS,
2026-09-14,3040262969,2682001-1,BRAKE CYL MAST,BABE,REC,,PAMA-LS,152.0
2026-09-14,3040263069,453-5060,ELT C406-N,BABE,OS concluída,,,
2026-09-14,3040263283,D145-00-46-2,FLAP ACTUATOR ASSY,PAMALS,REC,,,137.0
2026-09-14,3040263284,D145-00-46-2,FLAP ACTUATOR ASSY,BAFL,REC,,,137.0
2026-09-14,3040263324,069-01033-0101,"RECEIVER-TRANSMITTER,RADIO",PAMALS,REC,EM REPARO,LEAP,137.0
2026-09-14,3040263287,C661065-0237,AIRSPEED INDICATOR,BABR,OS concluída,,,
2026-09-14,3040263288,C661065-0237,AIRSPEED INDICATOR,PAMASP,OS concluída,,,
2026-09-14,3040263314,060-0017-00,FLIGHT DIR HOR,EEAR,REC,EM REPARO,LEAP,137.0
2026-09-14,3040263319,066-1055-00,AUDIO CONTROL PANEL,BABE,OS concluída,,,
2026-09-14,3040263317,060-0017-00,FLIGHT DIR HOR,PAMASP,REC,,BANT,137.0
2026-09-14,3040263316,060-0017-00,FLIGHT DIR HOR,BANT,REC,,BANT,137.0
2026-09-14,3040263320,066-1055-00,AUDIO CONTROL PANEL,PAMALS,REC,EM REPARO,AV AERONAUTICA,137.0
2026-09-14,3040263325,069-01033-0101,"RECEIVER-TRANSMITTER,RADIO",PAMALS,REC,,,137.0
2026-09-14,3040263335,C611008-0101,ALTERNATOR CONTROL UNIT,PAMALS,REC,,BANT,137.0
2026-09-14,3040263336,C611008-0101,ALTERNATOR CONTROL UNIT,PAMALS,REC,,BANT,137.0
2026-09-14,3040263286,C661065-0237,AIRSPEED INDICATOR,BANT,REC,,PAMA-LS,137.0
2026-09-14,3040263322,066-1055-00,AUDIO CONTROL PANEL,ALA 9,REC,EM REPARO,WILLIAM,137.0
2026-09-14,3040263326,069-01033-0101,"RECEIVER-TRANSMITTER,RADIO",PAMALS,REC,,BANT,137.0
2026-09-14,3040263315,060-0017-00,FLIGHT DIR HOR,BACG,OS concluída,,BABR,
2026-09-14,3040263334,011-00916-10,"DISPLAY UNIT,FLIGHT INFORMATION",BACO,REC,,WILLIAM,137.0
2026-09-14,3040263333,011-00916-10,"DISPLAY UNIT,FLIGHT INFORMATION",BACO,OS concluída,,BAMN,
2026-09-14,3040263332,011-00916-10,"DISPLAY UNIT,FLIGHT INFORMATION",BAMN,OS concluída,,,
2026-09-14,3040263331,C661064-0237,AIRSPEED INDICATOR,PAMALS,REC,,PAMA-LS,137.0
2026-09-14,3040263329,C661064-0237,AIRSPEED INDICATOR,PAMALS,REC,,PAMA-LS,137.0
2026-09-14,3040263328,C661064-0237,AIRSPEED INDICATOR,BABR,REC,EM REPARO,WILLIAM,137.0
2026-09-14,3040263327,C661064-0237,AIRSPEED INDICATOR,BABR,REC,EM REPARO,WILLIAM,137.0
2026-09-14,3040263330,C661064-0237,AIRSPEED INDICATOR,PAMALS,REC,,PAMA-LS,137.0
2026-09-14,3040263338,C611008-0101,ALTERNATOR CONTROL UNIT,PAMALS,REC,,V1 PAMA-LS,137.0
2026-09-14,3040263433,066-03064-0005,"ALTIMETER,SERVO CONTROLLED,AUTOMATIC PRESSURE",BACG,REC,,PAMA-LS,131.0
2026-09-14,3040263435,066-03064-0005,"ALTIMETER,SERVO CONTROLLED,AUTOMATIC PRESSURE",BANT,REC,,PAMA-LS,131.0
2026-09-14,3040263434,066-03064-0005,"ALTIMETER,SERVO CONTROLLED,AUTOMATIC PRESSURE",PAMASP,REC,,PAMA-LS,131.0
2026-09-14,3040263417,069-01033-0101,"RECEIVER-TRANSMITTER,RADIO",PAMALS,REC,EM REPARO,WILLIAM,131.0
2026-09-14,3040263416,069-01033-0101,"RECEIVER-TRANSMITTER,RADIO",BASM,REC,EM REPARO,WILLIAM,131.0
2026-09-14,3040263415,069-01033-0101,"RECEIVER-TRANSMITTER,RADIO",BABR,REC,,BANT,131.0
2026-09-14,3040263447,066-3046-07,"CONTROL,INDICATOR",CLA,OS concluída,,BABR,
2026-09-14,3040263443,3244897-4,FUEL CONTROL UNIT,PAMALS,REC,EM REPARO,LEAP,130.0
2026-09-14,3040263444,3244897-4,FUEL CONTROL UNIT,PAMALS,REC,EM REPARO,LEAP,130.0
2026-09-14,3040263577,060-0015-00,"CONTROL,DIRECTIONAL,AUTOMATIC PILOT",ALA 5,REC,,WILLIAM,125.0
2026-09-14,3040263574,066-1072-04,"RECEIVER,RADIO",BABE,REC,EM REPARO,WILLIAM,125.0
2026-09-14,3040263576,066-1072-04,"RECEIVER,RADIO",BAMN,OS concluída,,WILLIAM,
2026-09-14,3040263575,066-1072-04,"RECEIVER,RADIO",BABE,REC,EM REPARO,WILLIAM,125.0
2026-09-14,3040263573,066-3084-32,IND RDR 2000 IN-182A,PAMALS,REC,,BABR,125.0
2026-09-14,3040263571,066-3084-32,IND RDR 2000 IN-182A,PAMALS,REC,,BANT,125.0
2026-09-14,3040263572,066-3084-32,IND RDR 2000 IN-182A,PAMALS,REC,EM REPARO,WILLIAM,125.0
2026-09-14,3040263448,2618510-10,ALTERNATOR CONTROL UNIT ASSY,BABE,REC,EM REPARO,WILLIAM,125.0
2026-09-14,3040263449,2618510-10,ALTERNATOR CONTROL UNIT ASSY,PAMALS,REC,,BANT,125.0
2026-09-14,3040263877,2641011-5,AXLE-MAIN GEAR,CLA,REC,REPARADO,VEE ONE,115.0
2026-09-14,3040263878,2641011-5,AXLE-MAIN GEAR,CLA,REC,,BABE,115.0
2026-09-14,3040264243,069-01033-0101,"RECEIVER-TRANSMITTER,RADIO",PAMALS,REC,EM REPARO,WILLIAM,108.0
2026-09-14,3040264244,069-01033-0101,"RECEIVER-TRANSMITTER,RADIO",PAMASP,REC,EM REPARO,WILLIAM,108.0
2026-09-14,3040264246,060-0017-00,FLIGHT DIR HOR,PAMALS,REC,,BABR,108.0
2026-09-14,3040264237,200SGL119Q-2,STARTER GENERATOR,BAMN,REC,EM REPARO,AV AERONAUTICA,108.0
2026-09-14,3040264236,200SGL119Q-2,STARTER GENERATOR,BABE,OS concluída,,BABE,
2026-09-14,3040264121,3244897-4,FUEL CONTROL UNIT,BABE,OS concluída,EM REPARO,LEAP,
2026-09-14,3040264263,9910338-8,"INDICATOR,FUEL FLOW",PAMALS,OS concluída,,BABR,
2026-09-14,3040264262,9910338-8,"INDICATOR,FUEL FLOW",BABV,REC,,PAMA-LS,108.0
2026-09-14,3040264242,324843-2020,HEADSET-MICROPHONE,BABE,OS concluída,,BAMN,
2026-09-14,3040264264,324843-2020,HEADSET-MICROPHONE,DACTA II,OS concluída,,BAMN,
2026-09-14,3040264238,324843-2020,HEADSET-MICROPHONE,DACTA II,OS concluída,,,
2026-09-14,3040264241,324843-2020,HEADSET-MICROPHONE,DACTA II,OS concluída,,BAMN,
2026-09-14,3040264240,324843-2020,HEADSET-MICROPHONE,DACTA II,OS concluída,,BAMN,
2026-09-14,3040264122,3244809-8,"FUEL CONTROL,MAIN,TURBINE ENGINE",BABE,OS concluída,,BABR,
2026-09-14,3040263797,066-3046-07,"CONTROL,INDICATOR",BABE,REC,EM REPARO,WILLIAM,108.0
2026-09-14,3040263798,066-3046-07,"CONTROL,INDICATOR",PAMASP,OS concluída,,,
2026-09-14,3040263799,066-3046-07,"CONTROL,INDICATOR",PAMASP,REC,EM REPARO,WILLIAM,108.0
2026-09-14,3040263795,071-01519-0101,"RECEIVER-EXCITER,RADAR",PAMALS,REC,,BANT,108.0
2026-09-14,3040263796,071-01519-0101,"RECEIVER-EXCITER,RADAR",PAMALS,REC,EM REPARO,WILLIAM,108.0
2026-09-14,3040264579,060-0017-00,FLIGHT DIR HOR,BABR,OS concluída,,,
2026-09-14,3040264577,060-0017-00,FLIGHT DIR HOR,PAMALS,REC,,,96.0
2026-09-14,3040264573,060-0017-00,FLIGHT DIR HOR,BANT,REC,,,96.0
2026-09-14,3040264574,060-0017-00,FLIGHT DIR HOR,BANT,REC,,,96.0
2026-09-14,3040264576,060-0017-00,FLIGHT DIR HOR,PAMALS,REC,,,96.0
2026-09-14,3040264572,060-0017-00,FLIGHT DIR HOR,PAMASP,REC,,,96.0
2026-09-14,3040264647,1H75-21,PRESSURE REGULATOR,BAMN,REC,,,91.0
2026-09-14,3040264646,1H75-21,PRESSURE REGULATOR,PAMASP,REC,,,91.0
2026-09-14,3040264645,1H75-21,PRESSURE REGULATOR,PAMASP,REC,,,91.0
2026-09-14,3040264643,1H75-21,PRESSURE REGULATOR,PAMASP,OS concluída,,,
2026-09-14,3040264707,3244809-7,"FUEL CONTROL,MAIN,TURBINE ENGINE",BABE,OS concluída,,,
2026-09-14,3040264709,540-1407-4,"VALVE,BLEED,TURBINEENGINE",PAMASP,REC,,,91.0
2026-09-14,3040264710,200SGL153Q,"STARTER-GENERATOR,ENGINE,AIRCRAFT",CLA,OS concluída,,,
2026-09-14,3040264711,200SGL153Q,"STARTER-GENERATOR,ENGINE,AIRCRAFT",PAMASP,OS concluída,,,
2026-09-14,3040264712,200SGL153Q,"STARTER-GENERATOR,ENGINE,AIRCRAFT",BACG,REC,,,91.0
2026-09-14,3040264718,9910338-8,"INDICATOR,FUEL FLOW",PAMALS,REC,,,91.0
2026-09-14,3040264719,S3326-2,"INDICATOR,HORIZONTAL SITUATION",ALA 8,REC,,,91.0
2026-09-14,3040264720,S3326-2,"INDICATOR,HORIZONTAL SITUATION",PAMALS,REC,,,91.0
2026-09-14,3040264721,S3326-2,"INDICATOR,HORIZONTAL SITUATION",PAMASP,REC,,,91.0
2026-09-14,3040264724,2606013-1AM,INDICADOR PERCENTUAL RPM,BABV,REC,,,91.0
2026-09-14,3040264725,2606013-1AM,INDICADOR PERCENTUAL RPM,BABR,REC,,,91.0
2026-09-14,3040264726,2606015-4,INDICATOR-OIL TEMP/OIL PRESS,BANT,REC,,,91.0
2026-09-14,3040264727,C661051-0201,GYRO HORIZON,ALA 10,REC,,,91.0
2026-09-14,3040264728,504-0111-906,GYRO HORIZON,PAMALS,OS concluída,,,
2026-09-14,3040264729,504-0111-906,GYRO HORIZON,BACG,OS concluída,,,
2026-09-14,3040264730,8210-003,"GOVERNOR,FUEL CONTROL",PAMASP,REC,,,91.0
2026-09-14,3040264731,8210-002,"GOVERNOR,CONSTANT SPEED DRIVE",PAMASP,REC,,,91.0
2026-09-14,3040264732,8210-002,"GOVERNOR,CONSTANT SPEED DRIVE",BAMN,REC,,,91.0
2026-09-14,3040264733,030-18200,MAIN WHEEL BRAKE,BAMN,REC,,,91.0
2026-09-14,3040264734,030-18200,MAIN WHEEL BRAKE,BAMN,REC,,,91.0
2026-09-14,3040264735,161-11700,INNER WHEEL HALF ASSY,PAMALS,REC,,,91.0
2026-09-14,3040264736,161-12800,WHEEL HALF ASSY-INNER,BABR,REC,,,91.0
2026-09-14,3040264737,161-12800,WHEEL HALF ASSY-INNER,PAMALS,AUT,,,91.0
2026-09-14,3040264738,162-10700,OUTER WHEEL HALF ASSY,BACO,AUT,,,91.0
2026-09-14,3040264807,011-01105-01,INTEGRATED AVIONICS UNIT GIA63W,ALA 8,REC,,,83.0
2026-09-14,3040264808,011-01105-01,INTEGRATED AVIONICS UNIT GIA63W,BAMN,REC,,,83.0
2026-09-14,3040264907,011-00916-10,"DISPLAY UNIT,FLIGHT INFORMATION",BAMN,REC,,,76.0
2026-09-14,3040264908,011-00916-10,"DISPLAY UNIT,FLIGHT INFORMATION",BABV,OS concluída,,,
2026-09-14,3040264974,3244809-8,"FUEL CONTROL,MAIN,TURBINE ENGINE",BAMN,REC,,,74.0
2026-09-14,3040264961,3244897-4,FUEL CONTROL UNIT,CLA,OS concluída,,,
2026-09-14,3040264960,3034792,BOMBA DE COMBUSTÍVEL,CLA,OS concluída,,,
2026-09-14,3040265144,011-01020-10,AFCS MODE CONTROLLER GMC 710,BABE,REC,,,68.0
2026-09-14,3040265140,011-01020-10,AFCS MODE CONTROLLER GMC 710,BABE,REC,,,68.0
2026-09-14,3040265482,066-3084-32,IND RDR 2000 IN-182A,BABR,REC,,,53.0
2026-09-14,3040265484,066-3084-32,IND RDR 2000 IN-182A,BANT,REC,,,53.0
2026-09-14,3040265485,066-3084-32,IND RDR 2000 IN-182A,BABR,REC,,,53.0
2026-09-14,3040265526,ASG12000-2,ALTERNATOR,PAMALS,REC,,,49.0
2026-09-14,3040265525,ASG12000-2,ALTERNATOR,BABR,REC,,,49.0
2026-09-14,3040265527,9910592-2,ALTERNADOR,BABR,REC,,,49.0
2026-09-14,3040265533,3122678-04,FUEL CONTROL UNIT,BABR,REC,,,49.0
2026-09-14,3040265532,C611505-0201,ALTERNATOR,BANT,REC,,,49.0
2026-09-14,3040265530,C611505-0201,ALTERNATOR,BABV,REC,,,49.0
2026-09-14,3040265528,9910592-2,ALTERNADOR,BABR,REC,,,49.0
2026-09-14,3040265724,3244897-4,FUEL CONTROL UNIT,CLA,REC,,,48.0
2026-09-14,3040265474,C611008-0101,ALTERNATOR CONTROL UNIT,PAMALS,REC,,,46.0
2026-09-14,3040265475,C611008-0101,ALTERNATOR CONTROL UNIT,BABV,REC,,,46.0
2026-09-14,3040265476,C611008-0101,ALTERNATOR CONTROL UNIT,PAMALS,REC,,,46.0
2026-09-14,3040265477,C611008-0101,ALTERNATOR CONTROL UNIT,PAMALS,REC,,,46.0
2026-09-14,3040265576,011-00916-10,"DISPLAY UNIT,FLIGHT INFORMATION",BAMN,REC,,,45.0
2026-09-14,3040265580,011-00916-00,DISPLAY UNIT GDU 1040A,PAMALS,REC,,,49.0
2026-09-14,3040265581,011-00916-00,DISPLAY UNIT GDU 1040A,PAMALS,REC,,,49.0
2026-09-14,3040265589,EA-5175-52-CES,INDICATOR TRUE,BABV,REC,,,49.0
2026-09-14,3040265590,EA-5175-52-CES,INDICATOR TRUE,BASM,REC,,,49.0
2026-09-14,3040265591,EA-5175-52-CES,INDICATOR TRUE,BABV,REC,,,49.0
2026-09-14,3040265592,EA-5175-52-CES,INDICATOR TRUE,BABV,REC,,,49.0
2026-09-14,3040265668,9910592-2,ALTERNADOR,PAMALS,OS concluída,,,
2026-09-14,3040265678,9910592-2,ALTERNADOR,BAMN,REC,,,49.0
2026-09-14,3040265679,C611505-0201,ALTERNATOR,PAMALS,REC,,,49.0
2026-09-14,3040265680,C611505-0201,ALTERNATOR,ALA 8,REC,,,49.0
2026-09-14,3040265726,071-01519-0101,"RECEIVER-EXCITER,RADAR",PAMALS,REC,,,48.0
2026-09-14,3040265727,071-01519-0101,"RECEIVER-EXCITER,RADAR",CLA,REC,,,48.0
2026-09-14,3040265728,C163030-1001,MAIN W BRAKE A,BAMN,REC,,,48.0
2026-09-14,3040265731,066-3046-07,"CONTROL,INDICATOR",BABR,REC,,,48.0
2026-09-14,3040265732,066-3046-07,"CONTROL,INDICATOR",BANT,REC,,,48.0
2026-09-14,3040265734,066-3046-07,"CONTROL,INDICATOR",EEAR,REC,,,48.0
2026-09-14,3040265735,066-3046-07,"CONTROL,INDICATOR",CLA,REC,,,48.0
2026-09-14,3040265736,C611008-0101,ALTERNATOR CONTROL UNIT,BABV,REC,,,48.0
2026-09-14,3040265737,C611008-0101,ALTERNATOR CONTROL UNIT,EEAR,REC,,,48.0
2026-09-14,3040265738,C611008-0101,ALTERNATOR CONTROL UNIT,PAMALS,REC,,,48.0
2026-09-14,3040265739,C611008-0101,ALTERNATOR CONTROL UNIT,BANT,REC,,,48.0
2026-09-14,3040265740,C611008-0101,ALTERNATOR CONTROL UNIT,BABE,REC,,,48.0
2026-09-14,3040265741,C611008-0101,ALTERNATOR CONTROL UNIT,BABR,REC,,,48.0
2026-09-14,3040265742,066-1072-04,"RECEIVER,RADIO",BACG,REC,,,48.0
2026-09-14,3040265743,066-1072-04,"RECEIVER,RADIO",BAMN,REC,,,48.0
2026-09-14,3040265744,066-1072-04,"RECEIVER,RADIO",PAMALS,REC,,,48.0
2026-09-14,3040265745,066-3084-32,IND RDR 2000 IN-182A,PAMALS,REC,,,48.0
2026-09-14,3040265746,066-3084-32,IND RDR 2000 IN-182A,PAMALS,REC,,,48.0
2026-09-14,3040265747,30994-001,BATTERY-MARATHON TSP410 NICAD,PAMALS,AUT,,,48.0
2026-09-14,3040265748,30994-001,BATTERY-MARATHON TSP410 NICAD,PAMALS,AUT,,,48.0
2026-09-14,3040265749,30994-001,BATTERY-MARATHON TSP410 NICAD,PAMALS,AUT,,,48.0
2026-09-14,3040265750,30994-001,BATTERY-MARATHON TSP410 NICAD,PAMALS,AUT,,,48.0
2026-09-14,3040265751,30994-001,BATTERY-MARATHON TSP410 NICAD,PAMALS,AUT,,,48.0
2026-09-14,3040265752,2641011-5,AXLE-MAIN GEAR,BAMN,REC,,,48.0
2026-09-14,3040265753,2641011-5,AXLE-MAIN GEAR,BAMN,REC,,,48.0
2026-09-14,3040265754,161-11700,INNER WHEEL HALF ASSY,BACO,AUT,,,48.0
2026-09-14,3040265755,161-12800,WHEEL HALF ASSY-INNER,BABE,REC,,,48.0
2026-09-14,3040265757,066-01141-0101,"RECEIVER,RADIO",PAMALS,REC,,,48.0
2026-09-14,3040265758,066-01141-0101,"RECEIVER,RADIO",PAMALS,REC,,,48.0
2026-09-14,3040265759,C660501-0103,"COMPASS,SPEC",DACTA II,REC,,,48.0
2026-09-14,3040265769,023694-000,BATTERY NICKEL CADMIUM,BAPV,REC,,,47.0
2026-09-14,3040265771,2651023-23,ENGINE MOUNT ASSEMBLY,PAMALS,REC,,,47.0
2026-09-14,3040265772,2651023-23,ENGINE MOUNT ASSEMBLY,PAMALS,REC,,,47.0
2026-09-14,3040265892,324843-0020,HEADSET-MICROPHONE,PAMALS,REC,,,42.0
2026-09-14,3040265893,324843-0020,HEADSET-MICROPHONE,PAMALS,OS concluída,,,
2026-09-14,3040265894,324843-0020,HEADSET-MICROPHONE,PAMALS,REC,,,42.0
2026-09-14,3040265895,324843-0020,HEADSET-MICROPHONE,PAMALS,REC,,,42.0
2026-09-14,3040265946,011-00870-00,MAGNETOMETER GMU 44,BAMN,REC,,,39.0
2026-09-14,3040265947,011-00870-00,MAGNETOMETER GMU 44,BAMN,REC,,,39.0
2026-09-14,3040266034,C662041-0102,INDICATOR FUEL,BABE,REC,,,35.0
2026-09-14,3040266040,C662041-0102,INDICATOR FUEL,PAMALS,REC,,,35.0
2026-09-14,3040266036,C662041-0102,INDICATOR FUEL,PAMALS,REC,,,35.0
2026-09-14,3040266035,C662041-0102,INDICATOR FUEL,PAMALS,REC,,,27.0
2026-09-14,3040266039,C662041-0102,INDICATOR FUEL,BANT,REC,,,27.0
2026-09-14,3040266041,C662041-0102,INDICATOR FUEL,PAMALS,REC,,,27.0
2026-09-14,3040266307,069-01033-0101,"RECEIVER-TRANSMITTER,RADIO",PAMALS,REC,,,25.0
2026-09-14,3040266308,069-01033-0101,"RECEIVER-TRANSMITTER,RADIO",BANT,REC,,,25.0
2026-09-14,3040266306,069-01033-0101,"RECEIVER-TRANSMITTER,RADIO",BACG,REC,,,25.0
2026-09-14,3040266307,069-01033-0101,"RECEIVER-TRANSMITTER,RADIO",PAMALS,REC,,,25.0
2026-09-14,3040266308,069-01033-0101,"RECEIVER-TRANSMITTER,RADIO",BANT,REC,,,25.0
2026-09-14,3040266568,C662504-0101,GAGE VOLT AMME,PAMALS,REC,,,14.0
2026-09-14,3040266567,C662504-0101,GAGE VOLT AMME,ALA 9,REC,,,14.0
2026-09-14,3040266566,C662504-0101,GAGE VOLT AMME,PAMALS,REC,,,14.0
2026-09-14,3040266569,C662504-0101,GAGE VOLT AMME,BABV,REC,,,14.0
2026-09-15,3040249831,066-01141-5101,"RECEIVER-TRANSMITTER,RADIO (KT71)",PAMALS,REC,EM REPARO,LEAP,582.0
2026-09-15,3040250248,452-0133,"BATTERY,NONRECHARGEABLE",BABR,REC,CONDENADO,VEE ONE,566.0
2026-09-15,3040250249,452-0133,"BATTERY,NONRECHARGEABLE",BAMN,REC,CONDENADO,VEE ONE,566.0
2026-09-15,3040250234,3034792,BOMBA DE COMBUSTÍVEL,PAMALS,REC,,BANT,566.0
2026-09-15,3040250816,453-5060,"BEACON,DISTRESS",BAMN,REC,,PAMA-LS,544.0
2026-09-15,3040250830,799-1,TRANSDUCER,BACO,REC,,BANT,544.0
2026-09-15,3040250829,51539-012N,CONTROL UNIT ASSY-GENERATOR,BAMN,OS concluída,,,
2026-09-15,3040250828,51539-012N,CONTROL UNIT ASSY-GENERATOR,BACG,REC,,BABR,544.0
2026-09-15,3040250827,51539-012N,CONTROL UNIT ASSY-GENERATOR,BANT,REC,,BABR,544.0
2026-09-15,3040250831,799-1,TRANSDUCER,BANT,REC,,BANT,544.0
2026-09-15,3040250833,9910586-4,FLAP ACTUATOR AND MOTOR ASSEMBLY,ALA 3,REC,,BAMN,544.0
2026-09-15,3040250834,9910586-4,FLAP ACTUATOR AND MOTOR ASSEMBLY,ALA 3,OS concluída,,,
2026-09-15,3040250832,9910338-4,FUEL TOTALIZER INDICATOR,EEAR,REC,,PAMA-LS,544.0
2026-09-15,3040250835,ASG12000-2,ALTERNATOR,ALA 5,REC,REPARADO,V1 PAMA-LS,544.0
2026-09-15,3040250841,C661030-0301,TURN BANK,PAMALS,REC,EM REPARO,LEAP,544.0
2026-09-15,3040250842,C662041-0102,INDICATOR FUEL,ALA 5,REC,,PAMA-LS,544.0
2026-09-15,3040250844,C662041-0102,INDICATOR FUEL,ALA 9,REC,,PAMA-LS,544.0
2026-09-15,3040250843,C662041-0102,INDICATOR FUEL,ALA 10,OS concluída,,,
2026-09-15,3040250719,060-0017-00,FLIGHT DIR HOR,PAMALS,REC,,BANT,544.0
2026-09-15,3040250720,060-0017-00,FLIGHT DIR HOR,BABV,OS concluída,,,
2026-09-15,3040250722,066-01141-5101,"RECEIVER-TRANSMITTER,RADIO (KT71)",ALA 9,REC,EM REPARO,WILLIAM,544.0
2026-09-15,3040250723,066-01141-5101,"RECEIVER-TRANSMITTER,RADIO (KT71)",CLA,REC,,BABR,544.0
2026-09-15,3040250721,060-0017-00,FLIGHT DIR HOR,BANT,OS concluída,,,
2026-09-15,3040250725,066-3046-07,"CONTROL,INDICATOR",ALA 10,OS concluída,,,
2026-09-15,3040250724,066-04035-1101,"DISPLAY UNIT,RADAR",PAMALS,REC,,BANT,544.0
2026-09-15,3040250732,069-1025-25,"RECEIVER-TRANSMITTER,RADIO - KX165",PAMALS,REC,EM REPARO,WILLIAM,544.0
2026-09-15,3040250782,2606012-1,INDICATOR-INTER-TURBINE TEMPERATURE,ALA 9,OS concluída,,,
2026-09-15,3040250775,161-11700,INNER WHEEL HALF ASSY,BABE,OS concluída,,,
2026-09-15,3040250773,161-11700,INNER WHEEL HALF ASSY,EEAR,REC,,BACG,544.0
2026-09-15,3040250718,030-18200,MAIN WHEEL BRAKE,BACO,OS concluída,,,
2026-09-15,3040250716,030-18200,MAIN WHEEL BRAKE,BABV,REC,EM REPARO,LEAP,544.0
2026-09-15,3040250717,030-18200,MAIN WHEEL BRAKE,BACO,OS concluída,,,
2026-09-15,3040250780,162-11800,WHEEL HALF ASSY-OUTER,PAMALS,OS concluída,,,
2026-09-15,3040250781,162-11800,WHEEL HALF ASSY-OUTER,BACG,OS concluída,,,
2026-09-15,3040250778,161-12800,WHEEL HALF ASSY-INNER,BACG,OS concluída,,,
2026-09-15,3040250776,161-12800,WHEEL HALF ASSY-INNER,BABE,OS concluída,,,
2026-09-15,3040250790,2643031-7,"FORK ASSY,NOSE GEAR SPRING",BAMN,OS concluída,,,
2026-09-15,3040250791,2643090-1,SHIMMY DAMPENE,BANT,REC,EM REPARO,AV AERONAUTICA,544.0
2026-09-15,3040250792,2643090-1,SHIMMY DAMPENE,BAMN,REC,REPARADO,V1 PAMA-LS,544.0
2026-09-15,3040250789,2641012-14,TRUNNION ASSY-RH-MAIN GEAR,PAMASP,OS concluída,,,
2026-09-15,3040250793,2643099-4,"SUPPORT ASSY FOWARD, NLG SPRING",BAMN,OS concluída,,,
2026-09-15,3040250798,30994-001,BATTERY-MARATHON TSP410 NICAD,BANT,OS concluída,CONDENADO,AMA - VEE ONE,
2026-09-15,3040252191,C611008-0101,ALTERNATOR CONTROL UNIT,PAMALS,REC,,BABR,511.0
2026-09-15,3040252159,011-00916-00,DISPLAY UNIT GDU 1040A,BAMN,REC,,BAMN,511.0
2026-09-15,3040252161,065-0042-03,COMPUTER PA,ALA 10,REC,EM REPARO,WILLIAM,511.0
2026-09-15,3040252162,065-0042-03,COMPUTER PA,EEAR,REC,,BABE,511.0
2026-09-15,3040252164,065-0042-03,COMPUTER PA,EEAR,REC,EM REPARO,WILLIAM,511.0
2026-09-15,3040252165,065-0042-03,COMPUTER PA,PAMALS,OS concluída,,,
2026-09-15,3040252166,065-0059-01,SERVO PITCH,EEAR,REC,EM REPARO,WILLIAM,511.0
2026-09-15,3040252168,066-03064-0005,"ALTIMETER,SERVO CONTROLLED,AUTOMATIC PRESSURE",ALA 9,OS concluída,,,
2026-09-15,3040252173,066-03064-0005,"ALTIMETER,SERVO CONTROLLED,AUTOMATIC PRESSURE",BANT,REC,EM REPARO,LEAP,511.0
2026-09-15,3040252172,066-03064-0005,"ALTIMETER,SERVO CONTROLLED,AUTOMATIC PRESSURE",PAMALS,REC,NO ESTADO,VEE ONE,511.0
2026-09-15,3040252170,066-03064-0005,"ALTIMETER,SERVO CONTROLLED,AUTOMATIC PRESSURE",ALA 7,REC,NO ESTADO,VEE ONE,511.0
2026-09-15,3040252178,066-1072-00,RECEIVER ADF (KING KR87),PAMALS,OS concluída,,,
2026-09-15,3040252182,066-1072-04,"RECEIVER,RADIO",ALA 9,OS concluída,,,
2026-09-15,3040252181,066-1072-04,"RECEIVER,RADIO",PAMASP,REC,EM REPARO,WILLIAM,511.0
2026-09-15,3040252180,066-1072-04,"RECEIVER,RADIO",ALA 8,OS concluída,,,
2026-09-15,3040252185,066-1072-04,"RECEIVER,RADIO",BAMN,OS concluída,,,
2026-09-15,3040252189,9910338-6,"TRANSMITTER,RATE OF FLOW",ALA 8,OS concluída,,,
2026-09-15,3040252190,9910338-6,"TRANSMITTER,RATE OF FLOW",BABR,OS concluída,,,
2026-09-15,3040252160,011-01020-10,AFCS MODE CONTROLLER GMC 710,BAMN,OS concluída,,,
2026-09-15,3040252939,C163030-1001,MAIN W BRAKE A,BABV,REC,,BAMN,481.0
2026-09-15,3040252936,030-18200,MAIN WHEEL BRAKE,BACO,REC,,PAMA-LS,481.0
2026-09-15,3040252935,030-18200,MAIN WHEEL BRAKE,BAMN,OS concluída,,,
2026-09-15,3040252940,30-182,MAIN WHEEL BRAKE,BABV,OS concluída,,,
2026-09-15,3040252942,30-182,MAIN WHEEL BRAKE,BAMN,OS concluída,,,
2026-09-15,3040252943,30-182,MAIN WHEEL BRAKE,BAMN,OS concluída,,,
2026-09-15,3040253170,161-12800,WHEEL HALF ASSY-INNER,BASM,OS concluída,,,
2026-09-15,3040253168,161-12800,WHEEL HALF ASSY-INNER,BASM,REC,,PAMA-LS,477.0
2026-09-15,3040253172,161-12800,WHEEL HALF ASSY-INNER,PAMALS,REC,,PAMA-LS,477.0
2026-09-15,3040253174,161-12800,WHEEL HALF ASSY-INNER,PAMALS,OS concluída,,,
2026-09-15,3040253173,161-12800,WHEEL HALF ASSY-INNER,PAMALS,REC,EM REPARO,LEAP,477.0
2026-09-15,3040253176,162-10700,OUTER WHEEL HALF ASSY,BABE,OS concluída,,,
2026-09-15,3040253177,162-10700,OUTER WHEEL HALF ASSY,BABV,REC,,PAMA-LS,477.0
2026-09-15,3040253178,162-10700,OUTER WHEEL HALF ASSY,PAMALS,REC,,PROCURANDO,477.0
2026-09-15,3040253179,162-11800,WHEEL HALF ASSY-OUTER,CLA,OS concluída,,,
2026-09-15,3040253181,162-11800,WHEEL HALF ASSY-OUTER,PAMALS,OS concluída,,,
2026-09-15,3040253180,162-11800,WHEEL HALF ASSY-OUTER,BASM,REC,,PROCURANDO,477.0
2026-09-15,3040253182,162-11800,WHEEL HALF ASSY-OUTER,PAMALS,REC,,PAMA-LS,477.0
2026-09-15,3040253536,2641012-14,TRUNNION ASSY-RH-MAIN GEAR,PAMALS,OS concluída,,,
2026-09-15,3040253529,066-03064-0005,"ALTIMETER,SERVO CONTROLLED,AUTOMATIC PRESSURE",DSM-MN,REC,DEVOLVIDO NO ESTADO,WILLIAM,467.0
2026-09-15,3040253528,066-03064-0005,"ALTIMETER,SERVO CONTROLLED,AUTOMATIC PRESSURE",BANT,OS concluída,,,
2026-09-15,3040253532,799-1,TRANSDUCER,PAMALS,REC,,BANT,467.0
2026-09-15,3040253535,2643099-4,"SUPPORT ASSY FOWARD, NLG SPRING",BABE,REC,CONDENADO,VEE ONE,467.0
2026-09-15,3040253531,799-1,TRANSDUCER,BAMN,REC,,VEE ONE,467.0
2026-09-15,3040253530,799-1,TRANSDUCER,BAMN,REC,,BANT,467.0
2026-09-15,3040253526,30994-001,BATTERY-MARATHON TSP410 NICAD,PAMALS,OS concluída,,PAMA-LS,
2026-09-15,3040253527,30994-001,BATTERY-MARATHON TSP410 NICAD,BAPV,OS concluída,,PAMA-LS,
2026-09-15,3040254195,540-1407-4,"VALVE,BLEED,TURBINEENGINE",PAMALS,REC,,BANT,449.0
2026-09-15,3040254201,2643090-3,SHIMMY DAMPER-NOSE GEAR,PAMALS,REC,,PAMA-LS,449.0
2026-09-15,3040254203,SE1070-6,SHIMMY DAMPENER ASSY,BACGINAT,OS concluída,,,
2026-09-15,3040254205,C660501-0103,"COMPASS,SPEC",PAMALS,REC,,PAMA-LS,449.0
2026-09-15,3040254206,C660501-0103,"COMPASS,SPEC",ALA 8,REC,EM REPARO EM GARANTIA,WILLIAM,449.0
2026-09-15,3040254208,C660501-0103,"COMPASS,SPEC",BABV,REC,,PAMA-LS,449.0
2026-09-15,3040254210,799-1,TRANSDUCER,BANT,REC,,BANT,449.0
2026-09-15,3040254792,2606013-1RX,INDICATOR-PERCENT RPM,BABR,REC,,BANT,440.0
2026-09-15,3040254770,069-1025-25,"RECEIVER-TRANSMITTER,RADIO - KX165",ALA 9,REC,EM REPARO,WILLIAM,440.0
2026-09-15,3040254799,453-5000-710,EMERGENCY LOCATOR TRANSMITTER MODEL C406-2,PAMASP,OS concluída,,,
2026-09-15,3040254806,C352TS,"EXTINGUISHER,FIRE",PAMALS,REC,,PAMA-LS,440.0
2026-09-15,3040254805,C352TS,"EXTINGUISHER,FIRE",PAMALS,OS concluída,,,
2026-09-15,3040254810,C352TS,"EXTINGUISHER,FIRE",PAMALS,OS concluída,,,
2026-09-15,3040254809,C352TS,"EXTINGUISHER,FIRE",PAMAGL,OS concluída,,,
2026-09-15,3040254803,C352TS,"EXTINGUISHER,FIRE",2 ETA,REC,,PAMA-LS,440.0
2026-09-15,3040254808,C352TS,"EXTINGUISHER,FIRE",BABR,REC,,PAMA-LS,440.0
2026-09-15,3040254795,D145-00-46-2,FLAP ACTUATOR ASSY,BABE,REC,,PAMA-LS,440.0
2026-09-15,3040254793,D145-00-46-2,FLAP ACTUATOR ASSY,PAMALS,REC,,PAMA-LS,440.0
2026-09-15,3040254815,C482001-0402,VACUUM REGULAT,PAMALS,REC,CONDENADO,VEE ONE,440.0
2026-09-15,3040254816,C482001-0402,VACUUM REGULAT,PAMALS,REC,CONDENADO,VEE ONE,440.0
2026-09-15,3040254820,2641011-5,AXLE-MAIN GEAR,BAMN,OS concluída,,,
2026-09-15,3040254817,2641011-5,AXLE-MAIN GEAR,BABE,OS concluída,,,
2026-09-15,3040254818,2641011-5,AXLE-MAIN GEAR,BABE,OS concluída,,,
2026-09-15,3040254819,2641011-5,AXLE-MAIN GEAR,BANT,OS concluída,,,
2026-09-15,3040254796,30994-001,BATTERY-MARATHON TSP410 NICAD,BAMN,OS concluída,,,
2026-09-15,3040254789,452-0133,"BATTERY,NONRECHARGEABLE",BAMN,REC,CONDENADO,VEE ONE,440.0
2026-09-15,3040254788,452-0133,"BATTERY,NONRECHARGEABLE",BAMN,REC,CONDENADO,VEE ONE,440.0
2026-09-15,3040254787,452-0133,"BATTERY PACK,AIRCRAFT",DACTA II,REC,CONDENADO,VEE ONE,440.0
2026-09-15,3040254786,452-0133,"BATTERY PACK,AIRCRAFT",BAMN,REC,CONDENADO,VEE ONE,440.0
2026-09-15,3040254785,452-0133,"BATTERY,NONRECHARGEABLE",BAMN,REC,CONDENADO,VEE ONE,440.0
2026-09-15,3040254784,452-0133,"BATTERY,NONRECHARGEABLE",DACTA II,REC,CONDENADO,VEE ONE,440.0
2026-09-15,3040255326,011-00916-00,DISPLAY UNIT GDU 1040A,BAMN,REC,,BAMN,431.0
2026-09-15,3040255319,702801-5,FUEL PUMP,PAMASP,REC,EM REPARO,VEE ONE,431.0
2026-09-15,3040255321,8210-002,"GOVERNOR,CONSTANT SPEED DRIVE",PAMALS,OS concluída,,,
2026-09-15,3040255461,DAAS-A-010-1,ADAS-D PROCESSOR,PAMALS,REC,EM REPARO,VEE ONE,427.0
2026-09-15,3040255589,071-01519-0101,"RECEIVER-EXCITER,RADAR",BANT,REC,,PROCURANDO,425.0
2026-09-15,3040255590,071-01519-0101,"RECEIVER-EXCITER,RADAR",PAMALS,OS concluída,,,
2026-09-15,3040255706,C661064-0237,AIRSPEED INDICATOR,BAMN,OS concluída,,,
2026-09-15,3040256114,5934PAD-3,"ALTIMETER,PRESSURE",PAMALS,REC,EM REPARO,VEE ONE,411.0
2026-09-15,3040256119,011-00878-10,GSA-81 TORQUE SERVO,BAPV,REC,EM REPARO,LEAP,411.0
2026-09-15,3040256112,011-00883-20,RADAR GWX 68 WEATHER,BABE,REC,,BAMN,411.0
2026-09-15,3040256115,5934PAD-3,"ALTIMETER,PRESSURE",PAMALS,OS concluída,,,
2026-09-15,3040256118,011-00878-10,GSA-81 TORQUE SERVO,BAPV,REC,,BACO,411.0
2026-09-15,3040256120,011-00916-10,"DISPLAY UNIT,FLIGHT INFORMATION",BAMN,OS concluída,,,
2026-09-15,3040256314,066-4010-12,RECEIVER VOR/LOC (KNS81),EEAR,REC,EM REPARO,LEAP,398.0
2026-09-15,3040256311,3121248-03,"VALVE ASSEMBLY,COMPRESSOR BLEED",PAMALS,OS concluída,,,
2026-09-15,3040256704,C661064-0237,AIRSPEED INDICATOR,PAMALS,OS concluída,,,
2026-09-15,3040256707,D210507,"GOVERNOR,OVERSPEED",PAMALS,OS concluída,,,
2026-09-15,3040256708,D210507,"GOVERNOR,OVERSPEED",PAMALS,REC,REPARADO,VEE ONE,389.0
2026-09-15,3040256702,C661064-0237,AIRSPEED INDICATOR,BABR,OS concluída,,,
2026-09-15,3040256703,C661064-0237,AIRSPEED INDICATOR,PAMALS,OS concluída,,,
2026-09-15,3040256662,030-18200,MAIN WHEEL BRAKE,BASM,OS concluída,,,
2026-09-15,3040256665,161-11700,INNER WHEEL HALF ASSY,BABV,OS concluída,,,
2026-09-15,3040256666,161-11700,INNER WHEEL HALF ASSY,PAMALS,OS concluída,,,
2026-09-15,3040256667,161-11700,INNER WHEEL HALF ASSY,PAMALS,OS concluída,,,
2026-09-15,3040256668,161-11700,INNER WHEEL HALF ASSY,PAMALS,OS concluída,,,
2026-09-15,3040256669,161-11700,INNER WHEEL HALF ASSY,PAMALS,OS concluída,,,
2026-09-15,3040256670,161-11700,INNER WHEEL HALF ASSY,PAMALS,OS concluída,,,
2026-09-15,3040256671,161-11700,INNER WHEEL HALF ASSY,PAMALS,REC,,PAMA-LS,389.0
2026-09-15,3040256698,030-18200,MAIN WHEEL BRAKE,PAMASP,REC,,BABE,389.0
2026-09-15,3040256713,030-18200,MAIN WHEEL BRAKE,ALA 3,REC,,BAMN,389.0
2026-09-15,3040256694,162-11800,WHEEL HALF ASSY-OUTER,BANT,OS concluída,,,
2026-09-15,3040256696,162-11800,WHEEL HALF ASSY-OUTER,PAMALS,REC,,PAMA-LS,389.0
2026-09-15,3040256672,161-12800,WHEEL HALF ASSY-INNER,PAMALS,OS concluída,,PAMA-LS,
2026-09-15,3040256675,161-12800,WHEEL HALF ASSY-INNER,BANT,OS concluída,,,
2026-09-15,3040256792,011-00877-00,"GSA-80 SERVO ROL,YAW,SPEC",BAMN,REC,,PROCURANDO,389.0
2026-09-15,3040256787,011-00877-00,"GSA-80 SERVO ROL,YAW,SPEC",PAMALS,REC,EM REPARO,VEE ONE,389.0
2026-09-15,3040256828,011-00883-20,RADAR GWX 68 WEATHER,PAMALS,REC,,PAMA-LS,389.0
2026-09-15,3040256709,3121248-03,"VALVE ASSEMBLY,COMPRESSOR BLEED",PAMASP,REC,,BANT,386.0
2026-09-15,3040256673,161-12800,WHEEL HALF ASSY-INNER,PAMALS,REC,CONDENADO,VEE ONE,386.0
2026-09-15,3040257095,011-01105-01,INTEGRATED AVIONICS UNIT GIA63W,BABE,REC,EM REPARO,VEE ONE,382.0
2026-09-15,3040257096,011-01105-01,INTEGRATED AVIONICS UNIT GIA63W,BABE,REC,,BAMN,382.0
2026-09-15,3040257093,065-00183-0501,AUTOPILOT COMPUTER KFC225,BABE,REC,,BANT,382.0
2026-09-15,3040257094,065-00183-0501,AUTOPILOT COMPUTER KFC225,BABE,REC,,BANT,382.0
2026-09-15,3040257443,161-12800,WHEEL HALF ASSY-INNER,ALA 3,AUT,,,370.0
2026-09-15,3040257442,C163030-1001,MAIN W BRAKE A,BAMN,OS concluída,,BAMN,
2026-09-15,3040257452,3244809-8,"FUEL CONTROL,MAIN,TURBINE ENGINE",BAPV,OS concluída,,,
2026-09-15,3040257454,EA-5172-45-CES,"INDICATOR,AIRSPEED",BACG,OS concluída,,,
2026-09-15,3040257453,EA-5172-45-CES,"INDICATOR,AIRSPEED",ALA 7,REC,DEVOLVIDO NO ESTADO,WILLIAM,363.0
2026-09-15,3040257451,3244809-7,"FUEL CONTROL,MAIN,TURBINE ENGINE",PAMASP,REC,,BANT,363.0
2026-09-15,3040257450,3244809-4,"FUEL CONTROL,MAIN,TURBINE ENGINE",PAMASP,OS concluída,EM REPARO,LEAP,
2026-09-15,3040257438,030-18200,MAIN WHEEL BRAKE,BAMN,REC,REPARADO,VEE ONE,363.0
2026-09-15,3040257444,162-10700,OUTER WHEEL HALF ASSY,PAMALS,OS concluída,,,
2026-09-15,3040257447,162-10700,OUTER WHEEL HALF ASSY,PAMALS,OS concluída,,,
2026-09-15,3040257436,30994-001,BATTERY-MARATHON TSP410 NICAD,PAMALS,OS concluída,,PAMA-LS,
2026-09-15,3040257441,030-18200,MAIN WHEEL BRAKE,BAPV,REC,,BAMN,363.0
2026-09-15,3040257440,030-18200,MAIN WHEEL BRAKE,BANT,REC,CONDENADO,VEE ONE,363.0
2026-09-15,3040257439,030-18200,MAIN WHEEL BRAKE,BAMN,REC,,BAMN,363.0
2026-09-15,3040258306,D210507,"GOVERNOR,OVERSPEED",PAMALS,REC,EM REPARO,LEAP,343.0
2026-09-15,3040258310,D210507,"GOVERNOR,OVERSPEED",BACO,OS concluída,,,
2026-09-15,3040258309,D210507,"GOVERNOR,OVERSPEED",BAMN,REC,EM REPARO,LEAP,343.0
2026-09-15,3040258308,D210507,"GOVERNOR,OVERSPEED",BAMN,OS concluída,,,
2026-09-15,3040258307,D210507,"GOVERNOR,OVERSPEED",ALA 5,OS concluída,,,
2026-09-15,3040258303,011-00877-00,"GSA-80 SERVO ROL,YAW,SPEC",DACTA II,REC,EM REPARO,VEE ONE,343.0
2026-09-15,3040258422,2601188-8,COMPRESSOR DRIVE ASSY R134A,PAMASP,REC,,PROCURANDO,341.0
2026-09-15,3040258419,011-00877-00,"GSA-80 SERVO ROL,YAW,SPEC",DACTA II,REC,EM REPARO,VEE ONE,341.0
2026-09-15,3040258420,011-00877-00,"GSA-80 SERVO ROL,YAW,SPEC",BACO,REC,EM REPARO,VEE ONE,341.0
2026-09-15,3040258421,011-00877-00,"GSA-80 SERVO ROL,YAW,SPEC",BABE,REC,,BACO,341.0
2026-09-15,3040258764,069-01034-0102,"NAVIGATION SET,SATELLITE SIGNALS KLN-94",PAMALS,REC,,BANT,334.0
2026-09-15,3040259152,066-01141-5101,"TRANSPONDER,RADAR",BABE,REC,,BANT,315.0
2026-09-15,3040259151,066-01141-5101,"TRANSPONDER,RADAR",BANT,REC,,BANT,315.0
2026-09-15,3040259251,064-1019-05,VHF TRANSCEIVE KY196,EEAR,REC,,EEAR,313.0
2026-09-15,3040259146,1U149-015-15,HORIZ. GYRO-STADBY,PAMALS,REC,EM REPARO,VEE ONE,312.0
2026-09-15,3040259147,162-10700,OUTER WHEEL HALF ASSY,BANT,REC,EM REPARO,AMA - VEE ONE,312.0
2026-09-15,3040259148,3049038-03,"VALVE,COMPRESSOR BLEED",BANT,OS concluída,,,
2026-09-15,3040259316,2606015-4,INDICATOR-OIL TEMP/OIL PRESS,BACG,REC,,PAMA-LS,309.0
2026-09-15,3040259564,C414007-0102,BLOWER ASSY,PAMALS,OS concluída,,,
2026-09-15,3040259568,C414007-0102,BLOWER ASSY,ALA 10,OS concluída,,,
2026-09-15,3040259570,C414007-0102,BLOWER ASSY,ALA 10,OS concluída,,,
2026-09-15,3040259694,025323-150,FUEL PUMP,PAMASP,REC,,BACO,301.0
2026-09-15,3040259922,C414007-0102,BLOWER ASSY,BANT,REC,,PAMA-LS,294.0
2026-09-15,3040259928,C414007-0102,BLOWER ASSY,PAMALS,REC,EM REPARO,VEE ONE,294.0
2026-09-15,3040259924,C414007-0102,BLOWER ASSY,BACG,REC,EM REPARO,VEE ONE,294.0
2026-09-15,3040259918,C414007-0102,BLOWER ASSY,ALA 10,OS concluída,,VEE ONE,
2026-09-15,3040259950,065-0060-01,"CONTROL,SERVO,AUTOMATIC PILOT",PAMALS,REC,EM REPARO,LEAP,294.0
2026-09-15,3040259949,065-0060-01,"CONTROL,SERVO,AUTOMATIC PILOT",PAMALS,REC,EM REPARO,LEAP,294.0
2026-09-15,3040259947,066-3046-07,"CONTROL,INDICATOR",EEAR,OS concluída,,,
2026-09-15,3040259946,066-3046-07,"CONTROL,INDICATOR",BANT,REC,,BANT,294.0
2026-09-15,3040259944,066-3046-07,"CONTROL,INDICATOR",EEAR,REC,,PAMA-LS,294.0
2026-09-15,3040260209,011-00916-00,DISPLAY UNIT GDU 1040A,PAMALS,REC,,BAMN,280.0
2026-09-15,3040260208,324843-W020,HEADSET-MICROPHONE,PAMALS,REC,VAI SER DEVOLVIDO SEM REPARO,WILLIAM,280.0
2026-09-15,3040260204,324843-W020,HEADSET-MICROPHONE,PAMALS,OS concluída,,,
2026-09-15,3040260205,324843-W020,HEADSET-MICROPHONE,PAMALS,OS concluída,,,
2026-09-15,3040260388,SD5H14C4527,AIR COMPRESSOR,PAMALS,REC,EM REPARO,VEE ONE,273.0
2026-09-15,3040260382,065-00183-0501,AUTOPILOT COMPUTER KFC225,BANT,REC,,BANT,273.0
2026-09-15,3040260389,SD5H14C4527,AIR COMPRESSOR,PAMALS,REC,EM REPARO,VEE ONE,273.0
2026-09-15,3040260517,ASG12000-2,ALTERNATOR,PAMALS,OS concluída,,,
2026-09-15,3040260524,51539-012M,CONTROL UNIT ASSY-GENERATOR,BANT,REC,,BACG,270.0
2026-09-15,3040260516,ASG12000-2,ALTERNATOR,PAMALS,REC,,V1 PAMA-LS,270.0
2026-09-15,3040260523,9910592-2,ALTERNADOR,BAMN,OS concluída,,babr,
2026-09-15,3040260522,9910592-2,ALTERNADOR,BAMN,REC,,dacta II,270.0
2026-09-15,3040260547,161-12800,WHEEL HALF ASSY-INNER,EPCAR,OS concluída,,BABE,
2026-09-15,3040260545,161-11700,INNER WHEEL HALF ASSY,BACG,OS concluída,,,
2026-09-15,3040260544,161-11700,INNER WHEEL HALF ASSY,BANT,OS concluída,,,
2026-09-15,3040260546,161-12800,WHEEL HALF ASSY-INNER,PAMALS,REC,,,252.0
2026-09-15,3040260548,161-11700,INNER WHEEL HALF ASSY,CLA,OS concluída,,,
2026-09-15,3040260549,162-10700,OUTER WHEEL HALF ASSY,BACG,OS concluída,,,
2026-09-15,3040260550,162-10700,OUTER WHEEL HALF ASSY,CLA,OS concluída,,,
2026-09-15,3040260551,162-11800,WHEEL HALF ASSY-OUTER,BANT,REC,,,252.0
2026-09-15,3040260552,30994-001,BATTERY-MARATHON TSP410 NICAD,BABE,OS concluída,,PAMA-LS,
2026-09-15,3040260543,324843-W020,HEADSET-MICROPHONE,PAMALS,REC,,PAMA-LS,252.0
2026-09-15,3040260542,324843-W020,HEADSET-MICROPHONE,PAMALS,REC,,BABE,252.0
2026-09-15,3040260541,324843-W020,HEADSET-MICROPHONE,PAMALS,OS concluída,,,
2026-09-15,3040260540,324843-W020,HEADSET-MICROPHONE,PAMALS,OS concluída,,,
2026-09-15,3040260538,324843-W020,HEADSET-MICROPHONE,PAMALS,REC,,BABE,252.0
2026-09-15,3040260539,324843-W020,HEADSET-MICROPHONE,PAMALS,REC,,BABE,252.0
2026-09-15,3040260595,9910586-4,FLAP ACTUATOR AND MOTOR ASSEMBLY,7 ETA,REC,,BAMN,252.0
2026-09-15,3040260597,9910586-4,FLAP ACTUATOR AND MOTOR ASSEMBLY,BAPV,OS concluída,,BABR,
2026-09-15,3040260583,3244897-4,FUEL CONTROL UNIT,PAMALS,OS concluída,,,
2026-09-15,3040260750,3122678-04,FUEL CONTROL UNIT,PAMASP,REC,,BANT,244.0
2026-09-15,3040260752,3244897-4,FUEL CONTROL UNIT,PAMASP,OS concluída,,,
2026-09-15,3040260753,3244809-7,"FUEL CONTROL,MAIN,TURBINE ENGINE",PAMASP,OS concluída,,,
2026-09-15,3040260754,3244809-1,"FUEL CONTROL,MAIN,TURBINE ENGINE",PAMASP,REC,EM QUARENTENA,LEAP,244.0
2026-09-15,3040254794,C145-350,"MOTOR,DIRECT CURRENT",PAMALS,OS concluída,,,
2026-09-15,3040260913,064-1054-30,RECEIVER-TRANSMITTER SUBASSEMBLY,EPCAR,REC,,V1 PAMA-LS,232.0
2026-09-15,3040260915,064-1054-30,RECEIVER-TRANSMITTER SUBASSEMBLY,PAMALS,REC,,BABR,232.0
2026-09-15,3040260811,3034792,BOMBA DE COMBUSTÍVEL,BAPV,OS concluída,,BABR,
2026-09-15,3040260812,3034792,BOMBA DE COMBUSTÍVEL,BACG,OS concluída,,,
2026-09-15,3040260922,162-11800,WHEEL HALF ASSY-OUTER,PAMALS,OS concluída,,,
2026-09-15,3040260923,030-18200,MAIN WHEEL BRAKE,BACO,REC,REPARADO,VEE ONE,230.0
2026-09-15,3040261389,3034792,BOMBA DE COMBUSTÍVEL,PAMASP,OS concluída,REPARADO,V1 PAMA-LS,
2026-09-15,3040261388,3034792,BOMBA DE COMBUSTÍVEL,BABR,OS concluída,,,
2026-09-15,3040261387,3034792,BOMBA DE COMBUSTÍVEL,BABR,OS concluída,,,
2026-09-15,3040261371,TFF2905-13,FUEL FLOW TRANSDUCER,ALA 8,REC,,PAMA-LS,217.0
2026-09-15,3040261375,C661065-0240RX,"INDICATOR, AIRSPEED",BACG,REC,EM REPARO,WILLIAM,217.0
2026-09-15,3040261373,C661065-0240,AIRSPEED INDICATOR,BABE,REC,,PAMA-LS,217.0
2026-09-15,3040261322,011-00831-00,"ENGINE INTERFA,SPEC",BAPV,REC,,VEE ONE,217.0
2026-09-15,3040261326,011-00882-10,"COMPUTER,AIR DATA",BAMN,OS concluída,,,
2026-09-15,3040261324,011-00882-10,"COMPUTER,AIR DATA",BAMN,OS concluída,,,
2026-09-15,3040261327,064-1054-30,RECEIVER-TRANSMITTER SUBASSEMBLY,PAMASP,REC,,PAMA-LS,217.0
2026-09-15,3040261336,066-01141-0101,"RECEIVER,RADIO",BANT,REC,,PAMA-LS,217.0
2026-09-15,3040261334,065-0065-01,SELECTOR ALT,BANT,REC,,PAMA-LS,217.0
2026-09-15,3040261331,065-0061-36,ACTUATOR TRIM (KS272A),PAMASP,OS concluída,,BABR,
2026-09-15,3040261329,065-0061-36,ACTUATOR TRIM (KS272A),ALA 10,OS concluída,,,
2026-09-15,3040261335,065-0065-01,SELECTOR ALT,BANT,REC,,PAMA-LS,217.0
2026-09-15,3040261342,066-3084-02,COLOR RADAR INDICATOR,BABV,REC,,PAMA-LS,217.0
2026-09-15,3040261340,066-1053-00,"RECEIVER,RADIO",BASM,REC,,PAMA-LS,217.0
2026-09-15,3040261377,066-3054-01,INDICATOR RADAR ALTIMETER - TYPE KI250,PAMALS,REC,EM REPARO,WILLIAM,217.0
2026-09-15,3040261376,066-1061-03,RT RADAR ALTIM (KRA10A),PAMALS,REC,PARA REPARO,VEE ONE,217.0
2026-09-15,3040261352,1134380-4,EVAPORATOR MODULE ASSY-RH,BAMN,REC,CONDENADO,VEE ONE,217.0
2026-09-15,3040261347,071-1234-00,ANTENNA ACCESSORY,ALA 1,REC,EM REPARO,WILLIAM,217.0
2026-09-15,3040261344,066-4010-12,RECEIVER VOR/LOC (KNS81),ALA 10,REC,EM REPARO,WILLIAM,217.0
2026-09-15,3040261353,1H75-21,PRESSURE REGULATOR,BAMN,OS concluída,,BAMN,
2026-09-15,3040261357,2682001-1,BRAKE CYL MAST,BABE,OS concluída,,,
2026-09-15,3040261356,2670104-2,ANNUNCIATOR PANEL,PAMALS,OS concluída,,,
2026-09-15,3040261355,2643100-201,NOSE GEAR STRUT ASSY - TALL FORK,BABR,OS concluída,,,
2026-09-15,3040261354,2643100-201,NOSE GEAR STRUT ASSY - TALL FORK,BANT,REC,EM REPARO,AV AERONAUTICA,217.0
2026-09-15,3040261364,8210-002-01,GOVERNOR PROPELLER,PAMASP,REC,REPARADO,VEE ONE,217.0
2026-09-15,3040261627,S3828-1,ALTIMETER,BAMN,REC,,PAMA-LS,203.0
2026-09-15,3040261628,S3828-1,ALTIMETER,BABE,REC,REPARADO,V1 PAMA-LS,203.0
2026-09-15,3040261851,51539-012MRX,CONTROL UNIT ASSY-GENERATOR,BABE,REC,EM REPARO,VEE ONE,195.0
2026-09-15,3040261852,51539-012MRX,CONTROL UNIT ASSY-GENERATOR,BABE,REC,EM REPARO,VEE ONE,195.0
2026-09-15,3040261843,3034792,BOMBA DE COMBUSTÍVEL,PAMALS,REC,EM REPARO,VEE ONE,190.0
2026-09-15,3040262245,200SGL119Q-2,STARTER GENERATOR,BAMN,OS concluída,,,
2026-09-15,3040262246,200SGL119Q-2,STARTER GENERATOR,BAMN,OS concluída,,,
2026-09-15,3040262273,324843-W020,HEADSET-MICROPHONE,BABE,OS concluída,,,
2026-09-15,3040262275,324843-W020,HEADSET-MICROPHONE,BANT,OS concluída,,,
2026-09-15,3040262363,066-1055-00,AUDIO CONTROL PANEL,ALA 5,OS concluída,,,
2026-09-15,3040262367,066-1055-00,AUDIO CONTROL PANEL,ALA 9,REC,,WILLIAM,173.0
2026-09-15,3040262368,066-1055-00,AUDIO CONTROL PANEL,CLA,OS concluída,,,
2026-09-15,3040262372,51539-012M,CONTROL UNIT ASSY-GENERATOR,BANT,REC,,PAMA-LS,173.0
2026-09-15,3040262371,51539-012N,CONTROL UNIT ASSY-GENERATOR,BANT,REC,,PAMA-LS,173.0
2026-09-15,3040262419,065-0061-36,ACTUATOR TRIM (KS272A),ALA 9,REC,EM REPARO,WILLIAM,168.0
2026-09-15,3040262734,C352,PORTABLE HALON FIRE EXTINGUISHERS,ALA 5,REC,EM REPARO,AV AERONAUTICA,155.0
2026-09-15,3040262738,C352TS,"EXTINGUISHER,FIRE",BANT,REC,,AV AERONÁUTICA,155.0
2026-09-15,3040262739,C352TS,"EXTINGUISHER,FIRE",BANT,REC,,AV AERONÁUTICA,155.0
2026-09-15,3040262740,C352TS,"EXTINGUISHER,FIRE",PAMALS,REC,,AV AERONÁUTICA,155.0
2026-09-15,3040262766,011-00883-20,RADAR GWX 68 WEATHER,BAMN,OS concluída,,V1 PAMA-LS,
2026-09-15,3040262765,011-00883-20,RADAR GWX 68 WEATHER,BAMN,REC,,V1 PAMA-LS,155.0
2026-09-15,3040262772,011-01020-10,AFCS MODE CONTROLLER GMC 710,BAMN,REC,,PAMA-LS,155.0
2026-09-15,3040262770,011-01020-10,AFCS MODE CONTROLLER GMC 710,BAMN,REC,,PAMA-LS,155.0
2026-09-15,3040262773,011-01020-10,AFCS MODE CONTROLLER GMC 710,BAMN,REC,,PAMA-LS,155.0
2026-09-15,3040262746,066-1070-01,TRANSCEIVER DME (KN63),BABE,REC,EM REPARO,WILLIAM,155.0
2026-09-15,3040262745,064-1019-05,VHF TRANSCEIVE KY196,EEAR,REC,EM REPARO,VEE ONE,155.0
2026-09-15,3040262747,066-1072-00,RECEIVER ADF (KING KR87),ALA 7,REC,EM REPARO,WILLIAM,155.0
2026-09-15,3040262748,066-3046-07,"CONTROL,INDICATOR",BABR,REC,,BANT,155.0
2026-09-15,3040262769,066-3046-07,"CONTROL,INDICATOR",BABR,REC,,BANT,155.0
2026-09-15,3040262768,066-3046-07,"CONTROL,INDICATOR",EEAR,OS concluída,,BABR,
2026-09-15,3040262767,066-3046-07,"CONTROL,INDICATOR",EEAR,REC,EM REPARO,LEAP,155.0
2026-09-15,3040262791,066-3060-00,IND RMI KNI582,BANT,OS concluída,,,
2026-09-15,3040262630,161-11700,INNER WHEEL HALF ASSY,BANT,REC,,PAMA-LS,155.0
2026-09-15,3040262792,066-3060-00,IND RMI KNI582,BANT,REC,EM REPARO,LEAP,155.0
2026-09-15,3040262634,162-10700,OUTER WHEEL HALF ASSY,BANT,OS concluída,,PAMA-LS,
2026-09-15,3040262632,161-12800,WHEEL HALF ASSY-INNER,BANT,OS concluída,REPARADO,VEE ONE,
2026-09-15,3040262633,161-12800,WHEEL HALF ASSY-INNER,BANT,OS concluída,,,
2026-09-15,3040262635,162-11800,WHEEL HALF ASSY-OUTER,EPCAR,OS concluída,,,
2026-09-15,3040262637,162-11800,WHEEL HALF ASSY-OUTER,BANT,REC,REPARADO,VEE ONE,155.0
2026-09-15,3040262636,162-11800,WHEEL HALF ASSY-OUTER,BANT,OS concluída,REPARADO,VEE ONE,
2026-09-15,3040262646,200SGL119Q,STARTER GENERATOR,PAMASP,OS concluída,,,
2026-09-15,3040262639,200SGL119Q,STARTER GENERATOR,PAMASP,OS concluída,,PAMA-LS,
2026-09-15,3040262638,200SGL119Q,STARTER GENERATOR,PAMALS,REC,EM REPARO,AV AERONAUTICA,155.0
2026-09-15,3040262757,2606015-2,IND OIL TEMP/P,PAMALS,REC,EM REPARO,VEE ONE,155.0
2026-09-15,3040262706,2641011-5,AXLE-MAIN GEAR,BAMN,REC,,BANT,155.0
2026-09-15,3040262707,2641011-5,AXLE-MAIN GEAR,BABV,OS concluída,REPARADO,VEE ONE,
2026-09-15,3040262717,2641011-5,AXLE-MAIN GEAR,BANT,OS concluída,REPARADO,VEE ONE,
2026-09-15,3040262714,2641011-5,AXLE-MAIN GEAR,BAPV,REC,,BANT,155.0
2026-09-15,3040262713,2641011-5,AXLE-MAIN GEAR,BAPV,OS concluída,,,
2026-09-15,3040262712,2641011-5,AXLE-MAIN GEAR,BABR,REC,,BANT,155.0
2026-09-15,3040262711,2641011-5,AXLE-MAIN GEAR,BABR,REC,,BANT,155.0
2026-09-15,3040262709,2641011-5,AXLE-MAIN GEAR,PAMALS,REC,,BANT,155.0
2026-09-15,3040262708,2641011-5,AXLE-MAIN GEAR,PAMALS,REC,,BANT,155.0
2026-09-15,3040262744,3244809-1A,F.C.U,PAMALS,REC,EM REPARO,LEAP,155.0
2026-09-15,3040262758,9910338-4,FUEL TOTALIZER INDICATOR,PAMALS,REC,EM REPARO,VEE ONE,155.0
2026-09-15,3040262759,9910338-6,"TRANSMITTER,RATE OF FLOW",BAMN,REC,,PAMA-LS,155.0
2026-09-15,3040262760,9910338-6,"TRANSMITTER,RATE OF FLOW",BANT,REC,EM REPARO,VEE ONE,155.0
2026-09-15,3040262966,2682001-1,BRAKE CYL MAST,BACO,OS concluída,,PAMA-LS,
2026-09-15,3040262967,2682001-1,BRAKE CYL MAST,PAMALS,REC,,PAMA-LS,153.0
2026-09-15,3040262968,2682001-1,BRAKE CYL MAST,BANT,OS concluída,,PAMA-LS,
2026-09-15,3040262969,2682001-1,BRAKE CYL MAST,BABE,REC,,PAMA-LS,153.0
2026-09-15,3040263069,453-5060,ELT C406-N,BABE,OS concluída,,,
2026-09-15,3040263283,D145-00-46-2,FLAP ACTUATOR ASSY,PAMALS,REC,,,138.0
2026-09-15,3040263284,D145-00-46-2,FLAP ACTUATOR ASSY,BAFL,REC,,,138.0
2026-09-15,3040263324,069-01033-0101,"RECEIVER-TRANSMITTER,RADIO",PAMALS,REC,EM REPARO,LEAP,138.0
2026-09-15,3040263287,C661065-0237,AIRSPEED INDICATOR,BABR,OS concluída,,,
2026-09-15,3040263288,C661065-0237,AIRSPEED INDICATOR,PAMASP,OS concluída,,,
2026-09-15,3040263314,060-0017-00,FLIGHT DIR HOR,EEAR,REC,EM REPARO,LEAP,138.0
2026-09-15,3040263319,066-1055-00,AUDIO CONTROL PANEL,BABE,OS concluída,,,
2026-09-15,3040263317,060-0017-00,FLIGHT DIR HOR,PAMASP,REC,,BANT,138.0
2026-09-15,3040263316,060-0017-00,FLIGHT DIR HOR,BANT,REC,,BANT,138.0
2026-09-15,3040263320,066-1055-00,AUDIO CONTROL PANEL,PAMALS,REC,EM REPARO,AV AERONAUTICA,138.0
2026-09-15,3040263325,069-01033-0101,"RECEIVER-TRANSMITTER,RADIO",PAMALS,REC,,,138.0
2026-09-15,3040263335,C611008-0101,ALTERNATOR CONTROL UNIT,PAMALS,REC,,BANT,138.0
2026-09-15,3040263336,C611008-0101,ALTERNATOR CONTROL UNIT,PAMALS,REC,,BANT,138.0
2026-09-15,3040263286,C661065-0237,AIRSPEED INDICATOR,BANT,REC,,PAMA-LS,138.0
2026-09-15,3040263322,066-1055-00,AUDIO CONTROL PANEL,ALA 9,REC,EM REPARO,WILLIAM,138.0
2026-09-15,3040263326,069-01033-0101,"RECEIVER-TRANSMITTER,RADIO",PAMALS,REC,,BANT,138.0
2026-09-15,3040263315,060-0017-00,FLIGHT DIR HOR,BACG,OS concluída,,BABR,
2026-09-15,3040263334,011-00916-10,"DISPLAY UNIT,FLIGHT INFORMATION",BACO,REC,,WILLIAM,138.0
2026-09-15,3040263333,011-00916-10,"DISPLAY UNIT,FLIGHT INFORMATION",BACO,OS concluída,,BAMN,
2026-09-15,3040263332,011-00916-10,"DISPLAY UNIT,FLIGHT INFORMATION",BAMN,OS concluída,,,
2026-09-15,3040263331,C661064-0237,AIRSPEED INDICATOR,PAMALS,REC,,PAMA-LS,138.0
2026-09-15,3040263329,C661064-0237,AIRSPEED INDICATOR,PAMALS,REC,,PAMA-LS,138.0
2026-09-15,3040263328,C661064-0237,AIRSPEED INDICATOR,BABR,REC,EM REPARO,WILLIAM,138.0
2026-09-15,3040263327,C661064-0237,AIRSPEED INDICATOR,BABR,REC,EM REPARO,WILLIAM,138.0
2026-09-15,3040263330,C661064-0237,AIRSPEED INDICATOR,PAMALS,REC,,PAMA-LS,138.0
2026-09-15,3040263338,C611008-0101,ALTERNATOR CONTROL UNIT,PAMALS,REC,,V1 PAMA-LS,138.0
2026-09-15,3040263433,066-03064-0005,"ALTIMETER,SERVO CONTROLLED,AUTOMATIC PRESSURE",BACG,REC,,PAMA-LS,132.0
2026-09-15,3040263435,066-03064-0005,"ALTIMETER,SERVO CONTROLLED,AUTOMATIC PRESSURE",BANT,REC,,PAMA-LS,132.0
2026-09-15,3040263434,066-03064-0005,"ALTIMETER,SERVO CONTROLLED,AUTOMATIC PRESSURE",PAMASP,REC,,PAMA-LS,132.0
2026-09-15,3040263417,069-01033-0101,"RECEIVER-TRANSMITTER,RADIO",PAMALS,REC,EM REPARO,WILLIAM,132.0
2026-09-15,3040263416,069-01033-0101,"RECEIVER-TRANSMITTER,RADIO",BASM,REC,EM REPARO,WILLIAM,132.0
2026-09-15,3040263415,069-01033-0101,"RECEIVER-TRANSMITTER,RADIO",BABR,REC,,BANT,132.0
2026-09-15,3040263447,066-3046-07,"CONTROL,INDICATOR",CLA,OS concluída,,BABR,
2026-09-15,3040263443,3244897-4,FUEL CONTROL UNIT,PAMALS,REC,EM REPARO,LEAP,131.0
2026-09-15,3040263444,3244897-4,FUEL CONTROL UNIT,PAMALS,REC,EM REPARO,LEAP,131.0
2026-09-15,3040263577,060-0015-00,"CONTROL,DIRECTIONAL,AUTOMATIC PILOT",ALA 5,REC,,WILLIAM,126.0
2026-09-15,3040263574,066-1072-04,"RECEIVER,RADIO",BABE,REC,EM REPARO,WILLIAM,126.0
2026-09-15,3040263576,066-1072-04,"RECEIVER,RADIO",BAMN,OS concluída,,WILLIAM,
2026-09-15,3040263575,066-1072-04,"RECEIVER,RADIO",BABE,REC,EM REPARO,WILLIAM,126.0
2026-09-15,3040263573,066-3084-32,IND RDR 2000 IN-182A,PAMALS,REC,,BABR,126.0
2026-09-15,3040263571,066-3084-32,IND RDR 2000 IN-182A,PAMALS,REC,,BANT,126.0
2026-09-15,3040263572,066-3084-32,IND RDR 2000 IN-182A,PAMALS,REC,EM REPARO,WILLIAM,126.0
2026-09-15,3040263448,2618510-10,ALTERNATOR CONTROL UNIT ASSY,BABE,REC,EM REPARO,WILLIAM,126.0
2026-09-15,3040263449,2618510-10,ALTERNATOR CONTROL UNIT ASSY,PAMALS,REC,,BANT,126.0
2026-09-15,3040263877,2641011-5,AXLE-MAIN GEAR,CLA,REC,REPARADO,VEE ONE,116.0
2026-09-15,3040263878,2641011-5,AXLE-MAIN GEAR,CLA,REC,,BABE,116.0
2026-09-15,3040264243,069-01033-0101,"RECEIVER-TRANSMITTER,RADIO",PAMALS,REC,EM REPARO,WILLIAM,109.0
2026-09-15,3040264244,069-01033-0101,"RECEIVER-TRANSMITTER,RADIO",PAMASP,REC,EM REPARO,WILLIAM,109.0
2026-09-15,3040264246,060-0017-00,FLIGHT DIR HOR,PAMALS,REC,,BABR,109.0
2026-09-15,3040264237,200SGL119Q-2,STARTER GENERATOR,BAMN,REC,EM REPARO,AV AERONAUTICA,109.0
2026-09-15,3040264236,200SGL119Q-2,STARTER GENERATOR,BABE,OS concluída,,BABE,
2026-09-15,3040264121,3244897-4,FUEL CONTROL UNIT,BABE,OS concluída,EM REPARO,LEAP,
2026-09-15,3040264263,9910338-8,"INDICATOR,FUEL FLOW",PAMALS,OS concluída,,BABR,
2026-09-15,3040264262,9910338-8,"INDICATOR,FUEL FLOW",BABV,REC,,PAMA-LS,109.0
2026-09-15,3040264242,324843-2020,HEADSET-MICROPHONE,BABE,OS concluída,,BAMN,
2026-09-15,3040264264,324843-2020,HEADSET-MICROPHONE,DACTA II,OS concluída,,BAMN,
2026-09-15,3040264238,324843-2020,HEADSET-MICROPHONE,DACTA II,OS concluída,,,
2026-09-15,3040264241,324843-2020,HEADSET-MICROPHONE,DACTA II,OS concluída,,BAMN,
2026-09-15,3040264240,324843-2020,HEADSET-MICROPHONE,DACTA II,OS concluída,,BAMN,
2026-09-15,3040264122,3244809-8,"FUEL CONTROL,MAIN,TURBINE ENGINE",BABE,OS concluída,,BABR,
2026-09-15,3040263797,066-3046-07,"CONTROL,INDICATOR",BABE,REC,EM REPARO,WILLIAM,109.0
2026-09-15,3040263798,066-3046-07,"CONTROL,INDICATOR",PAMASP,OS concluída,,,
2026-09-15,3040263799,066-3046-07,"CONTROL,INDICATOR",PAMASP,REC,EM REPARO,WILLIAM,109.0
2026-09-15,3040263795,071-01519-0101,"RECEIVER-EXCITER,RADAR",PAMALS,REC,,BANT,109.0
2026-09-15,3040263796,071-01519-0101,"RECEIVER-EXCITER,RADAR",PAMALS,REC,EM REPARO,WILLIAM,109.0
2026-09-15,3040264579,060-0017-00,FLIGHT DIR HOR,BABR,OS concluída,,,
2026-09-15,3040264577,060-0017-00,FLIGHT DIR HOR,PAMALS,REC,,,97.0
2026-09-15,3040264573,060-0017-00,FLIGHT DIR HOR,BANT,REC,,,97.0
2026-09-15,3040264574,060-0017-00,FLIGHT DIR HOR,BANT,REC,,,97.0
2026-09-15,3040264576,060-0017-00,FLIGHT DIR HOR,PAMALS,REC,,,97.0
2026-09-15,3040264572,060-0017-00,FLIGHT DIR HOR,PAMASP,REC,,,97.0
2026-09-15,3040264647,1H75-21,PRESSURE REGULATOR,BAMN,REC,,,92.0
2026-09-15,3040264646,1H75-21,PRESSURE REGULATOR,PAMASP,REC,,,92.0
2026-09-15,3040264645,1H75-21,PRESSURE REGULATOR,PAMASP,REC,,,92.0
2026-09-15,3040264643,1H75-21,PRESSURE REGULATOR,PAMASP,OS concluída,,,
2026-09-15,3040264707,3244809-7,"FUEL CONTROL,MAIN,TURBINE ENGINE",BABE,OS concluída,,,
2026-09-15,3040264709,540-1407-4,"VALVE,BLEED,TURBINEENGINE",PAMASP,REC,,,92.0
2026-09-15,3040264710,200SGL153Q,"STARTER-GENERATOR,ENGINE,AIRCRAFT",CLA,OS concluída,,,
2026-09-15,3040264711,200SGL153Q,"STARTER-GENERATOR,ENGINE,AIRCRAFT",PAMASP,OS concluída,,,
2026-09-15,3040264712,200SGL153Q,"STARTER-GENERATOR,ENGINE,AIRCRAFT",BACG,REC,,,92.0
2026-09-15,3040264718,9910338-8,"INDICATOR,FUEL FLOW",PAMALS,REC,,,92.0
2026-09-15,3040264719,S3326-2,"INDICATOR,HORIZONTAL SITUATION",ALA 8,REC,,,92.0
2026-09-15,3040264720,S3326-2,"INDICATOR,HORIZONTAL SITUATION",PAMALS,REC,,,92.0
2026-09-15,3040264721,S3326-2,"INDICATOR,HORIZONTAL SITUATION",PAMASP,REC,,,92.0
2026-09-15,3040264724,2606013-1AM,INDICADOR PERCENTUAL RPM,BABV,REC,,,92.0
2026-09-15,3040264725,2606013-1AM,INDICADOR PERCENTUAL RPM,BABR,REC,,,92.0
2026-09-15,3040264726,2606015-4,INDICATOR-OIL TEMP/OIL PRESS,BANT,REC,,,92.0
2026-09-15,3040264727,C661051-0201,GYRO HORIZON,ALA 10,REC,,,92.0
2026-09-15,3040264728,504-0111-906,GYRO HORIZON,PAMALS,OS concluída,,,
2026-09-15,3040264729,504-0111-906,GYRO HORIZON,BACG,OS concluída,,,
2026-09-15,3040264730,8210-003,"GOVERNOR,FUEL CONTROL",PAMASP,REC,,,92.0
2026-09-15,3040264731,8210-002,"GOVERNOR,CONSTANT SPEED DRIVE",PAMASP,REC,,,92.0
2026-09-15,3040264732,8210-002,"GOVERNOR,CONSTANT SPEED DRIVE",BAMN,REC,,,92.0
2026-09-15,3040264733,030-18200,MAIN WHEEL BRAKE,BAMN,REC,,,92.0
2026-09-15,3040264734,030-18200,MAIN WHEEL BRAKE,BAMN,REC,,,92.0
2026-09-15,3040264735,161-11700,INNER WHEEL HALF ASSY,PAMALS,REC,,,92.0
2026-09-15,3040264736,161-12800,WHEEL HALF ASSY-INNER,BABR,REC,,,92.0
2026-09-15,3040264737,161-12800,WHEEL HALF ASSY-INNER,PAMALS,AUT,,,92.0
2026-09-15,3040264738,162-10700,OUTER WHEEL HALF ASSY,BACO,AUT,,,92.0
2026-09-15,3040264807,011-01105-01,INTEGRATED AVIONICS UNIT GIA63W,ALA 8,REC,,,84.0
2026-09-15,3040264808,011-01105-01,INTEGRATED AVIONICS UNIT GIA63W,BAMN,REC,,,84.0
2026-09-15,3040264907,011-00916-10,"DISPLAY UNIT,FLIGHT INFORMATION",BAMN,REC,,,77.0
2026-09-15,3040264908,011-00916-10,"DISPLAY UNIT,FLIGHT INFORMATION",BABV,OS concluída,,,
2026-09-15,3040264974,3244809-8,"FUEL CONTROL,MAIN,TURBINE ENGINE",BAMN,REC,,,75.0
2026-09-15,3040264961,3244897-4,FUEL CONTROL UNIT,CLA,OS concluída,,,
2026-09-15,3040264960,3034792,BOMBA DE COMBUSTÍVEL,CLA,OS concluída,,,
2026-09-15,3040265144,011-01020-10,AFCS MODE CONTROLLER GMC 710,BABE,REC,,,69.0
2026-09-15,3040265140,011-01020-10,AFCS MODE CONTROLLER GMC 710,BABE,REC,,,69.0
2026-09-15,3040265482,066-3084-32,IND RDR 2000 IN-182A,BABR,REC,,,54.0
2026-09-15,3040265484,066-3084-32,IND RDR 2000 IN-182A,BANT,REC,,,54.0
2026-09-15,3040265485,066-3084-32,IND RDR 2000 IN-182A,BABR,REC,,,54.0
2026-09-15,3040265526,ASG12000-2,ALTERNATOR,PAMALS,REC,,,50.0
2026-09-15,3040265525,ASG12000-2,ALTERNATOR,BABR,REC,,,50.0
2026-09-15,3040265527,9910592-2,ALTERNADOR,BABR,REC,,,50.0
2026-09-15,3040265533,3122678-04,FUEL CONTROL UNIT,BABR,REC,,,50.0
2026-09-15,3040265532,C611505-0201,ALTERNATOR,BANT,REC,,,50.0
2026-09-15,3040265530,C611505-0201,ALTERNATOR,BABV,REC,,,50.0
2026-09-15,3040265528,9910592-2,ALTERNADOR,BABR,REC,,,50.0
2026-09-15,3040265724,3244897-4,FUEL CONTROL UNIT,CLA,REC,,,49.0
2026-09-15,3040265474,C611008-0101,ALTERNATOR CONTROL UNIT,PAMALS,REC,,,47.0
2026-09-15,3040265475,C611008-0101,ALTERNATOR CONTROL UNIT,BABV,REC,,,47.0
2026-09-15,3040265476,C611008-0101,ALTERNATOR CONTROL UNIT,PAMALS,REC,,,47.0
2026-09-15,3040265477,C611008-0101,ALTERNATOR CONTROL UNIT,PAMALS,REC,,,47.0
2026-09-15,3040265576,011-00916-10,"DISPLAY UNIT,FLIGHT INFORMATION",BAMN,REC,,,46.0
2026-09-15,3040265580,011-00916-00,DISPLAY UNIT GDU 1040A,PAMALS,REC,,,50.0
2026-09-15,3040265581,011-00916-00,DISPLAY UNIT GDU 1040A,PAMALS,REC,,,50.0
2026-09-15,3040265589,EA-5175-52-CES,INDICATOR TRUE,BABV,REC,,,50.0
2026-09-15,3040265590,EA-5175-52-CES,INDICATOR TRUE,BASM,REC,,,50.0
2026-09-15,3040265591,EA-5175-52-CES,INDICATOR TRUE,BABV,REC,,,50.0
2026-09-15,3040265592,EA-5175-52-CES,INDICATOR TRUE,BABV,REC,,,50.0
2026-09-15,3040265668,9910592-2,ALTERNADOR,PAMALS,OS concluída,,,
2026-09-15,3040265678,9910592-2,ALTERNADOR,BAMN,REC,,,50.0
2026-09-15,3040265679,C611505-0201,ALTERNATOR,PAMALS,REC,,,50.0
2026-09-15,3040265680,C611505-0201,ALTERNATOR,ALA 8,REC,,,50.0
2026-09-15,3040265726,071-01519-0101,"RECEIVER-EXCITER,RADAR",PAMALS,REC,,,49.0
2026-09-15,3040265727,071-01519-0101,"RECEIVER-EXCITER,RADAR",CLA,REC,,,49.0
2026-09-15,3040265728,C163030-1001,MAIN W BRAKE A,BAMN,REC,,,49.0
2026-09-15,3040265731,066-3046-07,"CONTROL,INDICATOR",BABR,REC,,,49.0
2026-09-15,3040265732,066-3046-07,"CONTROL,INDICATOR",BANT,REC,,,49.0
2026-09-15,3040265734,066-3046-07,"CONTROL,INDICATOR",EEAR,REC,,,49.0
2026-09-15,3040265735,066-3046-07,"CONTROL,INDICATOR",CLA,REC,,,49.0
2026-09-15,3040265736,C611008-0101,ALTERNATOR CONTROL UNIT,BABV,REC,,,49.0
2026-09-15,3040265737,C611008-0101,ALTERNATOR CONTROL UNIT,EEAR,REC,,,49.0
2026-09-15,3040265738,C611008-0101,ALTERNATOR CONTROL UNIT,PAMALS,REC,,,49.0
2026-09-15,3040265739,C611008-0101,ALTERNATOR CONTROL UNIT,BANT,REC,,,49.0
2026-09-15,3040265740,C611008-0101,ALTERNATOR CONTROL UNIT,BABE,REC,,,49.0
2026-09-15,3040265741,C611008-0101,ALTERNATOR CONTROL UNIT,BABR,REC,,,49.0
2026-09-15,3040265742,066-1072-04,"RECEIVER,RADIO",BACG,REC,,,49.0
2026-09-15,3040265743,066-1072-04,"RECEIVER,RADIO",BAMN,REC,,,49.0
2026-09-15,3040265744,066-1072-04,"RECEIVER,RADIO",PAMALS,REC,,,49.0
2026-09-15,3040265745,066-3084-32,IND RDR 2000 IN-182A,PAMALS,REC,,,49.0
2026-09-15,3040265746,066-3084-32,IND RDR 2000 IN-182A,PAMALS,REC,,,49.0
2026-09-15,3040265747,30994-001,BATTERY-MARATHON TSP410 NICAD,PAMALS,AUT,,,49.0
2026-09-15,3040265748,30994-001,BATTERY-MARATHON TSP410 NICAD,PAMALS,AUT,,,49.0
2026-09-15,3040265749,30994-001,BATTERY-MARATHON TSP410 NICAD,PAMALS,AUT,,,49.0
2026-09-15,3040265750,30994-001,BATTERY-MARATHON TSP410 NICAD,PAMALS,AUT,,,49.0
2026-09-15,3040265751,30994-001,BATTERY-MARATHON TSP410 NICAD,PAMALS,AUT,,,49.0
2026-09-15,3040265752,2641011-5,AXLE-MAIN GEAR,BAMN,REC,,,49.0
2026-09-15,3040265753,2641011-5,AXLE-MAIN GEAR,BAMN,REC,,,49.0
2026-09-15,3040265754,161-11700,INNER WHEEL HALF ASSY,BACO,AUT,,,49.0
2026-09-15,3040265755,161-12800,WHEEL HALF ASSY-INNER,BABE,REC,,,49.0
2026-09-15,3040265757,066-01141-0101,"RECEIVER,RADIO",PAMALS,REC,,,49.0
2026-09-15,3040265758,066-01141-0101,"RECEIVER,RADIO",PAMALS,REC,,,49.0
2026-09-15,3040265759,C660501-0103,"COMPASS,SPEC",DACTA II,REC,,,49.0
2026-09-15,3040265769,023694-000,BATTERY NICKEL CADMIUM,BAPV,REC,,,48.0
2026-09-15,3040265771,2651023-23,ENGINE MOUNT ASSEMBLY,PAMALS,REC,,,48.0
2026-09-15,3040265772,2651023-23,ENGINE MOUNT ASSEMBLY,PAMALS,REC,,,48.0
2026-09-15,3040265892,324843-0020,HEADSET-MICROPHONE,PAMALS,REC,,,43.0
2026-09-15,3040265893,324843-0020,HEADSET-MICROPHONE,PAMALS,OS concluída,,,
2026-09-15,3040265894,324843-0020,HEADSET-MICROPHONE,PAMALS,REC,,,43.0
2026-09-15,3040265895,324843-0020,HEADSET-MICROPHONE,PAMALS,REC,,,43.0
2026-09-15,3040265946,011-00870-00,MAGNETOMETER GMU 44,BAMN,REC,,,40.0
2026-09-15,3040265947,011-00870-00,MAGNETOMETER GMU 44,BAMN,REC,,,40.0
2026-09-15,3040266034,C662041-0102,INDICATOR FUEL,BABE,REC,,,36.0
2026-09-15,3040266040,C662041-0102,INDICATOR FUEL,PAMALS,REC,,,36.0
2026-09-15,3040266036,C662041-0102,INDICATOR FUEL,PAMALS,REC,,,36.0
2026-09-15,3040266035,C662041-0102,INDICATOR FUEL,PAMALS,REC,,,28.0
2026-09-15,3040266039,C662041-0102,INDICATOR FUEL,BANT,REC,,,28.0
2026-09-15,3040266041,C662041-0102,INDICATOR FUEL,PAMALS,REC,,,28.0
2026-09-15,3040266307,069-01033-0101,"RECEIVER-TRANSMITTER,RADIO",PAMALS,REC,,,26.0
2026-09-15,3040266308,069-01033-0101,"RECEIVER-TRANSMITTER,RADIO",BANT,REC,,,26.0
2026-09-15,3040266306,069-01033-0101,"RECEIVER-TRANSMITTER,RADIO",BACG,REC,,,26.0
2026-09-15,3040266307,069-01033-0101,"RECEIVER-TRANSMITTER,RADIO",PAMALS,REC,,,26.0
2026-09-15,3040266308,069-01033-0101,"RECEIVER-TRANSMITTER,RADIO",BANT,REC,,,26.0
2026-09-15,3040266568,C662504-0101,GAGE VOLT AMME,PAMALS,REC,,,15.0
2026-09-15,3040266567,C662504-0101,GAGE VOLT AMME,ALA 9,REC,,,15.0
2026-09-15,3040266566,C662504-0101,GAGE VOLT AMME,PAMALS,REC,,,15.0
2026-09-15,3040266569,C662504-0101,GAGE VOLT AMME,BABV,REC,,,15.0
2026-09-16,3040249831,066-01141-5101,"RECEIVER-TRANSMITTER,RADIO (KT71)",PAMALS,REC,EM REPARO,LEAP,583.0
2026-09-16,3040250248,452-0133,"BATTERY,NONRECHARGEABLE",BABR,REC,CONDENADO,VEE ONE,567.0
2026-09-16,3040250249,452-0133,"BATTERY,NONRECHARGEABLE",BAMN,REC,CONDENADO,VEE ONE,567.0
2026-09-16,3040250234,3034792,BOMBA DE COMBUSTÍVEL,PAMALS,REC,,BANT,567.0
2026-09-16,3040250816,453-5060,"BEACON,DISTRESS",BAMN,REC,,PAMA-LS,545.0
2026-09-16,3040250830,799-1,TRANSDUCER,BACO,REC,,BANT,545.0
2026-09-16,3040250829,51539-012N,CONTROL UNIT ASSY-GENERATOR,BAMN,OS concluída,,,
2026-09-16,3040250828,51539-012N,CONTROL UNIT ASSY-GENERATOR,BACG,REC,,BABR,545.0
2026-09-16,3040250827,51539-012N,CONTROL UNIT ASSY-GENERATOR,BANT,REC,,BABR,545.0
2026-09-16,3040250831,799-1,TRANSDUCER,BANT,REC,,BANT,545.0
2026-09-16,3040250833,9910586-4,FLAP ACTUATOR AND MOTOR ASSEMBLY,ALA 3,REC,,BAMN,545.0
2026-09-16,3040250834,9910586-4,FLAP ACTUATOR AND MOTOR ASSEMBLY,ALA 3,OS concluída,,,
2026-09-16,3040250832,9910338-4,FUEL TOTALIZER INDICATOR,EEAR,REC,,PAMA-LS,545.0
2026-09-16,3040250835,ASG12000-2,ALTERNATOR,ALA 5,REC,REPARADO,V1 PAMA-LS,545.0
2026-09-16,3040250841,C661030-0301,TURN BANK,PAMALS,REC,EM REPARO,LEAP,545.0
2026-09-16,3040250842,C662041-0102,INDICATOR FUEL,ALA 5,REC,,PAMA-LS,545.0
2026-09-16,3040250844,C662041-0102,INDICATOR FUEL,ALA 9,REC,,PAMA-LS,545.0
2026-09-16,3040250843,C662041-0102,INDICATOR FUEL,ALA 10,OS concluída,,,
2026-09-16,3040250719,060-0017-00,FLIGHT DIR HOR,PAMALS,REC,,BANT,545.0
2026-09-16,3040250720,060-0017-00,FLIGHT DIR HOR,BABV,OS concluída,,,
2026-09-16,3040250722,066-01141-5101,"RECEIVER-TRANSMITTER,RADIO (KT71)",ALA 9,REC,EM REPARO,WILLIAM,545.0
2026-09-16,3040250723,066-01141-5101,"RECEIVER-TRANSMITTER,RADIO (KT71)",CLA,REC,,BABR,545.0
2026-09-16,3040250721,060-0017-00,FLIGHT DIR HOR,BANT,OS concluída,,,
2026-09-16,3040250725,066-3046-07,"CONTROL,INDICATOR",ALA 10,OS concluída,,,
2026-09-16,3040250724,066-04035-1101,"DISPLAY UNIT,RADAR",PAMALS,REC,,BANT,545.0
2026-09-16,3040250732,069-1025-25,"RECEIVER-TRANSMITTER,RADIO - KX165",PAMALS,REC,EM REPARO,WILLIAM,545.0
2026-09-16,3040250782,2606012-1,INDICATOR-INTER-TURBINE TEMPERATURE,ALA 9,OS concluída,,,
2026-09-16,3040250775,161-11700,INNER WHEEL HALF ASSY,BABE,OS concluída,,,
2026-09-16,3040250773,161-11700,INNER WHEEL HALF ASSY,EEAR,REC,,BACG,545.0
2026-09-16,3040250718,030-18200,MAIN WHEEL BRAKE,BACO,OS concluída,,,
2026-09-16,3040250716,030-18200,MAIN WHEEL BRAKE,BABV,REC,EM REPARO,LEAP,545.0
2026-09-16,3040250717,030-18200,MAIN WHEEL BRAKE,BACO,OS concluída,,,
2026-09-16,3040250780,162-11800,WHEEL HALF ASSY-OUTER,PAMALS,OS concluída,,,
2026-09-16,3040250781,162-11800,WHEEL HALF ASSY-OUTER,BACG,OS concluída,,,
2026-09-16,3040250778,161-12800,WHEEL HALF ASSY-INNER,BACG,OS concluída,,,
2026-09-16,3040250776,161-12800,WHEEL HALF ASSY-INNER,BABE,OS concluída,,,
2026-09-16,3040250790,2643031-7,"FORK ASSY,NOSE GEAR SPRING",BAMN,OS concluída,,,
2026-09-16,3040250791,2643090-1,SHIMMY DAMPENE,BANT,REC,EM REPARO,AV AERONAUTICA,545.0
2026-09-16,3040250792,2643090-1,SHIMMY DAMPENE,BAMN,REC,REPARADO,V1 PAMA-LS,545.0
2026-09-16,3040250789,2641012-14,TRUNNION ASSY-RH-MAIN GEAR,PAMASP,OS concluída,,,
2026-09-16,3040250793,2643099-4,"SUPPORT ASSY FOWARD, NLG SPRING",BAMN,OS concluída,,,
2026-09-16,3040250798,30994-001,BATTERY-MARATHON TSP410 NICAD,BANT,OS concluída,CONDENADO,AMA - VEE ONE,
2026-09-16,3040252191,C611008-0101,ALTERNATOR CONTROL UNIT,PAMALS,REC,,BABR,512.0
2026-09-16,3040252159,011-00916-00,DISPLAY UNIT GDU 1040A,BAMN,REC,,BAMN,512.0
2026-09-16,3040252161,065-0042-03,COMPUTER PA,ALA 10,REC,EM REPARO,WILLIAM,512.0
2026-09-16,3040252162,065-0042-03,COMPUTER PA,EEAR,REC,,BABE,512.0
2026-09-16,3040252164,065-0042-03,COMPUTER PA,EEAR,REC,EM REPARO,WILLIAM,512.0
2026-09-16,3040252165,065-0042-03,COMPUTER PA,PAMALS,OS concluída,,,
2026-09-16,3040252166,065-0059-01,SERVO PITCH,EEAR,REC,EM REPARO,WILLIAM,512.0
2026-09-16,3040252168,066-03064-0005,"ALTIMETER,SERVO CONTROLLED,AUTOMATIC PRESSURE",ALA 9,OS concluída,,,
2026-09-16,3040252173,066-03064-0005,"ALTIMETER,SERVO CONTROLLED,AUTOMATIC PRESSURE",BANT,REC,EM REPARO,LEAP,512.0
2026-09-16,3040252172,066-03064-0005,"ALTIMETER,SERVO CONTROLLED,AUTOMATIC PRESSURE",PAMALS,REC,NO ESTADO,VEE ONE,512.0
2026-09-16,3040252170,066-03064-0005,"ALTIMETER,SERVO CONTROLLED,AUTOMATIC PRESSURE",ALA 7,REC,NO ESTADO,VEE ONE,512.0
2026-09-16,3040252178,066-1072-00,RECEIVER ADF (KING KR87),PAMALS,OS concluída,,,
2026-09-16,3040252182,066-1072-04,"RECEIVER,RADIO",ALA 9,OS concluída,,,
2026-09-16,3040252181,066-1072-04,"RECEIVER,RADIO",PAMASP,REC,EM REPARO,WILLIAM,512.0
2026-09-16,3040252180,066-1072-04,"RECEIVER,RADIO",ALA 8,OS concluída,,,
2026-09-16,3040252185,066-1072-04,"RECEIVER,RADIO",BAMN,OS concluída,,,
2026-09-16,3040252189,9910338-6,"TRANSMITTER,RATE OF FLOW",ALA 8,OS concluída,,,
2026-09-16,3040252190,9910338-6,"TRANSMITTER,RATE OF FLOW",BABR,OS concluída,,,
2026-09-16,3040252160,011-01020-10,AFCS MODE CONTROLLER GMC 710,BAMN,OS concluída,,,
2026-09-16,3040252939,C163030-1001,MAIN W BRAKE A,BABV,REC,,BAMN,482.0
2026-09-16,3040252936,030-18200,MAIN WHEEL BRAKE,BACO,REC,,PAMA-LS,482.0
2026-09-16,3040252935,030-18200,MAIN WHEEL BRAKE,BAMN,OS concluída,,,
2026-09-16,3040252940,30-182,MAIN WHEEL BRAKE,BABV,OS concluída,,,
2026-09-16,3040252942,30-182,MAIN WHEEL BRAKE,BAMN,OS concluída,,,
2026-09-16,3040252943,30-182,MAIN WHEEL BRAKE,BAMN,OS concluída,,,
2026-09-16,3040253170,161-12800,WHEEL HALF ASSY-INNER,BASM,OS concluída,,,
2026-09-16,3040253168,161-12800,WHEEL HALF ASSY-INNER,BASM,REC,,PAMA-LS,478.0
2026-09-16,3040253172,161-12800,WHEEL HALF ASSY-INNER,PAMALS,REC,,PAMA-LS,478.0
2026-09-16,3040253174,161-12800,WHEEL HALF ASSY-INNER,PAMALS,OS concluída,,,
2026-09-16,3040253173,161-12800,WHEEL HALF ASSY-INNER,PAMALS,REC,EM REPARO,LEAP,478.0
2026-09-16,3040253176,162-10700,OUTER WHEEL HALF ASSY,BABE,OS concluída,,,
2026-09-16,3040253177,162-10700,OUTER WHEEL HALF ASSY,BABV,REC,,PAMA-LS,478.0
2026-09-16,3040253178,162-10700,OUTER WHEEL HALF ASSY,PAMALS,REC,,PROCURANDO,478.0
2026-09-16,3040253179,162-11800,WHEEL HALF ASSY-OUTER,CLA,OS concluída,,,
2026-09-16,3040253181,162-11800,WHEEL HALF ASSY-OUTER,PAMALS,OS concluída,,,
2026-09-16,3040253180,162-11800,WHEEL HALF ASSY-OUTER,BASM,REC,,PROCURANDO,478.0
2026-09-16,3040253182,162-11800,WHEEL HALF ASSY-OUTER,PAMALS,REC,,PAMA-LS,478.0
2026-09-16,3040253536,2641012-14,TRUNNION ASSY-RH-MAIN GEAR,PAMALS,OS concluída,,,
2026-09-16,3040253529,066-03064-0005,"ALTIMETER,SERVO CONTROLLED,AUTOMATIC PRESSURE",DSM-MN,REC,DEVOLVIDO NO ESTADO,WILLIAM,468.0
2026-09-16,3040253528,066-03064-0005,"ALTIMETER,SERVO CONTROLLED,AUTOMATIC PRESSURE",BANT,OS concluída,,,
2026-09-16,3040253532,799-1,TRANSDUCER,PAMALS,REC,,BANT,468.0
2026-09-16,3040253535,2643099-4,"SUPPORT ASSY FOWARD, NLG SPRING",BABE,REC,CONDENADO,VEE ONE,468.0
2026-09-16,3040253531,799-1,TRANSDUCER,BAMN,REC,,VEE ONE,468.0
2026-09-16,3040253530,799-1,TRANSDUCER,BAMN,REC,,BANT,468.0
2026-09-16,3040253526,30994-001,BATTERY-MARATHON TSP410 NICAD,PAMALS,OS concluída,,PAMA-LS,
2026-09-16,3040253527,30994-001,BATTERY-MARATHON TSP410 NICAD,BAPV,OS concluída,,PAMA-LS,
2026-09-16,3040254195,540-1407-4,"VALVE,BLEED,TURBINEENGINE",PAMALS,REC,,BANT,450.0
2026-09-16,3040254201,2643090-3,SHIMMY DAMPER-NOSE GEAR,PAMALS,REC,,PAMA-LS,450.0
2026-09-16,3040254203,SE1070-6,SHIMMY DAMPENER ASSY,BACGINAT,OS concluída,,,
2026-09-16,3040254205,C660501-0103,"COMPASS,SPEC",PAMALS,REC,,PAMA-LS,450.0
2026-09-16,3040254206,C660501-0103,"COMPASS,SPEC",ALA 8,REC,EM REPARO EM GARANTIA,WILLIAM,450.0
2026-09-16,3040254208,C660501-0103,"COMPASS,SPEC",BABV,REC,,PAMA-LS,450.0
2026-09-16,3040254210,799-1,TRANSDUCER,BANT,REC,,BANT,450.0
2026-09-16,3040254792,2606013-1RX,INDICATOR-PERCENT RPM,BABR,REC,,BANT,441.0
2026-09-16,3040254770,069-1025-25,"RECEIVER-TRANSMITTER,RADIO - KX165",ALA 9,REC,EM REPARO,WILLIAM,441.0
2026-09-16,3040254799,453-5000-710,EMERGENCY LOCATOR TRANSMITTER MODEL C406-2,PAMASP,OS concluída,,,
2026-09-16,3040254806,C352TS,"EXTINGUISHER,FIRE",PAMALS,REC,,PAMA-LS,441.0
2026-09-16,3040254805,C352TS,"EXTINGUISHER,FIRE",PAMALS,OS concluída,,,
2026-09-16,3040254810,C352TS,"EXTINGUISHER,FIRE",PAMALS,OS concluída,,,
2026-09-16,3040254809,C352TS,"EXTINGUISHER,FIRE",PAMAGL,OS concluída,,,
2026-09-16,3040254803,C352TS,"EXTINGUISHER,FIRE",2 ETA,REC,,PAMA-LS,441.0
2026-09-16,3040254808,C352TS,"EXTINGUISHER,FIRE",BABR,REC,,PAMA-LS,441.0
2026-09-16,3040254795,D145-00-46-2,FLAP ACTUATOR ASSY,BABE,REC,,PAMA-LS,441.0
2026-09-16,3040254793,D145-00-46-2,FLAP ACTUATOR ASSY,PAMALS,REC,,PAMA-LS,441.0
2026-09-16,3040254815,C482001-0402,VACUUM REGULAT,PAMALS,REC,CONDENADO,VEE ONE,441.0
2026-09-16,3040254816,C482001-0402,VACUUM REGULAT,PAMALS,REC,CONDENADO,VEE ONE,441.0
2026-09-16,3040254820,2641011-5,AXLE-MAIN GEAR,BAMN,OS concluída,,,
2026-09-16,3040254817,2641011-5,AXLE-MAIN GEAR,BABE,OS concluída,,,
2026-09-16,3040254818,2641011-5,AXLE-MAIN GEAR,BABE,OS concluída,,,
2026-09-16,3040254819,2641011-5,AXLE-MAIN GEAR,BANT,OS concluída,,,
2026-09-16,3040254796,30994-001,BATTERY-MARATHON TSP410 NICAD,BAMN,OS concluída,,,
2026-09-16,3040254789,452-0133,"BATTERY,NONRECHARGEABLE",BAMN,REC,CONDENADO,VEE ONE,441.0
2026-09-16,3040254788,452-0133,"BATTERY,NONRECHARGEABLE",BAMN,REC,CONDENADO,VEE ONE,441.0
2026-09-16,3040254787,452-0133,"BATTERY PACK,AIRCRAFT",DACTA II,REC,CONDENADO,VEE ONE,441.0
2026-09-16,3040254786,452-0133,"BATTERY PACK,AIRCRAFT",BAMN,REC,CONDENADO,VEE ONE,441.0
2026-09-16,3040254785,452-0133,"BATTERY,NONRECHARGEABLE",BAMN,REC,CONDENADO,VEE ONE,441.0
2026-09-16,3040254784,452-0133,"BATTERY,NONRECHARGEABLE",DACTA II,REC,CONDENADO,VEE ONE,441.0
2026-09-16,3040255326,011-00916-00,DISPLAY UNIT GDU 1040A,BAMN,REC,,BAMN,432.0
2026-09-16,3040255319,702801-5,FUEL PUMP,PAMASP,REC,EM REPARO,VEE ONE,432.0
2026-09-16,3040255321,8210-002,"GOVERNOR,CONSTANT SPEED DRIVE",PAMALS,OS concluída,,,
2026-09-16,3040255461,DAAS-A-010-1,ADAS-D PROCESSOR,PAMALS,REC,EM REPARO,VEE ONE,428.0
2026-09-16,3040255589,071-01519-0101,"RECEIVER-EXCITER,RADAR",BANT,REC,,PROCURANDO,426.0
2026-09-16,3040255590,071-01519-0101,"RECEIVER-EXCITER,RADAR",PAMALS,OS concluída,,,
2026-09-16,3040255706,C661064-0237,AIRSPEED INDICATOR,BAMN,OS concluída,,,
2026-09-16,3040256114,5934PAD-3,"ALTIMETER,PRESSURE",PAMALS,REC,EM REPARO,VEE ONE,412.0
2026-09-16,3040256119,011-00878-10,GSA-81 TORQUE SERVO,BAPV,REC,EM REPARO,LEAP,412.0
2026-09-16,3040256112,011-00883-20,RADAR GWX 68 WEATHER,BABE,REC,,BAMN,412.0
2026-09-16,3040256115,5934PAD-3,"ALTIMETER,PRESSURE",PAMALS,OS concluída,,,
2026-09-16,3040256118,011-00878-10,GSA-81 TORQUE SERVO,BAPV,REC,,BACO,412.0
2026-09-16,3040256120,011-00916-10,"DISPLAY UNIT,FLIGHT INFORMATION",BAMN,OS concluída,,,
2026-09-16,3040256314,066-4010-12,RECEIVER VOR/LOC (KNS81),EEAR,REC,EM REPARO,LEAP,399.0
2026-09-16,3040256311,3121248-03,"VALVE ASSEMBLY,COMPRESSOR BLEED",PAMALS,OS concluída,,,
2026-09-16,3040256704,C661064-0237,AIRSPEED INDICATOR,PAMALS,OS concluída,,,
2026-09-16,3040256707,D210507,"GOVERNOR,OVERSPEED",PAMALS,OS concluída,,,
2026-09-16,3040256708,D210507,"GOVERNOR,OVERSPEED",PAMALS,REC,REPARADO,VEE ONE,390.0
2026-09-16,3040256702,C661064-0237,AIRSPEED INDICATOR,BABR,OS concluída,,,
2026-09-16,3040256703,C661064-0237,AIRSPEED INDICATOR,PAMALS,OS concluída,,,
2026-09-16,3040256662,030-18200,MAIN WHEEL BRAKE,BASM,OS concluída,,,
2026-09-16,3040256665,161-11700,INNER WHEEL HALF ASSY,BABV,OS concluída,,,
2026-09-16,3040256666,161-11700,INNER WHEEL HALF ASSY,PAMALS,OS concluída,,,
2026-09-16,3040256667,161-11700,INNER WHEEL HALF ASSY,PAMALS,OS concluída,,,
2026-09-16,3040256668,161-11700,INNER WHEEL HALF ASSY,PAMALS,OS concluída,,,
2026-09-16,3040256669,161-11700,INNER WHEEL HALF ASSY,PAMALS,OS concluída,,,
2026-09-16,3040256670,161-11700,INNER WHEEL HALF ASSY,PAMALS,OS concluída,,,
2026-09-16,3040256671,161-11700,INNER WHEEL HALF ASSY,PAMALS,REC,,PAMA-LS,390.0
2026-09-16,3040256698,030-18200,MAIN WHEEL BRAKE,PAMASP,REC,,BABE,390.0
2026-09-16,3040256713,030-18200,MAIN WHEEL BRAKE,ALA 3,REC,,BAMN,390.0
2026-09-16,3040256694,162-11800,WHEEL HALF ASSY-OUTER,BANT,OS concluída,,,
2026-09-16,3040256696,162-11800,WHEEL HALF ASSY-OUTER,PAMALS,REC,,PAMA-LS,390.0
2026-09-16,3040256672,161-12800,WHEEL HALF ASSY-INNER,PAMALS,OS concluída,,PAMA-LS,
2026-09-16,3040256675,161-12800,WHEEL HALF ASSY-INNER,BANT,OS concluída,,,
2026-09-16,3040256792,011-00877-00,"GSA-80 SERVO ROL,YAW,SPEC",BAMN,REC,,PROCURANDO,390.0
2026-09-16,3040256787,011-00877-00,"GSA-80 SERVO ROL,YAW,SPEC",PAMALS,REC,EM REPARO,VEE ONE,390.0
2026-09-16,3040256828,011-00883-20,RADAR GWX 68 WEATHER,PAMALS,REC,,PAMA-LS,390.0
2026-09-16,3040256709,3121248-03,"VALVE ASSEMBLY,COMPRESSOR BLEED",PAMASP,REC,,BANT,387.0
2026-09-16,3040256673,161-12800,WHEEL HALF ASSY-INNER,PAMALS,REC,CONDENADO,VEE ONE,387.0
2026-09-16,3040257095,011-01105-01,INTEGRATED AVIONICS UNIT GIA63W,BABE,REC,EM REPARO,VEE ONE,383.0
2026-09-16,3040257096,011-01105-01,INTEGRATED AVIONICS UNIT GIA63W,BABE,REC,,BAMN,383.0
2026-09-16,3040257093,065-00183-0501,AUTOPILOT COMPUTER KFC225,BABE,REC,,BANT,383.0
2026-09-16,3040257094,065-00183-0501,AUTOPILOT COMPUTER KFC225,BABE,REC,,BANT,383.0
2026-09-16,3040257443,161-12800,WHEEL HALF ASSY-INNER,ALA 3,AUT,,,371.0
2026-09-16,3040257442,C163030-1001,MAIN W BRAKE A,BAMN,OS concluída,,BAMN,
2026-09-16,3040257452,3244809-8,"FUEL CONTROL,MAIN,TURBINE ENGINE",BAPV,OS concluída,,,
2026-09-16,3040257454,EA-5172-45-CES,"INDICATOR,AIRSPEED",BACG,OS concluída,,,
2026-09-16,3040257453,EA-5172-45-CES,"INDICATOR,AIRSPEED",ALA 7,REC,DEVOLVIDO NO ESTADO,WILLIAM,364.0
2026-09-16,3040257451,3244809-7,"FUEL CONTROL,MAIN,TURBINE ENGINE",PAMASP,REC,,BANT,364.0
2026-09-16,3040257450,3244809-4,"FUEL CONTROL,MAIN,TURBINE ENGINE",PAMASP,OS concluída,EM REPARO,LEAP,
2026-09-16,3040257438,030-18200,MAIN WHEEL BRAKE,BAMN,REC,REPARADO,VEE ONE,364.0
2026-09-16,3040257444,162-10700,OUTER WHEEL HALF ASSY,PAMALS,OS concluída,,,
2026-09-16,3040257447,162-10700,OUTER WHEEL HALF ASSY,PAMALS,OS concluída,,,
2026-09-16,3040257436,30994-001,BATTERY-MARATHON TSP410 NICAD,PAMALS,OS concluída,,PAMA-LS,
2026-09-16,3040257441,030-18200,MAIN WHEEL BRAKE,BAPV,REC,,BAMN,364.0
2026-09-16,3040257440,030-18200,MAIN WHEEL BRAKE,BANT,REC,CONDENADO,VEE ONE,364.0
2026-09-16,3040257439,030-18200,MAIN WHEEL BRAKE,BAMN,REC,,BAMN,364.0
2026-09-16,3040258306,D210507,"GOVERNOR,OVERSPEED",PAMALS,REC,EM REPARO,LEAP,344.0
2026-09-16,3040258310,D210507,"GOVERNOR,OVERSPEED",BACO,OS concluída,,,
2026-09-16,3040258309,D210507,"GOVERNOR,OVERSPEED",BAMN,REC,EM REPARO,LEAP,344.0
2026-09-16,3040258308,D210507,"GOVERNOR,OVERSPEED",BAMN,OS concluída,,,
2026-09-16,3040258307,D210507,"GOVERNOR,OVERSPEED",ALA 5,OS concluída,,,
2026-09-16,3040258303,011-00877-00,"GSA-80 SERVO ROL,YAW,SPEC",DACTA II,REC,EM REPARO,VEE ONE,344.0
2026-09-16,3040258422,2601188-8,COMPRESSOR DRIVE ASSY R134A,PAMASP,REC,,PROCURANDO,342.0
2026-09-16,3040258419,011-00877-00,"GSA-80 SERVO ROL,YAW,SPEC",DACTA II,REC,EM REPARO,VEE ONE,342.0
2026-09-16,3040258420,011-00877-00,"GSA-80 SERVO ROL,YAW,SPEC",BACO,REC,EM REPARO,VEE ONE,342.0
2026-09-16,3040258421,011-00877-00,"GSA-80 SERVO ROL,YAW,SPEC",BABE,REC,,BACO,342.0
2026-09-16,3040258764,069-01034-0102,"NAVIGATION SET,SATELLITE SIGNALS KLN-94",PAMALS,REC,,BANT,335.0
2026-09-16,3040259152,066-01141-5101,"TRANSPONDER,RADAR",BABE,REC,,BANT,316.0
2026-09-16,3040259151,066-01141-5101,"TRANSPONDER,RADAR",BANT,REC,,BANT,316.0
2026-09-16,3040259251,064-1019-05,VHF TRANSCEIVE KY196,EEAR,REC,,EEAR,314.0
2026-09-16,3040259146,1U149-015-15,HORIZ. GYRO-STADBY,PAMALS,REC,EM REPARO,VEE ONE,313.0
2026-09-16,3040259147,162-10700,OUTER WHEEL HALF ASSY,BANT,REC,EM REPARO,AMA - VEE ONE,313.0
2026-09-16,3040259148,3049038-03,"VALVE,COMPRESSOR BLEED",BANT,OS concluída,,,
2026-09-16,3040259316,2606015-4,INDICATOR-OIL TEMP/OIL PRESS,BACG,REC,,PAMA-LS,310.0
2026-09-16,3040259564,C414007-0102,BLOWER ASSY,PAMALS,OS concluída,,,
2026-09-16,3040259568,C414007-0102,BLOWER ASSY,ALA 10,OS concluída,,,
2026-09-16,3040259570,C414007-0102,BLOWER ASSY,ALA 10,OS concluída,,,
2026-09-16,3040259694,025323-150,FUEL PUMP,PAMASP,REC,,BACO,302.0
2026-09-16,3040259922,C414007-0102,BLOWER ASSY,BANT,REC,,PAMA-LS,295.0
2026-09-16,3040259928,C414007-0102,BLOWER ASSY,PAMALS,REC,EM REPARO,VEE ONE,295.0
2026-09-16,3040259924,C414007-0102,BLOWER ASSY,BACG,REC,EM REPARO,VEE ONE,295.0
2026-09-16,3040259918,C414007-0102,BLOWER ASSY,ALA 10,OS concluída,,VEE ONE,
2026-09-16,3040259950,065-0060-01,"CONTROL,SERVO,AUTOMATIC PILOT",PAMALS,REC,EM REPARO,LEAP,295.0
2026-09-16,3040259949,065-0060-01,"CONTROL,SERVO,AUTOMATIC PILOT",PAMALS,REC,EM REPARO,LEAP,295.0
2026-09-16,3040259947,066-3046-07,"CONTROL,INDICATOR",EEAR,OS concluída,,,
2026-09-16,3040259946,066-3046-07,"CONTROL,INDICATOR",BANT,REC,,BANT,295.0
2026-09-16,3040259944,066-3046-07,"CONTROL,INDICATOR",EEAR,REC,,PAMA-LS,295.0
2026-09-16,3040260209,011-00916-00,DISPLAY UNIT GDU 1040A,PAMALS,REC,,BAMN,281.0
2026-09-16,3040260208,324843-W020,HEADSET-MICROPHONE,PAMALS,REC,VAI SER DEVOLVIDO SEM REPARO,WILLIAM,281.0
2026-09-16,3040260204,324843-W020,HEADSET-MICROPHONE,PAMALS,OS concluída,,,
2026-09-16,3040260205,324843-W020,HEADSET-MICROPHONE,PAMALS,OS concluída,,,
2026-09-16,3040260388,SD5H14C4527,AIR COMPRESSOR,PAMALS,REC,EM REPARO,VEE ONE,274.0
2026-09-16,3040260382,065-00183-0501,AUTOPILOT COMPUTER KFC225,BANT,REC,,BANT,274.0
2026-09-16,3040260389,SD5H14C4527,AIR COMPRESSOR,PAMALS,REC,EM REPARO,VEE ONE,274.0
2026-09-16,3040260517,ASG12000-2,ALTERNATOR,PAMALS,OS concluída,,,
2026-09-16,3040260524,51539-012M,CONTROL UNIT ASSY-GENERATOR,BANT,REC,,BACG,271.0
2026-09-16,3040260516,ASG12000-2,ALTERNATOR,PAMALS,REC,,V1 PAMA-LS,271.0
2026-09-16,3040260523,9910592-2,ALTERNADOR,BAMN,OS concluída,,babr,
2026-09-16,3040260522,9910592-2,ALTERNADOR,BAMN,REC,,dacta II,271.0
2026-09-16,3040260547,161-12800,WHEEL HALF ASSY-INNER,EPCAR,OS concluída,,BABE,
2026-09-16,3040260545,161-11700,INNER WHEEL HALF ASSY,BACG,OS concluída,,,
2026-09-16,3040260544,161-11700,INNER WHEEL HALF ASSY,BANT,OS concluída,,,
2026-09-16,3040260546,161-12800,WHEEL HALF ASSY-INNER,PAMALS,REC,,,253.0
2026-09-16,3040260548,161-11700,INNER WHEEL HALF ASSY,CLA,OS concluída,,,
2026-09-16,3040260549,162-10700,OUTER WHEEL HALF ASSY,BACG,OS concluída,,,
2026-09-16,3040260550,162-10700,OUTER WHEEL HALF ASSY,CLA,OS concluída,,,
2026-09-16,3040260551,162-11800,WHEEL HALF ASSY-OUTER,BANT,REC,,,253.0
2026-09-16,3040260552,30994-001,BATTERY-MARATHON TSP410 NICAD,BABE,OS concluída,,PAMA-LS,
2026-09-16,3040260543,324843-W020,HEADSET-MICROPHONE,PAMALS,REC,,PAMA-LS,253.0
2026-09-16,3040260542,324843-W020,HEADSET-MICROPHONE,PAMALS,REC,,BABE,253.0
2026-09-16,3040260541,324843-W020,HEADSET-MICROPHONE,PAMALS,OS concluída,,,
2026-09-16,3040260540,324843-W020,HEADSET-MICROPHONE,PAMALS,OS concluída,,,
2026-09-16,3040260538,324843-W020,HEADSET-MICROPHONE,PAMALS,REC,,BABE,253.0
2026-09-16,3040260539,324843-W020,HEADSET-MICROPHONE,PAMALS,REC,,BABE,253.0
2026-09-16,3040260595,9910586-4,FLAP ACTUATOR AND MOTOR ASSEMBLY,7 ETA,REC,,BAMN,253.0
2026-09-16,3040260597,9910586-4,FLAP ACTUATOR AND MOTOR ASSEMBLY,BAPV,OS concluída,,BABR,
2026-09-16,3040260583,3244897-4,FUEL CONTROL UNIT,PAMALS,OS concluída,,,
2026-09-16,3040260750,3122678-04,FUEL CONTROL UNIT,PAMASP,REC,,BANT,245.0
2026-09-16,3040260752,3244897-4,FUEL CONTROL UNIT,PAMASP,OS concluída,,,
2026-09-16,3040260753,3244809-7,"FUEL CONTROL,MAIN,TURBINE ENGINE",PAMASP,OS concluída,,,
2026-09-16,3040260754,3244809-1,"FUEL CONTROL,MAIN,TURBINE ENGINE",PAMASP,REC,EM QUARENTENA,LEAP,245.0
2026-09-16,3040254794,C145-350,"MOTOR,DIRECT CURRENT",PAMALS,OS concluída,,,
2026-09-16,3040260913,064-1054-30,RECEIVER-TRANSMITTER SUBASSEMBLY,EPCAR,REC,,V1 PAMA-LS,233.0
2026-09-16,3040260915,064-1054-30,RECEIVER-TRANSMITTER SUBASSEMBLY,PAMALS,REC,,BABR,233.0
2026-09-16,3040260811,3034792,BOMBA DE COMBUSTÍVEL,BAPV,OS concluída,,BABR,
2026-09-16,3040260812,3034792,BOMBA DE COMBUSTÍVEL,BACG,OS concluída,,,
2026-09-16,3040260922,162-11800,WHEEL HALF ASSY-OUTER,PAMALS,OS concluída,,,
2026-09-16,3040260923,030-18200,MAIN WHEEL BRAKE,BACO,REC,REPARADO,VEE ONE,231.0
2026-09-16,3040261389,3034792,BOMBA DE COMBUSTÍVEL,PAMASP,OS concluída,REPARADO,V1 PAMA-LS,
2026-09-16,3040261388,3034792,BOMBA DE COMBUSTÍVEL,BABR,OS concluída,,,
2026-09-16,3040261387,3034792,BOMBA DE COMBUSTÍVEL,BABR,OS concluída,,,
2026-09-16,3040261371,TFF2905-13,FUEL FLOW TRANSDUCER,ALA 8,REC,,PAMA-LS,218.0
2026-09-16,3040261375,C661065-0240RX,"INDICATOR, AIRSPEED",BACG,REC,EM REPARO,WILLIAM,218.0
2026-09-16,3040261373,C661065-0240,AIRSPEED INDICATOR,BABE,REC,,PAMA-LS,218.0
2026-09-16,3040261322,011-00831-00,"ENGINE INTERFA,SPEC",BAPV,REC,,VEE ONE,218.0
2026-09-16,3040261326,011-00882-10,"COMPUTER,AIR DATA",BAMN,OS concluída,,,
2026-09-16,3040261324,011-00882-10,"COMPUTER,AIR DATA",BAMN,OS concluída,,,
2026-09-16,3040261327,064-1054-30,RECEIVER-TRANSMITTER SUBASSEMBLY,PAMASP,REC,,PAMA-LS,218.0
2026-09-16,3040261336,066-01141-0101,"RECEIVER,RADIO",BANT,REC,,PAMA-LS,218.0
2026-09-16,3040261334,065-0065-01,SELECTOR ALT,BANT,REC,,PAMA-LS,218.0
2026-09-16,3040261331,065-0061-36,ACTUATOR TRIM (KS272A),PAMASP,OS concluída,,BABR,
2026-09-16,3040261329,065-0061-36,ACTUATOR TRIM (KS272A),ALA 10,OS concluída,,,
2026-09-16,3040261335,065-0065-01,SELECTOR ALT,BANT,REC,,PAMA-LS,218.0
2026-09-16,3040261342,066-3084-02,COLOR RADAR INDICATOR,BABV,REC,,PAMA-LS,218.0
2026-09-16,3040261340,066-1053-00,"RECEIVER,RADIO",BASM,REC,,PAMA-LS,218.0
2026-09-16,3040261377,066-3054-01,INDICATOR RADAR ALTIMETER - TYPE KI250,PAMALS,REC,EM REPARO,WILLIAM,218.0
2026-09-16,3040261376,066-1061-03,RT RADAR ALTIM (KRA10A),PAMALS,REC,PARA REPARO,VEE ONE,218.0
2026-09-16,3040261352,1134380-4,EVAPORATOR MODULE ASSY-RH,BAMN,REC,CONDENADO,VEE ONE,218.0
2026-09-16,3040261347,071-1234-00,ANTENNA ACCESSORY,ALA 1,REC,EM REPARO,WILLIAM,218.0
2026-09-16,3040261344,066-4010-12,RECEIVER VOR/LOC (KNS81),ALA 10,REC,EM REPARO,WILLIAM,218.0
2026-09-16,3040261353,1H75-21,PRESSURE REGULATOR,BAMN,OS concluída,,BAMN,
2026-09-16,3040261357,2682001-1,BRAKE CYL MAST,BABE,OS concluída,,,
2026-09-16,3040261356,2670104-2,ANNUNCIATOR PANEL,PAMALS,OS concluída,,,
2026-09-16,3040261355,2643100-201,NOSE GEAR STRUT ASSY - TALL FORK,BABR,OS concluída,,,
2026-09-16,3040261354,2643100-201,NOSE GEAR STRUT ASSY - TALL FORK,BANT,REC,EM REPARO,AV AERONAUTICA,218.0
2026-09-16,3040261364,8210-002-01,GOVERNOR PROPELLER,PAMASP,REC,REPARADO,VEE ONE,218.0
2026-09-16,3040261627,S3828-1,ALTIMETER,BAMN,REC,,PAMA-LS,204.0
2026-09-16,3040261628,S3828-1,ALTIMETER,BABE,REC,REPARADO,V1 PAMA-LS,204.0
2026-09-16,3040261851,51539-012MRX,CONTROL UNIT ASSY-GENERATOR,BABE,REC,EM REPARO,VEE ONE,196.0
2026-09-16,3040261852,51539-012MRX,CONTROL UNIT ASSY-GENERATOR,BABE,REC,EM REPARO,VEE ONE,196.0
2026-09-16,3040261843,3034792,BOMBA DE COMBUSTÍVEL,PAMALS,REC,EM REPARO,VEE ONE,191.0
2026-09-16,3040262245,200SGL119Q-2,STARTER GENERATOR,BAMN,OS concluída,,,
2026-09-16,3040262246,200SGL119Q-2,STARTER GENERATOR,BAMN,OS concluída,,,
2026-09-16,3040262273,324843-W020,HEADSET-MICROPHONE,BABE,OS concluída,,,
2026-09-16,3040262275,324843-W020,HEADSET-MICROPHONE,BANT,OS concluída,,,
2026-09-16,3040262363,066-1055-00,AUDIO CONTROL PANEL,ALA 5,OS concluída,,,
2026-09-16,3040262367,066-1055-00,AUDIO CONTROL PANEL,ALA 9,REC,,WILLIAM,174.0
2026-09-16,3040262368,066-1055-00,AUDIO CONTROL PANEL,CLA,OS concluída,,,
2026-09-16,3040262372,51539-012M,CONTROL UNIT ASSY-GENERATOR,BANT,REC,,PAMA-LS,174.0
2026-09-16,3040262371,51539-012N,CONTROL UNIT ASSY-GENERATOR,BANT,REC,,PAMA-LS,174.0
2026-09-16,3040262419,065-0061-36,ACTUATOR TRIM (KS272A),ALA 9,REC,EM REPARO,WILLIAM,169.0
2026-09-16,3040262734,C352,PORTABLE HALON FIRE EXTINGUISHERS,ALA 5,REC,EM REPARO,AV AERONAUTICA,156.0
2026-09-16,3040262738,C352TS,"EXTINGUISHER,FIRE",BANT,REC,,AV AERONÁUTICA,156.0
2026-09-16,3040262739,C352TS,"EXTINGUISHER,FIRE",BANT,REC,,AV AERONÁUTICA,156.0
2026-09-16,3040262740,C352TS,"EXTINGUISHER,FIRE",PAMALS,REC,,AV AERONÁUTICA,156.0
2026-09-16,3040262766,011-00883-20,RADAR GWX 68 WEATHER,BAMN,OS concluída,,V1 PAMA-LS,
2026-09-16,3040262765,011-00883-20,RADAR GWX 68 WEATHER,BAMN,REC,,V1 PAMA-LS,156.0
2026-09-16,3040262772,011-01020-10,AFCS MODE CONTROLLER GMC 710,BAMN,REC,,PAMA-LS,156.0
2026-09-16,3040262770,011-01020-10,AFCS MODE CONTROLLER GMC 710,BAMN,REC,,PAMA-LS,156.0
2026-09-16,3040262773,011-01020-10,AFCS MODE CONTROLLER GMC 710,BAMN,REC,,PAMA-LS,156.0
2026-09-16,3040262746,066-1070-01,TRANSCEIVER DME (KN63),BABE,REC,EM REPARO,WILLIAM,156.0
2026-09-16,3040262745,064-1019-05,VHF TRANSCEIVE KY196,EEAR,REC,EM REPARO,VEE ONE,156.0
2026-09-16,3040262747,066-1072-00,RECEIVER ADF (KING KR87),ALA 7,REC,EM REPARO,WILLIAM,156.0
2026-09-16,3040262748,066-3046-07,"CONTROL,INDICATOR",BABR,REC,,BANT,156.0
2026-09-16,3040262769,066-3046-07,"CONTROL,INDICATOR",BABR,REC,,BANT,156.0
2026-09-16,3040262768,066-3046-07,"CONTROL,INDICATOR",EEAR,OS concluída,,BABR,
2026-09-16,3040262767,066-3046-07,"CONTROL,INDICATOR",EEAR,REC,EM REPARO,LEAP,156.0
2026-09-16,3040262791,066-3060-00,IND RMI KNI582,BANT,OS concluída,,,
2026-09-16,3040262630,161-11700,INNER WHEEL HALF ASSY,BANT,REC,,PAMA-LS,156.0
2026-09-16,3040262792,066-3060-00,IND RMI KNI582,BANT,REC,EM REPARO,LEAP,156.0
2026-09-16,3040262634,162-10700,OUTER WHEEL HALF ASSY,BANT,OS concluída,,PAMA-LS,
2026-09-16,3040262632,161-12800,WHEEL HALF ASSY-INNER,BANT,OS concluída,REPARADO,VEE ONE,
2026-09-16,3040262633,161-12800,WHEEL HALF ASSY-INNER,BANT,OS concluída,,,
2026-09-16,3040262635,162-11800,WHEEL HALF ASSY-OUTER,EPCAR,OS concluída,,,
2026-09-16,3040262637,162-11800,WHEEL HALF ASSY-OUTER,BANT,REC,REPARADO,VEE ONE,156.0
2026-09-16,3040262636,162-11800,WHEEL HALF ASSY-OUTER,BANT,OS concluída,REPARADO,VEE ONE,
2026-09-16,3040262646,200SGL119Q,STARTER GENERATOR,PAMASP,OS concluída,,,
2026-09-16,3040262639,200SGL119Q,STARTER GENERATOR,PAMASP,OS concluída,,PAMA-LS,
2026-09-16,3040262638,200SGL119Q,STARTER GENERATOR,PAMALS,REC,EM REPARO,AV AERONAUTICA,156.0
2026-09-16,3040262757,2606015-2,IND OIL TEMP/P,PAMALS,REC,EM REPARO,VEE ONE,156.0
2026-09-16,3040262706,2641011-5,AXLE-MAIN GEAR,BAMN,REC,,BANT,156.0
2026-09-16,3040262707,2641011-5,AXLE-MAIN GEAR,BABV,OS concluída,REPARADO,VEE ONE,
2026-09-16,3040262717,2641011-5,AXLE-MAIN GEAR,BANT,OS concluída,REPARADO,VEE ONE,
2026-09-16,3040262714,2641011-5,AXLE-MAIN GEAR,BAPV,REC,,BANT,156.0
2026-09-16,3040262713,2641011-5,AXLE-MAIN GEAR,BAPV,OS concluída,,,
2026-09-16,3040262712,2641011-5,AXLE-MAIN GEAR,BABR,REC,,BANT,156.0
2026-09-16,3040262711,2641011-5,AXLE-MAIN GEAR,BABR,REC,,BANT,156.0
2026-09-16,3040262709,2641011-5,AXLE-MAIN GEAR,PAMALS,REC,,BANT,156.0
2026-09-16,3040262708,2641011-5,AXLE-MAIN GEAR,PAMALS,REC,,BANT,156.0
2026-09-16,3040262744,3244809-1A,F.C.U,PAMALS,REC,EM REPARO,LEAP,156.0
2026-09-16,3040262758,9910338-4,FUEL TOTALIZER INDICATOR,PAMALS,REC,EM REPARO,VEE ONE,156.0
2026-09-16,3040262759,9910338-6,"TRANSMITTER,RATE OF FLOW",BAMN,REC,,PAMA-LS,156.0
2026-09-16,3040262760,9910338-6,"TRANSMITTER,RATE OF FLOW",BANT,REC,EM REPARO,VEE ONE,156.0
2026-09-16,3040262966,2682001-1,BRAKE CYL MAST,BACO,OS concluída,,PAMA-LS,
2026-09-16,3040262967,2682001-1,BRAKE CYL MAST,PAMALS,REC,,PAMA-LS,154.0
2026-09-16,3040262968,2682001-1,BRAKE CYL MAST,BANT,OS concluída,,PAMA-LS,
2026-09-16,3040262969,2682001-1,BRAKE CYL MAST,BABE,REC,,PAMA-LS,154.0
2026-09-16,3040263069,453-5060,ELT C406-N,BABE,OS concluída,,,
2026-09-16,3040263283,D145-00-46-2,FLAP ACTUATOR ASSY,PAMALS,REC,,,139.0
2026-09-16,3040263284,D145-00-46-2,FLAP ACTUATOR ASSY,BAFL,REC,,,139.0
2026-09-16,3040263324,069-01033-0101,"RECEIVER-TRANSMITTER,RADIO",PAMALS,REC,EM REPARO,LEAP,139.0
2026-09-16,3040263287,C661065-0237,AIRSPEED INDICATOR,BABR,OS concluída,,,
2026-09-16,3040263288,C661065-0237,AIRSPEED INDICATOR,PAMASP,OS concluída,,,
2026-09-16,3040263314,060-0017-00,FLIGHT DIR HOR,EEAR,REC,EM REPARO,LEAP,139.0
2026-09-16,3040263319,066-1055-00,AUDIO CONTROL PANEL,BABE,OS concluída,,,
2026-09-16,3040263317,060-0017-00,FLIGHT DIR HOR,PAMASP,REC,,BANT,139.0
2026-09-16,3040263316,060-0017-00,FLIGHT DIR HOR,BANT,REC,,BANT,139.0
2026-09-16,3040263320,066-1055-00,AUDIO CONTROL PANEL,PAMALS,REC,EM REPARO,AV AERONAUTICA,139.0
2026-09-16,3040263325,069-01033-0101,"RECEIVER-TRANSMITTER,RADIO",PAMALS,REC,,,139.0
2026-09-16,3040263335,C611008-0101,ALTERNATOR CONTROL UNIT,PAMALS,REC,,BANT,139.0
2026-09-16,3040263336,C611008-0101,ALTERNATOR CONTROL UNIT,PAMALS,REC,,BANT,139.0
2026-09-16,3040263286,C661065-0237,AIRSPEED INDICATOR,BANT,REC,,PAMA-LS,139.0
2026-09-16,3040263322,066-1055-00,AUDIO CONTROL PANEL,ALA 9,REC,EM REPARO,WILLIAM,139.0
2026-09-16,3040263326,069-01033-0101,"RECEIVER-TRANSMITTER,RADIO",PAMALS,REC,,BANT,139.0
2026-09-16,3040263315,060-0017-00,FLIGHT DIR HOR,BACG,OS concluída,,BABR,
2026-09-16,3040263334,011-00916-10,"DISPLAY UNIT,FLIGHT INFORMATION",BACO,REC,,WILLIAM,139.0
2026-09-16,3040263333,011-00916-10,"DISPLAY UNIT,FLIGHT INFORMATION",BACO,OS concluída,,BAMN,
2026-09-16,3040263332,011-00916-10,"DISPLAY UNIT,FLIGHT INFORMATION",BAMN,OS concluída,,,
2026-09-16,3040263331,C661064-0237,AIRSPEED INDICATOR,PAMALS,REC,,PAMA-LS,139.0
2026-09-16,3040263329,C661064-0237,AIRSPEED INDICATOR,PAMALS,REC,,PAMA-LS,139.0
2026-09-16,3040263328,C661064-0237,AIRSPEED INDICATOR,BABR,REC,EM REPARO,WILLIAM,139.0
2026-09-16,3040263327,C661064-0237,AIRSPEED INDICATOR,BABR,REC,EM REPARO,WILLIAM,139.0
2026-09-16,3040263330,C661064-0237,AIRSPEED INDICATOR,PAMALS,REC,,PAMA-LS,139.0
2026-09-16,3040263338,C611008-0101,ALTERNATOR CONTROL UNIT,PAMALS,REC,,V1 PAMA-LS,139.0
2026-09-16,3040263433,066-03064-0005,"ALTIMETER,SERVO CONTROLLED,AUTOMATIC PRESSURE",BACG,REC,,PAMA-LS,133.0
2026-09-16,3040263435,066-03064-0005,"ALTIMETER,SERVO CONTROLLED,AUTOMATIC PRESSURE",BANT,REC,,PAMA-LS,133.0
2026-09-16,3040263434,066-03064-0005,"ALTIMETER,SERVO CONTROLLED,AUTOMATIC PRESSURE",PAMASP,REC,,PAMA-LS,133.0
2026-09-16,3040263417,069-01033-0101,"RECEIVER-TRANSMITTER,RADIO",PAMALS,REC,EM REPARO,WILLIAM,133.0
2026-09-16,3040263416,069-01033-0101,"RECEIVER-TRANSMITTER,RADIO",BASM,REC,EM REPARO,WILLIAM,133.0
2026-09-16,3040263415,069-01033-0101,"RECEIVER-TRANSMITTER,RADIO",BABR,REC,,BANT,133.0
2026-09-16,3040263447,066-3046-07,"CONTROL,INDICATOR",CLA,OS concluída,,BABR,
2026-09-16,3040263443,3244897-4,FUEL CONTROL UNIT,PAMALS,REC,EM REPARO,LEAP,132.0
2026-09-16,3040263444,3244897-4,FUEL CONTROL UNIT,PAMALS,REC,EM REPARO,LEAP,132.0
2026-09-16,3040263577,060-0015-00,"CONTROL,DIRECTIONAL,AUTOMATIC PILOT",ALA 5,REC,,WILLIAM,127.0
2026-09-16,3040263574,066-1072-04,"RECEIVER,RADIO",BABE,REC,EM REPARO,WILLIAM,127.0
2026-09-16,3040263576,066-1072-04,"RECEIVER,RADIO",BAMN,OS concluída,,WILLIAM,
2026-09-16,3040263575,066-1072-04,"RECEIVER,RADIO",BABE,REC,EM REPARO,WILLIAM,127.0
2026-09-16,3040263573,066-3084-32,IND RDR 2000 IN-182A,PAMALS,REC,,BABR,127.0
2026-09-16,3040263571,066-3084-32,IND RDR 2000 IN-182A,PAMALS,REC,,BANT,127.0
2026-09-16,3040263572,066-3084-32,IND RDR 2000 IN-182A,PAMALS,REC,EM REPARO,WILLIAM,127.0
2026-09-16,3040263448,2618510-10,ALTERNATOR CONTROL UNIT ASSY,BABE,REC,EM REPARO,WILLIAM,127.0
2026-09-16,3040263449,2618510-10,ALTERNATOR CONTROL UNIT ASSY,PAMALS,REC,,BANT,127.0
2026-09-16,3040263877,2641011-5,AXLE-MAIN GEAR,CLA,REC,REPARADO,VEE ONE,117.0
2026-09-16,3040263878,2641011-5,AXLE-MAIN GEAR,CLA,REC,,BABE,117.0
2026-09-16,3040264243,069-01033-0101,"RECEIVER-TRANSMITTER,RADIO",PAMALS,REC,EM REPARO,WILLIAM,110.0
2026-09-16,3040264244,069-01033-0101,"RECEIVER-TRANSMITTER,RADIO",PAMASP,REC,EM REPARO,WILLIAM,110.0
2026-09-16,3040264246,060-0017-00,FLIGHT DIR HOR,PAMALS,REC,,BABR,110.0
2026-09-16,3040264237,200SGL119Q-2,STARTER GENERATOR,BAMN,REC,EM REPARO,AV AERONAUTICA,110.0
2026-09-16,3040264236,200SGL119Q-2,STARTER GENERATOR,BABE,OS concluída,,BABE,
2026-09-16,3040264121,3244897-4,FUEL CONTROL UNIT,BABE,OS concluída,EM REPARO,LEAP,
2026-09-16,3040264263,9910338-8,"INDICATOR,FUEL FLOW",PAMALS,OS concluída,,BABR,
2026-09-16,3040264262,9910338-8,"INDICATOR,FUEL FLOW",BABV,REC,,PAMA-LS,110.0
2026-09-16,3040264242,324843-2020,HEADSET-MICROPHONE,BABE,OS concluída,,BAMN,
2026-09-16,3040264264,324843-2020,HEADSET-MICROPHONE,DACTA II,OS concluída,,BAMN,
2026-09-16,3040264238,324843-2020,HEADSET-MICROPHONE,DACTA II,OS concluída,,,
2026-09-16,3040264241,324843-2020,HEADSET-MICROPHONE,DACTA II,OS concluída,,BAMN,
2026-09-16,3040264240,324843-2020,HEADSET-MICROPHONE,DACTA II,OS concluída,,BAMN,
2026-09-16,3040264122,3244809-8,"FUEL CONTROL,MAIN,TURBINE ENGINE",BABE,OS concluída,,BABR,
2026-09-16,3040263797,066-3046-07,"CONTROL,INDICATOR",BABE,REC,EM REPARO,WILLIAM,110.0
2026-09-16,3040263798,066-3046-07,"CONTROL,INDICATOR",PAMASP,OS concluída,,,
2026-09-16,3040263799,066-3046-07,"CONTROL,INDICATOR",PAMASP,REC,EM REPARO,WILLIAM,110.0
2026-09-16,3040263795,071-01519-0101,"RECEIVER-EXCITER,RADAR",PAMALS,REC,,BANT,110.0
2026-09-16,3040263796,071-01519-0101,"RECEIVER-EXCITER,RADAR",PAMALS,REC,EM REPARO,WILLIAM,110.0
2026-09-16,3040264579,060-0017-00,FLIGHT DIR HOR,BABR,OS concluída,,,
2026-09-16,3040264577,060-0017-00,FLIGHT DIR HOR,PAMALS,REC,,,98.0
2026-09-16,3040264573,060-0017-00,FLIGHT DIR HOR,BANT,REC,,,98.0
2026-09-16,3040264574,060-0017-00,FLIGHT DIR HOR,BANT,REC,,,98.0
2026-09-16,3040264576,060-0017-00,FLIGHT DIR HOR,PAMALS,REC,,,98.0
2026-09-16,3040264572,060-0017-00,FLIGHT DIR HOR,PAMASP,REC,,,98.0
2026-09-16,3040264647,1H75-21,PRESSURE REGULATOR,BAMN,REC,,,93.0
2026-09-16,3040264646,1H75-21,PRESSURE REGULATOR,PAMASP,REC,,,93.0
2026-09-16,3040264645,1H75-21,PRESSURE REGULATOR,PAMASP,REC,,,93.0
2026-09-16,3040264643,1H75-21,PRESSURE REGULATOR,PAMASP,OS concluída,,,
2026-09-16,3040264707,3244809-7,"FUEL CONTROL,MAIN,TURBINE ENGINE",BABE,OS concluída,,,
2026-09-16,3040264709,540-1407-4,"VALVE,BLEED,TURBINEENGINE",PAMASP,REC,,,93.0
2026-09-16,3040264710,200SGL153Q,"STARTER-GENERATOR,ENGINE,AIRCRAFT",CLA,OS concluída,,,
2026-09-16,3040264711,200SGL153Q,"STARTER-GENERATOR,ENGINE,AIRCRAFT",PAMASP,OS concluída,,,
2026-09-16,3040264712,200SGL153Q,"STARTER-GENERATOR,ENGINE,AIRCRAFT",BACG,REC,,,93.0
2026-09-16,3040264718,9910338-8,"INDICATOR,FUEL FLOW",PAMALS,REC,,,93.0
2026-09-16,3040264719,S3326-2,"INDICATOR,HORIZONTAL SITUATION",ALA 8,REC,,,93.0
2026-09-16,3040264720,S3326-2,"INDICATOR,HORIZONTAL SITUATION",PAMALS,REC,,,93.0
2026-09-16,3040264721,S3326-2,"INDICATOR,HORIZONTAL SITUATION",PAMASP,REC,,,93.0
2026-09-16,3040264724,2606013-1AM,INDICADOR PERCENTUAL RPM,BABV,REC,,,93.0
2026-09-16,3040264725,2606013-1AM,INDICADOR PERCENTUAL RPM,BABR,REC,,,93.0
2026-09-16,3040264726,2606015-4,INDICATOR-OIL TEMP/OIL PRESS,BANT,REC,,,93.0
2026-09-16,3040264727,C661051-0201,GYRO HORIZON,ALA 10,REC,,,93.0
2026-09-16,3040264728,504-0111-906,GYRO HORIZON,PAMALS,OS concluída,,,
2026-09-16,3040264729,504-0111-906,GYRO HORIZON,BACG,OS concluída,,,
2026-09-16,3040264730,8210-003,"GOVERNOR,FUEL CONTROL",PAMASP,REC,,,93.0
2026-09-16,3040264731,8210-002,"GOVERNOR,CONSTANT SPEED DRIVE",PAMASP,REC,,,93.0
2026-09-16,3040264732,8210-002,"GOVERNOR,CONSTANT SPEED DRIVE",BAMN,REC,,,93.0
2026-09-16,3040264733,030-18200,MAIN WHEEL BRAKE,BAMN,REC,,,93.0
2026-09-16,3040264734,030-18200,MAIN WHEEL BRAKE,BAMN,REC,,,93.0
2026-09-16,3040264735,161-11700,INNER WHEEL HALF ASSY,PAMALS,REC,,,93.0
2026-09-16,3040264736,161-12800,WHEEL HALF ASSY-INNER,BABR,REC,,,93.0
2026-09-16,3040264737,161-12800,WHEEL HALF ASSY-INNER,PAMALS,AUT,,,93.0
2026-09-16,3040264738,162-10700,OUTER WHEEL HALF ASSY,BACO,AUT,,,93.0
2026-09-16,3040264807,011-01105-01,INTEGRATED AVIONICS UNIT GIA63W,ALA 8,REC,,,85.0
2026-09-16,3040264808,011-01105-01,INTEGRATED AVIONICS UNIT GIA63W,BAMN,REC,,,85.0
2026-09-16,3040264907,011-00916-10,"DISPLAY UNIT,FLIGHT INFORMATION",BAMN,REC,,,78.0
2026-09-16,3040264908,011-00916-10,"DISPLAY UNIT,FLIGHT INFORMATION",BABV,OS concluída,,,
2026-09-16,3040264974,3244809-8,"FUEL CONTROL,MAIN,TURBINE ENGINE",BAMN,REC,,,76.0
2026-09-16,3040264961,3244897-4,FUEL CONTROL UNIT,CLA,OS concluída,,,
2026-09-16,3040264960,3034792,BOMBA DE COMBUSTÍVEL,CLA,OS concluída,,,
2026-09-16,3040265144,011-01020-10,AFCS MODE CONTROLLER GMC 710,BABE,REC,,,70.0
2026-09-16,3040265140,011-01020-10,AFCS MODE CONTROLLER GMC 710,BABE,REC,,,70.0
2026-09-16,3040265482,066-3084-32,IND RDR 2000 IN-182A,BABR,REC,,,55.0
2026-09-16,3040265484,066-3084-32,IND RDR 2000 IN-182A,BANT,REC,,,55.0
2026-09-16,3040265485,066-3084-32,IND RDR 2000 IN-182A,BABR,REC,,,55.0
2026-09-16,3040265526,ASG12000-2,ALTERNATOR,PAMALS,REC,,,51.0
2026-09-16,3040265525,ASG12000-2,ALTERNATOR,BABR,REC,,,51.0
2026-09-16,3040265527,9910592-2,ALTERNADOR,BABR,REC,,,51.0
2026-09-16,3040265533,3122678-04,FUEL CONTROL UNIT,BABR,REC,,,51.0
2026-09-16,3040265532,C611505-0201,ALTERNATOR,BANT,REC,,,51.0
2026-09-16,3040265530,C611505-0201,ALTERNATOR,BABV,REC,,,51.0
2026-09-16,3040265528,9910592-2,ALTERNADOR,BABR,REC,,,51.0
2026-09-16,3040265724,3244897-4,FUEL CONTROL UNIT,CLA,REC,,,50.0
2026-09-16,3040265474,C611008-0101,ALTERNATOR CONTROL UNIT,PAMALS,REC,,,48.0
2026-09-16,3040265475,C611008-0101,ALTERNATOR CONTROL UNIT,BABV,REC,,,48.0
2026-09-16,3040265476,C611008-0101,ALTERNATOR CONTROL UNIT,PAMALS,REC,,,48.0
2026-09-16,3040265477,C611008-0101,ALTERNATOR CONTROL UNIT,PAMALS,REC,,,48.0
2026-09-16,3040265576,011-00916-10,"DISPLAY UNIT,FLIGHT INFORMATION",BAMN,REC,,,47.0
2026-09-16,3040265580,011-00916-00,DISPLAY UNIT GDU 1040A,PAMALS,REC,,,51.0
2026-09-16,3040265581,011-00916-00,DISPLAY UNIT GDU 1040A,PAMALS,REC,,,51.0
2026-09-16,3040265589,EA-5175-52-CES,INDICATOR TRUE,BABV,REC,,,51.0
2026-09-16,3040265590,EA-5175-52-CES,INDICATOR TRUE,BASM,REC,,,51.0
2026-09-16,3040265591,EA-5175-52-CES,INDICATOR TRUE,BABV,REC,,,51.0
2026-09-16,3040265592,EA-5175-52-CES,INDICATOR TRUE,BABV,REC,,,51.0
2026-09-16,3040265668,9910592-2,ALTERNADOR,PAMALS,OS concluída,,,
2026-09-16,3040265678,9910592-2,ALTERNADOR,BAMN,REC,,,51.0
2026-09-16,3040265679,C611505-0201,ALTERNATOR,PAMALS,REC,,,51.0
2026-09-16,3040265680,C611505-0201,ALTERNATOR,ALA 8,REC,,,51.0
2026-09-16,3040265726,071-01519-0101,"RECEIVER-EXCITER,RADAR",PAMALS,REC,,,50.0
2026-09-16,3040265727,071-01519-0101,"RECEIVER-EXCITER,RADAR",CLA,REC,,,50.0
2026-09-16,3040265728,C163030-1001,MAIN W BRAKE A,BAMN,REC,,,50.0
2026-09-16,3040265731,066-3046-07,"CONTROL,INDICATOR",BABR,REC,,,50.0
2026-09-16,3040265732,066-3046-07,"CONTROL,INDICATOR",BANT,REC,,,50.0
2026-09-16,3040265734,066-3046-07,"CONTROL,INDICATOR",EEAR,REC,,,50.0
2026-09-16,3040265735,066-3046-07,"CONTROL,INDICATOR",CLA,REC,,,50.0
2026-09-16,3040265736,C611008-0101,ALTERNATOR CONTROL UNIT,BABV,REC,,,50.0
2026-09-16,3040265737,C611008-0101,ALTERNATOR CONTROL UNIT,EEAR,REC,,,50.0
2026-09-16,3040265738,C611008-0101,ALTERNATOR CONTROL UNIT,PAMALS,REC,,,50.0
2026-09-16,3040265739,C611008-0101,ALTERNATOR CONTROL UNIT,BANT,REC,,,50.0
2026-09-16,3040265740,C611008-0101,ALTERNATOR CONTROL UNIT,BABE,REC,,,50.0
2026-09-16,3040265741,C611008-0101,ALTERNATOR CONTROL UNIT,BABR,REC,,,50.0
2026-09-16,3040265742,066-1072-04,"RECEIVER,RADIO",BACG,REC,,,50.0
2026-09-16,3040265743,066-1072-04,"RECEIVER,RADIO",BAMN,REC,,,50.0
2026-09-16,3040265744,066-1072-04,"RECEIVER,RADIO",PAMALS,REC,,,50.0
2026-09-16,3040265745,066-3084-32,IND RDR 2000 IN-182A,PAMALS,REC,,,50.0
2026-09-16,3040265746,066-3084-32,IND RDR 2000 IN-182A,PAMALS,REC,,,50.0
2026-09-16,3040265747,30994-001,BATTERY-MARATHON TSP410 NICAD,PAMALS,AUT,,,50.0
2026-09-16,3040265748,30994-001,BATTERY-MARATHON TSP410 NICAD,PAMALS,AUT,,,50.0
2026-09-16,3040265749,30994-001,BATTERY-MARATHON TSP410 NICAD,PAMALS,AUT,,,50.0
2026-09-16,3040265750,30994-001,BATTERY-MARATHON TSP410 NICAD,PAMALS,AUT,,,50.0
2026-09-16,3040265751,30994-001,BATTERY-MARATHON TSP410 NICAD,PAMALS,AUT,,,50.0
2026-09-16,3040265752,2641011-5,AXLE-MAIN GEAR,BAMN,REC,,,50.0
2026-09-16,3040265753,2641011-5,AXLE-MAIN GEAR,BAMN,REC,,,50.0
2026-09-16,3040265754,161-11700,INNER WHEEL HALF ASSY,BACO,AUT,,,50.0
2026-09-16,3040265755,161-12800,WHEEL HALF ASSY-INNER,BABE,REC,,,50.0
2026-09-16,3040265757,066-01141-0101,"RECEIVER,RADIO",PAMALS,REC,,,50.0
2026-09-16,3040265758,066-01141-0101,"RECEIVER,RADIO",PAMALS,REC,,,50.0
2026-09-16,3040265759,C660501-0103,"COMPASS,SPEC",DACTA II,REC,,,50.0
2026-09-16,3040265769,023694-000,BATTERY NICKEL CADMIUM,BAPV,REC,,,49.0
2026-09-16,3040265771,2651023-23,ENGINE MOUNT ASSEMBLY,PAMALS,REC,,,49.0
2026-09-16,3040265772,2651023-23,ENGINE MOUNT ASSEMBLY,PAMALS,REC,,,49.0
2026-09-16,3040265892,324843-0020,HEADSET-MICROPHONE,PAMALS,REC,,,44.0
2026-09-16,3040265893,324843-0020,HEADSET-MICROPHONE,PAMALS,OS concluída,,,
2026-09-16,3040265894,324843-0020,HEADSET-MICROPHONE,PAMALS,REC,,,44.0
2026-09-16,3040265895,324843-0020,HEADSET-MICROPHONE,PAMALS,REC,,,44.0
2026-09-16,3040265946,011-00870-00,MAGNETOMETER GMU 44,BAMN,REC,,,41.0
2026-09-16,3040265947,011-00870-00,MAGNETOMETER GMU 44,BAMN,REC,,,41.0
2026-09-16,3040266034,C662041-0102,INDICATOR FUEL,BABE,REC,,,37.0
2026-09-16,3040266040,C662041-0102,INDICATOR FUEL,PAMALS,REC,,,37.0
2026-09-16,3040266036,C662041-0102,INDICATOR FUEL,PAMALS,REC,,,37.0
2026-09-16,3040266035,C662041-0102,INDICATOR FUEL,PAMALS,REC,,,29.0
2026-09-16,3040266039,C662041-0102,INDICATOR FUEL,BANT,REC,,,29.0
2026-09-16,3040266041,C662041-0102,INDICATOR FUEL,PAMALS,REC,,,29.0
2026-09-16,3040266307,069-01033-0101,"RECEIVER-TRANSMITTER,RADIO",PAMALS,REC,,,27.0
2026-09-16,3040266308,069-01033-0101,"RECEIVER-TRANSMITTER,RADIO",BANT,REC,,,27.0
2026-09-16,3040266306,069-01033-0101,"RECEIVER-TRANSMITTER,RADIO",BACG,REC,,,27.0
2026-09-16,3040266307,069-01033-0101,"RECEIVER-TRANSMITTER,RADIO",PAMALS,REC,,,27.0
2026-09-16,3040266308,069-01033-0101,"RECEIVER-TRANSMITTER,RADIO",BANT,REC,,,27.0
2026-09-16,3040266568,C662504-0101,GAGE VOLT AMME,PAMALS,REC,,,16.0
2026-09-16,3040266567,C662504-0101,GAGE VOLT AMME,ALA 9,REC,,,16.0
2026-09-16,3040266566,C662504-0101,GAGE VOLT AMME,PAMALS,REC,,,16.0
2026-09-16,3040266569,C662504-0101,GAGE VOLT AMME,BABV,REC,,,16.0
2026-09-17,3040249831,066-01141-5101,"RECEIVER-TRANSMITTER,RADIO (KT71)",PAMALS,REC,EM REPARO,LEAP,584.0
2026-09-17,3040250248,452-0133,"BATTERY,NONRECHARGEABLE",BABR,REC,CONDENADO,VEE ONE,568.0
2026-09-17,3040250249,452-0133,"BATTERY,NONRECHARGEABLE",BAMN,REC,CONDENADO,VEE ONE,568.0
2026-09-17,3040250234,3034792,BOMBA DE COMBUSTÍVEL,PAMALS,REC,,BANT,568.0
2026-09-17,3040250816,453-5060,"BEACON,DISTRESS",BAMN,REC,,PAMA-LS,546.0
2026-09-17,3040250830,799-1,TRANSDUCER,BACO,REC,,BANT,546.0
2026-09-17,3040250829,51539-012N,CONTROL UNIT ASSY-GENERATOR,BAMN,OS concluída,,,
2026-09-17,3040250828,51539-012N,CONTROL UNIT ASSY-GENERATOR,BACG,REC,,BABR,546.0
2026-09-17,3040250827,51539-012N,CONTROL UNIT ASSY-GENERATOR,BANT,REC,,BABR,546.0
2026-09-17,3040250831,799-1,TRANSDUCER,BANT,REC,,BANT,546.0
2026-09-17,3040250833,9910586-4,FLAP ACTUATOR AND MOTOR ASSEMBLY,ALA 3,REC,,BAMN,546.0
2026-09-17,3040250834,9910586-4,FLAP ACTUATOR AND MOTOR ASSEMBLY,ALA 3,OS concluída,,,
2026-09-17,3040250832,9910338-4,FUEL TOTALIZER INDICATOR,EEAR,REC,,PAMA-LS,546.0
2026-09-17,3040250835,ASG12000-2,ALTERNATOR,ALA 5,REC,REPARADO,V1 PAMA-LS,546.0
2026-09-17,3040250841,C661030-0301,TURN BANK,PAMALS,REC,EM REPARO,LEAP,546.0
2026-09-17,3040250842,C662041-0102,INDICATOR FUEL,ALA 5,REC,,PAMA-LS,546.0
2026-09-17,3040250844,C662041-0102,INDICATOR FUEL,ALA 9,REC,,PAMA-LS,546.0
2026-09-17,3040250843,C662041-0102,INDICATOR FUEL,ALA 10,OS concluída,,,
2026-09-17,3040250719,060-0017-00,FLIGHT DIR HOR,PAMALS,REC,,BANT,546.0
2026-09-17,3040250720,060-0017-00,FLIGHT DIR HOR,BABV,OS concluída,,,
2026-09-17,3040250722,066-01141-5101,"RECEIVER-TRANSMITTER,RADIO (KT71)",ALA 9,REC,EM REPARO,WILLIAM,546.0
2026-09-17,3040250723,066-01141-5101,"RECEIVER-TRANSMITTER,RADIO (KT71)",CLA,REC,,BABR,546.0
2026-09-17,3040250721,060-0017-00,FLIGHT DIR HOR,BANT,OS concluída,,,
2026-09-17,3040250725,066-3046-07,"CONTROL,INDICATOR",ALA 10,OS concluída,,,
2026-09-17,3040250724,066-04035-1101,"DISPLAY UNIT,RADAR",PAMALS,REC,,BANT,546.0
2026-09-17,3040250732,069-1025-25,"RECEIVER-TRANSMITTER,RADIO - KX165",PAMALS,REC,EM REPARO,WILLIAM,546.0
2026-09-17,3040250782,2606012-1,INDICATOR-INTER-TURBINE TEMPERATURE,ALA 9,OS concluída,,,
2026-09-17,3040250775,161-11700,INNER WHEEL HALF ASSY,BABE,OS concluída,,,
2026-09-17,3040250773,161-11700,INNER WHEEL HALF ASSY,EEAR,REC,,BACG,546.0
2026-09-17,3040250718,030-18200,MAIN WHEEL BRAKE,BACO,OS concluída,,,
2026-09-17,3040250716,030-18200,MAIN WHEEL BRAKE,BABV,REC,EM REPARO,LEAP,546.0
2026-09-17,3040250717,030-18200,MAIN WHEEL BRAKE,BACO,OS concluída,,,
2026-09-17,3040250780,162-11800,WHEEL HALF ASSY-OUTER,PAMALS,OS concluída,,,
2026-09-17,3040250781,162-11800,WHEEL HALF ASSY-OUTER,BACG,OS concluída,,,
2026-09-17,3040250778,161-12800,WHEEL HALF ASSY-INNER,BACG,OS concluída,,,
2026-09-17,3040250776,161-12800,WHEEL HALF ASSY-INNER,BABE,OS concluída,,,
2026-09-17,3040250790,2643031-7,"FORK ASSY,NOSE GEAR SPRING",BAMN,OS concluída,,,
2026-09-17,3040250791,2643090-1,SHIMMY DAMPENE,BANT,REC,EM REPARO,AV AERONAUTICA,546.0
2026-09-17,3040250792,2643090-1,SHIMMY DAMPENE,BAMN,REC,REPARADO,V1 PAMA-LS,546.0
2026-09-17,3040250789,2641012-14,TRUNNION ASSY-RH-MAIN GEAR,PAMASP,OS concluída,,,
2026-09-17,3040250793,2643099-4,"SUPPORT ASSY FOWARD, NLG SPRING",BAMN,OS concluída,,,
2026-09-17,3040250798,30994-001,BATTERY-MARATHON TSP410 NICAD,BANT,OS concluída,CONDENADO,AMA - VEE ONE,
2026-09-17,3040252191,C611008-0101,ALTERNATOR CONTROL UNIT,PAMALS,REC,,BABR,513.0
2026-09-17,3040252159,011-00916-00,DISPLAY UNIT GDU 1040A,BAMN,REC,,BAMN,513.0
2026-09-17,3040252161,065-0042-03,COMPUTER PA,ALA 10,REC,EM REPARO,WILLIAM,513.0
2026-09-17,3040252162,065-0042-03,COMPUTER PA,EEAR,REC,,BABE,513.0
2026-09-17,3040252164,065-0042-03,COMPUTER PA,EEAR,REC,EM REPARO,WILLIAM,513.0
2026-09-17,3040252165,065-0042-03,COMPUTER PA,PAMALS,OS concluída,,,
2026-09-17,3040252166,065-0059-01,SERVO PITCH,EEAR,REC,EM REPARO,WILLIAM,513.0
2026-09-17,3040252168,066-03064-0005,"ALTIMETER,SERVO CONTROLLED,AUTOMATIC PRESSURE",ALA 9,OS concluída,,,
2026-09-17,3040252173,066-03064-0005,"ALTIMETER,SERVO CONTROLLED,AUTOMATIC PRESSURE",BANT,REC,EM REPARO,LEAP,513.0
2026-09-17,3040252172,066-03064-0005,"ALTIMETER,SERVO CONTROLLED,AUTOMATIC PRESSURE",PAMALS,REC,NO ESTADO,VEE ONE,513.0
2026-09-17,3040252170,066-03064-0005,"ALTIMETER,SERVO CONTROLLED,AUTOMATIC PRESSURE",ALA 7,REC,NO ESTADO,VEE ONE,513.0
2026-09-17,3040252178,066-1072-00,RECEIVER ADF (KING KR87),PAMALS,OS concluída,,,
2026-09-17,3040252182,066-1072-04,"RECEIVER,RADIO",ALA 9,OS concluída,,,
2026-09-17,3040252181,066-1072-04,"RECEIVER,RADIO",PAMASP,REC,EM REPARO,WILLIAM,513.0
2026-09-17,3040252180,066-1072-04,"RECEIVER,RADIO",ALA 8,OS concluída,,,
2026-09-17,3040252185,066-1072-04,"RECEIVER,RADIO",BAMN,OS concluída,,,
2026-09-17,3040252189,9910338-6,"TRANSMITTER,RATE OF FLOW",ALA 8,OS concluída,,,
2026-09-17,3040252190,9910338-6,"TRANSMITTER,RATE OF FLOW",BABR,OS concluída,,,
2026-09-17,3040252160,011-01020-10,AFCS MODE CONTROLLER GMC 710,BAMN,OS concluída,,,
2026-09-17,3040252939,C163030-1001,MAIN W BRAKE A,BABV,REC,,BAMN,483.0
2026-09-17,3040252936,030-18200,MAIN WHEEL BRAKE,BACO,REC,,PAMA-LS,483.0
2026-09-17,3040252935,030-18200,MAIN WHEEL BRAKE,BAMN,OS concluída,,,
2026-09-17,3040252940,30-182,MAIN WHEEL BRAKE,BABV,OS concluída,,,
2026-09-17,3040252942,30-182,MAIN WHEEL BRAKE,BAMN,OS concluída,,,
2026-09-17,3040252943,30-182,MAIN WHEEL BRAKE,BAMN,OS concluída,,,
2026-09-17,3040253170,161-12800,WHEEL HALF ASSY-INNER,BASM,OS concluída,,,
2026-09-17,3040253168,161-12800,WHEEL HALF ASSY-INNER,BASM,REC,,PAMA-LS,479.0
2026-09-17,3040253172,161-12800,WHEEL HALF ASSY-INNER,PAMALS,REC,,PAMA-LS,479.0
2026-09-17,3040253174,161-12800,WHEEL HALF ASSY-INNER,PAMALS,OS concluída,,,
2026-09-17,3040253173,161-12800,WHEEL HALF ASSY-INNER,PAMALS,REC,EM REPARO,LEAP,479.0
2026-09-17,3040253176,162-10700,OUTER WHEEL HALF ASSY,BABE,OS concluída,,,
2026-09-17,3040253177,162-10700,OUTER WHEEL HALF ASSY,BABV,REC,,PAMA-LS,479.0
2026-09-17,3040253178,162-10700,OUTER WHEEL HALF ASSY,PAMALS,REC,,PROCURANDO,479.0
2026-09-17,3040253179,162-11800,WHEEL HALF ASSY-OUTER,CLA,OS concluída,,,
2026-09-17,3040253181,162-11800,WHEEL HALF ASSY-OUTER,PAMALS,OS concluída,,,
2026-09-17,3040253180,162-11800,WHEEL HALF ASSY-OUTER,BASM,REC,,PROCURANDO,479.0
2026-09-17,3040253182,162-11800,WHEEL HALF ASSY-OUTER,PAMALS,REC,,PAMA-LS,479.0
2026-09-17,3040253536,2641012-14,TRUNNION ASSY-RH-MAIN GEAR,PAMALS,OS concluída,,,
2026-09-17,3040253529,066-03064-0005,"ALTIMETER,SERVO CONTROLLED,AUTOMATIC PRESSURE",DSM-MN,REC,DEVOLVIDO NO ESTADO,WILLIAM,469.0
2026-09-17,3040253528,066-03064-0005,"ALTIMETER,SERVO CONTROLLED,AUTOMATIC PRESSURE",BANT,OS concluída,,,
2026-09-17,3040253532,799-1,TRANSDUCER,PAMALS,REC,,BANT,469.0
2026-09-17,3040253535,2643099-4,"SUPPORT ASSY FOWARD, NLG SPRING",BABE,REC,CONDENADO,VEE ONE,469.0
2026-09-17,3040253531,799-1,TRANSDUCER,BAMN,REC,,VEE ONE,469.0
2026-09-17,3040253530,799-1,TRANSDUCER,BAMN,REC,,BANT,469.0
2026-09-17,3040253526,30994-001,BATTERY-MARATHON TSP410 NICAD,PAMALS,OS concluída,,PAMA-LS,
2026-09-17,3040253527,30994-001,BATTERY-MARATHON TSP410 NICAD,BAPV,OS concluída,,PAMA-LS,
2026-09-17,3040254195,540-1407-4,"VALVE,BLEED,TURBINEENGINE",PAMALS,REC,,BANT,451.0
2026-09-17,3040254201,2643090-3,SHIMMY DAMPER-NOSE GEAR,PAMALS,REC,,PAMA-LS,451.0
2026-09-17,3040254203,SE1070-6,SHIMMY DAMPENER ASSY,BACGINAT,OS concluída,,,
2026-09-17,3040254205,C660501-0103,"COMPASS,SPEC",PAMALS,REC,,PAMA-LS,451.0
2026-09-17,3040254206,C660501-0103,"COMPASS,SPEC",ALA 8,REC,EM REPARO EM GARANTIA,WILLIAM,451.0
2026-09-17,3040254208,C660501-0103,"COMPASS,SPEC",BABV,REC,,PAMA-LS,451.0
2026-09-17,3040254210,799-1,TRANSDUCER,BANT,REC,,BANT,451.0
2026-09-17,3040254792,2606013-1RX,INDICATOR-PERCENT RPM,BABR,REC,,BANT,442.0
2026-09-17,3040254770,069-1025-25,"RECEIVER-TRANSMITTER,RADIO - KX165",ALA 9,REC,EM REPARO,WILLIAM,442.0
2026-09-17,3040254799,453-5000-710,EMERGENCY LOCATOR TRANSMITTER MODEL C406-2,PAMASP,OS concluída,,,
2026-09-17,3040254806,C352TS,"EXTINGUISHER,FIRE",PAMALS,REC,,PAMA-LS,442.0
2026-09-17,3040254805,C352TS,"EXTINGUISHER,FIRE",PAMALS,OS concluída,,,
2026-09-17,3040254810,C352TS,"EXTINGUISHER,FIRE",PAMALS,OS concluída,,,
2026-09-17,3040254809,C352TS,"EXTINGUISHER,FIRE",PAMAGL,OS concluída,,,
2026-09-17,3040254803,C352TS,"EXTINGUISHER,FIRE",2 ETA,REC,,PAMA-LS,442.0
2026-09-17,3040254808,C352TS,"EXTINGUISHER,FIRE",BABR,REC,,PAMA-LS,442.0
2026-09-17,3040254795,D145-00-46-2,FLAP ACTUATOR ASSY,BABE,REC,,PAMA-LS,442.0
2026-09-17,3040254793,D145-00-46-2,FLAP ACTUATOR ASSY,PAMALS,REC,,PAMA-LS,442.0
2026-09-17,3040254815,C482001-0402,VACUUM REGULAT,PAMALS,REC,CONDENADO,VEE ONE,442.0
2026-09-17,3040254816,C482001-0402,VACUUM REGULAT,PAMALS,REC,CONDENADO,VEE ONE,442.0
2026-09-17,3040254820,2641011-5,AXLE-MAIN GEAR,BAMN,OS concluída,,,
2026-09-17,3040254817,2641011-5,AXLE-MAIN GEAR,BABE,OS concluída,,,
2026-09-17,3040254818,2641011-5,AXLE-MAIN GEAR,BABE,OS concluída,,,
2026-09-17,3040254819,2641011-5,AXLE-MAIN GEAR,BANT,OS concluída,,,
2026-09-17,3040254796,30994-001,BATTERY-MARATHON TSP410 NICAD,BAMN,OS concluída,,,
2026-09-17,3040254789,452-0133,"BATTERY,NONRECHARGEABLE",BAMN,REC,CONDENADO,VEE ONE,442.0
2026-09-17,3040254788,452-0133,"BATTERY,NONRECHARGEABLE",BAMN,REC,CONDENADO,VEE ONE,442.0
2026-09-17,3040254787,452-0133,"BATTERY PACK,AIRCRAFT",DACTA II,REC,CONDENADO,VEE ONE,442.0
2026-09-17,3040254786,452-0133,"BATTERY PACK,AIRCRAFT",BAMN,REC,CONDENADO,VEE ONE,442.0
2026-09-17,3040254785,452-0133,"BATTERY,NONRECHARGEABLE",BAMN,REC,CONDENADO,VEE ONE,442.0
2026-09-17,3040254784,452-0133,"BATTERY,NONRECHARGEABLE",DACTA II,REC,CONDENADO,VEE ONE,442.0
2026-09-17,3040255326,011-00916-00,DISPLAY UNIT GDU 1040A,BAMN,REC,,BAMN,433.0
2026-09-17,3040255319,702801-5,FUEL PUMP,PAMASP,REC,EM REPARO,VEE ONE,433.0
2026-09-17,3040255321,8210-002,"GOVERNOR,CONSTANT SPEED DRIVE",PAMALS,OS concluída,,,
2026-09-17,3040255461,DAAS-A-010-1,ADAS-D PROCESSOR,PAMALS,REC,EM REPARO,VEE ONE,429.0
2026-09-17,3040255589,071-01519-0101,"RECEIVER-EXCITER,RADAR",BANT,REC,,PROCURANDO,427.0
2026-09-17,3040255590,071-01519-0101,"RECEIVER-EXCITER,RADAR",PAMALS,OS concluída,,,
2026-09-17,3040255706,C661064-0237,AIRSPEED INDICATOR,BAMN,OS concluída,,,
2026-09-17,3040256114,5934PAD-3,"ALTIMETER,PRESSURE",PAMALS,REC,EM REPARO,VEE ONE,413.0
2026-09-17,3040256119,011-00878-10,GSA-81 TORQUE SERVO,BAPV,REC,EM REPARO,LEAP,413.0
2026-09-17,3040256112,011-00883-20,RADAR GWX 68 WEATHER,BABE,REC,,BAMN,413.0
2026-09-17,3040256115,5934PAD-3,"ALTIMETER,PRESSURE",PAMALS,OS concluída,,,
2026-09-17,3040256118,011-00878-10,GSA-81 TORQUE SERVO,BAPV,REC,,BACO,413.0
2026-09-17,3040256120,011-00916-10,"DISPLAY UNIT,FLIGHT INFORMATION",BAMN,OS concluída,,,
2026-09-17,3040256314,066-4010-12,RECEIVER VOR/LOC (KNS81),EEAR,REC,EM REPARO,LEAP,400.0
2026-09-17,3040256311,3121248-03,"VALVE ASSEMBLY,COMPRESSOR BLEED",PAMALS,OS concluída,,,
2026-09-17,3040256704,C661064-0237,AIRSPEED INDICATOR,PAMALS,OS concluída,,,
2026-09-17,3040256707,D210507,"GOVERNOR,OVERSPEED",PAMALS,OS concluída,,,
2026-09-17,3040256708,D210507,"GOVERNOR,OVERSPEED",PAMALS,REC,REPARADO,VEE ONE,391.0
2026-09-17,3040256702,C661064-0237,AIRSPEED INDICATOR,BABR,OS concluída,,,
2026-09-17,3040256703,C661064-0237,AIRSPEED INDICATOR,PAMALS,OS concluída,,,
2026-09-17,3040256662,030-18200,MAIN WHEEL BRAKE,BASM,OS concluída,,,
2026-09-17,3040256665,161-11700,INNER WHEEL HALF ASSY,BABV,OS concluída,,,
2026-09-17,3040256666,161-11700,INNER WHEEL HALF ASSY,PAMALS,OS concluída,,,
2026-09-17,3040256667,161-11700,INNER WHEEL HALF ASSY,PAMALS,OS concluída,,,
2026-09-17,3040256668,161-11700,INNER WHEEL HALF ASSY,PAMALS,OS concluída,,,
2026-09-17,3040256669,161-11700,INNER WHEEL HALF ASSY,PAMALS,OS concluída,,,
2026-09-17,3040256670,161-11700,INNER WHEEL HALF ASSY,PAMALS,OS concluída,,,
2026-09-17,3040256671,161-11700,INNER WHEEL HALF ASSY,PAMALS,REC,,PAMA-LS,391.0
2026-09-17,3040256698,030-18200,MAIN WHEEL BRAKE,PAMASP,REC,,BABE,391.0
2026-09-17,3040256713,030-18200,MAIN WHEEL BRAKE,ALA 3,REC,,BAMN,391.0
2026-09-17,3040256694,162-11800,WHEEL HALF ASSY-OUTER,BANT,OS concluída,,,
2026-09-17,3040256696,162-11800,WHEEL HALF ASSY-OUTER,PAMALS,REC,,PAMA-LS,391.0
2026-09-17,3040256672,161-12800,WHEEL HALF ASSY-INNER,PAMALS,OS concluída,,PAMA-LS,
2026-09-17,3040256675,161-12800,WHEEL HALF ASSY-INNER,BANT,OS concluída,,,
2026-09-17,3040256792,011-00877-00,"GSA-80 SERVO ROL,YAW,SPEC",BAMN,REC,,PROCURANDO,391.0
2026-09-17,3040256787,011-00877-00,"GSA-80 SERVO ROL,YAW,SPEC",PAMALS,REC,EM REPARO,VEE ONE,391.0
2026-09-17,3040256828,011-00883-20,RADAR GWX 68 WEATHER,PAMALS,REC,,PAMA-LS,391.0
2026-09-17,3040256709,3121248-03,"VALVE ASSEMBLY,COMPRESSOR BLEED",PAMASP,REC,,BANT,388.0
2026-09-17,3040256673,161-12800,WHEEL HALF ASSY-INNER,PAMALS,REC,CONDENADO,VEE ONE,388.0
2026-09-17,3040257095,011-01105-01,INTEGRATED AVIONICS UNIT GIA63W,BABE,REC,EM REPARO,VEE ONE,384.0
2026-09-17,3040257096,011-01105-01,INTEGRATED AVIONICS UNIT GIA63W,BABE,REC,,BAMN,384.0
2026-09-17,3040257093,065-00183-0501,AUTOPILOT COMPUTER KFC225,BABE,REC,,BANT,384.0
2026-09-17,3040257094,065-00183-0501,AUTOPILOT COMPUTER KFC225,BABE,REC,,BANT,384.0
2026-09-17,3040257443,161-12800,WHEEL HALF ASSY-INNER,ALA 3,AUT,,,372.0
2026-09-17,3040257442,C163030-1001,MAIN W BRAKE A,BAMN,OS concluída,,BAMN,
2026-09-17,3040257452,3244809-8,"FUEL CONTROL,MAIN,TURBINE ENGINE",BAPV,OS concluída,,,
2026-09-17,3040257454,EA-5172-45-CES,"INDICATOR,AIRSPEED",BACG,OS concluída,,,
2026-09-17,3040257453,EA-5172-45-CES,"INDICATOR,AIRSPEED",ALA 7,REC,DEVOLVIDO NO ESTADO,WILLIAM,365.0
2026-09-17,3040257451,3244809-7,"FUEL CONTROL,MAIN,TURBINE ENGINE",PAMASP,REC,,BANT,365.0
2026-09-17,3040257450,3244809-4,"FUEL CONTROL,MAIN,TURBINE ENGINE",PAMASP,OS concluída,EM REPARO,LEAP,
2026-09-17,3040257438,030-18200,MAIN WHEEL BRAKE,BAMN,REC,REPARADO,VEE ONE,365.0
2026-09-17,3040257444,162-10700,OUTER WHEEL HALF ASSY,PAMALS,OS concluída,,,
2026-09-17,3040257447,162-10700,OUTER WHEEL HALF ASSY,PAMALS,OS concluída,,,
2026-09-17,3040257436,30994-001,BATTERY-MARATHON TSP410 NICAD,PAMALS,OS concluída,,PAMA-LS,
2026-09-17,3040257441,030-18200,MAIN WHEEL BRAKE,BAPV,REC,,BAMN,365.0
2026-09-17,3040257440,030-18200,MAIN WHEEL BRAKE,BANT,REC,CONDENADO,VEE ONE,365.0
2026-09-17,3040257439,030-18200,MAIN WHEEL BRAKE,BAMN,REC,,BAMN,365.0
2026-09-17,3040258306,D210507,"GOVERNOR,OVERSPEED",PAMALS,REC,EM REPARO,LEAP,345.0
2026-09-17,3040258310,D210507,"GOVERNOR,OVERSPEED",BACO,OS concluída,,,
2026-09-17,3040258309,D210507,"GOVERNOR,OVERSPEED",BAMN,REC,EM REPARO,LEAP,345.0
2026-09-17,3040258308,D210507,"GOVERNOR,OVERSPEED",BAMN,OS concluída,,,
2026-09-17,3040258307,D210507,"GOVERNOR,OVERSPEED",ALA 5,OS concluída,,,
2026-09-17,3040258303,011-00877-00,"GSA-80 SERVO ROL,YAW,SPEC",DACTA II,REC,EM REPARO,VEE ONE,345.0
2026-09-17,3040258422,2601188-8,COMPRESSOR DRIVE ASSY R134A,PAMASP,REC,,PROCURANDO,343.0
2026-09-17,3040258419,011-00877-00,"GSA-80 SERVO ROL,YAW,SPEC",DACTA II,REC,EM REPARO,VEE ONE,343.0
2026-09-17,3040258420,011-00877-00,"GSA-80 SERVO ROL,YAW,SPEC",BACO,REC,EM REPARO,VEE ONE,343.0
2026-09-17,3040258421,011-00877-00,"GSA-80 SERVO ROL,YAW,SPEC",BABE,REC,,BACO,343.0
2026-09-17,3040258764,069-01034-0102,"NAVIGATION SET,SATELLITE SIGNALS KLN-94",PAMALS,REC,,BANT,336.0
2026-09-17,3040259152,066-01141-5101,"TRANSPONDER,RADAR",BABE,REC,,BANT,317.0
2026-09-17,3040259151,066-01141-5101,"TRANSPONDER,RADAR",BANT,REC,,BANT,317.0
2026-09-17,3040259251,064-1019-05,VHF TRANSCEIVE KY196,EEAR,REC,,EEAR,315.0
2026-09-17,3040259146,1U149-015-15,HORIZ. GYRO-STADBY,PAMALS,REC,EM REPARO,VEE ONE,314.0
2026-09-17,3040259147,162-10700,OUTER WHEEL HALF ASSY,BANT,REC,EM REPARO,AMA - VEE ONE,314.0
2026-09-17,3040259148,3049038-03,"VALVE,COMPRESSOR BLEED",BANT,OS concluída,,,
2026-09-17,3040259316,2606015-4,INDICATOR-OIL TEMP/OIL PRESS,BACG,REC,,PAMA-LS,311.0
2026-09-17,3040259564,C414007-0102,BLOWER ASSY,PAMALS,OS concluída,,,
2026-09-17,3040259568,C414007-0102,BLOWER ASSY,ALA 10,OS concluída,,,
2026-09-17,3040259570,C414007-0102,BLOWER ASSY,ALA 10,OS concluída,,,
2026-09-17,3040259694,025323-150,FUEL PUMP,PAMASP,REC,,BACO,303.0
2026-09-17,3040259922,C414007-0102,BLOWER ASSY,BANT,REC,,PAMA-LS,296.0
2026-09-17,3040259928,C414007-0102,BLOWER ASSY,PAMALS,REC,EM REPARO,VEE ONE,296.0
2026-09-17,3040259924,C414007-0102,BLOWER ASSY,BACG,REC,EM REPARO,VEE ONE,296.0
2026-09-17,3040259918,C414007-0102,BLOWER ASSY,ALA 10,OS concluída,,VEE ONE,
2026-09-17,3040259950,065-0060-01,"CONTROL,SERVO,AUTOMATIC PILOT",PAMALS,REC,EM REPARO,LEAP,296.0
2026-09-17,3040259949,065-0060-01,"CONTROL,SERVO,AUTOMATIC PILOT",PAMALS,REC,EM REPARO,LEAP,296.0
2026-09-17,3040259947,066-3046-07,"CONTROL,INDICATOR",EEAR,OS concluída,,,
2026-09-17,3040259946,066-3046-07,"CONTROL,INDICATOR",BANT,REC,,BANT,296.0
2026-09-17,3040259944,066-3046-07,"CONTROL,INDICATOR",EEAR,REC,,PAMA-LS,296.0
2026-09-17,3040260209,011-00916-00,DISPLAY UNIT GDU 1040A,PAMALS,REC,,BAMN,282.0
2026-09-17,3040260208,324843-W020,HEADSET-MICROPHONE,PAMALS,REC,VAI SER DEVOLVIDO SEM REPARO,WILLIAM,282.0
2026-09-17,3040260204,324843-W020,HEADSET-MICROPHONE,PAMALS,OS concluída,,,
2026-09-17,3040260205,324843-W020,HEADSET-MICROPHONE,PAMALS,OS concluída,,,
2026-09-17,3040260388,SD5H14C4527,AIR COMPRESSOR,PAMALS,REC,EM REPARO,VEE ONE,275.0
2026-09-17,3040260382,065-00183-0501,AUTOPILOT COMPUTER KFC225,BANT,REC,,BANT,275.0
2026-09-17,3040260389,SD5H14C4527,AIR COMPRESSOR,PAMALS,REC,EM REPARO,VEE ONE,275.0
2026-09-17,3040260517,ASG12000-2,ALTERNATOR,PAMALS,OS concluída,,,
2026-09-17,3040260524,51539-012M,CONTROL UNIT ASSY-GENERATOR,BANT,REC,,BACG,272.0
2026-09-17,3040260516,ASG12000-2,ALTERNATOR,PAMALS,REC,,V1 PAMA-LS,272.0
2026-09-17,3040260523,9910592-2,ALTERNADOR,BAMN,OS concluída,,babr,
2026-09-17,3040260522,9910592-2,ALTERNADOR,BAMN,REC,,dacta II,272.0
2026-09-17,3040260547,161-12800,WHEEL HALF ASSY-INNER,EPCAR,OS concluída,,BABE,
2026-09-17,3040260545,161-11700,INNER WHEEL HALF ASSY,BACG,OS concluída,,,
2026-09-17,3040260544,161-11700,INNER WHEEL HALF ASSY,BANT,OS concluída,,,
2026-09-17,3040260546,161-12800,WHEEL HALF ASSY-INNER,PAMALS,REC,,,254.0
2026-09-17,3040260548,161-11700,INNER WHEEL HALF ASSY,CLA,OS concluída,,,
2026-09-17,3040260549,162-10700,OUTER WHEEL HALF ASSY,BACG,OS concluída,,,
2026-09-17,3040260550,162-10700,OUTER WHEEL HALF ASSY,CLA,OS concluída,,,
2026-09-17,3040260551,162-11800,WHEEL HALF ASSY-OUTER,BANT,REC,,,254.0
2026-09-17,3040260552,30994-001,BATTERY-MARATHON TSP410 NICAD,BABE,OS concluída,,PAMA-LS,
2026-09-17,3040260543,324843-W020,HEADSET-MICROPHONE,PAMALS,REC,,PAMA-LS,254.0
2026-09-17,3040260542,324843-W020,HEADSET-MICROPHONE,PAMALS,REC,,BABE,254.0
2026-09-17,3040260541,324843-W020,HEADSET-MICROPHONE,PAMALS,OS concluída,,,
2026-09-17,3040260540,324843-W020,HEADSET-MICROPHONE,PAMALS,OS concluída,,,
2026-09-17,3040260538,324843-W020,HEADSET-MICROPHONE,PAMALS,REC,,BABE,254.0
2026-09-17,3040260539,324843-W020,HEADSET-MICROPHONE,PAMALS,REC,,BABE,254.0
2026-09-17,3040260595,9910586-4,FLAP ACTUATOR AND MOTOR ASSEMBLY,7 ETA,REC,,BAMN,254.0
2026-09-17,3040260597,9910586-4,FLAP ACTUATOR AND MOTOR ASSEMBLY,BAPV,OS concluída,,BABR,
2026-09-17,3040260583,3244897-4,FUEL CONTROL UNIT,PAMALS,OS concluída,,,
2026-09-17,3040260750,3122678-04,FUEL CONTROL UNIT,PAMASP,REC,,BANT,246.0
2026-09-17,3040260752,3244897-4,FUEL CONTROL UNIT,PAMASP,OS concluída,,,
2026-09-17,3040260753,3244809-7,"FUEL CONTROL,MAIN,TURBINE ENGINE",PAMASP,OS concluída,,,
2026-09-17,3040260754,3244809-1,"FUEL CONTROL,MAIN,TURBINE ENGINE",PAMASP,REC,EM QUARENTENA,LEAP,246.0
2026-09-17,3040254794,C145-350,"MOTOR,DIRECT CURRENT",PAMALS,OS concluída,,,
2026-09-17,3040260913,064-1054-30,RECEIVER-TRANSMITTER SUBASSEMBLY,EPCAR,REC,,V1 PAMA-LS,234.0
2026-09-17,3040260915,064-1054-30,RECEIVER-TRANSMITTER SUBASSEMBLY,PAMALS,REC,,BABR,234.0
2026-09-17,3040260811,3034792,BOMBA DE COMBUSTÍVEL,BAPV,OS concluída,,BABR,
2026-09-17,3040260812,3034792,BOMBA DE COMBUSTÍVEL,BACG,OS concluída,,,
2026-09-17,3040260922,162-11800,WHEEL HALF ASSY-OUTER,PAMALS,OS concluída,,,
2026-09-17,3040260923,030-18200,MAIN WHEEL BRAKE,BACO,REC,REPARADO,VEE ONE,232.0
2026-09-17,3040261389,3034792,BOMBA DE COMBUSTÍVEL,PAMASP,OS concluída,REPARADO,V1 PAMA-LS,
2026-09-17,3040261388,3034792,BOMBA DE COMBUSTÍVEL,BABR,OS concluída,,,
2026-09-17,3040261387,3034792,BOMBA DE COMBUSTÍVEL,BABR,OS concluída,,,
2026-09-17,3040261371,TFF2905-13,FUEL FLOW TRANSDUCER,ALA 8,REC,,PAMA-LS,219.0
2026-09-17,3040261375,C661065-0240RX,"INDICATOR, AIRSPEED",BACG,REC,EM REPARO,WILLIAM,219.0
2026-09-17,3040261373,C661065-0240,AIRSPEED INDICATOR,BABE,REC,,PAMA-LS,219.0
2026-09-17,3040261322,011-00831-00,"ENGINE INTERFA,SPEC",BAPV,REC,,VEE ONE,219.0
2026-09-17,3040261326,011-00882-10,"COMPUTER,AIR DATA",BAMN,OS concluída,,,
2026-09-17,3040261324,011-00882-10,"COMPUTER,AIR DATA",BAMN,OS concluída,,,
2026-09-17,3040261327,064-1054-30,RECEIVER-TRANSMITTER SUBASSEMBLY,PAMASP,REC,,PAMA-LS,219.0
2026-09-17,3040261336,066-01141-0101,"RECEIVER,RADIO",BANT,REC,,PAMA-LS,219.0
2026-09-17,3040261334,065-0065-01,SELECTOR ALT,BANT,REC,,PAMA-LS,219.0
2026-09-17,3040261331,065-0061-36,ACTUATOR TRIM (KS272A),PAMASP,OS concluída,,BABR,
2026-09-17,3040261329,065-0061-36,ACTUATOR TRIM (KS272A),ALA 10,OS concluída,,,
2026-09-17,3040261335,065-0065-01,SELECTOR ALT,BANT,REC,,PAMA-LS,219.0
2026-09-17,3040261342,066-3084-02,COLOR RADAR INDICATOR,BABV,REC,,PAMA-LS,219.0
2026-09-17,3040261340,066-1053-00,"RECEIVER,RADIO",BASM,REC,,PAMA-LS,219.0
2026-09-17,3040261377,066-3054-01,INDICATOR RADAR ALTIMETER - TYPE KI250,PAMALS,REC,EM REPARO,WILLIAM,219.0
2026-09-17,3040261376,066-1061-03,RT RADAR ALTIM (KRA10A),PAMALS,REC,PARA REPARO,VEE ONE,219.0
2026-09-17,3040261352,1134380-4,EVAPORATOR MODULE ASSY-RH,BAMN,REC,CONDENADO,VEE ONE,219.0
2026-09-17,3040261347,071-1234-00,ANTENNA ACCESSORY,ALA 1,REC,EM REPARO,WILLIAM,219.0
2026-09-17,3040261344,066-4010-12,RECEIVER VOR/LOC (KNS81),ALA 10,REC,EM REPARO,WILLIAM,219.0
2026-09-17,3040261353,1H75-21,PRESSURE REGULATOR,BAMN,OS concluída,,BAMN,
2026-09-17,3040261357,2682001-1,BRAKE CYL MAST,BABE,OS concluída,,,
2026-09-17,3040261356,2670104-2,ANNUNCIATOR PANEL,PAMALS,OS concluída,,,
2026-09-17,3040261355,2643100-201,NOSE GEAR STRUT ASSY - TALL FORK,BABR,OS concluída,,,
2026-09-17,3040261354,2643100-201,NOSE GEAR STRUT ASSY - TALL FORK,BANT,REC,EM REPARO,AV AERONAUTICA,219.0
2026-09-17,3040261364,8210-002-01,GOVERNOR PROPELLER,PAMASP,REC,REPARADO,VEE ONE,219.0
2026-09-17,3040261627,S3828-1,ALTIMETER,BAMN,REC,,PAMA-LS,205.0
2026-09-17,3040261628,S3828-1,ALTIMETER,BABE,REC,REPARADO,V1 PAMA-LS,205.0
2026-09-17,3040261851,51539-012MRX,CONTROL UNIT ASSY-GENERATOR,BABE,REC,EM REPARO,VEE ONE,197.0
2026-09-17,3040261852,51539-012MRX,CONTROL UNIT ASSY-GENERATOR,BABE,REC,EM REPARO,VEE ONE,197.0
2026-09-17,3040261843,3034792,BOMBA DE COMBUSTÍVEL,PAMALS,REC,EM REPARO,VEE ONE,192.0
2026-09-17,3040262245,200SGL119Q-2,STARTER GENERATOR,BAMN,OS concluída,,,
2026-09-17,3040262246,200SGL119Q-2,STARTER GENERATOR,BAMN,OS concluída,,,
2026-09-17,3040262273,324843-W020,HEADSET-MICROPHONE,BABE,OS concluída,,,
2026-09-17,3040262275,324843-W020,HEADSET-MICROPHONE,BANT,OS concluída,,,
2026-09-17,3040262363,066-1055-00,AUDIO CONTROL PANEL,ALA 5,OS concluída,,,
2026-09-17,3040262367,066-1055-00,AUDIO CONTROL PANEL,ALA 9,REC,,WILLIAM,175.0
2026-09-17,3040262368,066-1055-00,AUDIO CONTROL PANEL,CLA,OS concluída,,,
2026-09-17,3040262372,51539-012M,CONTROL UNIT ASSY-GENERATOR,BANT,REC,,PAMA-LS,175.0
2026-09-17,3040262371,51539-012N,CONTROL UNIT ASSY-GENERATOR,BANT,REC,,PAMA-LS,175.0
2026-09-17,3040262419,065-0061-36,ACTUATOR TRIM (KS272A),ALA 9,REC,EM REPARO,WILLIAM,170.0
2026-09-17,3040262734,C352,PORTABLE HALON FIRE EXTINGUISHERS,ALA 5,REC,EM REPARO,AV AERONAUTICA,157.0
2026-09-17,3040262738,C352TS,"EXTINGUISHER,FIRE",BANT,REC,,AV AERONÁUTICA,157.0
2026-09-17,3040262739,C352TS,"EXTINGUISHER,FIRE",BANT,REC,,AV AERONÁUTICA,157.0
2026-09-17,3040262740,C352TS,"EXTINGUISHER,FIRE",PAMALS,REC,,AV AERONÁUTICA,157.0
2026-09-17,3040262766,011-00883-20,RADAR GWX 68 WEATHER,BAMN,OS concluída,,V1 PAMA-LS,
2026-09-17,3040262765,011-00883-20,RADAR GWX 68 WEATHER,BAMN,REC,,V1 PAMA-LS,157.0
2026-09-17,3040262772,011-01020-10,AFCS MODE CONTROLLER GMC 710,BAMN,REC,,PAMA-LS,157.0
2026-09-17,3040262770,011-01020-10,AFCS MODE CONTROLLER GMC 710,BAMN,REC,,PAMA-LS,157.0
2026-09-17,3040262773,011-01020-10,AFCS MODE CONTROLLER GMC 710,BAMN,REC,,PAMA-LS,157.0
2026-09-17,3040262746,066-1070-01,TRANSCEIVER DME (KN63),BABE,REC,EM REPARO,WILLIAM,157.0
2026-09-17,3040262745,064-1019-05,VHF TRANSCEIVE KY196,EEAR,REC,EM REPARO,VEE ONE,157.0
2026-09-17,3040262747,066-1072-00,RECEIVER ADF (KING KR87),ALA 7,REC,EM REPARO,WILLIAM,157.0
2026-09-17,3040262748,066-3046-07,"CONTROL,INDICATOR",BABR,REC,,BANT,157.0
2026-09-17,3040262769,066-3046-07,"CONTROL,INDICATOR",BABR,REC,,BANT,157.0
2026-09-17,3040262768,066-3046-07,"CONTROL,INDICATOR",EEAR,OS concluída,,BABR,
2026-09-17,3040262767,066-3046-07,"CONTROL,INDICATOR",EEAR,REC,EM REPARO,LEAP,157.0
2026-09-17,3040262791,066-3060-00,IND RMI KNI582,BANT,OS concluída,,,
2026-09-17,3040262630,161-11700,INNER WHEEL HALF ASSY,BANT,REC,,PAMA-LS,157.0
2026-09-17,3040262792,066-3060-00,IND RMI KNI582,BANT,REC,EM REPARO,LEAP,157.0
2026-09-17,3040262634,162-10700,OUTER WHEEL HALF ASSY,BANT,OS concluída,,PAMA-LS,
2026-09-17,3040262632,161-12800,WHEEL HALF ASSY-INNER,BANT,OS concluída,REPARADO,VEE ONE,
2026-09-17,3040262633,161-12800,WHEEL HALF ASSY-INNER,BANT,OS concluída,,,
2026-09-17,3040262635,162-11800,WHEEL HALF ASSY-OUTER,EPCAR,OS concluída,,,
2026-09-17,3040262637,162-11800,WHEEL HALF ASSY-OUTER,BANT,REC,REPARADO,VEE ONE,157.0
2026-09-17,3040262636,162-11800,WHEEL HALF ASSY-OUTER,BANT,OS concluída,REPARADO,VEE ONE,
2026-09-17,3040262646,200SGL119Q,STARTER GENERATOR,PAMASP,OS concluída,,,
2026-09-17,3040262639,200SGL119Q,STARTER GENERATOR,PAMASP,OS concluída,,PAMA-LS,
2026-09-17,3040262638,200SGL119Q,STARTER GENERATOR,PAMALS,REC,EM REPARO,AV AERONAUTICA,157.0
2026-09-17,3040262757,2606015-2,IND OIL TEMP/P,PAMALS,REC,EM REPARO,VEE ONE,157.0
2026-09-17,3040262706,2641011-5,AXLE-MAIN GEAR,BAMN,REC,,BANT,157.0
2026-09-17,3040262707,2641011-5,AXLE-MAIN GEAR,BABV,OS concluída,REPARADO,VEE ONE,
2026-09-17,3040262717,2641011-5,AXLE-MAIN GEAR,BANT,OS concluída,REPARADO,VEE ONE,
2026-09-17,3040262714,2641011-5,AXLE-MAIN GEAR,BAPV,REC,,BANT,157.0
2026-09-17,3040262713,2641011-5,AXLE-MAIN GEAR,BAPV,OS concluída,,,
2026-09-17,3040262712,2641011-5,AXLE-MAIN GEAR,BABR,REC,,BANT,157.0
2026-09-17,3040262711,2641011-5,AXLE-MAIN GEAR,BABR,REC,,BANT,157.0
2026-09-17,3040262709,2641011-5,AXLE-MAIN GEAR,PAMALS,REC,,BANT,157.0
2026-09-17,3040262708,2641011-5,AXLE-MAIN GEAR,PAMALS,REC,,BANT,157.0
2026-09-17,3040262744,3244809-1A,F.C.U,PAMALS,REC,EM REPARO,LEAP,157.0
2026-09-17,3040262758,9910338-4,FUEL TOTALIZER INDICATOR,PAMALS,REC,EM REPARO,VEE ONE,157.0
2026-09-17,3040262759,9910338-6,"TRANSMITTER,RATE OF FLOW",BAMN,REC,,PAMA-LS,157.0
2026-09-17,3040262760,9910338-6,"TRANSMITTER,RATE OF FLOW",BANT,REC,EM REPARO,VEE ONE,157.0
2026-09-17,3040262966,2682001-1,BRAKE CYL MAST,BACO,OS concluída,,PAMA-LS,
2026-09-17,3040262967,2682001-1,BRAKE CYL MAST,PAMALS,REC,,PAMA-LS,155.0
2026-09-17,3040262968,2682001-1,BRAKE CYL MAST,BANT,OS concluída,,PAMA-LS,
2026-09-17,3040262969,2682001-1,BRAKE CYL MAST,BABE,REC,,PAMA-LS,155.0
2026-09-17,3040263069,453-5060,ELT C406-N,BABE,OS concluída,,,
2026-09-17,3040263283,D145-00-46-2,FLAP ACTUATOR ASSY,PAMALS,REC,,,140.0
2026-09-17,3040263284,D145-00-46-2,FLAP ACTUATOR ASSY,BAFL,REC,,,140.0
2026-09-17,3040263324,069-01033-0101,"RECEIVER-TRANSMITTER,RADIO",PAMALS,REC,EM REPARO,LEAP,140.0
2026-09-17,3040263287,C661065-0237,AIRSPEED INDICATOR,BABR,OS concluída,,,
2026-09-17,3040263288,C661065-0237,AIRSPEED INDICATOR,PAMASP,OS concluída,,,
2026-09-17,3040263314,060-0017-00,FLIGHT DIR HOR,EEAR,REC,EM REPARO,LEAP,140.0
2026-09-17,3040263319,066-1055-00,AUDIO CONTROL PANEL,BABE,OS concluída,,,
2026-09-17,3040263317,060-0017-00,FLIGHT DIR HOR,PAMASP,REC,,BANT,140.0
2026-09-17,3040263316,060-0017-00,FLIGHT DIR HOR,BANT,REC,,BANT,140.0
2026-09-17,3040263320,066-1055-00,AUDIO CONTROL PANEL,PAMALS,REC,EM REPARO,AV AERONAUTICA,140.0
2026-09-17,3040263325,069-01033-0101,"RECEIVER-TRANSMITTER,RADIO",PAMALS,REC,,,140.0
2026-09-17,3040263335,C611008-0101,ALTERNATOR CONTROL UNIT,PAMALS,REC,,BANT,140.0
2026-09-17,3040263336,C611008-0101,ALTERNATOR CONTROL UNIT,PAMALS,REC,,BANT,140.0
2026-09-17,3040263286,C661065-0237,AIRSPEED INDICATOR,BANT,REC,,PAMA-LS,140.0
2026-09-17,3040263322,066-1055-00,AUDIO CONTROL PANEL,ALA 9,REC,EM REPARO,WILLIAM,140.0
2026-09-17,3040263326,069-01033-0101,"RECEIVER-TRANSMITTER,RADIO",PAMALS,REC,,BANT,140.0
2026-09-17,3040263315,060-0017-00,FLIGHT DIR HOR,BACG,OS concluída,,BABR,
2026-09-17,3040263334,011-00916-10,"DISPLAY UNIT,FLIGHT INFORMATION",BACO,REC,,WILLIAM,140.0
2026-09-17,3040263333,011-00916-10,"DISPLAY UNIT,FLIGHT INFORMATION",BACO,OS concluída,,BAMN,
2026-09-17,3040263332,011-00916-10,"DISPLAY UNIT,FLIGHT INFORMATION",BAMN,OS concluída,,,
2026-09-17,3040263331,C661064-0237,AIRSPEED INDICATOR,PAMALS,REC,,PAMA-LS,140.0
2026-09-17,3040263329,C661064-0237,AIRSPEED INDICATOR,PAMALS,REC,,PAMA-LS,140.0
2026-09-17,3040263328,C661064-0237,AIRSPEED INDICATOR,BABR,REC,EM REPARO,WILLIAM,140.0
2026-09-17,3040263327,C661064-0237,AIRSPEED INDICATOR,BABR,REC,EM REPARO,WILLIAM,140.0
2026-09-17,3040263330,C661064-0237,AIRSPEED INDICATOR,PAMALS,REC,,PAMA-LS,140.0
2026-09-17,3040263338,C611008-0101,ALTERNATOR CONTROL UNIT,PAMALS,REC,,V1 PAMA-LS,140.0
2026-09-17,3040263433,066-03064-0005,"ALTIMETER,SERVO CONTROLLED,AUTOMATIC PRESSURE",BACG,REC,,PAMA-LS,134.0
2026-09-17,3040263435,066-03064-0005,"ALTIMETER,SERVO CONTROLLED,AUTOMATIC PRESSURE",BANT,REC,,PAMA-LS,134.0
2026-09-17,3040263434,066-03064-0005,"ALTIMETER,SERVO CONTROLLED,AUTOMATIC PRESSURE",PAMASP,REC,,PAMA-LS,134.0
2026-09-17,3040263417,069-01033-0101,"RECEIVER-TRANSMITTER,RADIO",PAMALS,REC,EM REPARO,WILLIAM,134.0
2026-09-17,3040263416,069-01033-0101,"RECEIVER-TRANSMITTER,RADIO",BASM,REC,EM REPARO,WILLIAM,134.0
2026-09-17,3040263415,069-01033-0101,"RECEIVER-TRANSMITTER,RADIO",BABR,REC,,BANT,134.0
2026-09-17,3040263447,066-3046-07,"CONTROL,INDICATOR",CLA,OS concluída,,BABR,
2026-09-17,3040263443,3244897-4,FUEL CONTROL UNIT,PAMALS,REC,EM REPARO,LEAP,133.0
2026-09-17,3040263444,3244897-4,FUEL CONTROL UNIT,PAMALS,REC,EM REPARO,LEAP,133.0
2026-09-17,3040263577,060-0015-00,"CONTROL,DIRECTIONAL,AUTOMATIC PILOT",ALA 5,REC,,WILLIAM,128.0
2026-09-17,3040263574,066-1072-04,"RECEIVER,RADIO",BABE,REC,EM REPARO,WILLIAM,128.0
2026-09-17,3040263576,066-1072-04,"RECEIVER,RADIO",BAMN,OS concluída,,WILLIAM,
2026-09-17,3040263575,066-1072-04,"RECEIVER,RADIO",BABE,REC,EM REPARO,WILLIAM,128.0
2026-09-17,3040263573,066-3084-32,IND RDR 2000 IN-182A,PAMALS,REC,,BABR,128.0
2026-09-17,3040263571,066-3084-32,IND RDR 2000 IN-182A,PAMALS,REC,,BANT,128.0
2026-09-17,3040263572,066-3084-32,IND RDR 2000 IN-182A,PAMALS,REC,EM REPARO,WILLIAM,128.0
2026-09-17,3040263448,2618510-10,ALTERNATOR CONTROL UNIT ASSY,BABE,REC,EM REPARO,WILLIAM,128.0
2026-09-17,3040263449,2618510-10,ALTERNATOR CONTROL UNIT ASSY,PAMALS,REC,,BANT,128.0
2026-09-17,3040263877,2641011-5,AXLE-MAIN GEAR,CLA,REC,REPARADO,VEE ONE,118.0
2026-09-17,3040263878,2641011-5,AXLE-MAIN GEAR,CLA,REC,,BABE,118.0
2026-09-17,3040264243,069-01033-0101,"RECEIVER-TRANSMITTER,RADIO",PAMALS,REC,EM REPARO,WILLIAM,111.0
2026-09-17,3040264244,069-01033-0101,"RECEIVER-TRANSMITTER,RADIO",PAMASP,REC,EM REPARO,WILLIAM,111.0
2026-09-17,3040264246,060-0017-00,FLIGHT DIR HOR,PAMALS,REC,,BABR,111.0
2026-09-17,3040264237,200SGL119Q-2,STARTER GENERATOR,BAMN,REC,EM REPARO,AV AERONAUTICA,111.0
2026-09-17,3040264236,200SGL119Q-2,STARTER GENERATOR,BABE,OS concluída,,BABE,
2026-09-17,3040264121,3244897-4,FUEL CONTROL UNIT,BABE,OS concluída,EM REPARO,LEAP,
2026-09-17,3040264263,9910338-8,"INDICATOR,FUEL FLOW",PAMALS,OS concluída,,BABR,
2026-09-17,3040264262,9910338-8,"INDICATOR,FUEL FLOW",BABV,REC,,PAMA-LS,111.0
2026-09-17,3040264242,324843-2020,HEADSET-MICROPHONE,BABE,OS concluída,,BAMN,
2026-09-17,3040264264,324843-2020,HEADSET-MICROPHONE,DACTA II,OS concluída,,BAMN,
2026-09-17,3040264238,324843-2020,HEADSET-MICROPHONE,DACTA II,OS concluída,,,
2026-09-17,3040264241,324843-2020,HEADSET-MICROPHONE,DACTA II,OS concluída,,BAMN,
2026-09-17,3040264240,324843-2020,HEADSET-MICROPHONE,DACTA II,OS concluída,,BAMN,
2026-09-17,3040264122,3244809-8,"FUEL CONTROL,MAIN,TURBINE ENGINE",BABE,OS concluída,,BABR,
2026-09-17,3040263797,066-3046-07,"CONTROL,INDICATOR",BABE,REC,EM REPARO,WILLIAM,111.0
2026-09-17,3040263798,066-3046-07,"CONTROL,INDICATOR",PAMASP,OS concluída,,,
2026-09-17,3040263799,066-3046-07,"CONTROL,INDICATOR",PAMASP,REC,EM REPARO,WILLIAM,111.0
2026-09-17,3040263795,071-01519-0101,"RECEIVER-EXCITER,RADAR",PAMALS,REC,,BANT,111.0
2026-09-17,3040263796,071-01519-0101,"RECEIVER-EXCITER,RADAR",PAMALS,REC,EM REPARO,WILLIAM,111.0
2026-09-17,3040264579,060-0017-00,FLIGHT DIR HOR,BABR,OS concluída,,,
2026-09-17,3040264577,060-0017-00,FLIGHT DIR HOR,PAMALS,REC,,,99.0
2026-09-17,3040264573,060-0017-00,FLIGHT DIR HOR,BANT,REC,,,99.0
2026-09-17,3040264574,060-0017-00,FLIGHT DIR HOR,BANT,REC,,,99.0
2026-09-17,3040264576,060-0017-00,FLIGHT DIR HOR,PAMALS,REC,,,99.0
2026-09-17,3040264572,060-0017-00,FLIGHT DIR HOR,PAMASP,REC,,,99.0
2026-09-17,3040264647,1H75-21,PRESSURE REGULATOR,BAMN,REC,,,94.0
2026-09-17,3040264646,1H75-21,PRESSURE REGULATOR,PAMASP,REC,,,94.0
2026-09-17,3040264645,1H75-21,PRESSURE REGULATOR,PAMASP,REC,,,94.0
2026-09-17,3040264643,1H75-21,PRESSURE REGULATOR,PAMASP,OS concluída,,,
2026-09-17,3040264707,3244809-7,"FUEL CONTROL,MAIN,TURBINE ENGINE",BABE,OS concluída,,,
2026-09-17,3040264709,540-1407-4,"VALVE,BLEED,TURBINEENGINE",PAMASP,REC,,,94.0
2026-09-17,3040264710,200SGL153Q,"STARTER-GENERATOR,ENGINE,AIRCRAFT",CLA,OS concluída,,,
2026-09-17,3040264711,200SGL153Q,"STARTER-GENERATOR,ENGINE,AIRCRAFT",PAMASP,OS concluída,,,
2026-09-17,3040264712,200SGL153Q,"STARTER-GENERATOR,ENGINE,AIRCRAFT",BACG,REC,,,94.0
2026-09-17,3040264718,9910338-8,"INDICATOR,FUEL FLOW",PAMALS,REC,,,94.0
2026-09-17,3040264719,S3326-2,"INDICATOR,HORIZONTAL SITUATION",ALA 8,REC,,,94.0
2026-09-17,3040264720,S3326-2,"INDICATOR,HORIZONTAL SITUATION",PAMALS,REC,,,94.0
2026-09-17,3040264721,S3326-2,"INDICATOR,HORIZONTAL SITUATION",PAMASP,REC,,,94.0
2026-09-17,3040264724,2606013-1AM,INDICADOR PERCENTUAL RPM,BABV,REC,,,94.0
2026-09-17,3040264725,2606013-1AM,INDICADOR PERCENTUAL RPM,BABR,REC,,,94.0
2026-09-17,3040264726,2606015-4,INDICATOR-OIL TEMP/OIL PRESS,BANT,REC,,,94.0
2026-09-17,3040264727,C661051-0201,GYRO HORIZON,ALA 10,REC,,,94.0
2026-09-17,3040264728,504-0111-906,GYRO HORIZON,PAMALS,OS concluída,,,
2026-09-17,3040264729,504-0111-906,GYRO HORIZON,BACG,OS concluída,,,
2026-09-17,3040264730,8210-003,"GOVERNOR,FUEL CONTROL",PAMASP,REC,,,94.0
2026-09-17,3040264731,8210-002,"GOVERNOR,CONSTANT SPEED DRIVE",PAMASP,REC,,,94.0
2026-09-17,3040264732,8210-002,"GOVERNOR,CONSTANT SPEED DRIVE",BAMN,REC,,,94.0
2026-09-17,3040264733,030-18200,MAIN WHEEL BRAKE,BAMN,REC,,,94.0
2026-09-17,3040264734,030-18200,MAIN WHEEL BRAKE,BAMN,REC,,,94.0
2026-09-17,3040264735,161-11700,INNER WHEEL HALF ASSY,PAMALS,REC,,,94.0
2026-09-17,3040264736,161-12800,WHEEL HALF ASSY-INNER,BABR,REC,,,94.0
2026-09-17,3040264737,161-12800,WHEEL HALF ASSY-INNER,PAMALS,AUT,,,94.0
2026-09-17,3040264738,162-10700,OUTER WHEEL HALF ASSY,BACO,AUT,,,94.0
2026-09-17,3040264807,011-01105-01,INTEGRATED AVIONICS UNIT GIA63W,ALA 8,REC,,,86.0
2026-09-17,3040264808,011-01105-01,INTEGRATED AVIONICS UNIT GIA63W,BAMN,REC,,,86.0
2026-09-17,3040264907,011-00916-10,"DISPLAY UNIT,FLIGHT INFORMATION",BAMN,REC,,,79.0
2026-09-17,3040264908,011-00916-10,"DISPLAY UNIT,FLIGHT INFORMATION",BABV,OS concluída,,,
2026-09-17,3040264974,3244809-8,"FUEL CONTROL,MAIN,TURBINE ENGINE",BAMN,REC,,,77.0
2026-09-17,3040264961,3244897-4,FUEL CONTROL UNIT,CLA,OS concluída,,,
2026-09-17,3040264960,3034792,BOMBA DE COMBUSTÍVEL,CLA,OS concluída,,,
2026-09-17,3040265144,011-01020-10,AFCS MODE CONTROLLER GMC 710,BABE,REC,,,71.0
2026-09-17,3040265140,011-01020-10,AFCS MODE CONTROLLER GMC 710,BABE,REC,,,71.0
2026-09-17,3040265482,066-3084-32,IND RDR 2000 IN-182A,BABR,REC,,,56.0
2026-09-17,3040265484,066-3084-32,IND RDR 2000 IN-182A,BANT,REC,,,56.0
2026-09-17,3040265485,066-3084-32,IND RDR 2000 IN-182A,BABR,REC,,,56.0
2026-09-17,3040265526,ASG12000-2,ALTERNATOR,PAMALS,REC,,,52.0
2026-09-17,3040265525,ASG12000-2,ALTERNATOR,BABR,REC,,,52.0
2026-09-17,3040265527,9910592-2,ALTERNADOR,BABR,REC,,,52.0
2026-09-17,3040265533,3122678-04,FUEL CONTROL UNIT,BABR,REC,,,52.0
2026-09-17,3040265532,C611505-0201,ALTERNATOR,BANT,REC,,,52.0
2026-09-17,3040265530,C611505-0201,ALTERNATOR,BABV,REC,,,52.0
2026-09-17,3040265528,9910592-2,ALTERNADOR,BABR,REC,,,52.0
2026-09-17,3040265724,3244897-4,FUEL CONTROL UNIT,CLA,REC,,,51.0
2026-09-17,3040265474,C611008-0101,ALTERNATOR CONTROL UNIT,PAMALS,REC,,,49.0
2026-09-17,3040265475,C611008-0101,ALTERNATOR CONTROL UNIT,BABV,REC,,,49.0
2026-09-17,3040265476,C611008-0101,ALTERNATOR CONTROL UNIT,PAMALS,REC,,,49.0
2026-09-17,3040265477,C611008-0101,ALTERNATOR CONTROL UNIT,PAMALS,REC,,,49.0
2026-09-17,3040265576,011-00916-10,"DISPLAY UNIT,FLIGHT INFORMATION",BAMN,REC,,,48.0
2026-09-17,3040265580,011-00916-00,DISPLAY UNIT GDU 1040A,PAMALS,REC,,,52.0
2026-09-17,3040265581,011-00916-00,DISPLAY UNIT GDU 1040A,PAMALS,REC,,,52.0
2026-09-17,3040265589,EA-5175-52-CES,INDICATOR TRUE,BABV,REC,,,52.0
2026-09-17,3040265590,EA-5175-52-CES,INDICATOR TRUE,BASM,REC,,,52.0
2026-09-17,3040265591,EA-5175-52-CES,INDICATOR TRUE,BABV,REC,,,52.0
2026-09-17,3040265592,EA-5175-52-CES,INDICATOR TRUE,BABV,REC,,,52.0
2026-09-17,3040265668,9910592-2,ALTERNADOR,PAMALS,OS concluída,,,
2026-09-17,3040265678,9910592-2,ALTERNADOR,BAMN,REC,,,52.0
2026-09-17,3040265679,C611505-0201,ALTERNATOR,PAMALS,REC,,,52.0
2026-09-17,3040265680,C611505-0201,ALTERNATOR,ALA 8,REC,,,52.0
2026-09-17,3040265726,071-01519-0101,"RECEIVER-EXCITER,RADAR",PAMALS,REC,,,51.0
2026-09-17,3040265727,071-01519-0101,"RECEIVER-EXCITER,RADAR",CLA,REC,,,51.0
2026-09-17,3040265728,C163030-1001,MAIN W BRAKE A,BAMN,REC,,,51.0
2026-09-17,3040265731,066-3046-07,"CONTROL,INDICATOR",BABR,REC,,,51.0
2026-09-17,3040265732,066-3046-07,"CONTROL,INDICATOR",BANT,REC,,,51.0
2026-09-17,3040265734,066-3046-07,"CONTROL,INDICATOR",EEAR,REC,,,51.0
2026-09-17,3040265735,066-3046-07,"CONTROL,INDICATOR",CLA,REC,,,51.0
2026-09-17,3040265736,C611008-0101,ALTERNATOR CONTROL UNIT,BABV,REC,,,51.0
2026-09-17,3040265737,C611008-0101,ALTERNATOR CONTROL UNIT,EEAR,REC,,,51.0
2026-09-17,3040265738,C611008-0101,ALTERNATOR CONTROL UNIT,PAMALS,REC,,,51.0
2026-09-17,3040265739,C611008-0101,ALTERNATOR CONTROL UNIT,BANT,REC,,,51.0
2026-09-17,3040265740,C611008-0101,ALTERNATOR CONTROL UNIT,BABE,REC,,,51.0
2026-09-17,3040265741,C611008-0101,ALTERNATOR CONTROL UNIT,BABR,REC,,,51.0
2026-09-17,3040265742,066-1072-04,"RECEIVER,RADIO",BACG,REC,,,51.0
2026-09-17,3040265743,066-1072-04,"RECEIVER,RADIO",BAMN,REC,,,51.0
2026-09-17,3040265744,066-1072-04,"RECEIVER,RADIO",PAMALS,REC,,,51.0
2026-09-17,3040265745,066-3084-32,IND RDR 2000 IN-182A,PAMALS,REC,,,51.0
2026-09-17,3040265746,066-3084-32,IND RDR 2000 IN-182A,PAMALS,REC,,,51.0
2026-09-17,3040265747,30994-001,BATTERY-MARATHON TSP410 NICAD,PAMALS,AUT,,,51.0
2026-09-17,3040265748,30994-001,BATTERY-MARATHON TSP410 NICAD,PAMALS,AUT,,,51.0
2026-09-17,3040265749,30994-001,BATTERY-MARATHON TSP410 NICAD,PAMALS,AUT,,,51.0
2026-09-17,3040265750,30994-001,BATTERY-MARATHON TSP410 NICAD,PAMALS,AUT,,,51.0
2026-09-17,3040265751,30994-001,BATTERY-MARATHON TSP410 NICAD,PAMALS,AUT,,,51.0
2026-09-17,3040265752,2641011-5,AXLE-MAIN GEAR,BAMN,REC,,,51.0
2026-09-17,3040265753,2641011-5,AXLE-MAIN GEAR,BAMN,REC,,,51.0
2026-09-17,3040265754,161-11700,INNER WHEEL HALF ASSY,BACO,AUT,,,51.0
2026-09-17,3040265755,161-12800,WHEEL HALF ASSY-INNER,BABE,REC,,,51.0
2026-09-17,3040265757,066-01141-0101,"RECEIVER,RADIO",PAMALS,REC,,,51.0
2026-09-17,3040265758,066-01141-0101,"RECEIVER,RADIO",PAMALS,REC,,,51.0
2026-09-17,3040265759,C660501-0103,"COMPASS,SPEC",DACTA II,REC,,,51.0
2026-09-17,3040265769,023694-000,BATTERY NICKEL CADMIUM,BAPV,REC,,,50.0
2026-09-17,3040265771,2651023-23,ENGINE MOUNT ASSEMBLY,PAMALS,REC,,,50.0
2026-09-17,3040265772,2651023-23,ENGINE MOUNT ASSEMBLY,PAMALS,REC,,,50.0
2026-09-17,3040265892,324843-0020,HEADSET-MICROPHONE,PAMALS,REC,,,45.0
2026-09-17,3040265893,324843-0020,HEADSET-MICROPHONE,PAMALS,OS concluída,,,
2026-09-17,3040265894,324843-0020,HEADSET-MICROPHONE,PAMALS,REC,,,45.0
2026-09-17,3040265895,324843-0020,HEADSET-MICROPHONE,PAMALS,REC,,,45.0
2026-09-17,3040265946,011-00870-00,MAGNETOMETER GMU 44,BAMN,REC,,,42.0
2026-09-17,3040265947,011-00870-00,MAGNETOMETER GMU 44,BAMN,REC,,,42.0
2026-09-17,3040266034,C662041-0102,INDICATOR FUEL,BABE,REC,,,38.0
2026-09-17,3040266040,C662041-0102,INDICATOR FUEL,PAMALS,REC,,,38.0
2026-09-17,3040266036,C662041-0102,INDICATOR FUEL,PAMALS,REC,,,38.0
2026-09-17,3040266035,C662041-0102,INDICATOR FUEL,PAMALS,REC,,,30.0
2026-09-17,3040266039,C662041-0102,INDICATOR FUEL,BANT,REC,,,30.0
2026-09-17,3040266041,C662041-0102,INDICATOR FUEL,PAMALS,REC,,,30.0
2026-09-17,3040266307,069-01033-0101,"RECEIVER-TRANSMITTER,RADIO",PAMALS,REC,,,28.0
2026-09-17,3040266308,069-01033-0101,"RECEIVER-TRANSMITTER,RADIO",BANT,REC,,,28.0
2026-09-17,3040266306,069-01033-0101,"RECEIVER-TRANSMITTER,RADIO",BACG,REC,,,28.0
2026-09-17,3040266307,069-01033-0101,"RECEIVER-TRANSMITTER,RADIO",PAMALS,REC,,,28.0
2026-09-17,3040266308,069-01033-0101,"RECEIVER-TRANSMITTER,RADIO",BANT,REC,,,28.0
2026-09-17,3040266568,C662504-0101,GAGE VOLT AMME,PAMALS,REC,,,17.0
2026-09-17,3040266567,C662504-0101,GAGE VOLT AMME,ALA 9,REC,,,17.0
2026-09-17,3040266566,C662504-0101,GAGE VOLT AMME,PAMALS,REC,,,17.0
2026-09-17,3040266569,C662504-0101,GAGE VOLT AMME,BABV,REC,,,17.0
2026-09-18,3040249831,066-01141-5101,"RECEIVER-TRANSMITTER,RADIO (KT71)",PAMALS,REC,EM REPARO,LEAP,585.0
2026-09-18,3040250248,452-0133,"BATTERY,NONRECHARGEABLE",BABR,REC,CONDENADO,VEE ONE,569.0
2026-09-18,3040250249,452-0133,"BATTERY,NONRECHARGEABLE",BAMN,REC,CONDENADO,VEE ONE,569.0
2026-09-18,3040250234,3034792,BOMBA DE COMBUSTÍVEL,PAMALS,REC,,BANT,569.0
2026-09-18,3040250816,453-5060,"BEACON,DISTRESS",BAMN,REC,,PAMA-LS,547.0
2026-09-18,3040250830,799-1,TRANSDUCER,BACO,REC,,BANT,547.0
2026-09-18,3040250829,51539-012N,CONTROL UNIT ASSY-GENERATOR,BAMN,OS concluída,,,
2026-09-18,3040250828,51539-012N,CONTROL UNIT ASSY-GENERATOR,BACG,REC,,BABR,547.0
2026-09-18,3040250827,51539-012N,CONTROL UNIT ASSY-GENERATOR,BANT,REC,,BABR,547.0
2026-09-18,3040250831,799-1,TRANSDUCER,BANT,REC,,BANT,547.0
2026-09-18,3040250833,9910586-4,FLAP ACTUATOR AND MOTOR ASSEMBLY,ALA 3,REC,,BAMN,547.0
2026-09-18,3040250834,9910586-4,FLAP ACTUATOR AND MOTOR ASSEMBLY,ALA 3,OS concluída,,,
2026-09-18,3040250832,9910338-4,FUEL TOTALIZER INDICATOR,EEAR,REC,,PAMA-LS,547.0
2026-09-18,3040250835,ASG12000-2,ALTERNATOR,ALA 5,REC,REPARADO,V1 PAMA-LS,547.0
2026-09-18,3040250841,C661030-0301,TURN BANK,PAMALS,REC,EM REPARO,LEAP,547.0
2026-09-18,3040250842,C662041-0102,INDICATOR FUEL,ALA 5,REC,,PAMA-LS,547.0
2026-09-18,3040250844,C662041-0102,INDICATOR FUEL,ALA 9,REC,,PAMA-LS,547.0
2026-09-18,3040250843,C662041-0102,INDICATOR FUEL,ALA 10,OS concluída,,,
2026-09-18,3040250719,060-0017-00,FLIGHT DIR HOR,PAMALS,REC,,BANT,547.0
2026-09-18,3040250720,060-0017-00,FLIGHT DIR HOR,BABV,OS concluída,,,
2026-09-18,3040250722,066-01141-5101,"RECEIVER-TRANSMITTER,RADIO (KT71)",ALA 9,REC,EM REPARO,WILLIAM,547.0
2026-09-18,3040250723,066-01141-5101,"RECEIVER-TRANSMITTER,RADIO (KT71)",CLA,REC,,BABR,547.0
2026-09-18,3040250721,060-0017-00,FLIGHT DIR HOR,BANT,OS concluída,,,
2026-09-18,3040250725,066-3046-07,"CONTROL,INDICATOR",ALA 10,OS concluída,,,
2026-09-18,3040250724,066-04035-1101,"DISPLAY UNIT,RADAR",PAMALS,REC,,BANT,547.0
2026-09-18,3040250732,069-1025-25,"RECEIVER-TRANSMITTER,RADIO - KX165",PAMALS,REC,EM REPARO,WILLIAM,547.0
2026-09-18,3040250782,2606012-1,INDICATOR-INTER-TURBINE TEMPERATURE,ALA 9,OS concluída,,,
2026-09-18,3040250775,161-11700,INNER WHEEL HALF ASSY,BABE,OS concluída,,,
2026-09-18,3040250773,161-11700,INNER WHEEL HALF ASSY,EEAR,REC,,BACG,547.0
2026-09-18,3040250718,030-18200,MAIN WHEEL BRAKE,BACO,OS concluída,,,
2026-09-18,3040250716,030-18200,MAIN WHEEL BRAKE,BABV,REC,EM REPARO,LEAP,547.0
2026-09-18,3040250717,030-18200,MAIN WHEEL BRAKE,BACO,OS concluída,,,
2026-09-18,3040250780,162-11800,WHEEL HALF ASSY-OUTER,PAMALS,OS concluída,,,
2026-09-18,3040250781,162-11800,WHEEL HALF ASSY-OUTER,BACG,OS concluída,,,
2026-09-18,3040250778,161-12800,WHEEL HALF ASSY-INNER,BACG,OS concluída,,,
2026-09-18,3040250776,161-12800,WHEEL HALF ASSY-INNER,BABE,OS concluída,,,
2026-09-18,3040250790,2643031-7,"FORK ASSY,NOSE GEAR SPRING",BAMN,OS concluída,,,
2026-09-18,3040250791,2643090-1,SHIMMY DAMPENE,BANT,REC,EM REPARO,AV AERONAUTICA,547.0
2026-09-18,3040250792,2643090-1,SHIMMY DAMPENE,BAMN,REC,REPARADO,V1 PAMA-LS,547.0
2026-09-18,3040250789,2641012-14,TRUNNION ASSY-RH-MAIN GEAR,PAMASP,OS concluída,,,
2026-09-18,3040250793,2643099-4,"SUPPORT ASSY FOWARD, NLG SPRING",BAMN,OS concluída,,,
2026-09-18,3040250798,30994-001,BATTERY-MARATHON TSP410 NICAD,BANT,OS concluída,CONDENADO,AMA - VEE ONE,
2026-09-18,3040252191,C611008-0101,ALTERNATOR CONTROL UNIT,PAMALS,REC,,BABR,514.0
2026-09-18,3040252159,011-00916-00,DISPLAY UNIT GDU 1040A,BAMN,REC,,BAMN,514.0
2026-09-18,3040252161,065-0042-03,COMPUTER PA,ALA 10,REC,EM REPARO,WILLIAM,514.0
2026-09-18,3040252162,065-0042-03,COMPUTER PA,EEAR,REC,,BABE,514.0
2026-09-18,3040252164,065-0042-03,COMPUTER PA,EEAR,REC,EM REPARO,WILLIAM,514.0
2026-09-18,3040252165,065-0042-03,COMPUTER PA,PAMALS,OS concluída,,,
2026-09-18,3040252166,065-0059-01,SERVO PITCH,EEAR,REC,EM REPARO,WILLIAM,514.0
2026-09-18,3040252168,066-03064-0005,"ALTIMETER,SERVO CONTROLLED,AUTOMATIC PRESSURE",ALA 9,OS concluída,,,
2026-09-18,3040252173,066-03064-0005,"ALTIMETER,SERVO CONTROLLED,AUTOMATIC PRESSURE",BANT,REC,EM REPARO,LEAP,514.0
2026-09-18,3040252172,066-03064-0005,"ALTIMETER,SERVO CONTROLLED,AUTOMATIC PRESSURE",PAMALS,REC,NO ESTADO,VEE ONE,514.0
2026-09-18,3040252170,066-03064-0005,"ALTIMETER,SERVO CONTROLLED,AUTOMATIC PRESSURE",ALA 7,REC,NO ESTADO,VEE ONE,514.0
2026-09-18,3040252178,066-1072-00,RECEIVER ADF (KING KR87),PAMALS,OS concluída,,,
2026-09-18,3040252182,066-1072-04,"RECEIVER,RADIO",ALA 9,OS concluída,,,
2026-09-18,3040252181,066-1072-04,"RECEIVER,RADIO",PAMASP,REC,EM REPARO,WILLIAM,514.0
2026-09-18,3040252180,066-1072-04,"RECEIVER,RADIO",ALA 8,OS concluída,,,
2026-09-18,3040252185,066-1072-04,"RECEIVER,RADIO",BAMN,OS concluída,,,
2026-09-18,3040252189,9910338-6,"TRANSMITTER,RATE OF FLOW",ALA 8,OS concluída,,,
2026-09-18,3040252190,9910338-6,"TRANSMITTER,RATE OF FLOW",BABR,OS concluída,,,
2026-09-18,3040252160,011-01020-10,AFCS MODE CONTROLLER GMC 710,BAMN,OS concluída,,,
2026-09-18,3040252939,C163030-1001,MAIN W BRAKE A,BABV,REC,,BAMN,484.0
2026-09-18,3040252936,030-18200,MAIN WHEEL BRAKE,BACO,REC,,PAMA-LS,484.0
2026-09-18,3040252935,030-18200,MAIN WHEEL BRAKE,BAMN,OS concluída,,,
2026-09-18,3040252940,30-182,MAIN WHEEL BRAKE,BABV,OS concluída,,,
2026-09-18,3040252942,30-182,MAIN WHEEL BRAKE,BAMN,OS concluída,,,
2026-09-18,3040252943,30-182,MAIN WHEEL BRAKE,BAMN,OS concluída,,,
2026-09-18,3040253170,161-12800,WHEEL HALF ASSY-INNER,BASM,OS concluída,,,
2026-09-18,3040253168,161-12800,WHEEL HALF ASSY-INNER,BASM,REC,,PAMA-LS,480.0
2026-09-18,3040253172,161-12800,WHEEL HALF ASSY-INNER,PAMALS,REC,,PAMA-LS,480.0
2026-09-18,3040253174,161-12800,WHEEL HALF ASSY-INNER,PAMALS,OS concluída,,,
2026-09-18,3040253173,161-12800,WHEEL HALF ASSY-INNER,PAMALS,REC,EM REPARO,LEAP,480.0
2026-09-18,3040253176,162-10700,OUTER WHEEL HALF ASSY,BABE,OS concluída,,,
2026-09-18,3040253177,162-10700,OUTER WHEEL HALF ASSY,BABV,REC,,PAMA-LS,480.0
2026-09-18,3040253178,162-10700,OUTER WHEEL HALF ASSY,PAMALS,REC,,PROCURANDO,480.0
2026-09-18,3040253179,162-11800,WHEEL HALF ASSY-OUTER,CLA,OS concluída,,,
2026-09-18,3040253181,162-11800,WHEEL HALF ASSY-OUTER,PAMALS,OS concluída,,,
2026-09-18,3040253180,162-11800,WHEEL HALF ASSY-OUTER,BASM,REC,,PROCURANDO,480.0
2026-09-18,3040253182,162-11800,WHEEL HALF ASSY-OUTER,PAMALS,REC,,PAMA-LS,480.0
2026-09-18,3040253536,2641012-14,TRUNNION ASSY-RH-MAIN GEAR,PAMALS,OS concluída,,,
2026-09-18,3040253529,066-03064-0005,"ALTIMETER,SERVO CONTROLLED,AUTOMATIC PRESSURE",DSM-MN,REC,DEVOLVIDO NO ESTADO,WILLIAM,470.0
2026-09-18,3040253528,066-03064-0005,"ALTIMETER,SERVO CONTROLLED,AUTOMATIC PRESSURE",BANT,OS concluída,,,
2026-09-18,3040253532,799-1,TRANSDUCER,PAMALS,REC,,BANT,470.0
2026-09-18,3040253535,2643099-4,"SUPPORT ASSY FOWARD, NLG SPRING",BABE,REC,CONDENADO,VEE ONE,470.0
2026-09-18,3040253531,799-1,TRANSDUCER,BAMN,REC,,VEE ONE,470.0
2026-09-18,3040253530,799-1,TRANSDUCER,BAMN,REC,,BANT,470.0
2026-09-18,3040253526,30994-001,BATTERY-MARATHON TSP410 NICAD,PAMALS,OS concluída,,PAMA-LS,
2026-09-18,3040253527,30994-001,BATTERY-MARATHON TSP410 NICAD,BAPV,OS concluída,,PAMA-LS,
2026-09-18,3040254195,540-1407-4,"VALVE,BLEED,TURBINEENGINE",PAMALS,REC,,BANT,452.0
2026-09-18,3040254201,2643090-3,SHIMMY DAMPER-NOSE GEAR,PAMALS,REC,,PAMA-LS,452.0
2026-09-18,3040254203,SE1070-6,SHIMMY DAMPENER ASSY,BACGINAT,OS concluída,,,
2026-09-18,3040254205,C660501-0103,"COMPASS,SPEC",PAMALS,REC,,PAMA-LS,452.0
2026-09-18,3040254206,C660501-0103,"COMPASS,SPEC",ALA 8,REC,EM REPARO EM GARANTIA,WILLIAM,452.0
2026-09-18,3040254208,C660501-0103,"COMPASS,SPEC",BABV,REC,,PAMA-LS,452.0
2026-09-18,3040254210,799-1,TRANSDUCER,BANT,REC,,BANT,452.0
2026-09-18,3040254792,2606013-1RX,INDICATOR-PERCENT RPM,BABR,REC,,BANT,443.0
2026-09-18,3040254770,069-1025-25,"RECEIVER-TRANSMITTER,RADIO - KX165",ALA 9,REC,EM REPARO,WILLIAM,443.0
2026-09-18,3040254799,453-5000-710,EMERGENCY LOCATOR TRANSMITTER MODEL C406-2,PAMASP,OS concluída,,,
2026-09-18,3040254806,C352TS,"EXTINGUISHER,FIRE",PAMALS,REC,,PAMA-LS,443.0
2026-09-18,3040254805,C352TS,"EXTINGUISHER,FIRE",PAMALS,OS concluída,,,
2026-09-18,3040254810,C352TS,"EXTINGUISHER,FIRE",PAMALS,OS concluída,,,
2026-09-18,3040254809,C352TS,"EXTINGUISHER,FIRE",PAMAGL,OS concluída,,,
2026-09-18,3040254803,C352TS,"EXTINGUISHER,FIRE",2 ETA,REC,,PAMA-LS,443.0
2026-09-18,3040254808,C352TS,"EXTINGUISHER,FIRE",BABR,REC,,PAMA-LS,443.0
2026-09-18,3040254795,D145-00-46-2,FLAP ACTUATOR ASSY,BABE,REC,,PAMA-LS,443.0
2026-09-18,3040254793,D145-00-46-2,FLAP ACTUATOR ASSY,PAMALS,REC,,PAMA-LS,443.0
2026-09-18,3040254815,C482001-0402,VACUUM REGULAT,PAMALS,REC,CONDENADO,VEE ONE,443.0
2026-09-18,3040254816,C482001-0402,VACUUM REGULAT,PAMALS,REC,CONDENADO,VEE ONE,443.0
2026-09-18,3040254820,2641011-5,AXLE-MAIN GEAR,BAMN,OS concluída,,,
2026-09-18,3040254817,2641011-5,AXLE-MAIN GEAR,BABE,OS concluída,,,
2026-09-18,3040254818,2641011-5,AXLE-MAIN GEAR,BABE,OS concluída,,,
2026-09-18,3040254819,2641011-5,AXLE-MAIN GEAR,BANT,OS concluída,,,
2026-09-18,3040254796,30994-001,BATTERY-MARATHON TSP410 NICAD,BAMN,OS concluída,,,
2026-09-18,3040254789,452-0133,"BATTERY,NONRECHARGEABLE",BAMN,REC,CONDENADO,VEE ONE,443.0
2026-09-18,3040254788,452-0133,"BATTERY,NONRECHARGEABLE",BAMN,REC,CONDENADO,VEE ONE,443.0
2026-09-18,3040254787,452-0133,"BATTERY PACK,AIRCRAFT",DACTA II,REC,CONDENADO,VEE ONE,443.0
2026-09-18,3040254786,452-0133,"BATTERY PACK,AIRCRAFT",BAMN,REC,CONDENADO,VEE ONE,443.0
2026-09-18,3040254785,452-0133,"BATTERY,NONRECHARGEABLE",BAMN,REC,CONDENADO,VEE ONE,443.0
2026-09-18,3040254784,452-0133,"BATTERY,NONRECHARGEABLE",DACTA II,REC,CONDENADO,VEE ONE,443.0
2026-09-18,3040255326,011-00916-00,DISPLAY UNIT GDU 1040A,BAMN,REC,,BAMN,434.0
2026-09-18,3040255319,702801-5,FUEL PUMP,PAMASP,REC,EM REPARO,VEE ONE,434.0
2026-09-18,3040255321,8210-002,"GOVERNOR,CONSTANT SPEED DRIVE",PAMALS,OS concluída,,,
2026-09-18,3040255461,DAAS-A-010-1,ADAS-D PROCESSOR,PAMALS,REC,EM REPARO,VEE ONE,430.0
2026-09-18,3040255589,071-01519-0101,"RECEIVER-EXCITER,RADAR",BANT,REC,,PROCURANDO,428.0
2026-09-18,3040255590,071-01519-0101,"RECEIVER-EXCITER,RADAR",PAMALS,OS concluída,,,
2026-09-18,3040255706,C661064-0237,AIRSPEED INDICATOR,BAMN,OS concluída,,,
2026-09-18,3040256114,5934PAD-3,"ALTIMETER,PRESSURE",PAMALS,REC,EM REPARO,VEE ONE,414.0
2026-09-18,3040256119,011-00878-10,GSA-81 TORQUE SERVO,BAPV,REC,EM REPARO,LEAP,414.0
2026-09-18,3040256112,011-00883-20,RADAR GWX 68 WEATHER,BABE,REC,,BAMN,414.0
2026-09-18,3040256115,5934PAD-3,"ALTIMETER,PRESSURE",PAMALS,OS concluída,,,
2026-09-18,3040256118,011-00878-10,GSA-81 TORQUE SERVO,BAPV,REC,,BACO,414.0
2026-09-18,3040256120,011-00916-10,"DISPLAY UNIT,FLIGHT INFORMATION",BAMN,OS concluída,,,
2026-09-18,3040256314,066-4010-12,RECEIVER VOR/LOC (KNS81),EEAR,REC,EM REPARO,LEAP,401.0
2026-09-18,3040256311,3121248-03,"VALVE ASSEMBLY,COMPRESSOR BLEED",PAMALS,OS concluída,,,
2026-09-18,3040256704,C661064-0237,AIRSPEED INDICATOR,PAMALS,OS concluída,,,
2026-09-18,3040256707,D210507,"GOVERNOR,OVERSPEED",PAMALS,OS concluída,,,
2026-09-18,3040256708,D210507,"GOVERNOR,OVERSPEED",PAMALS,REC,REPARADO,VEE ONE,392.0
2026-09-18,3040256702,C661064-0237,AIRSPEED INDICATOR,BABR,OS concluída,,,
2026-09-18,3040256703,C661064-0237,AIRSPEED INDICATOR,PAMALS,OS concluída,,,
2026-09-18,3040256662,030-18200,MAIN WHEEL BRAKE,BASM,OS concluída,,,
2026-09-18,3040256665,161-11700,INNER WHEEL HALF ASSY,BABV,OS concluída,,,
2026-09-18,3040256666,161-11700,INNER WHEEL HALF ASSY,PAMALS,OS concluída,,,
2026-09-18,3040256667,161-11700,INNER WHEEL HALF ASSY,PAMALS,OS concluída,,,
2026-09-18,3040256668,161-11700,INNER WHEEL HALF ASSY,PAMALS,OS concluída,,,
2026-09-18,3040256669,161-11700,INNER WHEEL HALF ASSY,PAMALS,OS concluída,,,
2026-09-18,3040256670,161-11700,INNER WHEEL HALF ASSY,PAMALS,OS concluída,,,
2026-09-18,3040256671,161-11700,INNER WHEEL HALF ASSY,PAMALS,REC,,PAMA-LS,392.0
2026-09-18,3040256698,030-18200,MAIN WHEEL BRAKE,PAMASP,REC,,BABE,392.0
2026-09-18,3040256713,030-18200,MAIN WHEEL BRAKE,ALA 3,REC,,BAMN,392.0
2026-09-18,3040256694,162-11800,WHEEL HALF ASSY-OUTER,BANT,OS concluída,,,
2026-09-18,3040256696,162-11800,WHEEL HALF ASSY-OUTER,PAMALS,REC,,PAMA-LS,392.0
2026-09-18,3040256672,161-12800,WHEEL HALF ASSY-INNER,PAMALS,OS concluída,,PAMA-LS,
2026-09-18,3040256675,161-12800,WHEEL HALF ASSY-INNER,BANT,OS concluída,,,
2026-09-18,3040256792,011-00877-00,"GSA-80 SERVO ROL,YAW,SPEC",BAMN,REC,,PROCURANDO,392.0
2026-09-18,3040256787,011-00877-00,"GSA-80 SERVO ROL,YAW,SPEC",PAMALS,REC,EM REPARO,VEE ONE,392.0
2026-09-18,3040256828,011-00883-20,RADAR GWX 68 WEATHER,PAMALS,REC,,PAMA-LS,392.0
2026-09-18,3040256709,3121248-03,"VALVE ASSEMBLY,COMPRESSOR BLEED",PAMASP,REC,,BANT,389.0
2026-09-18,3040256673,161-12800,WHEEL HALF ASSY-INNER,PAMALS,REC,CONDENADO,VEE ONE,389.0
2026-09-18,3040257095,011-01105-01,INTEGRATED AVIONICS UNIT GIA63W,BABE,REC,EM REPARO,VEE ONE,385.0
2026-09-18,3040257096,011-01105-01,INTEGRATED AVIONICS UNIT GIA63W,BABE,REC,,BAMN,385.0
2026-09-18,3040257093,065-00183-0501,AUTOPILOT COMPUTER KFC225,BABE,REC,,BANT,385.0
2026-09-18,3040257094,065-00183-0501,AUTOPILOT COMPUTER KFC225,BABE,REC,,BANT,385.0
2026-09-18,3040257443,161-12800,WHEEL HALF ASSY-INNER,ALA 3,AUT,,,373.0
2026-09-18,3040257442,C163030-1001,MAIN W BRAKE A,BAMN,OS concluída,,BAMN,
2026-09-18,3040257452,3244809-8,"FUEL CONTROL,MAIN,TURBINE ENGINE",BAPV,OS concluída,,,
2026-09-18,3040257454,EA-5172-45-CES,"INDICATOR,AIRSPEED",BACG,OS concluída,,,
2026-09-18,3040257453,EA-5172-45-CES,"INDICATOR,AIRSPEED",ALA 7,REC,DEVOLVIDO NO ESTADO,WILLIAM,366.0
2026-09-18,3040257451,3244809-7,"FUEL CONTROL,MAIN,TURBINE ENGINE",PAMASP,REC,,BANT,366.0
2026-09-18,3040257450,3244809-4,"FUEL CONTROL,MAIN,TURBINE ENGINE",PAMASP,OS concluída,EM REPARO,LEAP,
2026-09-18,3040257438,030-18200,MAIN WHEEL BRAKE,BAMN,REC,REPARADO,VEE ONE,366.0
2026-09-18,3040257444,162-10700,OUTER WHEEL HALF ASSY,PAMALS,OS concluída,,,
2026-09-18,3040257447,162-10700,OUTER WHEEL HALF ASSY,PAMALS,OS concluída,,,
2026-09-18,3040257436,30994-001,BATTERY-MARATHON TSP410 NICAD,PAMALS,OS concluída,,PAMA-LS,
2026-09-18,3040257441,030-18200,MAIN WHEEL BRAKE,BAPV,REC,,BAMN,366.0
2026-09-18,3040257440,030-18200,MAIN WHEEL BRAKE,BANT,REC,CONDENADO,VEE ONE,366.0
2026-09-18,3040257439,030-18200,MAIN WHEEL BRAKE,BAMN,REC,,BAMN,366.0
2026-09-18,3040258306,D210507,"GOVERNOR,OVERSPEED",PAMALS,REC,EM REPARO,LEAP,346.0
2026-09-18,3040258310,D210507,"GOVERNOR,OVERSPEED",BACO,OS concluída,,,
2026-09-18,3040258309,D210507,"GOVERNOR,OVERSPEED",BAMN,REC,EM REPARO,LEAP,346.0
2026-09-18,3040258308,D210507,"GOVERNOR,OVERSPEED",BAMN,OS concluída,,,
2026-09-18,3040258307,D210507,"GOVERNOR,OVERSPEED",ALA 5,OS concluída,,,
2026-09-18,3040258303,011-00877-00,"GSA-80 SERVO ROL,YAW,SPEC",DACTA II,REC,EM REPARO,VEE ONE,346.0
2026-09-18,3040258422,2601188-8,COMPRESSOR DRIVE ASSY R134A,PAMASP,REC,,PROCURANDO,344.0
2026-09-18,3040258419,011-00877-00,"GSA-80 SERVO ROL,YAW,SPEC",DACTA II,REC,EM REPARO,VEE ONE,344.0
2026-09-18,3040258420,011-00877-00,"GSA-80 SERVO ROL,YAW,SPEC",BACO,REC,EM REPARO,VEE ONE,344.0
2026-09-18,3040258421,011-00877-00,"GSA-80 SERVO ROL,YAW,SPEC",BABE,REC,,BACO,344.0
2026-09-18,3040258764,069-01034-0102,"NAVIGATION SET,SATELLITE SIGNALS KLN-94",PAMALS,REC,,BANT,337.0
2026-09-18,3040259152,066-01141-5101,"TRANSPONDER,RADAR",BABE,REC,,BANT,318.0
2026-09-18,3040259151,066-01141-5101,"TRANSPONDER,RADAR",BANT,REC,,BANT,318.0
2026-09-18,3040259251,064-1019-05,VHF TRANSCEIVE KY196,EEAR,REC,,EEAR,316.0
2026-09-18,3040259146,1U149-015-15,HORIZ. GYRO-STADBY,PAMALS,REC,EM REPARO,VEE ONE,315.0
2026-09-18,3040259147,162-10700,OUTER WHEEL HALF ASSY,BANT,REC,EM REPARO,AMA - VEE ONE,315.0
2026-09-18,3040259148,3049038-03,"VALVE,COMPRESSOR BLEED",BANT,OS concluída,,,
2026-09-18,3040259316,2606015-4,INDICATOR-OIL TEMP/OIL PRESS,BACG,REC,,PAMA-LS,312.0
2026-09-18,3040259564,C414007-0102,BLOWER ASSY,PAMALS,OS concluída,,,
2026-09-18,3040259568,C414007-0102,BLOWER ASSY,ALA 10,OS concluída,,,
2026-09-18,3040259570,C414007-0102,BLOWER ASSY,ALA 10,OS concluída,,,
2026-09-18,3040259694,025323-150,FUEL PUMP,PAMASP,REC,,BACO,304.0
2026-09-18,3040259922,C414007-0102,BLOWER ASSY,BANT,REC,,PAMA-LS,297.0
2026-09-18,3040259928,C414007-0102,BLOWER ASSY,PAMALS,REC,EM REPARO,VEE ONE,297.0
2026-09-18,3040259924,C414007-0102,BLOWER ASSY,BACG,REC,EM REPARO,VEE ONE,297.0
2026-09-18,3040259918,C414007-0102,BLOWER ASSY,ALA 10,OS concluída,,VEE ONE,
2026-09-18,3040259950,065-0060-01,"CONTROL,SERVO,AUTOMATIC PILOT",PAMALS,REC,EM REPARO,LEAP,297.0
2026-09-18,3040259949,065-0060-01,"CONTROL,SERVO,AUTOMATIC PILOT",PAMALS,REC,EM REPARO,LEAP,297.0
2026-09-18,3040259947,066-3046-07,"CONTROL,INDICATOR",EEAR,OS concluída,,,
2026-09-18,3040259946,066-3046-07,"CONTROL,INDICATOR",BANT,REC,,BANT,297.0
2026-09-18,3040259944,066-3046-07,"CONTROL,INDICATOR",EEAR,REC,,PAMA-LS,297.0
2026-09-18,3040260209,011-00916-00,DISPLAY UNIT GDU 1040A,PAMALS,REC,,BAMN,283.0
2026-09-18,3040260208,324843-W020,HEADSET-MICROPHONE,PAMALS,REC,VAI SER DEVOLVIDO SEM REPARO,WILLIAM,283.0
2026-09-18,3040260204,324843-W020,HEADSET-MICROPHONE,PAMALS,OS concluída,,,
2026-09-18,3040260205,324843-W020,HEADSET-MICROPHONE,PAMALS,OS concluída,,,
2026-09-18,3040260388,SD5H14C4527,AIR COMPRESSOR,PAMALS,REC,EM REPARO,VEE ONE,276.0
2026-09-18,3040260382,065-00183-0501,AUTOPILOT COMPUTER KFC225,BANT,REC,,BANT,276.0
2026-09-18,3040260389,SD5H14C4527,AIR COMPRESSOR,PAMALS,REC,EM REPARO,VEE ONE,276.0
2026-09-18,3040260517,ASG12000-2,ALTERNATOR,PAMALS,OS concluída,,,
2026-09-18,3040260524,51539-012M,CONTROL UNIT ASSY-GENERATOR,BANT,REC,,BACG,273.0
2026-09-18,3040260516,ASG12000-2,ALTERNATOR,PAMALS,REC,,V1 PAMA-LS,273.0
2026-09-18,3040260523,9910592-2,ALTERNADOR,BAMN,OS concluída,,babr,
2026-09-18,3040260522,9910592-2,ALTERNADOR,BAMN,REC,,dacta II,273.0
2026-09-18,3040260547,161-12800,WHEEL HALF ASSY-INNER,EPCAR,OS concluída,,BABE,
2026-09-18,3040260545,161-11700,INNER WHEEL HALF ASSY,BACG,OS concluída,,,
2026-09-18,3040260544,161-11700,INNER WHEEL HALF ASSY,BANT,OS concluída,,,
2026-09-18,3040260546,161-12800,WHEEL HALF ASSY-INNER,PAMALS,REC,,,255.0
2026-09-18,3040260548,161-11700,INNER WHEEL HALF ASSY,CLA,OS concluída,,,
2026-09-18,3040260549,162-10700,OUTER WHEEL HALF ASSY,BACG,OS concluída,,,
2026-09-18,3040260550,162-10700,OUTER WHEEL HALF ASSY,CLA,OS concluída,,,
2026-09-18,3040260551,162-11800,WHEEL HALF ASSY-OUTER,BANT,REC,,,255.0
2026-09-18,3040260552,30994-001,BATTERY-MARATHON TSP410 NICAD,BABE,OS concluída,,PAMA-LS,
2026-09-18,3040260543,324843-W020,HEADSET-MICROPHONE,PAMALS,REC,,PAMA-LS,255.0
2026-09-18,3040260542,324843-W020,HEADSET-MICROPHONE,PAMALS,REC,,BABE,255.0
2026-09-18,3040260541,324843-W020,HEADSET-MICROPHONE,PAMALS,OS concluída,,,
2026-09-18,3040260540,324843-W020,HEADSET-MICROPHONE,PAMALS,OS concluída,,,
2026-09-18,3040260538,324843-W020,HEADSET-MICROPHONE,PAMALS,REC,,BABE,255.0
2026-09-18,3040260539,324843-W020,HEADSET-MICROPHONE,PAMALS,REC,,BABE,255.0
2026-09-18,3040260595,9910586-4,FLAP ACTUATOR AND MOTOR ASSEMBLY,7 ETA,REC,,BAMN,255.0
2026-09-18,3040260597,9910586-4,FLAP ACTUATOR AND MOTOR ASSEMBLY,BAPV,OS concluída,,BABR,
2026-09-18,3040260583,3244897-4,FUEL CONTROL UNIT,PAMALS,OS concluída,,,
2026-09-18,3040260750,3122678-04,FUEL CONTROL UNIT,PAMASP,REC,,BANT,247.0
2026-09-18,3040260752,3244897-4,FUEL CONTROL UNIT,PAMASP,OS concluída,,,
2026-09-18,3040260753,3244809-7,"FUEL CONTROL,MAIN,TURBINE ENGINE",PAMASP,OS concluída,,,
2026-09-18,3040260754,3244809-1,"FUEL CONTROL,MAIN,TURBINE ENGINE",PAMASP,REC,EM QUARENTENA,LEAP,247.0
2026-09-18,3040254794,C145-350,"MOTOR,DIRECT CURRENT",PAMALS,OS concluída,,,
2026-09-18,3040260913,064-1054-30,RECEIVER-TRANSMITTER SUBASSEMBLY,EPCAR,REC,,V1 PAMA-LS,235.0
2026-09-18,3040260915,064-1054-30,RECEIVER-TRANSMITTER SUBASSEMBLY,PAMALS,REC,,BABR,235.0
2026-09-18,3040260811,3034792,BOMBA DE COMBUSTÍVEL,BAPV,OS concluída,,BABR,
2026-09-18,3040260812,3034792,BOMBA DE COMBUSTÍVEL,BACG,OS concluída,,,
2026-09-18,3040260922,162-11800,WHEEL HALF ASSY-OUTER,PAMALS,OS concluída,,,
2026-09-18,3040260923,030-18200,MAIN WHEEL BRAKE,BACO,REC,REPARADO,VEE ONE,233.0
2026-09-18,3040261389,3034792,BOMBA DE COMBUSTÍVEL,PAMASP,OS concluída,REPARADO,V1 PAMA-LS,
2026-09-18,3040261388,3034792,BOMBA DE COMBUSTÍVEL,BABR,OS concluída,,,
2026-09-18,3040261387,3034792,BOMBA DE COMBUSTÍVEL,BABR,OS concluída,,,
2026-09-18,3040261371,TFF2905-13,FUEL FLOW TRANSDUCER,ALA 8,REC,,PAMA-LS,220.0
2026-09-18,3040261375,C661065-0240RX,"INDICATOR, AIRSPEED",BACG,REC,EM REPARO,WILLIAM,220.0
2026-09-18,3040261373,C661065-0240,AIRSPEED INDICATOR,BABE,REC,,PAMA-LS,220.0
2026-09-18,3040261322,011-00831-00,"ENGINE INTERFA,SPEC",BAPV,REC,,VEE ONE,220.0
2026-09-18,3040261326,011-00882-10,"COMPUTER,AIR DATA",BAMN,OS concluída,,,
2026-09-18,3040261324,011-00882-10,"COMPUTER,AIR DATA",BAMN,OS concluída,,,
2026-09-18,3040261327,064-1054-30,RECEIVER-TRANSMITTER SUBASSEMBLY,PAMASP,REC,,PAMA-LS,220.0
2026-09-18,3040261336,066-01141-0101,"RECEIVER,RADIO",BANT,REC,,PAMA-LS,220.0
2026-09-18,3040261334,065-0065-01,SELECTOR ALT,BANT,REC,,PAMA-LS,220.0
2026-09-18,3040261331,065-0061-36,ACTUATOR TRIM (KS272A),PAMASP,OS concluída,,BABR,
2026-09-18,3040261329,065-0061-36,ACTUATOR TRIM (KS272A),ALA 10,OS concluída,,,
2026-09-18,3040261335,065-0065-01,SELECTOR ALT,BANT,REC,,PAMA-LS,220.0
2026-09-18,3040261342,066-3084-02,COLOR RADAR INDICATOR,BABV,REC,,PAMA-LS,220.0
2026-09-18,3040261340,066-1053-00,"RECEIVER,RADIO",BASM,REC,,PAMA-LS,220.0
2026-09-18,3040261377,066-3054-01,INDICATOR RADAR ALTIMETER - TYPE KI250,PAMALS,REC,EM REPARO,WILLIAM,220.0
2026-09-18,3040261376,066-1061-03,RT RADAR ALTIM (KRA10A),PAMALS,REC,PARA REPARO,VEE ONE,220.0
2026-09-18,3040261352,1134380-4,EVAPORATOR MODULE ASSY-RH,BAMN,REC,CONDENADO,VEE ONE,220.0
2026-09-18,3040261347,071-1234-00,ANTENNA ACCESSORY,ALA 1,REC,EM REPARO,WILLIAM,220.0
2026-09-18,3040261344,066-4010-12,RECEIVER VOR/LOC (KNS81),ALA 10,REC,EM REPARO,WILLIAM,220.0
2026-09-18,3040261353,1H75-21,PRESSURE REGULATOR,BAMN,OS concluída,,BAMN,
2026-09-18,3040261357,2682001-1,BRAKE CYL MAST,BABE,OS concluída,,,
2026-09-18,3040261356,2670104-2,ANNUNCIATOR PANEL,PAMALS,OS concluída,,,
2026-09-18,3040261355,2643100-201,NOSE GEAR STRUT ASSY - TALL FORK,BABR,OS concluída,,,
2026-09-18,3040261354,2643100-201,NOSE GEAR STRUT ASSY - TALL FORK,BANT,REC,EM REPARO,AV AERONAUTICA,220.0
2026-09-18,3040261364,8210-002-01,GOVERNOR PROPELLER,PAMASP,REC,REPARADO,VEE ONE,220.0
2026-09-18,3040261627,S3828-1,ALTIMETER,BAMN,REC,,PAMA-LS,206.0
2026-09-18,3040261628,S3828-1,ALTIMETER,BABE,REC,REPARADO,V1 PAMA-LS,206.0
2026-09-18,3040261851,51539-012MRX,CONTROL UNIT ASSY-GENERATOR,BABE,REC,EM REPARO,VEE ONE,198.0
2026-09-18,3040261852,51539-012MRX,CONTROL UNIT ASSY-GENERATOR,BABE,REC,EM REPARO,VEE ONE,198.0
2026-09-18,3040261843,3034792,BOMBA DE COMBUSTÍVEL,PAMALS,REC,EM REPARO,VEE ONE,193.0
2026-09-18,3040262245,200SGL119Q-2,STARTER GENERATOR,BAMN,OS concluída,,,
2026-09-18,3040262246,200SGL119Q-2,STARTER GENERATOR,BAMN,OS concluída,,,
2026-09-18,3040262273,324843-W020,HEADSET-MICROPHONE,BABE,OS concluída,,,
2026-09-18,3040262275,324843-W020,HEADSET-MICROPHONE,BANT,OS concluída,,,
2026-09-18,3040262363,066-1055-00,AUDIO CONTROL PANEL,ALA 5,OS concluída,,,
2026-09-18,3040262367,066-1055-00,AUDIO CONTROL PANEL,ALA 9,REC,,WILLIAM,176.0
2026-09-18,3040262368,066-1055-00,AUDIO CONTROL PANEL,CLA,OS concluída,,,
2026-09-18,3040262372,51539-012M,CONTROL UNIT ASSY-GENERATOR,BANT,REC,,PAMA-LS,176.0
2026-09-18,3040262371,51539-012N,CONTROL UNIT ASSY-GENERATOR,BANT,REC,,PAMA-LS,176.0
2026-09-18,3040262419,065-0061-36,ACTUATOR TRIM (KS272A),ALA 9,REC,EM REPARO,WILLIAM,171.0
2026-09-18,3040262734,C352,PORTABLE HALON FIRE EXTINGUISHERS,ALA 5,REC,EM REPARO,AV AERONAUTICA,158.0
2026-09-18,3040262738,C352TS,"EXTINGUISHER,FIRE",BANT,REC,,AV AERONÁUTICA,158.0
2026-09-18,3040262739,C352TS,"EXTINGUISHER,FIRE",BANT,REC,,AV AERONÁUTICA,158.0
2026-09-18,3040262740,C352TS,"EXTINGUISHER,FIRE",PAMALS,REC,,AV AERONÁUTICA,158.0
2026-09-18,3040262766,011-00883-20,RADAR GWX 68 WEATHER,BAMN,OS concluída,,V1 PAMA-LS,
2026-09-18,3040262765,011-00883-20,RADAR GWX 68 WEATHER,BAMN,REC,,V1 PAMA-LS,158.0
2026-09-18,3040262772,011-01020-10,AFCS MODE CONTROLLER GMC 710,BAMN,REC,,PAMA-LS,158.0
2026-09-18,3040262770,011-01020-10,AFCS MODE CONTROLLER GMC 710,BAMN,REC,,PAMA-LS,158.0
2026-09-18,3040262773,011-01020-10,AFCS MODE CONTROLLER GMC 710,BAMN,REC,,PAMA-LS,158.0
2026-09-18,3040262746,066-1070-01,TRANSCEIVER DME (KN63),BABE,REC,EM REPARO,WILLIAM,158.0
2026-09-18,3040262745,064-1019-05,VHF TRANSCEIVE KY196,EEAR,REC,EM REPARO,VEE ONE,158.0
2026-09-18,3040262747,066-1072-00,RECEIVER ADF (KING KR87),ALA 7,REC,EM REPARO,WILLIAM,158.0
2026-09-18,3040262748,066-3046-07,"CONTROL,INDICATOR",BABR,REC,,BANT,158.0
2026-09-18,3040262769,066-3046-07,"CONTROL,INDICATOR",BABR,REC,,BANT,158.0
2026-09-18,3040262768,066-3046-07,"CONTROL,INDICATOR",EEAR,OS concluída,,BABR,
2026-09-18,3040262767,066-3046-07,"CONTROL,INDICATOR",EEAR,REC,EM REPARO,LEAP,158.0
2026-09-18,3040262791,066-3060-00,IND RMI KNI582,BANT,OS concluída,,,
2026-09-18,3040262630,161-11700,INNER WHEEL HALF ASSY,BANT,REC,,PAMA-LS,158.0
2026-09-18,3040262792,066-3060-00,IND RMI KNI582,BANT,REC,EM REPARO,LEAP,158.0
2026-09-18,3040262634,162-10700,OUTER WHEEL HALF ASSY,BANT,OS concluída,,PAMA-LS,
2026-09-18,3040262632,161-12800,WHEEL HALF ASSY-INNER,BANT,OS concluída,REPARADO,VEE ONE,
2026-09-18,3040262633,161-12800,WHEEL HALF ASSY-INNER,BANT,OS concluída,,,
2026-09-18,3040262635,162-11800,WHEEL HALF ASSY-OUTER,EPCAR,OS concluída,,,
2026-09-18,3040262637,162-11800,WHEEL HALF ASSY-OUTER,BANT,REC,REPARADO,VEE ONE,158.0
2026-09-18,3040262636,162-11800,WHEEL HALF ASSY-OUTER,BANT,OS concluída,REPARADO,VEE ONE,
2026-09-18,3040262646,200SGL119Q,STARTER GENERATOR,PAMASP,OS concluída,,,
2026-09-18,3040262639,200SGL119Q,STARTER GENERATOR,PAMASP,OS concluída,,PAMA-LS,
2026-09-18,3040262638,200SGL119Q,STARTER GENERATOR,PAMALS,REC,EM REPARO,AV AERONAUTICA,158.0
2026-09-18,3040262757,2606015-2,IND OIL TEMP/P,PAMALS,REC,EM REPARO,VEE ONE,158.0
2026-09-18,3040262706,2641011-5,AXLE-MAIN GEAR,BAMN,REC,,BANT,158.0
2026-09-18,3040262707,2641011-5,AXLE-MAIN GEAR,BABV,OS concluída,REPARADO,VEE ONE,
2026-09-18,3040262717,2641011-5,AXLE-MAIN GEAR,BANT,OS concluída,REPARADO,VEE ONE,
2026-09-18,3040262714,2641011-5,AXLE-MAIN GEAR,BAPV,REC,,BANT,158.0
2026-09-18,3040262713,2641011-5,AXLE-MAIN GEAR,BAPV,OS concluída,,,
2026-09-18,3040262712,2641011-5,AXLE-MAIN GEAR,BABR,REC,,BANT,158.0
2026-09-18,3040262711,2641011-5,AXLE-MAIN GEAR,BABR,REC,,BANT,158.0
2026-09-18,3040262709,2641011-5,AXLE-MAIN GEAR,PAMALS,REC,,BANT,158.0
2026-09-18,3040262708,2641011-5,AXLE-MAIN GEAR,PAMALS,REC,,BANT,158.0
2026-09-18,3040262744,3244809-1A,F.C.U,PAMALS,REC,EM REPARO,LEAP,158.0
2026-09-18,3040262758,9910338-4,FUEL TOTALIZER INDICATOR,PAMALS,REC,EM REPARO,VEE ONE,158.0
2026-09-18,3040262759,9910338-6,"TRANSMITTER,RATE OF FLOW",BAMN,REC,,PAMA-LS,158.0
2026-09-18,3040262760,9910338-6,"TRANSMITTER,RATE OF FLOW",BANT,REC,EM REPARO,VEE ONE,158.0
2026-09-18,3040262966,2682001-1,BRAKE CYL MAST,BACO,OS concluída,,PAMA-LS,
2026-09-18,3040262967,2682001-1,BRAKE CYL MAST,PAMALS,REC,,PAMA-LS,156.0
2026-09-18,3040262968,2682001-1,BRAKE CYL MAST,BANT,OS concluída,,PAMA-LS,
2026-09-18,3040262969,2682001-1,BRAKE CYL MAST,BABE,REC,,PAMA-LS,156.0
2026-09-18,3040263069,453-5060,ELT C406-N,BABE,OS concluída,,,
2026-09-18,3040263283,D145-00-46-2,FLAP ACTUATOR ASSY,PAMALS,REC,,,141.0
2026-09-18,3040263284,D145-00-46-2,FLAP ACTUATOR ASSY,BAFL,REC,,,141.0
2026-09-18,3040263324,069-01033-0101,"RECEIVER-TRANSMITTER,RADIO",PAMALS,REC,EM REPARO,LEAP,141.0
2026-09-18,3040263287,C661065-0237,AIRSPEED INDICATOR,BABR,OS concluída,,,
2026-09-18,3040263288,C661065-0237,AIRSPEED INDICATOR,PAMASP,OS concluída,,,
2026-09-18,3040263314,060-0017-00,FLIGHT DIR HOR,EEAR,REC,EM REPARO,LEAP,141.0
2026-09-18,3040263319,066-1055-00,AUDIO CONTROL PANEL,BABE,OS concluída,,,
2026-09-18,3040263317,060-0017-00,FLIGHT DIR HOR,PAMASP,REC,,BANT,141.0
2026-09-18,3040263316,060-0017-00,FLIGHT DIR HOR,BANT,REC,,BANT,141.0
2026-09-18,3040263320,066-1055-00,AUDIO CONTROL PANEL,PAMALS,REC,EM REPARO,AV AERONAUTICA,141.0
2026-09-18,3040263325,069-01033-0101,"RECEIVER-TRANSMITTER,RADIO",PAMALS,REC,,,141.0
2026-09-18,3040263335,C611008-0101,ALTERNATOR CONTROL UNIT,PAMALS,REC,,BANT,141.0
2026-09-18,3040263336,C611008-0101,ALTERNATOR CONTROL UNIT,PAMALS,REC,,BANT,141.0
2026-09-18,3040263286,C661065-0237,AIRSPEED INDICATOR,BANT,REC,,PAMA-LS,141.0
2026-09-18,3040263322,066-1055-00,AUDIO CONTROL PANEL,ALA 9,REC,EM REPARO,WILLIAM,141.0
2026-09-18,3040263326,069-01033-0101,"RECEIVER-TRANSMITTER,RADIO",PAMALS,REC,,BANT,141.0
2026-09-18,3040263315,060-0017-00,FLIGHT DIR HOR,BACG,OS concluída,,BABR,
2026-09-18,3040263334,011-00916-10,"DISPLAY UNIT,FLIGHT INFORMATION",BACO,REC,,WILLIAM,141.0
2026-09-18,3040263333,011-00916-10,"DISPLAY UNIT,FLIGHT INFORMATION",BACO,OS concluída,,BAMN,
2026-09-18,3040263332,011-00916-10,"DISPLAY UNIT,FLIGHT INFORMATION",BAMN,OS concluída,,,
2026-09-18,3040263331,C661064-0237,AIRSPEED INDICATOR,PAMALS,REC,,PAMA-LS,141.0
2026-09-18,3040263329,C661064-0237,AIRSPEED INDICATOR,PAMALS,REC,,PAMA-LS,141.0
2026-09-18,3040263328,C661064-0237,AIRSPEED INDICATOR,BABR,REC,EM REPARO,WILLIAM,141.0
2026-09-18,3040263327,C661064-0237,AIRSPEED INDICATOR,BABR,REC,EM REPARO,WILLIAM,141.0
2026-09-18,3040263330,C661064-0237,AIRSPEED INDICATOR,PAMALS,REC,,PAMA-LS,141.0
2026-09-18,3040263338,C611008-0101,ALTERNATOR CONTROL UNIT,PAMALS,REC,,V1 PAMA-LS,141.0
2026-09-18,3040263433,066-03064-0005,"ALTIMETER,SERVO CONTROLLED,AUTOMATIC PRESSURE",BACG,REC,,PAMA-LS,135.0
2026-09-18,3040263435,066-03064-0005,"ALTIMETER,SERVO CONTROLLED,AUTOMATIC PRESSURE",BANT,REC,,PAMA-LS,135.0
2026-09-18,3040263434,066-03064-0005,"ALTIMETER,SERVO CONTROLLED,AUTOMATIC PRESSURE",PAMASP,REC,,PAMA-LS,135.0
2026-09-18,3040263417,069-01033-0101,"RECEIVER-TRANSMITTER,RADIO",PAMALS,REC,EM REPARO,WILLIAM,135.0
2026-09-18,3040263416,069-01033-0101,"RECEIVER-TRANSMITTER,RADIO",BASM,REC,EM REPARO,WILLIAM,135.0
2026-09-18,3040263415,069-01033-0101,"RECEIVER-TRANSMITTER,RADIO",BABR,REC,,BANT,135.0
2026-09-18,3040263447,066-3046-07,"CONTROL,INDICATOR",CLA,OS concluída,,BABR,
2026-09-18,3040263443,3244897-4,FUEL CONTROL UNIT,PAMALS,REC,EM REPARO,LEAP,134.0
2026-09-18,3040263444,3244897-4,FUEL CONTROL UNIT,PAMALS,REC,EM REPARO,LEAP,134.0
2026-09-18,3040263577,060-0015-00,"CONTROL,DIRECTIONAL,AUTOMATIC PILOT",ALA 5,REC,,WILLIAM,129.0
2026-09-18,3040263574,066-1072-04,"RECEIVER,RADIO",BABE,REC,EM REPARO,WILLIAM,129.0
2026-09-18,3040263576,066-1072-04,"RECEIVER,RADIO",BAMN,OS concluída,,WILLIAM,
2026-09-18,3040263575,066-1072-04,"RECEIVER,RADIO",BABE,REC,EM REPARO,WILLIAM,129.0
2026-09-18,3040263573,066-3084-32,IND RDR 2000 IN-182A,PAMALS,REC,,BABR,129.0
2026-09-18,3040263571,066-3084-32,IND RDR 2000 IN-182A,PAMALS,REC,,BANT,129.0
2026-09-18,3040263572,066-3084-32,IND RDR 2000 IN-182A,PAMALS,REC,EM REPARO,WILLIAM,129.0
2026-09-18,3040263448,2618510-10,ALTERNATOR CONTROL UNIT ASSY,BABE,REC,EM REPARO,WILLIAM,129.0
2026-09-18,3040263449,2618510-10,ALTERNATOR CONTROL UNIT ASSY,PAMALS,REC,,BANT,129.0
2026-09-18,3040263877,2641011-5,AXLE-MAIN GEAR,CLA,REC,REPARADO,VEE ONE,119.0
2026-09-18,3040263878,2641011-5,AXLE-MAIN GEAR,CLA,REC,,BABE,119.0
2026-09-18,3040264243,069-01033-0101,"RECEIVER-TRANSMITTER,RADIO",PAMALS,REC,EM REPARO,WILLIAM,112.0
2026-09-18,3040264244,069-01033-0101,"RECEIVER-TRANSMITTER,RADIO",PAMASP,REC,EM REPARO,WILLIAM,112.0
2026-09-18,3040264246,060-0017-00,FLIGHT DIR HOR,PAMALS,REC,,BABR,112.0
2026-09-18,3040264237,200SGL119Q-2,STARTER GENERATOR,BAMN,REC,EM REPARO,AV AERONAUTICA,112.0
2026-09-18,3040264236,200SGL119Q-2,STARTER GENERATOR,BABE,OS concluída,,BABE,
2026-09-18,3040264121,3244897-4,FUEL CONTROL UNIT,BABE,OS concluída,EM REPARO,LEAP,
2026-09-18,3040264263,9910338-8,"INDICATOR,FUEL FLOW",PAMALS,OS concluída,,BABR,
2026-09-18,3040264262,9910338-8,"INDICATOR,FUEL FLOW",BABV,REC,,PAMA-LS,112.0
2026-09-18,3040264242,324843-2020,HEADSET-MICROPHONE,BABE,OS concluída,,BAMN,
2026-09-18,3040264264,324843-2020,HEADSET-MICROPHONE,DACTA II,OS concluída,,BAMN,
2026-09-18,3040264238,324843-2020,HEADSET-MICROPHONE,DACTA II,OS concluída,,,
2026-09-18,3040264241,324843-2020,HEADSET-MICROPHONE,DACTA II,OS concluída,,BAMN,
2026-09-18,3040264240,324843-2020,HEADSET-MICROPHONE,DACTA II,OS concluída,,BAMN,
2026-09-18,3040264122,3244809-8,"FUEL CONTROL,MAIN,TURBINE ENGINE",BABE,OS concluída,,BABR,
2026-09-18,3040263797,066-3046-07,"CONTROL,INDICATOR",BABE,REC,EM REPARO,WILLIAM,112.0
2026-09-18,3040263798,066-3046-07,"CONTROL,INDICATOR",PAMASP,OS concluída,,,
2026-09-18,3040263799,066-3046-07,"CONTROL,INDICATOR",PAMASP,REC,EM REPARO,WILLIAM,112.0
2026-09-18,3040263795,071-01519-0101,"RECEIVER-EXCITER,RADAR",PAMALS,REC,,BANT,112.0
2026-09-18,3040263796,071-01519-0101,"RECEIVER-EXCITER,RADAR",PAMALS,REC,EM REPARO,WILLIAM,112.0
2026-09-18,3040264579,060-0017-00,FLIGHT DIR HOR,BABR,OS concluída,,,
2026-09-18,3040264577,060-0017-00,FLIGHT DIR HOR,PAMALS,REC,,,100.0
2026-09-18,3040264573,060-0017-00,FLIGHT DIR HOR,BANT,REC,,,100.0
2026-09-18,3040264574,060-0017-00,FLIGHT DIR HOR,BANT,REC,,,100.0
2026-09-18,3040264576,060-0017-00,FLIGHT DIR HOR,PAMALS,REC,,,100.0
2026-09-18,3040264572,060-0017-00,FLIGHT DIR HOR,PAMASP,REC,,,100.0
2026-09-18,3040264647,1H75-21,PRESSURE REGULATOR,BAMN,REC,,,95.0
2026-09-18,3040264646,1H75-21,PRESSURE REGULATOR,PAMASP,REC,,,95.0
2026-09-18,3040264645,1H75-21,PRESSURE REGULATOR,PAMASP,REC,,,95.0
2026-09-18,3040264643,1H75-21,PRESSURE REGULATOR,PAMASP,OS concluída,,,
2026-09-18,3040264707,3244809-7,"FUEL CONTROL,MAIN,TURBINE ENGINE",BABE,OS concluída,,,
2026-09-18,3040264709,540-1407-4,"VALVE,BLEED,TURBINEENGINE",PAMASP,REC,,,95.0
2026-09-18,3040264710,200SGL153Q,"STARTER-GENERATOR,ENGINE,AIRCRAFT",CLA,OS concluída,,,
2026-09-18,3040264711,200SGL153Q,"STARTER-GENERATOR,ENGINE,AIRCRAFT",PAMASP,OS concluída,,,
2026-09-18,3040264712,200SGL153Q,"STARTER-GENERATOR,ENGINE,AIRCRAFT",BACG,REC,,,95.0
2026-09-18,3040264718,9910338-8,"INDICATOR,FUEL FLOW",PAMALS,REC,,,95.0
2026-09-18,3040264719,S3326-2,"INDICATOR,HORIZONTAL SITUATION",ALA 8,REC,,,95.0
2026-09-18,3040264720,S3326-2,"INDICATOR,HORIZONTAL SITUATION",PAMALS,REC,,,95.0
2026-09-18,3040264721,S3326-2,"INDICATOR,HORIZONTAL SITUATION",PAMASP,REC,,,95.0
2026-09-18,3040264724,2606013-1AM,INDICADOR PERCENTUAL RPM,BABV,REC,,,95.0
2026-09-18,3040264725,2606013-1AM,INDICADOR PERCENTUAL RPM,BABR,REC,,,95.0
2026-09-18,3040264726,2606015-4,INDICATOR-OIL TEMP/OIL PRESS,BANT,REC,,,95.0
2026-09-18,3040264727,C661051-0201,GYRO HORIZON,ALA 10,REC,,,95.0
2026-09-18,3040264728,504-0111-906,GYRO HORIZON,PAMALS,OS concluída,,,
2026-09-18,3040264729,504-0111-906,GYRO HORIZON,BACG,OS concluída,,,
2026-09-18,3040264730,8210-003,"GOVERNOR,FUEL CONTROL",PAMASP,REC,,,95.0
2026-09-18,3040264731,8210-002,"GOVERNOR,CONSTANT SPEED DRIVE",PAMASP,REC,,,95.0
2026-09-18,3040264732,8210-002,"GOVERNOR,CONSTANT SPEED DRIVE",BAMN,REC,,,95.0
2026-09-18,3040264733,030-18200,MAIN WHEEL BRAKE,BAMN,REC,,,95.0
2026-09-18,3040264734,030-18200,MAIN WHEEL BRAKE,BAMN,REC,,,95.0
2026-09-18,3040264735,161-11700,INNER WHEEL HALF ASSY,PAMALS,REC,,,95.0
2026-09-18,3040264736,161-12800,WHEEL HALF ASSY-INNER,BABR,REC,,,95.0
2026-09-18,3040264737,161-12800,WHEEL HALF ASSY-INNER,PAMALS,AUT,,,95.0
2026-09-18,3040264738,162-10700,OUTER WHEEL HALF ASSY,BACO,AUT,,,95.0
2026-09-18,3040264807,011-01105-01,INTEGRATED AVIONICS UNIT GIA63W,ALA 8,REC,,,87.0
2026-09-18,3040264808,011-01105-01,INTEGRATED AVIONICS UNIT GIA63W,BAMN,REC,,,87.0
2026-09-18,3040264907,011-00916-10,"DISPLAY UNIT,FLIGHT INFORMATION",BAMN,REC,,,80.0
2026-09-18,3040264908,011-00916-10,"DISPLAY UNIT,FLIGHT INFORMATION",BABV,OS concluída,,,
2026-09-18,3040264974,3244809-8,"FUEL CONTROL,MAIN,TURBINE ENGINE",BAMN,REC,,,78.0
2026-09-18,3040264961,3244897-4,FUEL CONTROL UNIT,CLA,OS concluída,,,
2026-09-18,3040264960,3034792,BOMBA DE COMBUSTÍVEL,CLA,OS concluída,,,
2026-09-18,3040265144,011-01020-10,AFCS MODE CONTROLLER GMC 710,BABE,REC,,,72.0
2026-09-18,3040265140,011-01020-10,AFCS MODE CONTROLLER GMC 710,BABE,REC,,,72.0
2026-09-18,3040265482,066-3084-32,IND RDR 2000 IN-182A,BABR,REC,,,57.0
2026-09-18,3040265484,066-3084-32,IND RDR 2000 IN-182A,BANT,REC,,,57.0
2026-09-18,3040265485,066-3084-32,IND RDR 2000 IN-182A,BABR,REC,,,57.0
2026-09-18,3040265526,ASG12000-2,ALTERNATOR,PAMALS,REC,,,53.0
2026-09-18,3040265525,ASG12000-2,ALTERNATOR,BABR,REC,,,53.0
2026-09-18,3040265527,9910592-2,ALTERNADOR,BABR,REC,,,53.0
2026-09-18,3040265533,3122678-04,FUEL CONTROL UNIT,BABR,REC,,,53.0
2026-09-18,3040265532,C611505-0201,ALTERNATOR,BANT,REC,,,53.0
2026-09-18,3040265530,C611505-0201,ALTERNATOR,BABV,REC,,,53.0
2026-09-18,3040265528,9910592-2,ALTERNADOR,BABR,REC,,,53.0
2026-09-18,3040265724,3244897-4,FUEL CONTROL UNIT,CLA,REC,,,52.0
2026-09-18,3040265474,C611008-0101,ALTERNATOR CONTROL UNIT,PAMALS,REC,,,50.0
2026-09-18,3040265475,C611008-0101,ALTERNATOR CONTROL UNIT,BABV,REC,,,50.0
2026-09-18,3040265476,C611008-0101,ALTERNATOR CONTROL UNIT,PAMALS,REC,,,50.0
2026-09-18,3040265477,C611008-0101,ALTERNATOR CONTROL UNIT,PAMALS,REC,,,50.0
2026-09-18,3040265576,011-00916-10,"DISPLAY UNIT,FLIGHT INFORMATION",BAMN,REC,,,49.0
2026-09-18,3040265580,011-00916-00,DISPLAY UNIT GDU 1040A,PAMALS,REC,,,53.0
2026-09-18,3040265581,011-00916-00,DISPLAY UNIT GDU 1040A,PAMALS,REC,,,53.0
2026-09-18,3040265589,EA-5175-52-CES,INDICATOR TRUE,BABV,REC,,,53.0
2026-09-18,3040265590,EA-5175-52-CES,INDICATOR TRUE,BASM,REC,,,53.0
2026-09-18,3040265591,EA-5175-52-CES,INDICATOR TRUE,BABV,REC,,,53.0
2026-09-18,3040265592,EA-5175-52-CES,INDICATOR TRUE,BABV,REC,,,53.0
2026-09-18,3040265668,9910592-2,ALTERNADOR,PAMALS,OS concluída,,,
2026-09-18,3040265678,9910592-2,ALTERNADOR,BAMN,REC,,,53.0
2026-09-18,3040265679,C611505-0201,ALTERNATOR,PAMALS,REC,,,53.0
2026-09-18,3040265680,C611505-0201,ALTERNATOR,ALA 8,REC,,,53.0
2026-09-18,3040265726,071-01519-0101,"RECEIVER-EXCITER,RADAR",PAMALS,REC,,,52.0
2026-09-18,3040265727,071-01519-0101,"RECEIVER-EXCITER,RADAR",CLA,REC,,,52.0
2026-09-18,3040265728,C163030-1001,MAIN W BRAKE A,BAMN,REC,,,52.0
2026-09-18,3040265731,066-3046-07,"CONTROL,INDICATOR",BABR,REC,,,52.0
2026-09-18,3040265732,066-3046-07,"CONTROL,INDICATOR",BANT,REC,,,52.0
2026-09-18,3040265734,066-3046-07,"CONTROL,INDICATOR",EEAR,REC,,,52.0
2026-09-18,3040265735,066-3046-07,"CONTROL,INDICATOR",CLA,REC,,,52.0
2026-09-18,3040265736,C611008-0101,ALTERNATOR CONTROL UNIT,BABV,REC,,,52.0
2026-09-18,3040265737,C611008-0101,ALTERNATOR CONTROL UNIT,EEAR,REC,,,52.0
2026-09-18,3040265738,C611008-0101,ALTERNATOR CONTROL UNIT,PAMALS,REC,,,52.0
2026-09-18,3040265739,C611008-0101,ALTERNATOR CONTROL UNIT,BANT,REC,,,52.0
2026-09-18,3040265740,C611008-0101,ALTERNATOR CONTROL UNIT,BABE,REC,,,52.0
2026-09-18,3040265741,C611008-0101,ALTERNATOR CONTROL UNIT,BABR,REC,,,52.0
2026-09-18,3040265742,066-1072-04,"RECEIVER,RADIO",BACG,REC,,,52.0
2026-09-18,3040265743,066-1072-04,"RECEIVER,RADIO",BAMN,REC,,,52.0
2026-09-18,3040265744,066-1072-04,"RECEIVER,RADIO",PAMALS,REC,,,52.0
2026-09-18,3040265745,066-3084-32,IND RDR 2000 IN-182A,PAMALS,REC,,,52.0
2026-09-18,3040265746,066-3084-32,IND RDR 2000 IN-182A,PAMALS,REC,,,52.0
2026-09-18,3040265747,30994-001,BATTERY-MARATHON TSP410 NICAD,PAMALS,AUT,,,52.0
2026-09-18,3040265748,30994-001,BATTERY-MARATHON TSP410 NICAD,PAMALS,AUT,,,52.0
2026-09-18,3040265749,30994-001,BATTERY-MARATHON TSP410 NICAD,PAMALS,AUT,,,52.0
2026-09-18,3040265750,30994-001,BATTERY-MARATHON TSP410 NICAD,PAMALS,AUT,,,52.0
2026-09-18,3040265751,30994-001,BATTERY-MARATHON TSP410 NICAD,PAMALS,AUT,,,52.0
2026-09-18,3040265752,2641011-5,AXLE-MAIN GEAR,BAMN,REC,,,52.0
2026-09-18,3040265753,2641011-5,AXLE-MAIN GEAR,BAMN,REC,,,52.0
2026-09-18,3040265754,161-11700,INNER WHEEL HALF ASSY,BACO,AUT,,,52.0
2026-09-18,3040265755,161-12800,WHEEL HALF ASSY-INNER,BABE,REC,,,52.0
2026-09-18,3040265757,066-01141-0101,"RECEIVER,RADIO",PAMALS,REC,,,52.0
2026-09-18,3040265758,066-01141-0101,"RECEIVER,RADIO",PAMALS,REC,,,52.0
2026-09-18,3040265759,C660501-0103,"COMPASS,SPEC",DACTA II,REC,,,52.0
2026-09-18,3040265769,023694-000,BATTERY NICKEL CADMIUM,BAPV,REC,,,51.0
2026-09-18,3040265771,2651023-23,ENGINE MOUNT ASSEMBLY,PAMALS,REC,,,51.0
2026-09-18,3040265772,2651023-23,ENGINE MOUNT ASSEMBLY,PAMALS,REC,,,51.0
2026-09-18,3040265892,324843-0020,HEADSET-MICROPHONE,PAMALS,REC,,,46.0
2026-09-18,3040265893,324843-0020,HEADSET-MICROPHONE,PAMALS,OS concluída,,,
2026-09-18,3040265894,324843-0020,HEADSET-MICROPHONE,PAMALS,REC,,,46.0
2026-09-18,3040265895,324843-0020,HEADSET-MICROPHONE,PAMALS,REC,,,46.0
2026-09-18,3040265946,011-00870-00,MAGNETOMETER GMU 44,BAMN,REC,,,43.0
2026-09-18,3040265947,011-00870-00,MAGNETOMETER GMU 44,BAMN,REC,,,43.0
2026-09-18,3040266034,C662041-0102,INDICATOR FUEL,BABE,REC,,,39.0
2026-09-18,3040266040,C662041-0102,INDICATOR FUEL,PAMALS,REC,,,39.0
2026-09-18,3040266036,C662041-0102,INDICATOR FUEL,PAMALS,REC,,,39.0
2026-09-18,3040266035,C662041-0102,INDICATOR FUEL,PAMALS,REC,,,31.0
2026-09-18,3040266039,C662041-0102,INDICATOR FUEL,BANT,REC,,,31.0
2026-09-18,3040266041,C662041-0102,INDICATOR FUEL,PAMALS,REC,,,31.0
2026-09-18,3040266307,069-01033-0101,"RECEIVER-TRANSMITTER,RADIO",PAMALS,REC,,,29.0
2026-09-18,3040266308,069-01033-0101,"RECEIVER-TRANSMITTER,RADIO",BANT,REC,,,29.0
2026-09-18,3040266306,069-01033-0101,"RECEIVER-TRANSMITTER,RADIO",BACG,REC,,,29.0
2026-09-18,3040266307,069-01033-0101,"RECEIVER-TRANSMITTER,RADIO",PAMALS,REC,,,29.0
2026-09-18,3040266308,069-01033-0101,"RECEIVER-TRANSMITTER,RADIO",BANT,REC,,,29.0
2026-09-18,3040266568,C662504-0101,GAGE VOLT AMME,PAMALS,REC,,,18.0
2026-09-18,3040266567,C662504-0101,GAGE VOLT AMME,ALA 9,REC,,,18.0
2026-09-18,3040266566,C662504-0101,GAGE VOLT AMME,PAMALS,REC,,,18.0
2026-09-18,3040266569,C662504-0101,GAGE VOLT AMME,BABV,REC,,,18.0
2026-09-21,3040249831,066-01141-5101,"RECEIVER-TRANSMITTER,RADIO (KT71)",PAMALS,REC,EM REPARO,LEAP,588.0
2026-09-21,3040250248,452-0133,"BATTERY,NONRECHARGEABLE",BABR,REC,CONDENADO,VEE ONE,572.0
2026-09-21,3040250249,452-0133,"BATTERY,NONRECHARGEABLE",BAMN,REC,CONDENADO,VEE ONE,572.0
2026-09-21,3040250234,3034792,BOMBA DE COMBUSTÍVEL,PAMALS,REC,,BANT,572.0
2026-09-21,3040250816,453-5060,"BEACON,DISTRESS",BAMN,REC,,PAMA-LS,550.0
2026-09-21,3040250830,799-1,TRANSDUCER,BACO,REC,,BANT,550.0
2026-09-21,3040250829,51539-012N,CONTROL UNIT ASSY-GENERATOR,BAMN,OS concluída,,,
2026-09-21,3040250828,51539-012N,CONTROL UNIT ASSY-GENERATOR,BACG,REC,,BABR,550.0
2026-09-21,3040250827,51539-012N,CONTROL UNIT ASSY-GENERATOR,BANT,REC,,BABR,550.0
2026-09-21,3040250831,799-1,TRANSDUCER,BANT,REC,,BANT,550.0
2026-09-21,3040250833,9910586-4,FLAP ACTUATOR AND MOTOR ASSEMBLY,ALA 3,REC,,BAMN,550.0
2026-09-21,3040250834,9910586-4,FLAP ACTUATOR AND MOTOR ASSEMBLY,ALA 3,OS concluída,,,
2026-09-21,3040250832,9910338-4,FUEL TOTALIZER INDICATOR,EEAR,REC,,PAMA-LS,550.0
2026-09-21,3040250835,ASG12000-2,ALTERNATOR,ALA 5,REC,REPARADO,V1 PAMA-LS,550.0
2026-09-21,3040250841,C661030-0301,TURN BANK,PAMALS,REC,EM REPARO,LEAP,550.0
2026-09-21,3040250842,C662041-0102,INDICATOR FUEL,ALA 5,REC,,PAMA-LS,550.0
2026-09-21,3040250844,C662041-0102,INDICATOR FUEL,ALA 9,REC,,PAMA-LS,550.0
2026-09-21,3040250843,C662041-0102,INDICATOR FUEL,ALA 10,OS concluída,,,
2026-09-21,3040250719,060-0017-00,FLIGHT DIR HOR,PAMALS,REC,,BANT,550.0
2026-09-21,3040250720,060-0017-00,FLIGHT DIR HOR,BABV,OS concluída,,,
2026-09-21,3040250722,066-01141-5101,"RECEIVER-TRANSMITTER,RADIO (KT71)",ALA 9,REC,EM REPARO,WILLIAM,550.0
2026-09-21,3040250723,066-01141-5101,"RECEIVER-TRANSMITTER,RADIO (KT71)",CLA,REC,,BABR,550.0
2026-09-21,3040250721,060-0017-00,FLIGHT DIR HOR,BANT,OS concluída,,,
2026-09-21,3040250725,066-3046-07,"CONTROL,INDICATOR",ALA 10,OS concluída,,,
2026-09-21,3040250724,066-04035-1101,"DISPLAY UNIT,RADAR",PAMALS,REC,,BANT,550.0
2026-09-21,3040250732,069-1025-25,"RECEIVER-TRANSMITTER,RADIO - KX165",PAMALS,REC,EM REPARO,WILLIAM,550.0
2026-09-21,3040250782,2606012-1,INDICATOR-INTER-TURBINE TEMPERATURE,ALA 9,OS concluída,,,
2026-09-21,3040250775,161-11700,INNER WHEEL HALF ASSY,BABE,OS concluída,,,
2026-09-21,3040250773,161-11700,INNER WHEEL HALF ASSY,EEAR,REC,,BACG,550.0
2026-09-21,3040250718,030-18200,MAIN WHEEL BRAKE,BACO,OS concluída,,,
2026-09-21,3040250716,030-18200,MAIN WHEEL BRAKE,BABV,REC,EM REPARO,LEAP,550.0
2026-09-21,3040250717,030-18200,MAIN WHEEL BRAKE,BACO,OS concluída,,,
2026-09-21,3040250780,162-11800,WHEEL HALF ASSY-OUTER,PAMALS,OS concluída,,,
2026-09-21,3040250781,162-11800,WHEEL HALF ASSY-OUTER,BACG,OS concluída,,,
2026-09-21,3040250778,161-12800,WHEEL HALF ASSY-INNER,BACG,OS concluída,,,
2026-09-21,3040250776,161-12800,WHEEL HALF ASSY-INNER,BABE,OS concluída,,,
2026-09-21,3040250790,2643031-7,"FORK ASSY,NOSE GEAR SPRING",BAMN,OS concluída,,,
2026-09-21,3040250791,2643090-1,SHIMMY DAMPENE,BANT,REC,EM REPARO,AV AERONAUTICA,550.0
2026-09-21,3040250792,2643090-1,SHIMMY DAMPENE,BAMN,REC,REPARADO,V1 PAMA-LS,550.0
2026-09-21,3040250789,2641012-14,TRUNNION ASSY-RH-MAIN GEAR,PAMASP,OS concluída,,,
2026-09-21,3040250793,2643099-4,"SUPPORT ASSY FOWARD, NLG SPRING",BAMN,OS concluída,,,
2026-09-21,3040250798,30994-001,BATTERY-MARATHON TSP410 NICAD,BANT,OS concluída,CONDENADO,AMA - VEE ONE,
2026-09-21,3040252191,C611008-0101,ALTERNATOR CONTROL UNIT,PAMALS,REC,,BABR,517.0
2026-09-21,3040252159,011-00916-00,DISPLAY UNIT GDU 1040A,BAMN,REC,,BAMN,517.0
2026-09-21,3040252161,065-0042-03,COMPUTER PA,ALA 10,REC,EM REPARO,WILLIAM,517.0
2026-09-21,3040252162,065-0042-03,COMPUTER PA,EEAR,REC,,BABE,517.0
2026-09-21,3040252164,065-0042-03,COMPUTER PA,EEAR,REC,EM REPARO,WILLIAM,517.0
2026-09-21,3040252165,065-0042-03,COMPUTER PA,PAMALS,OS concluída,,,
2026-09-21,3040252166,065-0059-01,SERVO PITCH,EEAR,REC,EM REPARO,WILLIAM,517.0
2026-09-21,3040252168,066-03064-0005,"ALTIMETER,SERVO CONTROLLED,AUTOMATIC PRESSURE",ALA 9,OS concluída,,,
2026-09-21,3040252173,066-03064-0005,"ALTIMETER,SERVO CONTROLLED,AUTOMATIC PRESSURE",BANT,REC,EM REPARO,LEAP,517.0
2026-09-21,3040252172,066-03064-0005,"ALTIMETER,SERVO CONTROLLED,AUTOMATIC PRESSURE",PAMALS,REC,NO ESTADO,VEE ONE,517.0
2026-09-21,3040252170,066-03064-0005,"ALTIMETER,SERVO CONTROLLED,AUTOMATIC PRESSURE",ALA 7,REC,NO ESTADO,VEE ONE,517.0
2026-09-21,3040252178,066-1072-00,RECEIVER ADF (KING KR87),PAMALS,OS concluída,,,
2026-09-21,3040252182,066-1072-04,"RECEIVER,RADIO",ALA 9,OS concluída,,,
2026-09-21,3040252181,066-1072-04,"RECEIVER,RADIO",PAMASP,REC,EM REPARO,WILLIAM,517.0
2026-09-21,3040252180,066-1072-04,"RECEIVER,RADIO",ALA 8,OS concluída,,,
2026-09-21,3040252185,066-1072-04,"RECEIVER,RADIO",BAMN,OS concluída,,,
2026-09-21,3040252189,9910338-6,"TRANSMITTER,RATE OF FLOW",ALA 8,OS concluída,,,
2026-09-21,3040252190,9910338-6,"TRANSMITTER,RATE OF FLOW",BABR,OS concluída,,,
2026-09-21,3040252160,011-01020-10,AFCS MODE CONTROLLER GMC 710,BAMN,OS concluída,,,
2026-09-21,3040252939,C163030-1001,MAIN W BRAKE A,BABV,REC,,BAMN,487.0
2026-09-21,3040252936,030-18200,MAIN WHEEL BRAKE,BACO,REC,,PAMA-LS,487.0
2026-09-21,3040252935,030-18200,MAIN WHEEL BRAKE,BAMN,OS concluída,,,
2026-09-21,3040252940,30-182,MAIN WHEEL BRAKE,BABV,OS concluída,,,
2026-09-21,3040252942,30-182,MAIN WHEEL BRAKE,BAMN,OS concluída,,,
2026-09-21,3040252943,30-182,MAIN WHEEL BRAKE,BAMN,OS concluída,,,
2026-09-21,3040253170,161-12800,WHEEL HALF ASSY-INNER,BASM,OS concluída,,,
2026-09-21,3040253168,161-12800,WHEEL HALF ASSY-INNER,BASM,REC,,PAMA-LS,483.0
2026-09-21,3040253172,161-12800,WHEEL HALF ASSY-INNER,PAMALS,REC,,PAMA-LS,483.0
2026-09-21,3040253174,161-12800,WHEEL HALF ASSY-INNER,PAMALS,OS concluída,,,
2026-09-21,3040253173,161-12800,WHEEL HALF ASSY-INNER,PAMALS,REC,EM REPARO,LEAP,483.0
2026-09-21,3040253176,162-10700,OUTER WHEEL HALF ASSY,BABE,OS concluída,,,
2026-09-21,3040253177,162-10700,OUTER WHEEL HALF ASSY,BABV,REC,,PAMA-LS,483.0
2026-09-21,3040253178,162-10700,OUTER WHEEL HALF ASSY,PAMALS,REC,,PROCURANDO,483.0
2026-09-21,3040253179,162-11800,WHEEL HALF ASSY-OUTER,CLA,OS concluída,,,
2026-09-21,3040253181,162-11800,WHEEL HALF ASSY-OUTER,PAMALS,OS concluída,,,
2026-09-21,3040253180,162-11800,WHEEL HALF ASSY-OUTER,BASM,REC,,PROCURANDO,483.0
2026-09-21,3040253182,162-11800,WHEEL HALF ASSY-OUTER,PAMALS,REC,,PAMA-LS,483.0
2026-09-21,3040253536,2641012-14,TRUNNION ASSY-RH-MAIN GEAR,PAMALS,OS concluída,,,
2026-09-21,3040253529,066-03064-0005,"ALTIMETER,SERVO CONTROLLED,AUTOMATIC PRESSURE",DSM-MN,REC,DEVOLVIDO NO ESTADO,WILLIAM,473.0
2026-09-21,3040253528,066-03064-0005,"ALTIMETER,SERVO CONTROLLED,AUTOMATIC PRESSURE",BANT,OS concluída,,,
2026-09-21,3040253532,799-1,TRANSDUCER,PAMALS,REC,,BANT,473.0
2026-09-21,3040253535,2643099-4,"SUPPORT ASSY FOWARD, NLG SPRING",BABE,REC,CONDENADO,VEE ONE,473.0
2026-09-21,3040253531,799-1,TRANSDUCER,BAMN,REC,,VEE ONE,473.0
2026-09-21,3040253530,799-1,TRANSDUCER,BAMN,REC,,BANT,473.0
2026-09-21,3040253526,30994-001,BATTERY-MARATHON TSP410 NICAD,PAMALS,OS concluída,,PAMA-LS,
2026-09-21,3040253527,30994-001,BATTERY-MARATHON TSP410 NICAD,BAPV,OS concluída,,PAMA-LS,
2026-09-21,3040254195,540-1407-4,"VALVE,BLEED,TURBINEENGINE",PAMALS,REC,,BANT,455.0
2026-09-21,3040254201,2643090-3,SHIMMY DAMPER-NOSE GEAR,PAMALS,REC,,PAMA-LS,455.0
2026-09-21,3040254203,SE1070-6,SHIMMY DAMPENER ASSY,BACGINAT,OS concluída,,,
2026-09-21,3040254205,C660501-0103,"COMPASS,SPEC",PAMALS,REC,,PAMA-LS,455.0
2026-09-21,3040254206,C660501-0103,"COMPASS,SPEC",ALA 8,REC,EM REPARO EM GARANTIA,WILLIAM,455.0
2026-09-21,3040254208,C660501-0103,"COMPASS,SPEC",BABV,REC,,PAMA-LS,455.0
2026-09-21,3040254210,799-1,TRANSDUCER,BANT,REC,,BANT,455.0
2026-09-21,3040254792,2606013-1RX,INDICATOR-PERCENT RPM,BABR,REC,,BANT,446.0
2026-09-21,3040254770,069-1025-25,"RECEIVER-TRANSMITTER,RADIO - KX165",ALA 9,REC,EM REPARO,WILLIAM,446.0
2026-09-21,3040254799,453-5000-710,EMERGENCY LOCATOR TRANSMITTER MODEL C406-2,PAMASP,OS concluída,,,
2026-09-21,3040254806,C352TS,"EXTINGUISHER,FIRE",PAMALS,REC,,PAMA-LS,446.0
2026-09-21,3040254805,C352TS,"EXTINGUISHER,FIRE",PAMALS,OS concluída,,,
2026-09-21,3040254810,C352TS,"EXTINGUISHER,FIRE",PAMALS,OS concluída,,,
2026-09-21,3040254809,C352TS,"EXTINGUISHER,FIRE",PAMAGL,OS concluída,,,
2026-09-21,3040254803,C352TS,"EXTINGUISHER,FIRE",2 ETA,REC,,PAMA-LS,446.0
2026-09-21,3040254808,C352TS,"EXTINGUISHER,FIRE",BABR,REC,,PAMA-LS,446.0
2026-09-21,3040254795,D145-00-46-2,FLAP ACTUATOR ASSY,BABE,REC,,PAMA-LS,446.0
2026-09-21,3040254793,D145-00-46-2,FLAP ACTUATOR ASSY,PAMALS,REC,,PAMA-LS,446.0
2026-09-21,3040254815,C482001-0402,VACUUM REGULAT,PAMALS,REC,CONDENADO,VEE ONE,446.0
2026-09-21,3040254816,C482001-0402,VACUUM REGULAT,PAMALS,REC,CONDENADO,VEE ONE,446.0
2026-09-21,3040254820,2641011-5,AXLE-MAIN GEAR,BAMN,OS concluída,,,
2026-09-21,3040254817,2641011-5,AXLE-MAIN GEAR,BABE,OS concluída,,,
2026-09-21,3040254818,2641011-5,AXLE-MAIN GEAR,BABE,OS concluída,,,
2026-09-21,3040254819,2641011-5,AXLE-MAIN GEAR,BANT,OS concluída,,,
2026-09-21,3040254796,30994-001,BATTERY-MARATHON TSP410 NICAD,BAMN,OS concluída,,,
2026-09-21,3040254789,452-0133,"BATTERY,NONRECHARGEABLE",BAMN,REC,CONDENADO,VEE ONE,446.0
2026-09-21,3040254788,452-0133,"BATTERY,NONRECHARGEABLE",BAMN,REC,CONDENADO,VEE ONE,446.0
2026-09-21,3040254787,452-0133,"BATTERY PACK,AIRCRAFT",DACTA II,REC,CONDENADO,VEE ONE,446.0
2026-09-21,3040254786,452-0133,"BATTERY PACK,AIRCRAFT",BAMN,REC,CONDENADO,VEE ONE,446.0
2026-09-21,3040254785,452-0133,"BATTERY,NONRECHARGEABLE",BAMN,REC,CONDENADO,VEE ONE,446.0
2026-09-21,3040254784,452-0133,"BATTERY,NONRECHARGEABLE",DACTA II,REC,CONDENADO,VEE ONE,446.0
2026-09-21,3040255326,011-00916-00,DISPLAY UNIT GDU 1040A,BAMN,REC,,BAMN,437.0
2026-09-21,3040255319,702801-5,FUEL PUMP,PAMASP,REC,EM REPARO,VEE ONE,437.0
2026-09-21,3040255321,8210-002,"GOVERNOR,CONSTANT SPEED DRIVE",PAMALS,OS concluída,,,
2026-09-21,3040255461,DAAS-A-010-1,ADAS-D PROCESSOR,PAMALS,REC,EM REPARO,VEE ONE,433.0
2026-09-21,3040255589,071-01519-0101,"RECEIVER-EXCITER,RADAR",BANT,REC,,PROCURANDO,431.0
2026-09-21,3040255590,071-01519-0101,"RECEIVER-EXCITER,RADAR",PAMALS,OS concluída,,,
2026-09-21,3040255706,C661064-0237,AIRSPEED INDICATOR,BAMN,OS concluída,,,
2026-09-21,3040256114,5934PAD-3,"ALTIMETER,PRESSURE",PAMALS,REC,EM REPARO,VEE ONE,417.0
2026-09-21,3040256119,011-00878-10,GSA-81 TORQUE SERVO,BAPV,REC,EM REPARO,LEAP,417.0
2026-09-21,3040256112,011-00883-20,RADAR GWX 68 WEATHER,BABE,REC,,BAMN,417.0
2026-09-21,3040256115,5934PAD-3,"ALTIMETER,PRESSURE",PAMALS,OS concluída,,,
2026-09-21,3040256118,011-00878-10,GSA-81 TORQUE SERVO,BAPV,REC,,BACO,417.0
2026-09-21,3040256120,011-00916-10,"DISPLAY UNIT,FLIGHT INFORMATION",BAMN,OS concluída,,,
2026-09-21,3040256314,066-4010-12,RECEIVER VOR/LOC (KNS81),EEAR,REC,EM REPARO,LEAP,404.0
2026-09-21,3040256311,3121248-03,"VALVE ASSEMBLY,COMPRESSOR BLEED",PAMALS,OS concluída,,,
2026-09-21,3040256704,C661064-0237,AIRSPEED INDICATOR,PAMALS,OS concluída,,,
2026-09-21,3040256707,D210507,"GOVERNOR,OVERSPEED",PAMALS,OS concluída,,,
2026-09-21,3040256708,D210507,"GOVERNOR,OVERSPEED",PAMALS,REC,REPARADO,VEE ONE,395.0
2026-09-21,3040256702,C661064-0237,AIRSPEED INDICATOR,BABR,OS concluída,,,
2026-09-21,3040256703,C661064-0237,AIRSPEED INDICATOR,PAMALS,OS concluída,,,
2026-09-21,3040256662,030-18200,MAIN WHEEL BRAKE,BASM,OS concluída,,,
2026-09-21,3040256665,161-11700,INNER WHEEL HALF ASSY,BABV,OS concluída,,,
2026-09-21,3040256666,161-11700,INNER WHEEL HALF ASSY,PAMALS,OS concluída,,,
2026-09-21,3040256667,161-11700,INNER WHEEL HALF ASSY,PAMALS,OS concluída,,,
2026-09-21,3040256668,161-11700,INNER WHEEL HALF ASSY,PAMALS,OS concluída,,,
2026-09-21,3040256669,161-11700,INNER WHEEL HALF ASSY,PAMALS,OS concluída,,,
2026-09-21,3040256670,161-11700,INNER WHEEL HALF ASSY,PAMALS,OS concluída,,,
2026-09-21,3040256671,161-11700,INNER WHEEL HALF ASSY,PAMALS,REC,,PAMA-LS,395.0
2026-09-21,3040256698,030-18200,MAIN WHEEL BRAKE,PAMASP,REC,,BABE,395.0
2026-09-21,3040256713,030-18200,MAIN WHEEL BRAKE,ALA 3,REC,,BAMN,395.0
2026-09-21,3040256694,162-11800,WHEEL HALF ASSY-OUTER,BANT,OS concluída,,,
2026-09-21,3040256696,162-11800,WHEEL HALF ASSY-OUTER,PAMALS,REC,,PAMA-LS,395.0
2026-09-21,3040256672,161-12800,WHEEL HALF ASSY-INNER,PAMALS,OS concluída,,PAMA-LS,
2026-09-21,3040256675,161-12800,WHEEL HALF ASSY-INNER,BANT,OS concluída,,,
2026-09-21,3040256792,011-00877-00,"GSA-80 SERVO ROL,YAW,SPEC",BAMN,REC,,PROCURANDO,395.0
2026-09-21,3040256787,011-00877-00,"GSA-80 SERVO ROL,YAW,SPEC",PAMALS,REC,EM REPARO,VEE ONE,395.0
2026-09-21,3040256828,011-00883-20,RADAR GWX 68 WEATHER,PAMALS,REC,,PAMA-LS,395.0
2026-09-21,3040256709,3121248-03,"VALVE ASSEMBLY,COMPRESSOR BLEED",PAMASP,REC,,BANT,392.0
2026-09-21,3040256673,161-12800,WHEEL HALF ASSY-INNER,PAMALS,REC,CONDENADO,VEE ONE,392.0
2026-09-21,3040257095,011-01105-01,INTEGRATED AVIONICS UNIT GIA63W,BABE,REC,EM REPARO,VEE ONE,388.0
2026-09-21,3040257096,011-01105-01,INTEGRATED AVIONICS UNIT GIA63W,BABE,REC,,BAMN,388.0
2026-09-21,3040257093,065-00183-0501,AUTOPILOT COMPUTER KFC225,BABE,REC,,BANT,388.0
2026-09-21,3040257094,065-00183-0501,AUTOPILOT COMPUTER KFC225,BABE,REC,,BANT,388.0
2026-09-21,3040257443,161-12800,WHEEL HALF ASSY-INNER,ALA 3,AUT,,,376.0
2026-09-21,3040257442,C163030-1001,MAIN W BRAKE A,BAMN,OS concluída,,BAMN,
2026-09-21,3040257452,3244809-8,"FUEL CONTROL,MAIN,TURBINE ENGINE",BAPV,OS concluída,,,
2026-09-21,3040257454,EA-5172-45-CES,"INDICATOR,AIRSPEED",BACG,OS concluída,,,
2026-09-21,3040257453,EA-5172-45-CES,"INDICATOR,AIRSPEED",ALA 7,REC,DEVOLVIDO NO ESTADO,WILLIAM,369.0
2026-09-21,3040257451,3244809-7,"FUEL CONTROL,MAIN,TURBINE ENGINE",PAMASP,REC,,BANT,369.0
2026-09-21,3040257450,3244809-4,"FUEL CONTROL,MAIN,TURBINE ENGINE",PAMASP,OS concluída,EM REPARO,LEAP,
2026-09-21,3040257438,030-18200,MAIN WHEEL BRAKE,BAMN,REC,REPARADO,VEE ONE,369.0
2026-09-21,3040257444,162-10700,OUTER WHEEL HALF ASSY,PAMALS,OS concluída,,,
2026-09-21,3040257447,162-10700,OUTER WHEEL HALF ASSY,PAMALS,OS concluída,,,
2026-09-21,3040257436,30994-001,BATTERY-MARATHON TSP410 NICAD,PAMALS,OS concluída,,PAMA-LS,
2026-09-21,3040257441,030-18200,MAIN WHEEL BRAKE,BAPV,REC,,BAMN,369.0
2026-09-21,3040257440,030-18200,MAIN WHEEL BRAKE,BANT,REC,CONDENADO,VEE ONE,369.0
2026-09-21,3040257439,030-18200,MAIN WHEEL BRAKE,BAMN,REC,,BAMN,369.0
2026-09-21,3040258306,D210507,"GOVERNOR,OVERSPEED",PAMALS,REC,EM REPARO,LEAP,349.0
2026-09-21,3040258310,D210507,"GOVERNOR,OVERSPEED",BACO,OS concluída,,,
2026-09-21,3040258309,D210507,"GOVERNOR,OVERSPEED",BAMN,REC,EM REPARO,LEAP,349.0
2026-09-21,3040258308,D210507,"GOVERNOR,OVERSPEED",BAMN,OS concluída,,,
2026-09-21,3040258307,D210507,"GOVERNOR,OVERSPEED",ALA 5,OS concluída,,,
2026-09-21,3040258303,011-00877-00,"GSA-80 SERVO ROL,YAW,SPEC",DACTA II,REC,EM REPARO,VEE ONE,349.0
2026-09-21,3040258422,2601188-8,COMPRESSOR DRIVE ASSY R134A,PAMASP,REC,,PROCURANDO,347.0
2026-09-21,3040258419,011-00877-00,"GSA-80 SERVO ROL,YAW,SPEC",DACTA II,REC,EM REPARO,VEE ONE,347.0
2026-09-21,3040258420,011-00877-00,"GSA-80 SERVO ROL,YAW,SPEC",BACO,REC,EM REPARO,VEE ONE,347.0
2026-09-21,3040258421,011-00877-00,"GSA-80 SERVO ROL,YAW,SPEC",BABE,REC,,BACO,347.0
2026-09-21,3040258764,069-01034-0102,"NAVIGATION SET,SATELLITE SIGNALS KLN-94",PAMALS,REC,,BANT,340.0
2026-09-21,3040259152,066-01141-5101,"TRANSPONDER,RADAR",BABE,REC,,BANT,321.0
2026-09-21,3040259151,066-01141-5101,"TRANSPONDER,RADAR",BANT,REC,,BANT,321.0
2026-09-21,3040259251,064-1019-05,VHF TRANSCEIVE KY196,EEAR,REC,,EEAR,319.0
2026-09-21,3040259146,1U149-015-15,HORIZ. GYRO-STADBY,PAMALS,REC,EM REPARO,VEE ONE,318.0
2026-09-21,3040259147,162-10700,OUTER WHEEL HALF ASSY,BANT,REC,EM REPARO,AMA - VEE ONE,318.0
2026-09-21,3040259148,3049038-03,"VALVE,COMPRESSOR BLEED",BANT,OS concluída,,,
2026-09-21,3040259316,2606015-4,INDICATOR-OIL TEMP/OIL PRESS,BACG,REC,,PAMA-LS,315.0
2026-09-21,3040259564,C414007-0102,BLOWER ASSY,PAMALS,OS concluída,,,
2026-09-21,3040259568,C414007-0102,BLOWER ASSY,ALA 10,OS concluída,,,
2026-09-21,3040259570,C414007-0102,BLOWER ASSY,ALA 10,OS concluída,,,
2026-09-21,3040259694,025323-150,FUEL PUMP,PAMASP,REC,,BACO,307.0
2026-09-21,3040259922,C414007-0102,BLOWER ASSY,BANT,REC,,PAMA-LS,300.0
2026-09-21,3040259928,C414007-0102,BLOWER ASSY,PAMALS,REC,EM REPARO,VEE ONE,300.0
2026-09-21,3040259924,C414007-0102,BLOWER ASSY,BACG,REC,EM REPARO,VEE ONE,300.0
2026-09-21,3040259918,C414007-0102,BLOWER ASSY,ALA 10,OS concluída,,VEE ONE,
2026-09-21,3040259950,065-0060-01,"CONTROL,SERVO,AUTOMATIC PILOT",PAMALS,REC,EM REPARO,LEAP,300.0
2026-09-21,3040259949,065-0060-01,"CONTROL,SERVO,AUTOMATIC PILOT",PAMALS,REC,EM REPARO,LEAP,300.0
2026-09-21,3040259947,066-3046-07,"CONTROL,INDICATOR",EEAR,OS concluída,,,
2026-09-21,3040259946,066-3046-07,"CONTROL,INDICATOR",BANT,REC,,BANT,300.0
2026-09-21,3040259944,066-3046-07,"CONTROL,INDICATOR",EEAR,REC,,PAMA-LS,300.0
2026-09-21,3040260209,011-00916-00,DISPLAY UNIT GDU 1040A,PAMALS,REC,,BAMN,286.0
2026-09-21,3040260208,324843-W020,HEADSET-MICROPHONE,PAMALS,REC,VAI SER DEVOLVIDO SEM REPARO,WILLIAM,286.0
2026-09-21,3040260204,324843-W020,HEADSET-MICROPHONE,PAMALS,OS concluída,,,
2026-09-21,3040260205,324843-W020,HEADSET-MICROPHONE,PAMALS,OS concluída,,,
2026-09-21,3040260388,SD5H14C4527,AIR COMPRESSOR,PAMALS,REC,EM REPARO,VEE ONE,279.0
2026-09-21,3040260382,065-00183-0501,AUTOPILOT COMPUTER KFC225,BANT,REC,,BANT,279.0
2026-09-21,3040260389,SD5H14C4527,AIR COMPRESSOR,PAMALS,REC,EM REPARO,VEE ONE,279.0
2026-09-21,3040260517,ASG12000-2,ALTERNATOR,PAMALS,OS concluída,,,
2026-09-21,3040260524,51539-012M,CONTROL UNIT ASSY-GENERATOR,BANT,REC,,BACG,276.0
2026-09-21,3040260516,ASG12000-2,ALTERNATOR,PAMALS,REC,,V1 PAMA-LS,276.0
2026-09-21,3040260523,9910592-2,ALTERNADOR,BAMN,OS concluída,,babr,
2026-09-21,3040260522,9910592-2,ALTERNADOR,BAMN,REC,,dacta II,276.0
2026-09-21,3040260547,161-12800,WHEEL HALF ASSY-INNER,EPCAR,OS concluída,,BABE,
2026-09-21,3040260545,161-11700,INNER WHEEL HALF ASSY,BACG,OS concluída,,,
2026-09-21,3040260544,161-11700,INNER WHEEL HALF ASSY,BANT,OS concluída,,,
2026-09-21,3040260546,161-12800,WHEEL HALF ASSY-INNER,PAMALS,REC,,,258.0
2026-09-21,3040260548,161-11700,INNER WHEEL HALF ASSY,CLA,OS concluída,,,
2026-09-21,3040260549,162-10700,OUTER WHEEL HALF ASSY,BACG,OS concluída,,,
2026-09-21,3040260550,162-10700,OUTER WHEEL HALF ASSY,CLA,OS concluída,,,
2026-09-21,3040260551,162-11800,WHEEL HALF ASSY-OUTER,BANT,REC,,,258.0
2026-09-21,3040260552,30994-001,BATTERY-MARATHON TSP410 NICAD,BABE,OS concluída,,PAMA-LS,
2026-09-21,3040260543,324843-W020,HEADSET-MICROPHONE,PAMALS,REC,,PAMA-LS,258.0
2026-09-21,3040260542,324843-W020,HEADSET-MICROPHONE,PAMALS,REC,,BABE,258.0
2026-09-21,3040260541,324843-W020,HEADSET-MICROPHONE,PAMALS,OS concluída,,,
2026-09-21,3040260540,324843-W020,HEADSET-MICROPHONE,PAMALS,OS concluída,,,
2026-09-21,3040260538,324843-W020,HEADSET-MICROPHONE,PAMALS,REC,,BABE,258.0
2026-09-21,3040260539,324843-W020,HEADSET-MICROPHONE,PAMALS,REC,,BABE,258.0
2026-09-21,3040260595,9910586-4,FLAP ACTUATOR AND MOTOR ASSEMBLY,7 ETA,REC,,BAMN,258.0
2026-09-21,3040260597,9910586-4,FLAP ACTUATOR AND MOTOR ASSEMBLY,BAPV,OS concluída,,BABR,
2026-09-21,3040260583,3244897-4,FUEL CONTROL UNIT,PAMALS,OS concluída,,,
2026-09-21,3040260750,3122678-04,FUEL CONTROL UNIT,PAMASP,REC,,BANT,250.0
2026-09-21,3040260752,3244897-4,FUEL CONTROL UNIT,PAMASP,OS concluída,,,
2026-09-21,3040260753,3244809-7,"FUEL CONTROL,MAIN,TURBINE ENGINE",PAMASP,OS concluída,,,
2026-09-21,3040260754,3244809-1,"FUEL CONTROL,MAIN,TURBINE ENGINE",PAMASP,REC,EM QUARENTENA,LEAP,250.0
2026-09-21,3040254794,C145-350,"MOTOR,DIRECT CURRENT",PAMALS,OS concluída,,,
2026-09-21,3040260913,064-1054-30,RECEIVER-TRANSMITTER SUBASSEMBLY,EPCAR,REC,,V1 PAMA-LS,238.0
2026-09-21,3040260915,064-1054-30,RECEIVER-TRANSMITTER SUBASSEMBLY,PAMALS,REC,,BABR,238.0
2026-09-21,3040260811,3034792,BOMBA DE COMBUSTÍVEL,BAPV,OS concluída,,BABR,
2026-09-21,3040260812,3034792,BOMBA DE COMBUSTÍVEL,BACG,OS concluída,,,
2026-09-21,3040260922,162-11800,WHEEL HALF ASSY-OUTER,PAMALS,OS concluída,,,
2026-09-21,3040260923,030-18200,MAIN WHEEL BRAKE,BACO,REC,REPARADO,VEE ONE,236.0
2026-09-21,3040261389,3034792,BOMBA DE COMBUSTÍVEL,PAMASP,OS concluída,REPARADO,V1 PAMA-LS,
2026-09-21,3040261388,3034792,BOMBA DE COMBUSTÍVEL,BABR,OS concluída,,,
2026-09-21,3040261387,3034792,BOMBA DE COMBUSTÍVEL,BABR,OS concluída,,,
2026-09-21,3040261371,TFF2905-13,FUEL FLOW TRANSDUCER,ALA 8,REC,,PAMA-LS,223.0
2026-09-21,3040261375,C661065-0240RX,"INDICATOR, AIRSPEED",BACG,REC,EM REPARO,WILLIAM,223.0
2026-09-21,3040261373,C661065-0240,AIRSPEED INDICATOR,BABE,REC,,PAMA-LS,223.0
2026-09-21,3040261322,011-00831-00,"ENGINE INTERFA,SPEC",BAPV,REC,,VEE ONE,223.0
2026-09-21,3040261326,011-00882-10,"COMPUTER,AIR DATA",BAMN,OS concluída,,,
2026-09-21,3040261324,011-00882-10,"COMPUTER,AIR DATA",BAMN,OS concluída,,,
2026-09-21,3040261327,064-1054-30,RECEIVER-TRANSMITTER SUBASSEMBLY,PAMASP,REC,,PAMA-LS,223.0
2026-09-21,3040261336,066-01141-0101,"RECEIVER,RADIO",BANT,REC,,PAMA-LS,223.0
2026-09-21,3040261334,065-0065-01,SELECTOR ALT,BANT,REC,,PAMA-LS,223.0
2026-09-21,3040261331,065-0061-36,ACTUATOR TRIM (KS272A),PAMASP,OS concluída,,BABR,
2026-09-21,3040261329,065-0061-36,ACTUATOR TRIM (KS272A),ALA 10,OS concluída,,,
2026-09-21,3040261335,065-0065-01,SELECTOR ALT,BANT,REC,,PAMA-LS,223.0
2026-09-21,3040261342,066-3084-02,COLOR RADAR INDICATOR,BABV,REC,,PAMA-LS,223.0
2026-09-21,3040261340,066-1053-00,"RECEIVER,RADIO",BASM,REC,,PAMA-LS,223.0
2026-09-21,3040261377,066-3054-01,INDICATOR RADAR ALTIMETER - TYPE KI250,PAMALS,REC,EM REPARO,WILLIAM,223.0
2026-09-21,3040261376,066-1061-03,RT RADAR ALTIM (KRA10A),PAMALS,REC,PARA REPARO,VEE ONE,223.0
2026-09-21,3040261352,1134380-4,EVAPORATOR MODULE ASSY-RH,BAMN,REC,CONDENADO,VEE ONE,223.0
2026-09-21,3040261347,071-1234-00,ANTENNA ACCESSORY,ALA 1,REC,EM REPARO,WILLIAM,223.0
2026-09-21,3040261344,066-4010-12,RECEIVER VOR/LOC (KNS81),ALA 10,REC,EM REPARO,WILLIAM,223.0
2026-09-21,3040261353,1H75-21,PRESSURE REGULATOR,BAMN,OS concluída,,BAMN,
2026-09-21,3040261357,2682001-1,BRAKE CYL MAST,BABE,OS concluída,,,
2026-09-21,3040261356,2670104-2,ANNUNCIATOR PANEL,PAMALS,OS concluída,,,
2026-09-21,3040261355,2643100-201,NOSE GEAR STRUT ASSY - TALL FORK,BABR,OS concluída,,,
2026-09-21,3040261354,2643100-201,NOSE GEAR STRUT ASSY - TALL FORK,BANT,REC,EM REPARO,AV AERONAUTICA,223.0
2026-09-21,3040261364,8210-002-01,GOVERNOR PROPELLER,PAMASP,REC,REPARADO,VEE ONE,223.0
2026-09-21,3040261627,S3828-1,ALTIMETER,BAMN,REC,,PAMA-LS,209.0
2026-09-21,3040261628,S3828-1,ALTIMETER,BABE,REC,REPARADO,V1 PAMA-LS,209.0
2026-09-21,3040261851,51539-012MRX,CONTROL UNIT ASSY-GENERATOR,BABE,REC,EM REPARO,VEE ONE,201.0
2026-09-21,3040261852,51539-012MRX,CONTROL UNIT ASSY-GENERATOR,BABE,REC,EM REPARO,VEE ONE,201.0
2026-09-21,3040261843,3034792,BOMBA DE COMBUSTÍVEL,PAMALS,REC,EM REPARO,VEE ONE,196.0
2026-09-21,3040262245,200SGL119Q-2,STARTER GENERATOR,BAMN,OS concluída,,,
2026-09-21,3040262246,200SGL119Q-2,STARTER GENERATOR,BAMN,OS concluída,,,
2026-09-21,3040262273,324843-W020,HEADSET-MICROPHONE,BABE,OS concluída,,,
2026-09-21,3040262275,324843-W020,HEADSET-MICROPHONE,BANT,OS concluída,,,
2026-09-21,3040262363,066-1055-00,AUDIO CONTROL PANEL,ALA 5,OS concluída,,,
2026-09-21,3040262367,066-1055-00,AUDIO CONTROL PANEL,ALA 9,REC,,WILLIAM,179.0
2026-09-21,3040262368,066-1055-00,AUDIO CONTROL PANEL,CLA,OS concluída,,,
2026-09-21,3040262372,51539-012M,CONTROL UNIT ASSY-GENERATOR,BANT,REC,,PAMA-LS,179.0
2026-09-21,3040262371,51539-012N,CONTROL UNIT ASSY-GENERATOR,BANT,REC,,PAMA-LS,179.0
2026-09-21,3040262419,065-0061-36,ACTUATOR TRIM (KS272A),ALA 9,REC,EM REPARO,WILLIAM,174.0
2026-09-21,3040262734,C352,PORTABLE HALON FIRE EXTINGUISHERS,ALA 5,REC,EM REPARO,AV AERONAUTICA,161.0
2026-09-21,3040262738,C352TS,"EXTINGUISHER,FIRE",BANT,REC,,AV AERONÁUTICA,161.0
2026-09-21,3040262739,C352TS,"EXTINGUISHER,FIRE",BANT,REC,,AV AERONÁUTICA,161.0
2026-09-21,3040262740,C352TS,"EXTINGUISHER,FIRE",PAMALS,REC,,AV AERONÁUTICA,161.0
2026-09-21,3040262766,011-00883-20,RADAR GWX 68 WEATHER,BAMN,OS concluída,,V1 PAMA-LS,
2026-09-21,3040262765,011-00883-20,RADAR GWX 68 WEATHER,BAMN,REC,,V1 PAMA-LS,161.0
2026-09-21,3040262772,011-01020-10,AFCS MODE CONTROLLER GMC 710,BAMN,REC,,PAMA-LS,161.0
2026-09-21,3040262770,011-01020-10,AFCS MODE CONTROLLER GMC 710,BAMN,REC,,PAMA-LS,161.0
2026-09-21,3040262773,011-01020-10,AFCS MODE CONTROLLER GMC 710,BAMN,REC,,PAMA-LS,161.0
2026-09-21,3040262746,066-1070-01,TRANSCEIVER DME (KN63),BABE,REC,EM REPARO,WILLIAM,161.0
2026-09-21,3040262745,064-1019-05,VHF TRANSCEIVE KY196,EEAR,REC,EM REPARO,VEE ONE,161.0
2026-09-21,3040262747,066-1072-00,RECEIVER ADF (KING KR87),ALA 7,REC,EM REPARO,WILLIAM,161.0
2026-09-21,3040262748,066-3046-07,"CONTROL,INDICATOR",BABR,REC,,BANT,161.0
2026-09-21,3040262769,066-3046-07,"CONTROL,INDICATOR",BABR,REC,,BANT,161.0
2026-09-21,3040262768,066-3046-07,"CONTROL,INDICATOR",EEAR,OS concluída,,BABR,
2026-09-21,3040262767,066-3046-07,"CONTROL,INDICATOR",EEAR,REC,EM REPARO,LEAP,161.0
2026-09-21,3040262791,066-3060-00,IND RMI KNI582,BANT,OS concluída,,,
2026-09-21,3040262630,161-11700,INNER WHEEL HALF ASSY,BANT,REC,,PAMA-LS,161.0
2026-09-21,3040262792,066-3060-00,IND RMI KNI582,BANT,REC,EM REPARO,LEAP,161.0
2026-09-21,3040262634,162-10700,OUTER WHEEL HALF ASSY,BANT,OS concluída,,PAMA-LS,
2026-09-21,3040262632,161-12800,WHEEL HALF ASSY-INNER,BANT,OS concluída,REPARADO,VEE ONE,
2026-09-21,3040262633,161-12800,WHEEL HALF ASSY-INNER,BANT,OS concluída,,,
2026-09-21,3040262635,162-11800,WHEEL HALF ASSY-OUTER,EPCAR,OS concluída,,,
2026-09-21,3040262637,162-11800,WHEEL HALF ASSY-OUTER,BANT,REC,REPARADO,VEE ONE,161.0
2026-09-21,3040262636,162-11800,WHEEL HALF ASSY-OUTER,BANT,OS concluída,REPARADO,VEE ONE,
2026-09-21,3040262646,200SGL119Q,STARTER GENERATOR,PAMASP,OS concluída,,,
2026-09-21,3040262639,200SGL119Q,STARTER GENERATOR,PAMASP,OS concluída,,PAMA-LS,
2026-09-21,3040262638,200SGL119Q,STARTER GENERATOR,PAMALS,REC,EM REPARO,AV AERONAUTICA,161.0
2026-09-21,3040262757,2606015-2,IND OIL TEMP/P,PAMALS,REC,EM REPARO,VEE ONE,161.0
2026-09-21,3040262706,2641011-5,AXLE-MAIN GEAR,BAMN,REC,,BANT,161.0
2026-09-21,3040262707,2641011-5,AXLE-MAIN GEAR,BABV,OS concluída,REPARADO,VEE ONE,
2026-09-21,3040262717,2641011-5,AXLE-MAIN GEAR,BANT,OS concluída,REPARADO,VEE ONE,
2026-09-21,3040262714,2641011-5,AXLE-MAIN GEAR,BAPV,REC,,BANT,161.0
2026-09-21,3040262713,2641011-5,AXLE-MAIN GEAR,BAPV,OS concluída,,,
2026-09-21,3040262712,2641011-5,AXLE-MAIN GEAR,BABR,REC,,BANT,161.0
2026-09-21,3040262711,2641011-5,AXLE-MAIN GEAR,BABR,REC,,BANT,161.0
2026-09-21,3040262709,2641011-5,AXLE-MAIN GEAR,PAMALS,REC,,BANT,161.0
2026-09-21,3040262708,2641011-5,AXLE-MAIN GEAR,PAMALS,REC,,BANT,161.0
2026-09-21,3040262744,3244809-1A,F.C.U,PAMALS,REC,EM REPARO,LEAP,161.0
2026-09-21,3040262758,9910338-4,FUEL TOTALIZER INDICATOR,PAMALS,REC,EM REPARO,VEE ONE,161.0
2026-09-21,3040262759,9910338-6,"TRANSMITTER,RATE OF FLOW",BAMN,REC,,PAMA-LS,161.0
2026-09-21,3040262760,9910338-6,"TRANSMITTER,RATE OF FLOW",BANT,REC,EM REPARO,VEE ONE,161.0
2026-09-21,3040262966,2682001-1,BRAKE CYL MAST,BACO,OS concluída,,PAMA-LS,
2026-09-21,3040262967,2682001-1,BRAKE CYL MAST,PAMALS,REC,,PAMA-LS,159.0
2026-09-21,3040262968,2682001-1,BRAKE CYL MAST,BANT,OS concluída,,PAMA-LS,
2026-09-21,3040262969,2682001-1,BRAKE CYL MAST,BABE,REC,,PAMA-LS,159.0
2026-09-21,3040263069,453-5060,ELT C406-N,BABE,OS concluída,,,
2026-09-21,3040263283,D145-00-46-2,FLAP ACTUATOR ASSY,PAMALS,REC,,,144.0
2026-09-21,3040263284,D145-00-46-2,FLAP ACTUATOR ASSY,BAFL,REC,,,144.0
2026-09-21,3040263324,069-01033-0101,"RECEIVER-TRANSMITTER,RADIO",PAMALS,REC,EM REPARO,LEAP,144.0
2026-09-21,3040263287,C661065-0237,AIRSPEED INDICATOR,BABR,OS concluída,,,
2026-09-21,3040263288,C661065-0237,AIRSPEED INDICATOR,PAMASP,OS concluída,,,
2026-09-21,3040263314,060-0017-00,FLIGHT DIR HOR,EEAR,REC,EM REPARO,LEAP,144.0
2026-09-21,3040263319,066-1055-00,AUDIO CONTROL PANEL,BABE,OS concluída,,,
2026-09-21,3040263317,060-0017-00,FLIGHT DIR HOR,PAMASP,REC,,BANT,144.0
2026-09-21,3040263316,060-0017-00,FLIGHT DIR HOR,BANT,REC,,BANT,144.0
2026-09-21,3040263320,066-1055-00,AUDIO CONTROL PANEL,PAMALS,REC,EM REPARO,AV AERONAUTICA,144.0
2026-09-21,3040263325,069-01033-0101,"RECEIVER-TRANSMITTER,RADIO",PAMALS,REC,,,144.0
2026-09-21,3040263335,C611008-0101,ALTERNATOR CONTROL UNIT,PAMALS,REC,,BANT,144.0
2026-09-21,3040263336,C611008-0101,ALTERNATOR CONTROL UNIT,PAMALS,REC,,BANT,144.0
2026-09-21,3040263286,C661065-0237,AIRSPEED INDICATOR,BANT,REC,,PAMA-LS,144.0
2026-09-21,3040263322,066-1055-00,AUDIO CONTROL PANEL,ALA 9,REC,EM REPARO,WILLIAM,144.0
2026-09-21,3040263326,069-01033-0101,"RECEIVER-TRANSMITTER,RADIO",PAMALS,REC,,BANT,144.0
2026-09-21,3040263315,060-0017-00,FLIGHT DIR HOR,BACG,OS concluída,,BABR,
2026-09-21,3040263334,011-00916-10,"DISPLAY UNIT,FLIGHT INFORMATION",BACO,REC,,WILLIAM,144.0
2026-09-21,3040263333,011-00916-10,"DISPLAY UNIT,FLIGHT INFORMATION",BACO,OS concluída,,BAMN,
2026-09-21,3040263332,011-00916-10,"DISPLAY UNIT,FLIGHT INFORMATION",BAMN,OS concluída,,,
2026-09-21,3040263331,C661064-0237,AIRSPEED INDICATOR,PAMALS,REC,,PAMA-LS,144.0
2026-09-21,3040263329,C661064-0237,AIRSPEED INDICATOR,PAMALS,REC,,PAMA-LS,144.0
2026-09-21,3040263328,C661064-0237,AIRSPEED INDICATOR,BABR,REC,EM REPARO,WILLIAM,144.0
2026-09-21,3040263327,C661064-0237,AIRSPEED INDICATOR,BABR,REC,EM REPARO,WILLIAM,144.0
2026-09-21,3040263330,C661064-0237,AIRSPEED INDICATOR,PAMALS,REC,,PAMA-LS,144.0
2026-09-21,3040263338,C611008-0101,ALTERNATOR CONTROL UNIT,PAMALS,REC,,V1 PAMA-LS,144.0
2026-09-21,3040263433,066-03064-0005,"ALTIMETER,SERVO CONTROLLED,AUTOMATIC PRESSURE",BACG,REC,,PAMA-LS,138.0
2026-09-21,3040263435,066-03064-0005,"ALTIMETER,SERVO CONTROLLED,AUTOMATIC PRESSURE",BANT,REC,,PAMA-LS,138.0
2026-09-21,3040263434,066-03064-0005,"ALTIMETER,SERVO CONTROLLED,AUTOMATIC PRESSURE",PAMASP,REC,,PAMA-LS,138.0
2026-09-21,3040263417,069-01033-0101,"RECEIVER-TRANSMITTER,RADIO",PAMALS,REC,EM REPARO,WILLIAM,138.0
2026-09-21,3040263416,069-01033-0101,"RECEIVER-TRANSMITTER,RADIO",BASM,REC,EM REPARO,WILLIAM,138.0
2026-09-21,3040263415,069-01033-0101,"RECEIVER-TRANSMITTER,RADIO",BABR,REC,,BANT,138.0
2026-09-21,3040263447,066-3046-07,"CONTROL,INDICATOR",CLA,OS concluída,,BABR,
2026-09-21,3040263443,3244897-4,FUEL CONTROL UNIT,PAMALS,REC,EM REPARO,LEAP,137.0
2026-09-21,3040263444,3244897-4,FUEL CONTROL UNIT,PAMALS,REC,EM REPARO,LEAP,137.0
2026-09-21,3040263577,060-0015-00,"CONTROL,DIRECTIONAL,AUTOMATIC PILOT",ALA 5,REC,,WILLIAM,132.0
2026-09-21,3040263574,066-1072-04,"RECEIVER,RADIO",BABE,REC,EM REPARO,WILLIAM,132.0
2026-09-21,3040263576,066-1072-04,"RECEIVER,RADIO",BAMN,OS concluída,,WILLIAM,
2026-09-21,3040263575,066-1072-04,"RECEIVER,RADIO",BABE,REC,EM REPARO,WILLIAM,132.0
2026-09-21,3040263573,066-3084-32,IND RDR 2000 IN-182A,PAMALS,REC,,BABR,132.0
2026-09-21,3040263571,066-3084-32,IND RDR 2000 IN-182A,PAMALS,REC,,BANT,132.0
2026-09-21,3040263572,066-3084-32,IND RDR 2000 IN-182A,PAMALS,REC,EM REPARO,WILLIAM,132.0
2026-09-21,3040263448,2618510-10,ALTERNATOR CONTROL UNIT ASSY,BABE,REC,EM REPARO,WILLIAM,132.0
2026-09-21,3040263449,2618510-10,ALTERNATOR CONTROL UNIT ASSY,PAMALS,REC,,BANT,132.0
2026-09-21,3040263877,2641011-5,AXLE-MAIN GEAR,CLA,REC,REPARADO,VEE ONE,122.0
2026-09-21,3040263878,2641011-5,AXLE-MAIN GEAR,CLA,REC,,BABE,122.0
2026-09-21,3040264243,069-01033-0101,"RECEIVER-TRANSMITTER,RADIO",PAMALS,REC,EM REPARO,WILLIAM,115.0
2026-09-21,3040264244,069-01033-0101,"RECEIVER-TRANSMITTER,RADIO",PAMASP,REC,EM REPARO,WILLIAM,115.0
2026-09-21,3040264246,060-0017-00,FLIGHT DIR HOR,PAMALS,REC,,BABR,115.0
2026-09-21,3040264237,200SGL119Q-2,STARTER GENERATOR,BAMN,REC,EM REPARO,AV AERONAUTICA,115.0
2026-09-21,3040264236,200SGL119Q-2,STARTER GENERATOR,BABE,OS concluída,,BABE,
2026-09-21,3040264121,3244897-4,FUEL CONTROL UNIT,BABE,OS concluída,EM REPARO,LEAP,
2026-09-21,3040264263,9910338-8,"INDICATOR,FUEL FLOW",PAMALS,OS concluída,,BABR,
2026-09-21,3040264262,9910338-8,"INDICATOR,FUEL FLOW",BABV,REC,,PAMA-LS,115.0
2026-09-21,3040264242,324843-2020,HEADSET-MICROPHONE,BABE,OS concluída,,BAMN,
2026-09-21,3040264264,324843-2020,HEADSET-MICROPHONE,DACTA II,OS concluída,,BAMN,
2026-09-21,3040264238,324843-2020,HEADSET-MICROPHONE,DACTA II,OS concluída,,,
2026-09-21,3040264241,324843-2020,HEADSET-MICROPHONE,DACTA II,OS concluída,,BAMN,
2026-09-21,3040264240,324843-2020,HEADSET-MICROPHONE,DACTA II,OS concluída,,BAMN,
2026-09-21,3040264122,3244809-8,"FUEL CONTROL,MAIN,TURBINE ENGINE",BABE,OS concluída,,BABR,
2026-09-21,3040263797,066-3046-07,"CONTROL,INDICATOR",BABE,REC,EM REPARO,WILLIAM,115.0
2026-09-21,3040263798,066-3046-07,"CONTROL,INDICATOR",PAMASP,OS concluída,,,
2026-09-21,3040263799,066-3046-07,"CONTROL,INDICATOR",PAMASP,REC,EM REPARO,WILLIAM,115.0
2026-09-21,3040263795,071-01519-0101,"RECEIVER-EXCITER,RADAR",PAMALS,REC,,BANT,115.0
2026-09-21,3040263796,071-01519-0101,"RECEIVER-EXCITER,RADAR",PAMALS,REC,EM REPARO,WILLIAM,115.0
2026-09-21,3040264579,060-0017-00,FLIGHT DIR HOR,BABR,OS concluída,,,
2026-09-21,3040264577,060-0017-00,FLIGHT DIR HOR,PAMALS,REC,,,103.0
2026-09-21,3040264573,060-0017-00,FLIGHT DIR HOR,BANT,REC,,,103.0
2026-09-21,3040264574,060-0017-00,FLIGHT DIR HOR,BANT,REC,,,103.0
2026-09-21,3040264576,060-0017-00,FLIGHT DIR HOR,PAMALS,REC,,,103.0
2026-09-21,3040264572,060-0017-00,FLIGHT DIR HOR,PAMASP,REC,,,103.0
2026-09-21,3040264647,1H75-21,PRESSURE REGULATOR,BAMN,REC,,,98.0
2026-09-21,3040264646,1H75-21,PRESSURE REGULATOR,PAMASP,REC,,,98.0
2026-09-21,3040264645,1H75-21,PRESSURE REGULATOR,PAMASP,REC,,,98.0
2026-09-21,3040264643,1H75-21,PRESSURE REGULATOR,PAMASP,OS concluída,,,
2026-09-21,3040264707,3244809-7,"FUEL CONTROL,MAIN,TURBINE ENGINE",BABE,OS concluída,,,
2026-09-21,3040264709,540-1407-4,"VALVE,BLEED,TURBINEENGINE",PAMASP,REC,,,98.0
2026-09-21,3040264710,200SGL153Q,"STARTER-GENERATOR,ENGINE,AIRCRAFT",CLA,OS concluída,,,
2026-09-21,3040264711,200SGL153Q,"STARTER-GENERATOR,ENGINE,AIRCRAFT",PAMASP,OS concluída,,,
2026-09-21,3040264712,200SGL153Q,"STARTER-GENERATOR,ENGINE,AIRCRAFT",BACG,REC,,,98.0
2026-09-21,3040264718,9910338-8,"INDICATOR,FUEL FLOW",PAMALS,REC,,,98.0
2026-09-21,3040264719,S3326-2,"INDICATOR,HORIZONTAL SITUATION",ALA 8,REC,,,98.0
2026-09-21,3040264720,S3326-2,"INDICATOR,HORIZONTAL SITUATION",PAMALS,REC,,,98.0
2026-09-21,3040264721,S3326-2,"INDICATOR,HORIZONTAL SITUATION",PAMASP,REC,,,98.0
2026-09-21,3040264724,2606013-1AM,INDICADOR PERCENTUAL RPM,BABV,REC,,,98.0
2026-09-21,3040264725,2606013-1AM,INDICADOR PERCENTUAL RPM,BABR,REC,,,98.0
2026-09-21,3040264726,2606015-4,INDICATOR-OIL TEMP/OIL PRESS,BANT,REC,,,98.0
2026-09-21,3040264727,C661051-0201,GYRO HORIZON,ALA 10,REC,,,98.0
2026-09-21,3040264728,504-0111-906,GYRO HORIZON,PAMALS,OS concluída,,,
2026-09-21,3040264729,504-0111-906,GYRO HORIZON,BACG,OS concluída,,,
2026-09-21,3040264730,8210-003,"GOVERNOR,FUEL CONTROL",PAMASP,REC,,,98.0
2026-09-21,3040264731,8210-002,"GOVERNOR,CONSTANT SPEED DRIVE",PAMASP,REC,,,98.0
2026-09-21,3040264732,8210-002,"GOVERNOR,CONSTANT SPEED DRIVE",BAMN,REC,,,98.0
2026-09-21,3040264733,030-18200,MAIN WHEEL BRAKE,BAMN,REC,,,98.0
2026-09-21,3040264734,030-18200,MAIN WHEEL BRAKE,BAMN,REC,,,98.0
2026-09-21,3040264735,161-11700,INNER WHEEL HALF ASSY,PAMALS,REC,,,98.0
2026-09-21,3040264736,161-12800,WHEEL HALF ASSY-INNER,BABR,REC,,,98.0
2026-09-21,3040264737,161-12800,WHEEL HALF ASSY-INNER,PAMALS,AUT,,,98.0
2026-09-21,3040264738,162-10700,OUTER WHEEL HALF ASSY,BACO,AUT,,,98.0
2026-09-21,3040264807,011-01105-01,INTEGRATED AVIONICS UNIT GIA63W,ALA 8,REC,,,90.0
2026-09-21,3040264808,011-01105-01,INTEGRATED AVIONICS UNIT GIA63W,BAMN,REC,,,90.0
2026-09-21,3040264907,011-00916-10,"DISPLAY UNIT,FLIGHT INFORMATION",BAMN,REC,,,83.0
2026-09-21,3040264908,011-00916-10,"DISPLAY UNIT,FLIGHT INFORMATION",BABV,OS concluída,,,
2026-09-21,3040264974,3244809-8,"FUEL CONTROL,MAIN,TURBINE ENGINE",BAMN,REC,,,81.0
2026-09-21,3040264961,3244897-4,FUEL CONTROL UNIT,CLA,OS concluída,,,
2026-09-21,3040264960,3034792,BOMBA DE COMBUSTÍVEL,CLA,OS concluída,,,
2026-09-21,3040265144,011-01020-10,AFCS MODE CONTROLLER GMC 710,BABE,REC,,,75.0
2026-09-21,3040265140,011-01020-10,AFCS MODE CONTROLLER GMC 710,BABE,REC,,,75.0
2026-09-21,3040265482,066-3084-32,IND RDR 2000 IN-182A,BABR,REC,,,60.0
2026-09-21,3040265484,066-3084-32,IND RDR 2000 IN-182A,BANT,REC,,,60.0
2026-09-21,3040265485,066-3084-32,IND RDR 2000 IN-182A,BABR,REC,,,60.0
2026-09-21,3040265526,ASG12000-2,ALTERNATOR,PAMALS,REC,,,56.0
2026-09-21,3040265525,ASG12000-2,ALTERNATOR,BABR,REC,,,56.0
2026-09-21,3040265527,9910592-2,ALTERNADOR,BABR,REC,,,56.0
2026-09-21,3040265533,3122678-04,FUEL CONTROL UNIT,BABR,REC,,,56.0
2026-09-21,3040265532,C611505-0201,ALTERNATOR,BANT,REC,,,56.0
2026-09-21,3040265530,C611505-0201,ALTERNATOR,BABV,REC,,,56.0
2026-09-21,3040265528,9910592-2,ALTERNADOR,BABR,REC,,,56.0
2026-09-21,3040265724,3244897-4,FUEL CONTROL UNIT,CLA,REC,,,55.0
2026-09-21,3040265474,C611008-0101,ALTERNATOR CONTROL UNIT,PAMALS,REC,,,53.0
2026-09-21,3040265475,C611008-0101,ALTERNATOR CONTROL UNIT,BABV,REC,,,53.0
2026-09-21,3040265476,C611008-0101,ALTERNATOR CONTROL UNIT,PAMALS,REC,,,53.0
2026-09-21,3040265477,C611008-0101,ALTERNATOR CONTROL UNIT,PAMALS,REC,,,53.0
2026-09-21,3040265576,011-00916-10,"DISPLAY UNIT,FLIGHT INFORMATION",BAMN,REC,,,52.0
2026-09-21,3040265580,011-00916-00,DISPLAY UNIT GDU 1040A,PAMALS,REC,,,56.0
2026-09-21,3040265581,011-00916-00,DISPLAY UNIT GDU 1040A,PAMALS,REC,,,56.0
2026-09-21,3040265589,EA-5175-52-CES,INDICATOR TRUE,BABV,REC,,,56.0
2026-09-21,3040265590,EA-5175-52-CES,INDICATOR TRUE,BASM,REC,,,56.0
2026-09-21,3040265591,EA-5175-52-CES,INDICATOR TRUE,BABV,REC,,,56.0
2026-09-21,3040265592,EA-5175-52-CES,INDICATOR TRUE,BABV,REC,,,56.0
2026-09-21,3040265668,9910592-2,ALTERNADOR,PAMALS,OS concluída,,,
2026-09-21,3040265678,9910592-2,ALTERNADOR,BAMN,REC,,,56.0
2026-09-21,3040265679,C611505-0201,ALTERNATOR,PAMALS,REC,,,56.0
2026-09-21,3040265680,C611505-0201,ALTERNATOR,ALA 8,REC,,,56.0
2026-09-21,3040265726,071-01519-0101,"RECEIVER-EXCITER,RADAR",PAMALS,REC,,,55.0
2026-09-21,3040265727,071-01519-0101,"RECEIVER-EXCITER,RADAR",CLA,REC,,,55.0
2026-09-21,3040265728,C163030-1001,MAIN W BRAKE A,BAMN,REC,,,55.0
2026-09-21,3040265731,066-3046-07,"CONTROL,INDICATOR",BABR,REC,,,55.0
2026-09-21,3040265732,066-3046-07,"CONTROL,INDICATOR",BANT,REC,,,55.0
2026-09-21,3040265734,066-3046-07,"CONTROL,INDICATOR",EEAR,REC,,,55.0
2026-09-21,3040265735,066-3046-07,"CONTROL,INDICATOR",CLA,REC,,,55.0
2026-09-21,3040265736,C611008-0101,ALTERNATOR CONTROL UNIT,BABV,REC,,,55.0
2026-09-21,3040265737,C611008-0101,ALTERNATOR CONTROL UNIT,EEAR,REC,,,55.0
2026-09-21,3040265738,C611008-0101,ALTERNATOR CONTROL UNIT,PAMALS,REC,,,55.0
2026-09-21,3040265739,C611008-0101,ALTERNATOR CONTROL UNIT,BANT,REC,,,55.0
2026-09-21,3040265740,C611008-0101,ALTERNATOR CONTROL UNIT,BABE,REC,,,55.0
2026-09-21,3040265741,C611008-0101,ALTERNATOR CONTROL UNIT,BABR,REC,,,55.0
2026-09-21,3040265742,066-1072-04,"RECEIVER,RADIO",BACG,REC,,,55.0
2026-09-21,3040265743,066-1072-04,"RECEIVER,RADIO",BAMN,REC,,,55.0
2026-09-21,3040265744,066-1072-04,"RECEIVER,RADIO",PAMALS,REC,,,55.0
2026-09-21,3040265745,066-3084-32,IND RDR 2000 IN-182A,PAMALS,REC,,,55.0
2026-09-21,3040265746,066-3084-32,IND RDR 2000 IN-182A,PAMALS,REC,,,55.0
2026-09-21,3040265747,30994-001,BATTERY-MARATHON TSP410 NICAD,PAMALS,AUT,,,55.0
2026-09-21,3040265748,30994-001,BATTERY-MARATHON TSP410 NICAD,PAMALS,AUT,,,55.0
2026-09-21,3040265749,30994-001,BATTERY-MARATHON TSP410 NICAD,PAMALS,AUT,,,55.0
2026-09-21,3040265750,30994-001,BATTERY-MARATHON TSP410 NICAD,PAMALS,AUT,,,55.0
2026-09-21,3040265751,30994-001,BATTERY-MARATHON TSP410 NICAD,PAMALS,AUT,,,55.0
2026-09-21,3040265752,2641011-5,AXLE-MAIN GEAR,BAMN,REC,,,55.0
2026-09-21,3040265753,2641011-5,AXLE-MAIN GEAR,BAMN,REC,,,55.0
2026-09-21,3040265754,161-11700,INNER WHEEL HALF ASSY,BACO,AUT,,,55.0
2026-09-21,3040265755,161-12800,WHEEL HALF ASSY-INNER,BABE,REC,,,55.0
2026-09-21,3040265757,066-01141-0101,"RECEIVER,RADIO",PAMALS,REC,,,55.0
2026-09-21,3040265758,066-01141-0101,"RECEIVER,RADIO",PAMALS,REC,,,55.0
2026-09-21,3040265759,C660501-0103,"COMPASS,SPEC",DACTA II,REC,,,55.0
2026-09-21,3040265769,023694-000,BATTERY NICKEL CADMIUM,BAPV,REC,,,54.0
2026-09-21,3040265771,2651023-23,ENGINE MOUNT ASSEMBLY,PAMALS,REC,,,54.0
2026-09-21,3040265772,2651023-23,ENGINE MOUNT ASSEMBLY,PAMALS,REC,,,54.0
2026-09-21,3040265892,324843-0020,HEADSET-MICROPHONE,PAMALS,REC,,,49.0
2026-09-21,3040265893,324843-0020,HEADSET-MICROPHONE,PAMALS,OS concluída,,,
2026-09-21,3040265894,324843-0020,HEADSET-MICROPHONE,PAMALS,REC,,,49.0
2026-09-21,3040265895,324843-0020,HEADSET-MICROPHONE,PAMALS,REC,,,49.0
2026-09-21,3040265946,011-00870-00,MAGNETOMETER GMU 44,BAMN,REC,,,46.0
2026-09-21,3040265947,011-00870-00,MAGNETOMETER GMU 44,BAMN,REC,,,46.0
2026-09-21,3040266034,C662041-0102,INDICATOR FUEL,BABE,REC,,,42.0
2026-09-21,3040266040,C662041-0102,INDICATOR FUEL,PAMALS,REC,,,42.0
2026-09-21,3040266036,C662041-0102,INDICATOR FUEL,PAMALS,REC,,,42.0
2026-09-21,3040266035,C662041-0102,INDICATOR FUEL,PAMALS,REC,,,34.0
2026-09-21,3040266039,C662041-0102,INDICATOR FUEL,BANT,REC,,,34.0
2026-09-21,3040266041,C662041-0102,INDICATOR FUEL,PAMALS,REC,,,34.0
2026-09-21,3040266307,069-01033-0101,"RECEIVER-TRANSMITTER,RADIO",PAMALS,REC,,,32.0
2026-09-21,3040266308,069-01033-0101,"RECEIVER-TRANSMITTER,RADIO",BANT,REC,,,32.0
2026-09-21,3040266306,069-01033-0101,"RECEIVER-TRANSMITTER,RADIO",BACG,REC,,,32.0
2026-09-21,3040266307,069-01033-0101,"RECEIVER-TRANSMITTER,RADIO",PAMALS,REC,,,32.0
2026-09-21,3040266308,069-01033-0101,"RECEIVER-TRANSMITTER,RADIO",BANT,REC,,,32.0
2026-09-21,3040266568,C662504-0101,GAGE VOLT AMME,PAMALS,REC,,,21.0
2026-09-21,3040266567,C662504-0101,GAGE VOLT AMME,ALA 9,REC,,,21.0
2026-09-21,3040266566,C662504-0101,GAGE VOLT AMME,PAMALS,REC,,,21.0
2026-09-21,3040266569,C662504-0101,GAGE VOLT AMME,BABV,REC,,,21.0
2026-09-22,3040249831,066-01141-5101,"RECEIVER-TRANSMITTER,RADIO (KT71)",PAMALS,REC,EM REPARO,LEAP,589.0
2026-09-22,3040250248,452-0133,"BATTERY,NONRECHARGEABLE",BABR,REC,CONDENADO,VEE ONE,573.0
2026-09-22,3040250249,452-0133,"BATTERY,NONRECHARGEABLE",BAMN,REC,CONDENADO,VEE ONE,573.0
2026-09-22,3040250234,3034792,BOMBA DE COMBUSTÍVEL,PAMALS,REC,,BANT,573.0
2026-09-22,3040250816,453-5060,"BEACON,DISTRESS",BAMN,REC,,PAMA-LS,551.0
2026-09-22,3040250830,799-1,TRANSDUCER,BACO,REC,,BANT,551.0
2026-09-22,3040250829,51539-012N,CONTROL UNIT ASSY-GENERATOR,BAMN,OS concluída,,,
2026-09-22,3040250828,51539-012N,CONTROL UNIT ASSY-GENERATOR,BACG,REC,,BABR,551.0
2026-09-22,3040250827,51539-012N,CONTROL UNIT ASSY-GENERATOR,BANT,REC,,BABR,551.0
2026-09-22,3040250831,799-1,TRANSDUCER,BANT,REC,,BANT,551.0
2026-09-22,3040250833,9910586-4,FLAP ACTUATOR AND MOTOR ASSEMBLY,ALA 3,REC,,BAMN,551.0
2026-09-22,3040250834,9910586-4,FLAP ACTUATOR AND MOTOR ASSEMBLY,ALA 3,OS concluída,,,
2026-09-22,3040250832,9910338-4,FUEL TOTALIZER INDICATOR,EEAR,REC,,PAMA-LS,551.0
2026-09-22,3040250835,ASG12000-2,ALTERNATOR,ALA 5,REC,REPARADO,V1 PAMA-LS,551.0
2026-09-22,3040250841,C661030-0301,TURN BANK,PAMALS,REC,EM REPARO,LEAP,551.0
2026-09-22,3040250842,C662041-0102,INDICATOR FUEL,ALA 5,REC,,PAMA-LS,551.0
2026-09-22,3040250844,C662041-0102,INDICATOR FUEL,ALA 9,REC,,PAMA-LS,551.0
2026-09-22,3040250843,C662041-0102,INDICATOR FUEL,ALA 10,OS concluída,,,
2026-09-22,3040250719,060-0017-00,FLIGHT DIR HOR,PAMALS,REC,,BANT,551.0
2026-09-22,3040250720,060-0017-00,FLIGHT DIR HOR,BABV,OS concluída,,,
2026-09-22,3040250722,066-01141-5101,"RECEIVER-TRANSMITTER,RADIO (KT71)",ALA 9,REC,EM REPARO,WILLIAM,551.0
2026-09-22,3040250723,066-01141-5101,"RECEIVER-TRANSMITTER,RADIO (KT71)",CLA,REC,,BABR,551.0
2026-09-22,3040250721,060-0017-00,FLIGHT DIR HOR,BANT,OS concluída,,,
2026-09-22,3040250725,066-3046-07,"CONTROL,INDICATOR",ALA 10,OS concluída,,,
2026-09-22,3040250724,066-04035-1101,"DISPLAY UNIT,RADAR",PAMALS,REC,,BANT,551.0
2026-09-22,3040250732,069-1025-25,"RECEIVER-TRANSMITTER,RADIO - KX165",PAMALS,REC,EM REPARO,WILLIAM,551.0
2026-09-22,3040250782,2606012-1,INDICATOR-INTER-TURBINE TEMPERATURE,ALA 9,OS concluída,,,
2026-09-22,3040250775,161-11700,INNER WHEEL HALF ASSY,BABE,OS concluída,,,
2026-09-22,3040250773,161-11700,INNER WHEEL HALF ASSY,EEAR,REC,,BACG,551.0
2026-09-22,3040250718,030-18200,MAIN WHEEL BRAKE,BACO,OS concluída,,,
2026-09-22,3040250716,030-18200,MAIN WHEEL BRAKE,BABV,REC,EM REPARO,LEAP,551.0
2026-09-22,3040250717,030-18200,MAIN WHEEL BRAKE,BACO,OS concluída,,,
2026-09-22,3040250780,162-11800,WHEEL HALF ASSY-OUTER,PAMALS,OS concluída,,,
2026-09-22,3040250781,162-11800,WHEEL HALF ASSY-OUTER,BACG,OS concluída,,,
2026-09-22,3040250778,161-12800,WHEEL HALF ASSY-INNER,BACG,OS concluída,,,
2026-09-22,3040250776,161-12800,WHEEL HALF ASSY-INNER,BABE,OS concluída,,,
2026-09-22,3040250790,2643031-7,"FORK ASSY,NOSE GEAR SPRING",BAMN,OS concluída,,,
2026-09-22,3040250791,2643090-1,SHIMMY DAMPENE,BANT,REC,EM REPARO,AV AERONAUTICA,551.0
2026-09-22,3040250792,2643090-1,SHIMMY DAMPENE,BAMN,REC,REPARADO,V1 PAMA-LS,551.0
2026-09-22,3040250789,2641012-14,TRUNNION ASSY-RH-MAIN GEAR,PAMASP,OS concluída,,,
2026-09-22,3040250793,2643099-4,"SUPPORT ASSY FOWARD, NLG SPRING",BAMN,OS concluída,,,
2026-09-22,3040250798,30994-001,BATTERY-MARATHON TSP410 NICAD,BANT,OS concluída,CONDENADO,AMA - VEE ONE,
2026-09-22,3040252191,C611008-0101,ALTERNATOR CONTROL UNIT,PAMALS,REC,,BABR,518.0
2026-09-22,3040252159,011-00916-00,DISPLAY UNIT GDU 1040A,BAMN,REC,,BAMN,518.0
2026-09-22,3040252161,065-0042-03,COMPUTER PA,ALA 10,REC,EM REPARO,WILLIAM,518.0
2026-09-22,3040252162,065-0042-03,COMPUTER PA,EEAR,REC,,BABE,518.0
2026-09-22,3040252164,065-0042-03,COMPUTER PA,EEAR,REC,EM REPARO,WILLIAM,518.0
2026-09-22,3040252165,065-0042-03,COMPUTER PA,PAMALS,OS concluída,,,
2026-09-22,3040252166,065-0059-01,SERVO PITCH,EEAR,REC,EM REPARO,WILLIAM,518.0
2026-09-22,3040252168,066-03064-0005,"ALTIMETER,SERVO CONTROLLED,AUTOMATIC PRESSURE",ALA 9,OS concluída,,,
2026-09-22,3040252173,066-03064-0005,"ALTIMETER,SERVO CONTROLLED,AUTOMATIC PRESSURE",BANT,REC,EM REPARO,LEAP,518.0
2026-09-22,3040252172,066-03064-0005,"ALTIMETER,SERVO CONTROLLED,AUTOMATIC PRESSURE",PAMALS,REC,NO ESTADO,VEE ONE,518.0
2026-09-22,3040252170,066-03064-0005,"ALTIMETER,SERVO CONTROLLED,AUTOMATIC PRESSURE",ALA 7,REC,NO ESTADO,VEE ONE,518.0
2026-09-22,3040252178,066-1072-00,RECEIVER ADF (KING KR87),PAMALS,OS concluída,,,
2026-09-22,3040252182,066-1072-04,"RECEIVER,RADIO",ALA 9,OS concluída,,,
2026-09-22,3040252181,066-1072-04,"RECEIVER,RADIO",PAMASP,REC,EM REPARO,WILLIAM,518.0
2026-09-22,3040252180,066-1072-04,"RECEIVER,RADIO",ALA 8,OS concluída,,,
2026-09-22,3040252185,066-1072-04,"RECEIVER,RADIO",BAMN,OS concluída,,,
2026-09-22,3040252189,9910338-6,"TRANSMITTER,RATE OF FLOW",ALA 8,OS concluída,,,
2026-09-22,3040252190,9910338-6,"TRANSMITTER,RATE OF FLOW",BABR,OS concluída,,,
2026-09-22,3040252160,011-01020-10,AFCS MODE CONTROLLER GMC 710,BAMN,OS concluída,,,
2026-09-22,3040252939,C163030-1001,MAIN W BRAKE A,BABV,REC,,BAMN,488.0
2026-09-22,3040252936,030-18200,MAIN WHEEL BRAKE,BACO,REC,,PAMA-LS,488.0
2026-09-22,3040252935,030-18200,MAIN WHEEL BRAKE,BAMN,OS concluída,,,
2026-09-22,3040252940,30-182,MAIN WHEEL BRAKE,BABV,OS concluída,,,
2026-09-22,3040252942,30-182,MAIN WHEEL BRAKE,BAMN,OS concluída,,,
2026-09-22,3040252943,30-182,MAIN WHEEL BRAKE,BAMN,OS concluída,,,
2026-09-22,3040253170,161-12800,WHEEL HALF ASSY-INNER,BASM,OS concluída,,,
2026-09-22,3040253168,161-12800,WHEEL HALF ASSY-INNER,BASM,REC,,PAMA-LS,484.0
2026-09-22,3040253172,161-12800,WHEEL HALF ASSY-INNER,PAMALS,REC,,PAMA-LS,484.0
2026-09-22,3040253174,161-12800,WHEEL HALF ASSY-INNER,PAMALS,OS concluída,,,
2026-09-22,3040253173,161-12800,WHEEL HALF ASSY-INNER,PAMALS,REC,EM REPARO,LEAP,484.0
2026-09-22,3040253176,162-10700,OUTER WHEEL HALF ASSY,BABE,OS concluída,,,
2026-09-22,3040253177,162-10700,OUTER WHEEL HALF ASSY,BABV,REC,,PAMA-LS,484.0
2026-09-22,3040253178,162-10700,OUTER WHEEL HALF ASSY,PAMALS,REC,,PROCURANDO,484.0
2026-09-22,3040253179,162-11800,WHEEL HALF ASSY-OUTER,CLA,OS concluída,,,
2026-09-22,3040253181,162-11800,WHEEL HALF ASSY-OUTER,PAMALS,OS concluída,,,
2026-09-22,3040253180,162-11800,WHEEL HALF ASSY-OUTER,BASM,REC,,PROCURANDO,484.0
2026-09-22,3040253182,162-11800,WHEEL HALF ASSY-OUTER,PAMALS,REC,,PAMA-LS,484.0
2026-09-22,3040253536,2641012-14,TRUNNION ASSY-RH-MAIN GEAR,PAMALS,OS concluída,,,
2026-09-22,3040253529,066-03064-0005,"ALTIMETER,SERVO CONTROLLED,AUTOMATIC PRESSURE",DSM-MN,REC,DEVOLVIDO NO ESTADO,WILLIAM,474.0
2026-09-22,3040253528,066-03064-0005,"ALTIMETER,SERVO CONTROLLED,AUTOMATIC PRESSURE",BANT,OS concluída,,,
2026-09-22,3040253532,799-1,TRANSDUCER,PAMALS,REC,,BANT,474.0
2026-09-22,3040253535,2643099-4,"SUPPORT ASSY FOWARD, NLG SPRING",BABE,REC,CONDENADO,VEE ONE,474.0
2026-09-22,3040253531,799-1,TRANSDUCER,BAMN,REC,,VEE ONE,474.0
2026-09-22,3040253530,799-1,TRANSDUCER,BAMN,REC,,BANT,474.0
2026-09-22,3040253526,30994-001,BATTERY-MARATHON TSP410 NICAD,PAMALS,OS concluída,,PAMA-LS,
2026-09-22,3040253527,30994-001,BATTERY-MARATHON TSP410 NICAD,BAPV,OS concluída,,PAMA-LS,
2026-09-22,3040254195,540-1407-4,"VALVE,BLEED,TURBINEENGINE",PAMALS,REC,,BANT,456.0
2026-09-22,3040254201,2643090-3,SHIMMY DAMPER-NOSE GEAR,PAMALS,REC,,PAMA-LS,456.0
2026-09-22,3040254203,SE1070-6,SHIMMY DAMPENER ASSY,BACGINAT,OS concluída,,,
2026-09-22,3040254205,C660501-0103,"COMPASS,SPEC",PAMALS,REC,,PAMA-LS,456.0
2026-09-22,3040254206,C660501-0103,"COMPASS,SPEC",ALA 8,REC,EM REPARO EM GARANTIA,WILLIAM,456.0
2026-09-22,3040254208,C660501-0103,"COMPASS,SPEC",BABV,REC,,PAMA-LS,456.0
2026-09-22,3040254210,799-1,TRANSDUCER,BANT,REC,,BANT,456.0
2026-09-22,3040254792,2606013-1RX,INDICATOR-PERCENT RPM,BABR,REC,,BANT,447.0
2026-09-22,3040254770,069-1025-25,"RECEIVER-TRANSMITTER,RADIO - KX165",ALA 9,REC,EM REPARO,WILLIAM,447.0
2026-09-22,3040254799,453-5000-710,EMERGENCY LOCATOR TRANSMITTER MODEL C406-2,PAMASP,OS concluída,,,
2026-09-22,3040254806,C352TS,"EXTINGUISHER,FIRE",PAMALS,REC,,PAMA-LS,447.0
2026-09-22,3040254805,C352TS,"EXTINGUISHER,FIRE",PAMALS,OS concluída,,,
2026-09-22,3040254810,C352TS,"EXTINGUISHER,FIRE",PAMALS,OS concluída,,,
2026-09-22,3040254809,C352TS,"EXTINGUISHER,FIRE",PAMAGL,OS concluída,,,
2026-09-22,3040254803,C352TS,"EXTINGUISHER,FIRE",2 ETA,REC,,PAMA-LS,447.0
2026-09-22,3040254808,C352TS,"EXTINGUISHER,FIRE",BABR,REC,,PAMA-LS,447.0
2026-09-22,3040254795,D145-00-46-2,FLAP ACTUATOR ASSY,BABE,REC,,PAMA-LS,447.0
2026-09-22,3040254793,D145-00-46-2,FLAP ACTUATOR ASSY,PAMALS,REC,,PAMA-LS,447.0
2026-09-22,3040254815,C482001-0402,VACUUM REGULAT,PAMALS,REC,CONDENADO,VEE ONE,447.0
2026-09-22,3040254816,C482001-0402,VACUUM REGULAT,PAMALS,REC,CONDENADO,VEE ONE,447.0
2026-09-22,3040254820,2641011-5,AXLE-MAIN GEAR,BAMN,OS concluída,,,
2026-09-22,3040254817,2641011-5,AXLE-MAIN GEAR,BABE,OS concluída,,,
2026-09-22,3040254818,2641011-5,AXLE-MAIN GEAR,BABE,OS concluída,,,
2026-09-22,3040254819,2641011-5,AXLE-MAIN GEAR,BANT,OS concluída,,,
2026-09-22,3040254796,30994-001,BATTERY-MARATHON TSP410 NICAD,BAMN,OS concluída,,,
2026-09-22,3040254789,452-0133,"BATTERY,NONRECHARGEABLE",BAMN,REC,CONDENADO,VEE ONE,447.0
2026-09-22,3040254788,452-0133,"BATTERY,NONRECHARGEABLE",BAMN,REC,CONDENADO,VEE ONE,447.0
2026-09-22,3040254787,452-0133,"BATTERY PACK,AIRCRAFT",DACTA II,REC,CONDENADO,VEE ONE,447.0
2026-09-22,3040254786,452-0133,"BATTERY PACK,AIRCRAFT",BAMN,REC,CONDENADO,VEE ONE,447.0
2026-09-22,3040254785,452-0133,"BATTERY,NONRECHARGEABLE",BAMN,REC,CONDENADO,VEE ONE,447.0
2026-09-22,3040254784,452-0133,"BATTERY,NONRECHARGEABLE",DACTA II,REC,CONDENADO,VEE ONE,447.0
2026-09-22,3040255326,011-00916-00,DISPLAY UNIT GDU 1040A,BAMN,REC,,BAMN,438.0
2026-09-22,3040255319,702801-5,FUEL PUMP,PAMASP,REC,EM REPARO,VEE ONE,438.0
2026-09-22,3040255321,8210-002,"GOVERNOR,CONSTANT SPEED DRIVE",PAMALS,OS concluída,,,
2026-09-22,3040255461,DAAS-A-010-1,ADAS-D PROCESSOR,PAMALS,REC,EM REPARO,VEE ONE,434.0
2026-09-22,3040255589,071-01519-0101,"RECEIVER-EXCITER,RADAR",BANT,REC,,PROCURANDO,432.0
2026-09-22,3040255590,071-01519-0101,"RECEIVER-EXCITER,RADAR",PAMALS,OS concluída,,,
2026-09-22,3040255706,C661064-0237,AIRSPEED INDICATOR,BAMN,OS concluída,,,
2026-09-22,3040256114,5934PAD-3,"ALTIMETER,PRESSURE",PAMALS,REC,EM REPARO,VEE ONE,418.0
2026-09-22,3040256119,011-00878-10,GSA-81 TORQUE SERVO,BAPV,REC,EM REPARO,LEAP,418.0
2026-09-22,3040256112,011-00883-20,RADAR GWX 68 WEATHER,BABE,REC,,BAMN,418.0
2026-09-22,3040256115,5934PAD-3,"ALTIMETER,PRESSURE",PAMALS,OS concluída,,,
2026-09-22,3040256118,011-00878-10,GSA-81 TORQUE SERVO,BAPV,REC,,BACO,418.0
2026-09-22,3040256120,011-00916-10,"DISPLAY UNIT,FLIGHT INFORMATION",BAMN,OS concluída,,,
2026-09-22,3040256314,066-4010-12,RECEIVER VOR/LOC (KNS81),EEAR,REC,EM REPARO,LEAP,405.0
2026-09-22,3040256311,3121248-03,"VALVE ASSEMBLY,COMPRESSOR BLEED",PAMALS,OS concluída,,,
2026-09-22,3040256704,C661064-0237,AIRSPEED INDICATOR,PAMALS,OS concluída,,,
2026-09-22,3040256707,D210507,"GOVERNOR,OVERSPEED",PAMALS,OS concluída,,,
2026-09-22,3040256708,D210507,"GOVERNOR,OVERSPEED",PAMALS,REC,REPARADO,VEE ONE,396.0
2026-09-22,3040256702,C661064-0237,AIRSPEED INDICATOR,BABR,OS concluída,,,
2026-09-22,3040256703,C661064-0237,AIRSPEED INDICATOR,PAMALS,OS concluída,,,
2026-09-22,3040256662,030-18200,MAIN WHEEL BRAKE,BASM,OS concluída,,,
2026-09-22,3040256665,161-11700,INNER WHEEL HALF ASSY,BABV,OS concluída,,,
2026-09-22,3040256666,161-11700,INNER WHEEL HALF ASSY,PAMALS,OS concluída,,,
2026-09-22,3040256667,161-11700,INNER WHEEL HALF ASSY,PAMALS,OS concluída,,,
2026-09-22,3040256668,161-11700,INNER WHEEL HALF ASSY,PAMALS,OS concluída,,,
2026-09-22,3040256669,161-11700,INNER WHEEL HALF ASSY,PAMALS,OS concluída,,,
2026-09-22,3040256670,161-11700,INNER WHEEL HALF ASSY,PAMALS,OS concluída,,,
2026-09-22,3040256671,161-11700,INNER WHEEL HALF ASSY,PAMALS,REC,,PAMA-LS,396.0
2026-09-22,3040256698,030-18200,MAIN WHEEL BRAKE,PAMASP,REC,,BABE,396.0
2026-09-22,3040256713,030-18200,MAIN WHEEL BRAKE,ALA 3,REC,,BAMN,396.0
2026-09-22,3040256694,162-11800,WHEEL HALF ASSY-OUTER,BANT,OS concluída,,,
2026-09-22,3040256696,162-11800,WHEEL HALF ASSY-OUTER,PAMALS,REC,,PAMA-LS,396.0
2026-09-22,3040256672,161-12800,WHEEL HALF ASSY-INNER,PAMALS,OS concluída,,PAMA-LS,
2026-09-22,3040256675,161-12800,WHEEL HALF ASSY-INNER,BANT,OS concluída,,,
2026-09-22,3040256792,011-00877-00,"GSA-80 SERVO ROL,YAW,SPEC",BAMN,REC,,PROCURANDO,396.0
2026-09-22,3040256787,011-00877-00,"GSA-80 SERVO ROL,YAW,SPEC",PAMALS,REC,EM REPARO,VEE ONE,396.0
2026-09-22,3040256828,011-00883-20,RADAR GWX 68 WEATHER,PAMALS,REC,,PAMA-LS,396.0
2026-09-22,3040256709,3121248-03,"VALVE ASSEMBLY,COMPRESSOR BLEED",PAMASP,REC,,BANT,393.0
2026-09-22,3040256673,161-12800,WHEEL HALF ASSY-INNER,PAMALS,REC,CONDENADO,VEE ONE,393.0
2026-09-22,3040257095,011-01105-01,INTEGRATED AVIONICS UNIT GIA63W,BABE,REC,EM REPARO,VEE ONE,389.0
2026-09-22,3040257096,011-01105-01,INTEGRATED AVIONICS UNIT GIA63W,BABE,REC,,BAMN,389.0
2026-09-22,3040257093,065-00183-0501,AUTOPILOT COMPUTER KFC225,BABE,REC,,BANT,389.0
2026-09-22,3040257094,065-00183-0501,AUTOPILOT COMPUTER KFC225,BABE,REC,,BANT,389.0
2026-09-22,3040257443,161-12800,WHEEL HALF ASSY-INNER,ALA 3,AUT,,,377.0
2026-09-22,3040257442,C163030-1001,MAIN W BRAKE A,BAMN,OS concluída,,BAMN,
2026-09-22,3040257452,3244809-8,"FUEL CONTROL,MAIN,TURBINE ENGINE",BAPV,OS concluída,,,
2026-09-22,3040257454,EA-5172-45-CES,"INDICATOR,AIRSPEED",BACG,OS concluída,,,
2026-09-22,3040257453,EA-5172-45-CES,"INDICATOR,AIRSPEED",ALA 7,REC,DEVOLVIDO NO ESTADO,WILLIAM,370.0
2026-09-22,3040257451,3244809-7,"FUEL CONTROL,MAIN,TURBINE ENGINE",PAMASP,REC,,BANT,370.0
2026-09-22,3040257450,3244809-4,"FUEL CONTROL,MAIN,TURBINE ENGINE",PAMASP,OS concluída,EM REPARO,LEAP,
2026-09-22,3040257438,030-18200,MAIN WHEEL BRAKE,BAMN,REC,REPARADO,VEE ONE,370.0
2026-09-22,3040257444,162-10700,OUTER WHEEL HALF ASSY,PAMALS,OS concluída,,,
2026-09-22,3040257447,162-10700,OUTER WHEEL HALF ASSY,PAMALS,OS concluída,,,
2026-09-22,3040257436,30994-001,BATTERY-MARATHON TSP410 NICAD,PAMALS,OS concluída,,PAMA-LS,
2026-09-22,3040257441,030-18200,MAIN WHEEL BRAKE,BAPV,REC,,BAMN,370.0
2026-09-22,3040257440,030-18200,MAIN WHEEL BRAKE,BANT,REC,CONDENADO,VEE ONE,370.0
2026-09-22,3040257439,030-18200,MAIN WHEEL BRAKE,BAMN,REC,,BAMN,370.0
2026-09-22,3040258306,D210507,"GOVERNOR,OVERSPEED",PAMALS,REC,EM REPARO,LEAP,350.0
2026-09-22,3040258310,D210507,"GOVERNOR,OVERSPEED",BACO,OS concluída,,,
2026-09-22,3040258309,D210507,"GOVERNOR,OVERSPEED",BAMN,REC,EM REPARO,LEAP,350.0
2026-09-22,3040258308,D210507,"GOVERNOR,OVERSPEED",BAMN,OS concluída,,,
2026-09-22,3040258307,D210507,"GOVERNOR,OVERSPEED",ALA 5,OS concluída,,,
2026-09-22,3040258303,011-00877-00,"GSA-80 SERVO ROL,YAW,SPEC",DACTA II,REC,EM REPARO,VEE ONE,350.0
2026-09-22,3040258422,2601188-8,COMPRESSOR DRIVE ASSY R134A,PAMASP,REC,,PROCURANDO,348.0
2026-09-22,3040258419,011-00877-00,"GSA-80 SERVO ROL,YAW,SPEC",DACTA II,REC,EM REPARO,VEE ONE,348.0
2026-09-22,3040258420,011-00877-00,"GSA-80 SERVO ROL,YAW,SPEC",BACO,REC,EM REPARO,VEE ONE,348.0
2026-09-22,3040258421,011-00877-00,"GSA-80 SERVO ROL,YAW,SPEC",BABE,REC,,BACO,348.0
2026-09-22,3040258764,069-01034-0102,"NAVIGATION SET,SATELLITE SIGNALS KLN-94",PAMALS,REC,,BANT,341.0
2026-09-22,3040259152,066-01141-5101,"TRANSPONDER,RADAR",BABE,REC,,BANT,322.0
2026-09-22,3040259151,066-01141-5101,"TRANSPONDER,RADAR",BANT,REC,,BANT,322.0
2026-09-22,3040259251,064-1019-05,VHF TRANSCEIVE KY196,EEAR,REC,,EEAR,320.0
2026-09-22,3040259146,1U149-015-15,HORIZ. GYRO-STADBY,PAMALS,REC,EM REPARO,VEE ONE,319.0
2026-09-22,3040259147,162-10700,OUTER WHEEL HALF ASSY,BANT,REC,EM REPARO,AMA - VEE ONE,319.0
2026-09-22,3040259148,3049038-03,"VALVE,COMPRESSOR BLEED",BANT,OS concluída,,,
2026-09-22,3040259316,2606015-4,INDICATOR-OIL TEMP/OIL PRESS,BACG,REC,,PAMA-LS,316.0
2026-09-22,3040259564,C414007-0102,BLOWER ASSY,PAMALS,OS concluída,,,
2026-09-22,3040259568,C414007-0102,BLOWER ASSY,ALA 10,OS concluída,,,
2026-09-22,3040259570,C414007-0102,BLOWER ASSY,ALA 10,OS concluída,,,
2026-09-22,3040259694,025323-150,FUEL PUMP,PAMASP,REC,,BACO,308.0
2026-09-22,3040259922,C414007-0102,BLOWER ASSY,BANT,REC,,PAMA-LS,301.0
2026-09-22,3040259928,C414007-0102,BLOWER ASSY,PAMALS,REC,EM REPARO,VEE ONE,301.0
2026-09-22,3040259924,C414007-0102,BLOWER ASSY,BACG,REC,EM REPARO,VEE ONE,301.0
2026-09-22,3040259918,C414007-0102,BLOWER ASSY,ALA 10,OS concluída,,VEE ONE,
2026-09-22,3040259950,065-0060-01,"CONTROL,SERVO,AUTOMATIC PILOT",PAMALS,REC,EM REPARO,LEAP,301.0
2026-09-22,3040259949,065-0060-01,"CONTROL,SERVO,AUTOMATIC PILOT",PAMALS,REC,EM REPARO,LEAP,301.0
2026-09-22,3040259947,066-3046-07,"CONTROL,INDICATOR",EEAR,OS concluída,,,
2026-09-22,3040259946,066-3046-07,"CONTROL,INDICATOR",BANT,REC,,BANT,301.0
2026-09-22,3040259944,066-3046-07,"CONTROL,INDICATOR",EEAR,REC,,PAMA-LS,301.0
2026-09-22,3040260209,011-00916-00,DISPLAY UNIT GDU 1040A,PAMALS,REC,,BAMN,287.0
2026-09-22,3040260208,324843-W020,HEADSET-MICROPHONE,PAMALS,REC,VAI SER DEVOLVIDO SEM REPARO,WILLIAM,287.0
2026-09-22,3040260204,324843-W020,HEADSET-MICROPHONE,PAMALS,OS concluída,,,
2026-09-22,3040260205,324843-W020,HEADSET-MICROPHONE,PAMALS,OS concluída,,,
2026-09-22,3040260388,SD5H14C4527,AIR COMPRESSOR,PAMALS,REC,EM REPARO,VEE ONE,280.0
2026-09-22,3040260382,065-00183-0501,AUTOPILOT COMPUTER KFC225,BANT,REC,,BANT,280.0
2026-09-22,3040260389,SD5H14C4527,AIR COMPRESSOR,PAMALS,REC,EM REPARO,VEE ONE,280.0
2026-09-22,3040260517,ASG12000-2,ALTERNATOR,PAMALS,OS concluída,,,
2026-09-22,3040260524,51539-012M,CONTROL UNIT ASSY-GENERATOR,BANT,REC,,BACG,277.0
2026-09-22,3040260516,ASG12000-2,ALTERNATOR,PAMALS,REC,,V1 PAMA-LS,277.0
2026-09-22,3040260523,9910592-2,ALTERNADOR,BAMN,OS concluída,,babr,
2026-09-22,3040260522,9910592-2,ALTERNADOR,BAMN,REC,,dacta II,277.0
2026-09-22,3040260547,161-12800,WHEEL HALF ASSY-INNER,EPCAR,OS concluída,,BABE,
2026-09-22,3040260545,161-11700,INNER WHEEL HALF ASSY,BACG,OS concluída,,,
2026-09-22,3040260544,161-11700,INNER WHEEL HALF ASSY,BANT,OS concluída,,,
2026-09-22,3040260546,161-12800,WHEEL HALF ASSY-INNER,PAMALS,REC,,,259.0
2026-09-22,3040260548,161-11700,INNER WHEEL HALF ASSY,CLA,OS concluída,,,
2026-09-22,3040260549,162-10700,OUTER WHEEL HALF ASSY,BACG,OS concluída,,,
2026-09-22,3040260550,162-10700,OUTER WHEEL HALF ASSY,CLA,OS concluída,,,
2026-09-22,3040260551,162-11800,WHEEL HALF ASSY-OUTER,BANT,REC,,,259.0
2026-09-22,3040260552,30994-001,BATTERY-MARATHON TSP410 NICAD,BABE,OS concluída,,PAMA-LS,
2026-09-22,3040260543,324843-W020,HEADSET-MICROPHONE,PAMALS,REC,,PAMA-LS,259.0
2026-09-22,3040260542,324843-W020,HEADSET-MICROPHONE,PAMALS,REC,,BABE,259.0
2026-09-22,3040260541,324843-W020,HEADSET-MICROPHONE,PAMALS,OS concluída,,,
2026-09-22,3040260540,324843-W020,HEADSET-MICROPHONE,PAMALS,OS concluída,,,
2026-09-22,3040260538,324843-W020,HEADSET-MICROPHONE,PAMALS,REC,,BABE,259.0
2026-09-22,3040260539,324843-W020,HEADSET-MICROPHONE,PAMALS,REC,,BABE,259.0
2026-09-22,3040260595,9910586-4,FLAP ACTUATOR AND MOTOR ASSEMBLY,7 ETA,REC,,BAMN,259.0
2026-09-22,3040260597,9910586-4,FLAP ACTUATOR AND MOTOR ASSEMBLY,BAPV,OS concluída,,BABR,
2026-09-22,3040260583,3244897-4,FUEL CONTROL UNIT,PAMALS,OS concluída,,,
2026-09-22,3040260750,3122678-04,FUEL CONTROL UNIT,PAMASP,REC,,BANT,251.0
2026-09-22,3040260752,3244897-4,FUEL CONTROL UNIT,PAMASP,OS concluída,,,
2026-09-22,3040260753,3244809-7,"FUEL CONTROL,MAIN,TURBINE ENGINE",PAMASP,OS concluída,,,
2026-09-22,3040260754,3244809-1,"FUEL CONTROL,MAIN,TURBINE ENGINE",PAMASP,REC,EM QUARENTENA,LEAP,251.0
2026-09-22,3040254794,C145-350,"MOTOR,DIRECT CURRENT",PAMALS,OS concluída,,,
2026-09-22,3040260913,064-1054-30,RECEIVER-TRANSMITTER SUBASSEMBLY,EPCAR,REC,,V1 PAMA-LS,239.0
2026-09-22,3040260915,064-1054-30,RECEIVER-TRANSMITTER SUBASSEMBLY,PAMALS,REC,,BABR,239.0
2026-09-22,3040260811,3034792,BOMBA DE COMBUSTÍVEL,BAPV,OS concluída,,BABR,
2026-09-22,3040260812,3034792,BOMBA DE COMBUSTÍVEL,BACG,OS concluída,,,
2026-09-22,3040260922,162-11800,WHEEL HALF ASSY-OUTER,PAMALS,OS concluída,,,
2026-09-22,3040260923,030-18200,MAIN WHEEL BRAKE,BACO,REC,REPARADO,VEE ONE,237.0
2026-09-22,3040261389,3034792,BOMBA DE COMBUSTÍVEL,PAMASP,OS concluída,REPARADO,V1 PAMA-LS,
2026-09-22,3040261388,3034792,BOMBA DE COMBUSTÍVEL,BABR,OS concluída,,,
2026-09-22,3040261387,3034792,BOMBA DE COMBUSTÍVEL,BABR,OS concluída,,,
2026-09-22,3040261371,TFF2905-13,FUEL FLOW TRANSDUCER,ALA 8,REC,,PAMA-LS,224.0
2026-09-22,3040261375,C661065-0240RX,"INDICATOR, AIRSPEED",BACG,REC,EM REPARO,WILLIAM,224.0
2026-09-22,3040261373,C661065-0240,AIRSPEED INDICATOR,BABE,REC,,PAMA-LS,224.0
2026-09-22,3040261322,011-00831-00,"ENGINE INTERFA,SPEC",BAPV,REC,,VEE ONE,224.0
2026-09-22,3040261326,011-00882-10,"COMPUTER,AIR DATA",BAMN,OS concluída,,,
2026-09-22,3040261324,011-00882-10,"COMPUTER,AIR DATA",BAMN,OS concluída,,,
2026-09-22,3040261327,064-1054-30,RECEIVER-TRANSMITTER SUBASSEMBLY,PAMASP,REC,,PAMA-LS,224.0
2026-09-22,3040261336,066-01141-0101,"RECEIVER,RADIO",BANT,REC,,PAMA-LS,224.0
2026-09-22,3040261334,065-0065-01,SELECTOR ALT,BANT,REC,,PAMA-LS,224.0
2026-09-22,3040261331,065-0061-36,ACTUATOR TRIM (KS272A),PAMASP,OS concluída,,BABR,
2026-09-22,3040261329,065-0061-36,ACTUATOR TRIM (KS272A),ALA 10,OS concluída,,,
2026-09-22,3040261335,065-0065-01,SELECTOR ALT,BANT,REC,,PAMA-LS,224.0
2026-09-22,3040261342,066-3084-02,COLOR RADAR INDICATOR,BABV,REC,,PAMA-LS,224.0
2026-09-22,3040261340,066-1053-00,"RECEIVER,RADIO",BASM,REC,,PAMA-LS,224.0
2026-09-22,3040261377,066-3054-01,INDICATOR RADAR ALTIMETER - TYPE KI250,PAMALS,REC,EM REPARO,WILLIAM,224.0
2026-09-22,3040261376,066-1061-03,RT RADAR ALTIM (KRA10A),PAMALS,REC,PARA REPARO,VEE ONE,224.0
2026-09-22,3040261352,1134380-4,EVAPORATOR MODULE ASSY-RH,BAMN,REC,CONDENADO,VEE ONE,224.0
2026-09-22,3040261347,071-1234-00,ANTENNA ACCESSORY,ALA 1,REC,EM REPARO,WILLIAM,224.0
2026-09-22,3040261344,066-4010-12,RECEIVER VOR/LOC (KNS81),ALA 10,REC,EM REPARO,WILLIAM,224.0
2026-09-22,3040261353,1H75-21,PRESSURE REGULATOR,BAMN,OS concluída,,BAMN,
2026-09-22,3040261357,2682001-1,BRAKE CYL MAST,BABE,OS concluída,,,
2026-09-22,3040261356,2670104-2,ANNUNCIATOR PANEL,PAMALS,OS concluída,,,
2026-09-22,3040261355,2643100-201,NOSE GEAR STRUT ASSY - TALL FORK,BABR,OS concluída,,,
2026-09-22,3040261354,2643100-201,NOSE GEAR STRUT ASSY - TALL FORK,BANT,REC,EM REPARO,AV AERONAUTICA,224.0
2026-09-22,3040261364,8210-002-01,GOVERNOR PROPELLER,PAMASP,REC,REPARADO,VEE ONE,224.0
2026-09-22,3040261627,S3828-1,ALTIMETER,BAMN,REC,,PAMA-LS,210.0
2026-09-22,3040261628,S3828-1,ALTIMETER,BABE,REC,REPARADO,V1 PAMA-LS,210.0
2026-09-22,3040261851,51539-012MRX,CONTROL UNIT ASSY-GENERATOR,BABE,REC,EM REPARO,VEE ONE,202.0
2026-09-22,3040261852,51539-012MRX,CONTROL UNIT ASSY-GENERATOR,BABE,REC,EM REPARO,VEE ONE,202.0
2026-09-22,3040261843,3034792,BOMBA DE COMBUSTÍVEL,PAMALS,REC,EM REPARO,VEE ONE,197.0
2026-09-22,3040262245,200SGL119Q-2,STARTER GENERATOR,BAMN,OS concluída,,,
2026-09-22,3040262246,200SGL119Q-2,STARTER GENERATOR,BAMN,OS concluída,,,
2026-09-22,3040262273,324843-W020,HEADSET-MICROPHONE,BABE,OS concluída,,,
2026-09-22,3040262275,324843-W020,HEADSET-MICROPHONE,BANT,OS concluída,,,
2026-09-22,3040262363,066-1055-00,AUDIO CONTROL PANEL,ALA 5,OS concluída,,,
2026-09-22,3040262367,066-1055-00,AUDIO CONTROL PANEL,ALA 9,REC,,WILLIAM,180.0
2026-09-22,3040262368,066-1055-00,AUDIO CONTROL PANEL,CLA,OS concluída,,,
2026-09-22,3040262372,51539-012M,CONTROL UNIT ASSY-GENERATOR,BANT,REC,,PAMA-LS,180.0
2026-09-22,3040262371,51539-012N,CONTROL UNIT ASSY-GENERATOR,BANT,REC,,PAMA-LS,180.0
2026-09-22,3040262419,065-0061-36,ACTUATOR TRIM (KS272A),ALA 9,REC,EM REPARO,WILLIAM,175.0
2026-09-22,3040262734,C352,PORTABLE HALON FIRE EXTINGUISHERS,ALA 5,REC,EM REPARO,AV AERONAUTICA,162.0
2026-09-22,3040262738,C352TS,"EXTINGUISHER,FIRE",BANT,REC,,AV AERONÁUTICA,162.0
2026-09-22,3040262739,C352TS,"EXTINGUISHER,FIRE",BANT,REC,,AV AERONÁUTICA,162.0
2026-09-22,3040262740,C352TS,"EXTINGUISHER,FIRE",PAMALS,REC,,AV AERONÁUTICA,162.0
2026-09-22,3040262766,011-00883-20,RADAR GWX 68 WEATHER,BAMN,OS concluída,,V1 PAMA-LS,
2026-09-22,3040262765,011-00883-20,RADAR GWX 68 WEATHER,BAMN,REC,,V1 PAMA-LS,162.0
2026-09-22,3040262772,011-01020-10,AFCS MODE CONTROLLER GMC 710,BAMN,REC,,PAMA-LS,162.0
2026-09-22,3040262770,011-01020-10,AFCS MODE CONTROLLER GMC 710,BAMN,REC,,PAMA-LS,162.0
2026-09-22,3040262773,011-01020-10,AFCS MODE CONTROLLER GMC 710,BAMN,REC,,PAMA-LS,162.0
2026-09-22,3040262746,066-1070-01,TRANSCEIVER DME (KN63),BABE,REC,EM REPARO,WILLIAM,162.0
2026-09-22,3040262745,064-1019-05,VHF TRANSCEIVE KY196,EEAR,REC,EM REPARO,VEE ONE,162.0
2026-09-22,3040262747,066-1072-00,RECEIVER ADF (KING KR87),ALA 7,REC,EM REPARO,WILLIAM,162.0
2026-09-22,3040262748,066-3046-07,"CONTROL,INDICATOR",BABR,REC,,BANT,162.0
2026-09-22,3040262769,066-3046-07,"CONTROL,INDICATOR",BABR,REC,,BANT,162.0
2026-09-22,3040262768,066-3046-07,"CONTROL,INDICATOR",EEAR,OS concluída,,BABR,
2026-09-22,3040262767,066-3046-07,"CONTROL,INDICATOR",EEAR,REC,EM REPARO,LEAP,162.0
2026-09-22,3040262791,066-3060-00,IND RMI KNI582,BANT,OS concluída,,,
2026-09-22,3040262630,161-11700,INNER WHEEL HALF ASSY,BANT,REC,,PAMA-LS,162.0
2026-09-22,3040262792,066-3060-00,IND RMI KNI582,BANT,REC,EM REPARO,LEAP,162.0
2026-09-22,3040262634,162-10700,OUTER WHEEL HALF ASSY,BANT,OS concluída,,PAMA-LS,
2026-09-22,3040262632,161-12800,WHEEL HALF ASSY-INNER,BANT,OS concluída,REPARADO,VEE ONE,
2026-09-22,3040262633,161-12800,WHEEL HALF ASSY-INNER,BANT,OS concluída,,,
2026-09-22,3040262635,162-11800,WHEEL HALF ASSY-OUTER,EPCAR,OS concluída,,,
2026-09-22,3040262637,162-11800,WHEEL HALF ASSY-OUTER,BANT,REC,REPARADO,VEE ONE,162.0
2026-09-22,3040262636,162-11800,WHEEL HALF ASSY-OUTER,BANT,OS concluída,REPARADO,VEE ONE,
2026-09-22,3040262646,200SGL119Q,STARTER GENERATOR,PAMASP,OS concluída,,,
2026-09-22,3040262639,200SGL119Q,STARTER GENERATOR,PAMASP,OS concluída,,PAMA-LS,
2026-09-22,3040262638,200SGL119Q,STARTER GENERATOR,PAMALS,REC,EM REPARO,AV AERONAUTICA,162.0
2026-09-22,3040262757,2606015-2,IND OIL TEMP/P,PAMALS,REC,EM REPARO,VEE ONE,162.0
2026-09-22,3040262706,2641011-5,AXLE-MAIN GEAR,BAMN,REC,,BANT,162.0
2026-09-22,3040262707,2641011-5,AXLE-MAIN GEAR,BABV,OS concluída,REPARADO,VEE ONE,
2026-09-22,3040262717,2641011-5,AXLE-MAIN GEAR,BANT,OS concluída,REPARADO,VEE ONE,
2026-09-22,3040262714,2641011-5,AXLE-MAIN GEAR,BAPV,REC,,BANT,162.0
2026-09-22,3040262713,2641011-5,AXLE-MAIN GEAR,BAPV,OS concluída,,,
2026-09-22,3040262712,2641011-5,AXLE-MAIN GEAR,BABR,REC,,BANT,162.0
2026-09-22,3040262711,2641011-5,AXLE-MAIN GEAR,BABR,REC,,BANT,162.0
2026-09-22,3040262709,2641011-5,AXLE-MAIN GEAR,PAMALS,REC,,BANT,162.0
2026-09-22,3040262708,2641011-5,AXLE-MAIN GEAR,PAMALS,REC,,BANT,162.0
2026-09-22,3040262744,3244809-1A,F.C.U,PAMALS,REC,EM REPARO,LEAP,162.0
2026-09-22,3040262758,9910338-4,FUEL TOTALIZER INDICATOR,PAMALS,REC,EM REPARO,VEE ONE,162.0
2026-09-22,3040262759,9910338-6,"TRANSMITTER,RATE OF FLOW",BAMN,REC,,PAMA-LS,162.0
2026-09-22,3040262760,9910338-6,"TRANSMITTER,RATE OF FLOW",BANT,REC,EM REPARO,VEE ONE,162.0
2026-09-22,3040262966,2682001-1,BRAKE CYL MAST,BACO,OS concluída,,PAMA-LS,
2026-09-22,3040262967,2682001-1,BRAKE CYL MAST,PAMALS,REC,,PAMA-LS,160.0
2026-09-22,3040262968,2682001-1,BRAKE CYL MAST,BANT,OS concluída,,PAMA-LS,
2026-09-22,3040262969,2682001-1,BRAKE CYL MAST,BABE,REC,,PAMA-LS,160.0
2026-09-22,3040263069,453-5060,ELT C406-N,BABE,OS concluída,,,
2026-09-22,3040263283,D145-00-46-2,FLAP ACTUATOR ASSY,PAMALS,REC,,,145.0
2026-09-22,3040263284,D145-00-46-2,FLAP ACTUATOR ASSY,BAFL,REC,,,145.0
2026-09-22,3040263324,069-01033-0101,"RECEIVER-TRANSMITTER,RADIO",PAMALS,REC,EM REPARO,LEAP,145.0
2026-09-22,3040263287,C661065-0237,AIRSPEED INDICATOR,BABR,OS concluída,,,
2026-09-22,3040263288,C661065-0237,AIRSPEED INDICATOR,PAMASP,OS concluída,,,
2026-09-22,3040263314,060-0017-00,FLIGHT DIR HOR,EEAR,REC,EM REPARO,LEAP,145.0
2026-09-22,3040263319,066-1055-00,AUDIO CONTROL PANEL,BABE,OS concluída,,,
2026-09-22,3040263317,060-0017-00,FLIGHT DIR HOR,PAMASP,REC,,BANT,145.0
2026-09-22,3040263316,060-0017-00,FLIGHT DIR HOR,BANT,REC,,BANT,145.0
2026-09-22,3040263320,066-1055-00,AUDIO CONTROL PANEL,PAMALS,REC,EM REPARO,AV AERONAUTICA,145.0
2026-09-22,3040263325,069-01033-0101,"RECEIVER-TRANSMITTER,RADIO",PAMALS,REC,,,145.0
2026-09-22,3040263335,C611008-0101,ALTERNATOR CONTROL UNIT,PAMALS,REC,,BANT,145.0
2026-09-22,3040263336,C611008-0101,ALTERNATOR CONTROL UNIT,PAMALS,REC,,BANT,145.0
2026-09-22,3040263286,C661065-0237,AIRSPEED INDICATOR,BANT,REC,,PAMA-LS,145.0
2026-09-22,3040263322,066-1055-00,AUDIO CONTROL PANEL,ALA 9,REC,EM REPARO,WILLIAM,145.0
2026-09-22,3040263326,069-01033-0101,"RECEIVER-TRANSMITTER,RADIO",PAMALS,REC,,BANT,145.0
2026-09-22,3040263315,060-0017-00,FLIGHT DIR HOR,BACG,OS concluída,,BABR,
2026-09-22,3040263334,011-00916-10,"DISPLAY UNIT,FLIGHT INFORMATION",BACO,REC,,WILLIAM,145.0
2026-09-22,3040263333,011-00916-10,"DISPLAY UNIT,FLIGHT INFORMATION",BACO,OS concluída,,BAMN,
2026-09-22,3040263332,011-00916-10,"DISPLAY UNIT,FLIGHT INFORMATION",BAMN,OS concluída,,,
2026-09-22,3040263331,C661064-0237,AIRSPEED INDICATOR,PAMALS,REC,,PAMA-LS,145.0
2026-09-22,3040263329,C661064-0237,AIRSPEED INDICATOR,PAMALS,REC,,PAMA-LS,145.0
2026-09-22,3040263328,C661064-0237,AIRSPEED INDICATOR,BABR,REC,EM REPARO,WILLIAM,145.0
2026-09-22,3040263327,C661064-0237,AIRSPEED INDICATOR,BABR,REC,EM REPARO,WILLIAM,145.0
2026-09-22,3040263330,C661064-0237,AIRSPEED INDICATOR,PAMALS,REC,,PAMA-LS,145.0
2026-09-22,3040263338,C611008-0101,ALTERNATOR CONTROL UNIT,PAMALS,REC,,V1 PAMA-LS,145.0
2026-09-22,3040263433,066-03064-0005,"ALTIMETER,SERVO CONTROLLED,AUTOMATIC PRESSURE",BACG,REC,,PAMA-LS,139.0
2026-09-22,3040263435,066-03064-0005,"ALTIMETER,SERVO CONTROLLED,AUTOMATIC PRESSURE",BANT,REC,,PAMA-LS,139.0
2026-09-22,3040263434,066-03064-0005,"ALTIMETER,SERVO CONTROLLED,AUTOMATIC PRESSURE",PAMASP,REC,,PAMA-LS,139.0
2026-09-22,3040263417,069-01033-0101,"RECEIVER-TRANSMITTER,RADIO",PAMALS,REC,EM REPARO,WILLIAM,139.0
2026-09-22,3040263416,069-01033-0101,"RECEIVER-TRANSMITTER,RADIO",BASM,REC,EM REPARO,WILLIAM,139.0
2026-09-22,3040263415,069-01033-0101,"RECEIVER-TRANSMITTER,RADIO",BABR,REC,,BANT,139.0
2026-09-22,3040263447,066-3046-07,"CONTROL,INDICATOR",CLA,OS concluída,,BABR,
2026-09-22,3040263443,3244897-4,FUEL CONTROL UNIT,PAMALS,REC,EM REPARO,LEAP,138.0
2026-09-22,3040263444,3244897-4,FUEL CONTROL UNIT,PAMALS,REC,EM REPARO,LEAP,138.0
2026-09-22,3040263577,060-0015-00,"CONTROL,DIRECTIONAL,AUTOMATIC PILOT",ALA 5,REC,,WILLIAM,133.0
2026-09-22,3040263574,066-1072-04,"RECEIVER,RADIO",BABE,REC,EM REPARO,WILLIAM,133.0
2026-09-22,3040263576,066-1072-04,"RECEIVER,RADIO",BAMN,OS concluída,,WILLIAM,
2026-09-22,3040263575,066-1072-04,"RECEIVER,RADIO",BABE,REC,EM REPARO,WILLIAM,133.0
2026-09-22,3040263573,066-3084-32,IND RDR 2000 IN-182A,PAMALS,REC,,BABR,133.0
2026-09-22,3040263571,066-3084-32,IND RDR 2000 IN-182A,PAMALS,REC,,BANT,133.0
2026-09-22,3040263572,066-3084-32,IND RDR 2000 IN-182A,PAMALS,REC,EM REPARO,WILLIAM,133.0
2026-09-22,3040263448,2618510-10,ALTERNATOR CONTROL UNIT ASSY,BABE,REC,EM REPARO,WILLIAM,133.0
2026-09-22,3040263449,2618510-10,ALTERNATOR CONTROL UNIT ASSY,PAMALS,REC,,BANT,133.0
2026-09-22,3040263877,2641011-5,AXLE-MAIN GEAR,CLA,REC,REPARADO,VEE ONE,123.0
2026-09-22,3040263878,2641011-5,AXLE-MAIN GEAR,CLA,REC,,BABE,123.0
2026-09-22,3040264243,069-01033-0101,"RECEIVER-TRANSMITTER,RADIO",PAMALS,REC,EM REPARO,WILLIAM,116.0
2026-09-22,3040264244,069-01033-0101,"RECEIVER-TRANSMITTER,RADIO",PAMASP,REC,EM REPARO,WILLIAM,116.0
2026-09-22,3040264246,060-0017-00,FLIGHT DIR HOR,PAMALS,REC,,BABR,116.0
2026-09-22,3040264237,200SGL119Q-2,STARTER GENERATOR,BAMN,REC,EM REPARO,AV AERONAUTICA,116.0
2026-09-22,3040264236,200SGL119Q-2,STARTER GENERATOR,BABE,OS concluída,,BABE,
2026-09-22,3040264121,3244897-4,FUEL CONTROL UNIT,BABE,OS concluída,EM REPARO,LEAP,
2026-09-22,3040264263,9910338-8,"INDICATOR,FUEL FLOW",PAMALS,OS concluída,,BABR,
2026-09-22,3040264262,9910338-8,"INDICATOR,FUEL FLOW",BABV,REC,,PAMA-LS,116.0
2026-09-22,3040264242,324843-2020,HEADSET-MICROPHONE,BABE,OS concluída,,BAMN,
2026-09-22,3040264264,324843-2020,HEADSET-MICROPHONE,DACTA II,OS concluída,,BAMN,
2026-09-22,3040264238,324843-2020,HEADSET-MICROPHONE,DACTA II,OS concluída,,,
2026-09-22,3040264241,324843-2020,HEADSET-MICROPHONE,DACTA II,OS concluída,,BAMN,
2026-09-22,3040264240,324843-2020,HEADSET-MICROPHONE,DACTA II,OS concluída,,BAMN,
2026-09-22,3040264122,3244809-8,"FUEL CONTROL,MAIN,TURBINE ENGINE",BABE,OS concluída,,BABR,
2026-09-22,3040263797,066-3046-07,"CONTROL,INDICATOR",BABE,REC,EM REPARO,WILLIAM,116.0
2026-09-22,3040263798,066-3046-07,"CONTROL,INDICATOR",PAMASP,OS concluída,,,
2026-09-22,3040263799,066-3046-07,"CONTROL,INDICATOR",PAMASP,REC,EM REPARO,WILLIAM,116.0
2026-09-22,3040263795,071-01519-0101,"RECEIVER-EXCITER,RADAR",PAMALS,REC,,BANT,116.0
2026-09-22,3040263796,071-01519-0101,"RECEIVER-EXCITER,RADAR",PAMALS,REC,EM REPARO,WILLIAM,116.0
2026-09-22,3040264579,060-0017-00,FLIGHT DIR HOR,BABR,OS concluída,,,
2026-09-22,3040264577,060-0017-00,FLIGHT DIR HOR,PAMALS,REC,,,104.0
2026-09-22,3040264573,060-0017-00,FLIGHT DIR HOR,BANT,REC,,,104.0
2026-09-22,3040264574,060-0017-00,FLIGHT DIR HOR,BANT,REC,,,104.0
2026-09-22,3040264576,060-0017-00,FLIGHT DIR HOR,PAMALS,REC,,,104.0
2026-09-22,3040264572,060-0017-00,FLIGHT DIR HOR,PAMASP,REC,,,104.0
2026-09-22,3040264647,1H75-21,PRESSURE REGULATOR,BAMN,REC,,,99.0
2026-09-22,3040264646,1H75-21,PRESSURE REGULATOR,PAMASP,REC,,,99.0
2026-09-22,3040264645,1H75-21,PRESSURE REGULATOR,PAMASP,REC,,,99.0
2026-09-22,3040264643,1H75-21,PRESSURE REGULATOR,PAMASP,OS concluída,,,
2026-09-22,3040264707,3244809-7,"FUEL CONTROL,MAIN,TURBINE ENGINE",BABE,OS concluída,,,
2026-09-22,3040264709,540-1407-4,"VALVE,BLEED,TURBINEENGINE",PAMASP,REC,,,99.0
2026-09-22,3040264710,200SGL153Q,"STARTER-GENERATOR,ENGINE,AIRCRAFT",CLA,OS concluída,,,
2026-09-22,3040264711,200SGL153Q,"STARTER-GENERATOR,ENGINE,AIRCRAFT",PAMASP,OS concluída,,,
2026-09-22,3040264712,200SGL153Q,"STARTER-GENERATOR,ENGINE,AIRCRAFT",BACG,REC,,,99.0
2026-09-22,3040264718,9910338-8,"INDICATOR,FUEL FLOW",PAMALS,REC,,,99.0
2026-09-22,3040264719,S3326-2,"INDICATOR,HORIZONTAL SITUATION",ALA 8,REC,,,99.0
2026-09-22,3040264720,S3326-2,"INDICATOR,HORIZONTAL SITUATION",PAMALS,REC,,,99.0
2026-09-22,3040264721,S3326-2,"INDICATOR,HORIZONTAL SITUATION",PAMASP,REC,,,99.0
2026-09-22,3040264724,2606013-1AM,INDICADOR PERCENTUAL RPM,BABV,REC,,,99.0
2026-09-22,3040264725,2606013-1AM,INDICADOR PERCENTUAL RPM,BABR,REC,,,99.0
2026-09-22,3040264726,2606015-4,INDICATOR-OIL TEMP/OIL PRESS,BANT,REC,,,99.0
2026-09-22,3040264727,C661051-0201,GYRO HORIZON,ALA 10,REC,,,99.0
2026-09-22,3040264728,504-0111-906,GYRO HORIZON,PAMALS,OS concluída,,,
2026-09-22,3040264729,504-0111-906,GYRO HORIZON,BACG,OS concluída,,,
2026-09-22,3040264730,8210-003,"GOVERNOR,FUEL CONTROL",PAMASP,REC,,,99.0
2026-09-22,3040264731,8210-002,"GOVERNOR,CONSTANT SPEED DRIVE",PAMASP,REC,,,99.0
2026-09-22,3040264732,8210-002,"GOVERNOR,CONSTANT SPEED DRIVE",BAMN,REC,,,99.0
2026-09-22,3040264733,030-18200,MAIN WHEEL BRAKE,BAMN,REC,,,99.0
2026-09-22,3040264734,030-18200,MAIN WHEEL BRAKE,BAMN,REC,,,99.0
2026-09-22,3040264735,161-11700,INNER WHEEL HALF ASSY,PAMALS,REC,,,99.0
2026-09-22,3040264736,161-12800,WHEEL HALF ASSY-INNER,BABR,REC,,,99.0
2026-09-22,3040264737,161-12800,WHEEL HALF ASSY-INNER,PAMALS,AUT,,,99.0
2026-09-22,3040264738,162-10700,OUTER WHEEL HALF ASSY,BACO,AUT,,,99.0
2026-09-22,3040264807,011-01105-01,INTEGRATED AVIONICS UNIT GIA63W,ALA 8,REC,,,91.0
2026-09-22,3040264808,011-01105-01,INTEGRATED AVIONICS UNIT GIA63W,BAMN,REC,,,91.0
2026-09-22,3040264907,011-00916-10,"DISPLAY UNIT,FLIGHT INFORMATION",BAMN,REC,,,84.0
2026-09-22,3040264908,011-00916-10,"DISPLAY UNIT,FLIGHT INFORMATION",BABV,OS concluída,,,
2026-09-22,3040264974,3244809-8,"FUEL CONTROL,MAIN,TURBINE ENGINE",BAMN,REC,,,82.0
2026-09-22,3040264961,3244897-4,FUEL CONTROL UNIT,CLA,OS concluída,,,
2026-09-22,3040264960,3034792,BOMBA DE COMBUSTÍVEL,CLA,OS concluída,,,
2026-09-22,3040265144,011-01020-10,AFCS MODE CONTROLLER GMC 710,BABE,REC,,,76.0
2026-09-22,3040265140,011-01020-10,AFCS MODE CONTROLLER GMC 710,BABE,REC,,,76.0
2026-09-22,3040265482,066-3084-32,IND RDR 2000 IN-182A,BABR,REC,,,61.0
2026-09-22,3040265484,066-3084-32,IND RDR 2000 IN-182A,BANT,REC,,,61.0
2026-09-22,3040265485,066-3084-32,IND RDR 2000 IN-182A,BABR,REC,,,61.0
2026-09-22,3040265526,ASG12000-2,ALTERNATOR,PAMALS,REC,,,57.0
2026-09-22,3040265525,ASG12000-2,ALTERNATOR,BABR,REC,,,57.0
2026-09-22,3040265527,9910592-2,ALTERNADOR,BABR,REC,,,57.0
2026-09-22,3040265533,3122678-04,FUEL CONTROL UNIT,BABR,REC,,,57.0
2026-09-22,3040265532,C611505-0201,ALTERNATOR,BANT,REC,,,57.0
2026-09-22,3040265530,C611505-0201,ALTERNATOR,BABV,REC,,,57.0
2026-09-22,3040265528,9910592-2,ALTERNADOR,BABR,REC,,,57.0
2026-09-22,3040265724,3244897-4,FUEL CONTROL UNIT,CLA,REC,,,56.0
2026-09-22,3040265474,C611008-0101,ALTERNATOR CONTROL UNIT,PAMALS,REC,,,54.0
2026-09-22,3040265475,C611008-0101,ALTERNATOR CONTROL UNIT,BABV,REC,,,54.0
2026-09-22,3040265476,C611008-0101,ALTERNATOR CONTROL UNIT,PAMALS,REC,,,54.0
2026-09-22,3040265477,C611008-0101,ALTERNATOR CONTROL UNIT,PAMALS,REC,,,54.0
2026-09-22,3040265576,011-00916-10,"DISPLAY UNIT,FLIGHT INFORMATION",BAMN,REC,,,53.0
2026-09-22,3040265580,011-00916-00,DISPLAY UNIT GDU 1040A,PAMALS,REC,,,57.0
2026-09-22,3040265581,011-00916-00,DISPLAY UNIT GDU 1040A,PAMALS,REC,,,57.0
2026-09-22,3040265589,EA-5175-52-CES,INDICATOR TRUE,BABV,REC,,,57.0
2026-09-22,3040265590,EA-5175-52-CES,INDICATOR TRUE,BASM,REC,,,57.0
2026-09-22,3040265591,EA-5175-52-CES,INDICATOR TRUE,BABV,REC,,,57.0
2026-09-22,3040265592,EA-5175-52-CES,INDICATOR TRUE,BABV,REC,,,57.0
2026-09-22,3040265668,9910592-2,ALTERNADOR,PAMALS,OS concluída,,,
2026-09-22,3040265678,9910592-2,ALTERNADOR,BAMN,REC,,,57.0
2026-09-22,3040265679,C611505-0201,ALTERNATOR,PAMALS,REC,,,57.0
2026-09-22,3040265680,C611505-0201,ALTERNATOR,ALA 8,REC,,,57.0
2026-09-22,3040265726,071-01519-0101,"RECEIVER-EXCITER,RADAR",PAMALS,REC,,,56.0
2026-09-22,3040265727,071-01519-0101,"RECEIVER-EXCITER,RADAR",CLA,REC,,,56.0
2026-09-22,3040265728,C163030-1001,MAIN W BRAKE A,BAMN,REC,,,56.0
2026-09-22,3040265731,066-3046-07,"CONTROL,INDICATOR",BABR,REC,,,56.0
2026-09-22,3040265732,066-3046-07,"CONTROL,INDICATOR",BANT,REC,,,56.0
2026-09-22,3040265734,066-3046-07,"CONTROL,INDICATOR",EEAR,REC,,,56.0
2026-09-22,3040265735,066-3046-07,"CONTROL,INDICATOR",CLA,REC,,,56.0
2026-09-22,3040265736,C611008-0101,ALTERNATOR CONTROL UNIT,BABV,REC,,,56.0
2026-09-22,3040265737,C611008-0101,ALTERNATOR CONTROL UNIT,EEAR,REC,,,56.0
2026-09-22,3040265738,C611008-0101,ALTERNATOR CONTROL UNIT,PAMALS,REC,,,56.0
2026-09-22,3040265739,C611008-0101,ALTERNATOR CONTROL UNIT,BANT,REC,,,56.0
2026-09-22,3040265740,C611008-0101,ALTERNATOR CONTROL UNIT,BABE,REC,,,56.0
2026-09-22,3040265741,C611008-0101,ALTERNATOR CONTROL UNIT,BABR,REC,,,56.0
2026-09-22,3040265742,066-1072-04,"RECEIVER,RADIO",BACG,REC,,,56.0
2026-09-22,3040265743,066-1072-04,"RECEIVER,RADIO",BAMN,REC,,,56.0
2026-09-22,3040265744,066-1072-04,"RECEIVER,RADIO",PAMALS,REC,,,56.0
2026-09-22,3040265745,066-3084-32,IND RDR 2000 IN-182A,PAMALS,REC,,,56.0
2026-09-22,3040265746,066-3084-32,IND RDR 2000 IN-182A,PAMALS,REC,,,56.0
2026-09-22,3040265747,30994-001,BATTERY-MARATHON TSP410 NICAD,PAMALS,AUT,,,56.0
2026-09-22,3040265748,30994-001,BATTERY-MARATHON TSP410 NICAD,PAMALS,AUT,,,56.0
2026-09-22,3040265749,30994-001,BATTERY-MARATHON TSP410 NICAD,PAMALS,AUT,,,56.0
2026-09-22,3040265750,30994-001,BATTERY-MARATHON TSP410 NICAD,PAMALS,AUT,,,56.0
2026-09-22,3040265751,30994-001,BATTERY-MARATHON TSP410 NICAD,PAMALS,AUT,,,56.0
2026-09-22,3040265752,2641011-5,AXLE-MAIN GEAR,BAMN,REC,,,56.0
2026-09-22,3040265753,2641011-5,AXLE-MAIN GEAR,BAMN,REC,,,56.0
2026-09-22,3040265754,161-11700,INNER WHEEL HALF ASSY,BACO,AUT,,,56.0
2026-09-22,3040265755,161-12800,WHEEL HALF ASSY-INNER,BABE,REC,,,56.0
2026-09-22,3040265757,066-01141-0101,"RECEIVER,RADIO",PAMALS,REC,,,56.0
2026-09-22,3040265758,066-01141-0101,"RECEIVER,RADIO",PAMALS,REC,,,56.0
2026-09-22,3040265759,C660501-0103,"COMPASS,SPEC",DACTA II,REC,,,56.0
2026-09-22,3040265769,023694-000,BATTERY NICKEL CADMIUM,BAPV,REC,,,55.0
2026-09-22,3040265771,2651023-23,ENGINE MOUNT ASSEMBLY,PAMALS,REC,,,55.0
2026-09-22,3040265772,2651023-23,ENGINE MOUNT ASSEMBLY,PAMALS,REC,,,55.0
2026-09-22,3040265892,324843-0020,HEADSET-MICROPHONE,PAMALS,REC,,,50.0
2026-09-22,3040265893,324843-0020,HEADSET-MICROPHONE,PAMALS,OS concluída,,,
2026-09-22,3040265894,324843-0020,HEADSET-MICROPHONE,PAMALS,REC,,,50.0
2026-09-22,3040265895,324843-0020,HEADSET-MICROPHONE,PAMALS,REC,,,50.0
2026-09-22,3040265946,011-00870-00,MAGNETOMETER GMU 44,BAMN,REC,,,47.0
2026-09-22,3040265947,011-00870-00,MAGNETOMETER GMU 44,BAMN,REC,,,47.0
2026-09-22,3040266034,C662041-0102,INDICATOR FUEL,BABE,REC,,,43.0
2026-09-22,3040266040,C662041-0102,INDICATOR FUEL,PAMALS,REC,,,43.0
2026-09-22,3040266036,C662041-0102,INDICATOR FUEL,PAMALS,REC,,,43.0
2026-09-22,3040266035,C662041-0102,INDICATOR FUEL,PAMALS,REC,,,35.0
2026-09-22,3040266039,C662041-0102,INDICATOR FUEL,BANT,REC,,,35.0
2026-09-22,3040266041,C662041-0102,INDICATOR FUEL,PAMALS,REC,,,35.0
2026-09-22,3040266307,069-01033-0101,"RECEIVER-TRANSMITTER,RADIO",PAMALS,REC,,,33.0
2026-09-22,3040266308,069-01033-0101,"RECEIVER-TRANSMITTER,RADIO",BANT,REC,,,33.0
2026-09-22,3040266306,069-01033-0101,"RECEIVER-TRANSMITTER,RADIO",BACG,REC,,,33.0
2026-09-22,3040266307,069-01033-0101,"RECEIVER-TRANSMITTER,RADIO",PAMALS,REC,,,33.0
2026-09-22,3040266308,069-01033-0101,"RECEIVER-TRANSMITTER,RADIO",BANT,REC,,,33.0
2026-09-22,3040266568,C662504-0101,GAGE VOLT AMME,PAMALS,REC,,,22.0
2026-09-22,3040266567,C662504-0101,GAGE VOLT AMME,ALA 9,REC,,,22.0
2026-09-22,3040266566,C662504-0101,GAGE VOLT AMME,PAMALS,REC,,,22.0
2026-09-22,3040266569,C662504-0101,GAGE VOLT AMME,BABV,REC,,,22.0
2026-09-23,3040249831,066-01141-5101,"RECEIVER-TRANSMITTER,RADIO (KT71)",PAMALS,REC,EM REPARO,LEAP,590.0
2026-09-23,3040250248,452-0133,"BATTERY,NONRECHARGEABLE",BABR,REC,CONDENADO,VEE ONE,574.0
2026-09-23,3040250249,452-0133,"BATTERY,NONRECHARGEABLE",BAMN,REC,CONDENADO,VEE ONE,574.0
2026-09-23,3040250234,3034792,BOMBA DE COMBUSTÍVEL,PAMALS,REC,,BANT,574.0
2026-09-23,3040250816,453-5060,"BEACON,DISTRESS",BAMN,REC,,PAMA-LS,552.0
2026-09-23,3040250830,799-1,TRANSDUCER,BACO,REC,,BANT,552.0
2026-09-23,3040250829,51539-012N,CONTROL UNIT ASSY-GENERATOR,BAMN,OS concluída,,,
2026-09-23,3040250828,51539-012N,CONTROL UNIT ASSY-GENERATOR,BACG,REC,,BABR,552.0
2026-09-23,3040250827,51539-012N,CONTROL UNIT ASSY-GENERATOR,BANT,REC,,BABR,552.0
2026-09-23,3040250831,799-1,TRANSDUCER,BANT,REC,,BANT,552.0
2026-09-23,3040250833,9910586-4,FLAP ACTUATOR AND MOTOR ASSEMBLY,ALA 3,REC,,BAMN,552.0
2026-09-23,3040250834,9910586-4,FLAP ACTUATOR AND MOTOR ASSEMBLY,ALA 3,OS concluída,,,
2026-09-23,3040250832,9910338-4,FUEL TOTALIZER INDICATOR,EEAR,REC,,PAMA-LS,552.0
2026-09-23,3040250835,ASG12000-2,ALTERNATOR,ALA 5,REC,REPARADO,V1 PAMA-LS,552.0
2026-09-23,3040250841,C661030-0301,TURN BANK,PAMALS,REC,EM REPARO,LEAP,552.0
2026-09-23,3040250842,C662041-0102,INDICATOR FUEL,ALA 5,REC,,PAMA-LS,552.0
2026-09-23,3040250844,C662041-0102,INDICATOR FUEL,ALA 9,REC,,PAMA-LS,552.0
2026-09-23,3040250843,C662041-0102,INDICATOR FUEL,ALA 10,OS concluída,,,
2026-09-23,3040250719,060-0017-00,FLIGHT DIR HOR,PAMALS,REC,,BANT,552.0
2026-09-23,3040250720,060-0017-00,FLIGHT DIR HOR,BABV,OS concluída,,,
2026-09-23,3040250722,066-01141-5101,"RECEIVER-TRANSMITTER,RADIO (KT71)",ALA 9,REC,EM REPARO,WILLIAM,552.0
2026-09-23,3040250723,066-01141-5101,"RECEIVER-TRANSMITTER,RADIO (KT71)",CLA,REC,,BABR,552.0
2026-09-23,3040250721,060-0017-00,FLIGHT DIR HOR,BANT,OS concluída,,,
2026-09-23,3040250725,066-3046-07,"CONTROL,INDICATOR",ALA 10,OS concluída,,,
2026-09-23,3040250724,066-04035-1101,"DISPLAY UNIT,RADAR",PAMALS,REC,,BANT,552.0
2026-09-23,3040250732,069-1025-25,"RECEIVER-TRANSMITTER,RADIO - KX165",PAMALS,REC,EM REPARO,WILLIAM,552.0
2026-09-23,3040250782,2606012-1,INDICATOR-INTER-TURBINE TEMPERATURE,ALA 9,OS concluída,,,
2026-09-23,3040250775,161-11700,INNER WHEEL HALF ASSY,BABE,OS concluída,,,
2026-09-23,3040250773,161-11700,INNER WHEEL HALF ASSY,EEAR,REC,,BACG,552.0
2026-09-23,3040250718,030-18200,MAIN WHEEL BRAKE,BACO,OS concluída,,,
2026-09-23,3040250716,030-18200,MAIN WHEEL BRAKE,BABV,REC,EM REPARO,LEAP,552.0
2026-09-23,3040250717,030-18200,MAIN WHEEL BRAKE,BACO,OS concluída,,,
2026-09-23,3040250780,162-11800,WHEEL HALF ASSY-OUTER,PAMALS,OS concluída,,,
2026-09-23,3040250781,162-11800,WHEEL HALF ASSY-OUTER,BACG,OS concluída,,,
2026-09-23,3040250778,161-12800,WHEEL HALF ASSY-INNER,BACG,OS concluída,,,
2026-09-23,3040250776,161-12800,WHEEL HALF ASSY-INNER,BABE,OS concluída,,,
2026-09-23,3040250790,2643031-7,"FORK ASSY,NOSE GEAR SPRING",BAMN,OS concluída,,,
2026-09-23,3040250791,2643090-1,SHIMMY DAMPENE,BANT,REC,EM REPARO,AV AERONAUTICA,552.0
2026-09-23,3040250792,2643090-1,SHIMMY DAMPENE,BAMN,REC,REPARADO,V1 PAMA-LS,552.0
2026-09-23,3040250789,2641012-14,TRUNNION ASSY-RH-MAIN GEAR,PAMASP,OS concluída,,,
2026-09-23,3040250793,2643099-4,"SUPPORT ASSY FOWARD, NLG SPRING",BAMN,OS concluída,,,
2026-09-23,3040250798,30994-001,BATTERY-MARATHON TSP410 NICAD,BANT,OS concluída,CONDENADO,AMA - VEE ONE,
2026-09-23,3040252191,C611008-0101,ALTERNATOR CONTROL UNIT,PAMALS,REC,,BABR,519.0
2026-09-23,3040252159,011-00916-00,DISPLAY UNIT GDU 1040A,BAMN,REC,,BAMN,519.0
2026-09-23,3040252161,065-0042-03,COMPUTER PA,ALA 10,REC,EM REPARO,WILLIAM,519.0
2026-09-23,3040252162,065-0042-03,COMPUTER PA,EEAR,REC,,BABE,519.0
2026-09-23,3040252164,065-0042-03,COMPUTER PA,EEAR,REC,EM REPARO,WILLIAM,519.0
2026-09-23,3040252165,065-0042-03,COMPUTER PA,PAMALS,OS concluída,,,
2026-09-23,3040252166,065-0059-01,SERVO PITCH,EEAR,REC,EM REPARO,WILLIAM,519.0
2026-09-23,3040252168,066-03064-0005,"ALTIMETER,SERVO CONTROLLED,AUTOMATIC PRESSURE",ALA 9,OS concluída,,,
2026-09-23,3040252173,066-03064-0005,"ALTIMETER,SERVO CONTROLLED,AUTOMATIC PRESSURE",BANT,REC,EM REPARO,LEAP,519.0
2026-09-23,3040252172,066-03064-0005,"ALTIMETER,SERVO CONTROLLED,AUTOMATIC PRESSURE",PAMALS,REC,NO ESTADO,VEE ONE,519.0
2026-09-23,3040252170,066-03064-0005,"ALTIMETER,SERVO CONTROLLED,AUTOMATIC PRESSURE",ALA 7,REC,NO ESTADO,VEE ONE,519.0
2026-09-23,3040252178,066-1072-00,RECEIVER ADF (KING KR87),PAMALS,OS concluída,,,
2026-09-23,3040252182,066-1072-04,"RECEIVER,RADIO",ALA 9,OS concluída,,,
2026-09-23,3040252181,066-1072-04,"RECEIVER,RADIO",PAMASP,REC,EM REPARO,WILLIAM,519.0
2026-09-23,3040252180,066-1072-04,"RECEIVER,RADIO",ALA 8,OS concluída,,,
2026-09-23,3040252185,066-1072-04,"RECEIVER,RADIO",BAMN,OS concluída,,,
2026-09-23,3040252189,9910338-6,"TRANSMITTER,RATE OF FLOW",ALA 8,OS concluída,,,
2026-09-23,3040252190,9910338-6,"TRANSMITTER,RATE OF FLOW",BABR,OS concluída,,,
2026-09-23,3040252160,011-01020-10,AFCS MODE CONTROLLER GMC 710,BAMN,OS concluída,,,
2026-09-23,3040252939,C163030-1001,MAIN W BRAKE A,BABV,REC,,BAMN,489.0
2026-09-23,3040252936,030-18200,MAIN WHEEL BRAKE,BACO,REC,,PAMA-LS,489.0
2026-09-23,3040252935,030-18200,MAIN WHEEL BRAKE,BAMN,OS concluída,,,
2026-09-23,3040252940,30-182,MAIN WHEEL BRAKE,BABV,OS concluída,,,
2026-09-23,3040252942,30-182,MAIN WHEEL BRAKE,BAMN,OS concluída,,,
2026-09-23,3040252943,30-182,MAIN WHEEL BRAKE,BAMN,OS concluída,,,
2026-09-23,3040253170,161-12800,WHEEL HALF ASSY-INNER,BASM,OS concluída,,,
2026-09-23,3040253168,161-12800,WHEEL HALF ASSY-INNER,BASM,REC,,PAMA-LS,485.0
2026-09-23,3040253172,161-12800,WHEEL HALF ASSY-INNER,PAMALS,REC,,PAMA-LS,485.0
2026-09-23,3040253174,161-12800,WHEEL HALF ASSY-INNER,PAMALS,OS concluída,,,
2026-09-23,3040253173,161-12800,WHEEL HALF ASSY-INNER,PAMALS,REC,EM REPARO,LEAP,485.0
2026-09-23,3040253176,162-10700,OUTER WHEEL HALF ASSY,BABE,OS concluída,,,
2026-09-23,3040253177,162-10700,OUTER WHEEL HALF ASSY,BABV,REC,,PAMA-LS,485.0
2026-09-23,3040253178,162-10700,OUTER WHEEL HALF ASSY,PAMALS,REC,,PROCURANDO,485.0
2026-09-23,3040253179,162-11800,WHEEL HALF ASSY-OUTER,CLA,OS concluída,,,
2026-09-23,3040253181,162-11800,WHEEL HALF ASSY-OUTER,PAMALS,OS concluída,,,
2026-09-23,3040253180,162-11800,WHEEL HALF ASSY-OUTER,BASM,REC,,PROCURANDO,485.0
2026-09-23,3040253182,162-11800,WHEEL HALF ASSY-OUTER,PAMALS,REC,,PAMA-LS,485.0
2026-09-23,3040253536,2641012-14,TRUNNION ASSY-RH-MAIN GEAR,PAMALS,OS concluída,,,
2026-09-23,3040253529,066-03064-0005,"ALTIMETER,SERVO CONTROLLED,AUTOMATIC PRESSURE",DSM-MN,REC,DEVOLVIDO NO ESTADO,WILLIAM,475.0
2026-09-23,3040253528,066-03064-0005,"ALTIMETER,SERVO CONTROLLED,AUTOMATIC PRESSURE",BANT,OS concluída,,,
2026-09-23,3040253532,799-1,TRANSDUCER,PAMALS,REC,,BANT,475.0
2026-09-23,3040253535,2643099-4,"SUPPORT ASSY FOWARD, NLG SPRING",BABE,REC,CONDENADO,VEE ONE,475.0
2026-09-23,3040253531,799-1,TRANSDUCER,BAMN,REC,,VEE ONE,475.0
2026-09-23,3040253530,799-1,TRANSDUCER,BAMN,REC,,BANT,475.0
2026-09-23,3040253526,30994-001,BATTERY-MARATHON TSP410 NICAD,PAMALS,OS concluída,,PAMA-LS,
2026-09-23,3040253527,30994-001,BATTERY-MARATHON TSP410 NICAD,BAPV,OS concluída,,PAMA-LS,
2026-09-23,3040254195,540-1407-4,"VALVE,BLEED,TURBINEENGINE",PAMALS,REC,,BANT,457.0
2026-09-23,3040254201,2643090-3,SHIMMY DAMPER-NOSE GEAR,PAMALS,REC,,PAMA-LS,457.0
2026-09-23,3040254203,SE1070-6,SHIMMY DAMPENER ASSY,BACGINAT,OS concluída,,,
2026-09-23,3040254205,C660501-0103,"COMPASS,SPEC",PAMALS,REC,,PAMA-LS,457.0
2026-09-23,3040254206,C660501-0103,"COMPASS,SPEC",ALA 8,REC,EM REPARO EM GARANTIA,WILLIAM,457.0
2026-09-23,3040254208,C660501-0103,"COMPASS,SPEC",BABV,REC,,PAMA-LS,457.0
2026-09-23,3040254210,799-1,TRANSDUCER,BANT,REC,,BANT,457.0
2026-09-23,3040254792,2606013-1RX,INDICATOR-PERCENT RPM,BABR,REC,,BANT,448.0
2026-09-23,3040254770,069-1025-25,"RECEIVER-TRANSMITTER,RADIO - KX165",ALA 9,REC,EM REPARO,WILLIAM,448.0
2026-09-23,3040254799,453-5000-710,EMERGENCY LOCATOR TRANSMITTER MODEL C406-2,PAMASP,OS concluída,,,
2026-09-23,3040254806,C352TS,"EXTINGUISHER,FIRE",PAMALS,REC,,PAMA-LS,448.0
2026-09-23,3040254805,C352TS,"EXTINGUISHER,FIRE",PAMALS,OS concluída,,,
2026-09-23,3040254810,C352TS,"EXTINGUISHER,FIRE",PAMALS,OS concluída,,,
2026-09-23,3040254809,C352TS,"EXTINGUISHER,FIRE",PAMAGL,OS concluída,,,
2026-09-23,3040254803,C352TS,"EXTINGUISHER,FIRE",2 ETA,REC,,PAMA-LS,448.0
2026-09-23,3040254808,C352TS,"EXTINGUISHER,FIRE",BABR,REC,,PAMA-LS,448.0
2026-09-23,3040254795,D145-00-46-2,FLAP ACTUATOR ASSY,BABE,REC,,PAMA-LS,448.0
2026-09-23,3040254793,D145-00-46-2,FLAP ACTUATOR ASSY,PAMALS,REC,,PAMA-LS,448.0
2026-09-23,3040254815,C482001-0402,VACUUM REGULAT,PAMALS,REC,CONDENADO,VEE ONE,448.0
2026-09-23,3040254816,C482001-0402,VACUUM REGULAT,PAMALS,REC,CONDENADO,VEE ONE,448.0
2026-09-23,3040254820,2641011-5,AXLE-MAIN GEAR,BAMN,OS concluída,,,
2026-09-23,3040254817,2641011-5,AXLE-MAIN GEAR,BABE,OS concluída,,,
2026-09-23,3040254818,2641011-5,AXLE-MAIN GEAR,BABE,OS concluída,,,
2026-09-23,3040254819,2641011-5,AXLE-MAIN GEAR,BANT,OS concluída,,,
2026-09-23,3040254796,30994-001,BATTERY-MARATHON TSP410 NICAD,BAMN,OS concluída,,,
2026-09-23,3040254789,452-0133,"BATTERY,NONRECHARGEABLE",BAMN,REC,CONDENADO,VEE ONE,448.0
2026-09-23,3040254788,452-0133,"BATTERY,NONRECHARGEABLE",BAMN,REC,CONDENADO,VEE ONE,448.0
2026-09-23,3040254787,452-0133,"BATTERY PACK,AIRCRAFT",DACTA II,REC,CONDENADO,VEE ONE,448.0
2026-09-23,3040254786,452-0133,"BATTERY PACK,AIRCRAFT",BAMN,REC,CONDENADO,VEE ONE,448.0
2026-09-23,3040254785,452-0133,"BATTERY,NONRECHARGEABLE",BAMN,REC,CONDENADO,VEE ONE,448.0
2026-09-23,3040254784,452-0133,"BATTERY,NONRECHARGEABLE",DACTA II,REC,CONDENADO,VEE ONE,448.0
2026-09-23,3040255326,011-00916-00,DISPLAY UNIT GDU 1040A,BAMN,REC,,BAMN,439.0
2026-09-23,3040255319,702801-5,FUEL PUMP,PAMASP,REC,EM REPARO,VEE ONE,439.0
2026-09-23,3040255321,8210-002,"GOVERNOR,CONSTANT SPEED DRIVE",PAMALS,OS concluída,,,
2026-09-23,3040255461,DAAS-A-010-1,ADAS-D PROCESSOR,PAMALS,REC,EM REPARO,VEE ONE,435.0
2026-09-23,3040255589,071-01519-0101,"RECEIVER-EXCITER,RADAR",BANT,REC,,PROCURANDO,433.0
2026-09-23,3040255590,071-01519-0101,"RECEIVER-EXCITER,RADAR",PAMALS,OS concluída,,,
2026-09-23,3040255706,C661064-0237,AIRSPEED INDICATOR,BAMN,OS concluída,,,
2026-09-23,3040256114,5934PAD-3,"ALTIMETER,PRESSURE",PAMALS,REC,EM REPARO,VEE ONE,419.0
2026-09-23,3040256119,011-00878-10,GSA-81 TORQUE SERVO,BAPV,REC,EM REPARO,LEAP,419.0
2026-09-23,3040256112,011-00883-20,RADAR GWX 68 WEATHER,BABE,REC,,BAMN,419.0
2026-09-23,3040256115,5934PAD-3,"ALTIMETER,PRESSURE",PAMALS,OS concluída,,,
2026-09-23,3040256118,011-00878-10,GSA-81 TORQUE SERVO,BAPV,REC,,BACO,419.0
2026-09-23,3040256120,011-00916-10,"DISPLAY UNIT,FLIGHT INFORMATION",BAMN,OS concluída,,,
2026-09-23,3040256314,066-4010-12,RECEIVER VOR/LOC (KNS81),EEAR,REC,EM REPARO,LEAP,406.0
2026-09-23,3040256311,3121248-03,"VALVE ASSEMBLY,COMPRESSOR BLEED",PAMALS,OS concluída,,,
2026-09-23,3040256704,C661064-0237,AIRSPEED INDICATOR,PAMALS,OS concluída,,,
2026-09-23,3040256707,D210507,"GOVERNOR,OVERSPEED",PAMALS,OS concluída,,,
2026-09-23,3040256708,D210507,"GOVERNOR,OVERSPEED",PAMALS,REC,REPARADO,VEE ONE,397.0
2026-09-23,3040256702,C661064-0237,AIRSPEED INDICATOR,BABR,OS concluída,,,
2026-09-23,3040256703,C661064-0237,AIRSPEED INDICATOR,PAMALS,OS concluída,,,
2026-09-23,3040256662,030-18200,MAIN WHEEL BRAKE,BASM,OS concluída,,,
2026-09-23,3040256665,161-11700,INNER WHEEL HALF ASSY,BABV,OS concluída,,,
2026-09-23,3040256666,161-11700,INNER WHEEL HALF ASSY,PAMALS,OS concluída,,,
2026-09-23,3040256667,161-11700,INNER WHEEL HALF ASSY,PAMALS,OS concluída,,,
2026-09-23,3040256668,161-11700,INNER WHEEL HALF ASSY,PAMALS,OS concluída,,,
2026-09-23,3040256669,161-11700,INNER WHEEL HALF ASSY,PAMALS,OS concluída,,,
2026-09-23,3040256670,161-11700,INNER WHEEL HALF ASSY,PAMALS,OS concluída,,,
2026-09-23,3040256671,161-11700,INNER WHEEL HALF ASSY,PAMALS,REC,,PAMA-LS,397.0
2026-09-23,3040256698,030-18200,MAIN WHEEL BRAKE,PAMASP,REC,,BABE,397.0
2026-09-23,3040256713,030-18200,MAIN WHEEL BRAKE,ALA 3,REC,,BAMN,397.0
2026-09-23,3040256694,162-11800,WHEEL HALF ASSY-OUTER,BANT,OS concluída,,,
2026-09-23,3040256696,162-11800,WHEEL HALF ASSY-OUTER,PAMALS,REC,,PAMA-LS,397.0
2026-09-23,3040256672,161-12800,WHEEL HALF ASSY-INNER,PAMALS,OS concluída,,PAMA-LS,
2026-09-23,3040256675,161-12800,WHEEL HALF ASSY-INNER,BANT,OS concluída,,,
2026-09-23,3040256792,011-00877-00,"GSA-80 SERVO ROL,YAW,SPEC",BAMN,REC,,PROCURANDO,397.0
2026-09-23,3040256787,011-00877-00,"GSA-80 SERVO ROL,YAW,SPEC",PAMALS,REC,EM REPARO,VEE ONE,397.0
2026-09-23,3040256828,011-00883-20,RADAR GWX 68 WEATHER,PAMALS,REC,,PAMA-LS,397.0
2026-09-23,3040256709,3121248-03,"VALVE ASSEMBLY,COMPRESSOR BLEED",PAMASP,REC,,BANT,394.0
2026-09-23,3040256673,161-12800,WHEEL HALF ASSY-INNER,PAMALS,REC,CONDENADO,VEE ONE,394.0
2026-09-23,3040257095,011-01105-01,INTEGRATED AVIONICS UNIT GIA63W,BABE,REC,EM REPARO,VEE ONE,390.0
2026-09-23,3040257096,011-01105-01,INTEGRATED AVIONICS UNIT GIA63W,BABE,REC,,BAMN,390.0
2026-09-23,3040257093,065-00183-0501,AUTOPILOT COMPUTER KFC225,BABE,REC,,BANT,390.0
2026-09-23,3040257094,065-00183-0501,AUTOPILOT COMPUTER KFC225,BABE,REC,,BANT,390.0
2026-09-23,3040257443,161-12800,WHEEL HALF ASSY-INNER,ALA 3,AUT,,,378.0
2026-09-23,3040257442,C163030-1001,MAIN W BRAKE A,BAMN,OS concluída,,BAMN,
2026-09-23,3040257452,3244809-8,"FUEL CONTROL,MAIN,TURBINE ENGINE",BAPV,OS concluída,,,
2026-09-23,3040257454,EA-5172-45-CES,"INDICATOR,AIRSPEED",BACG,OS concluída,,,
2026-09-23,3040257453,EA-5172-45-CES,"INDICATOR,AIRSPEED",ALA 7,REC,DEVOLVIDO NO ESTADO,WILLIAM,371.0
2026-09-23,3040257451,3244809-7,"FUEL CONTROL,MAIN,TURBINE ENGINE",PAMASP,REC,,BANT,371.0
2026-09-23,3040257450,3244809-4,"FUEL CONTROL,MAIN,TURBINE ENGINE",PAMASP,OS concluída,EM REPARO,LEAP,
2026-09-23,3040257438,030-18200,MAIN WHEEL BRAKE,BAMN,REC,REPARADO,VEE ONE,371.0
2026-09-23,3040257444,162-10700,OUTER WHEEL HALF ASSY,PAMALS,OS concluída,,,
2026-09-23,3040257447,162-10700,OUTER WHEEL HALF ASSY,PAMALS,OS concluída,,,
2026-09-23,3040257436,30994-001,BATTERY-MARATHON TSP410 NICAD,PAMALS,OS concluída,,PAMA-LS,
2026-09-23,3040257441,030-18200,MAIN WHEEL BRAKE,BAPV,REC,,BAMN,371.0
2026-09-23,3040257440,030-18200,MAIN WHEEL BRAKE,BANT,REC,CONDENADO,VEE ONE,371.0
2026-09-23,3040257439,030-18200,MAIN WHEEL BRAKE,BAMN,REC,,BAMN,371.0
2026-09-23,3040258306,D210507,"GOVERNOR,OVERSPEED",PAMALS,REC,EM REPARO,LEAP,351.0
2026-09-23,3040258310,D210507,"GOVERNOR,OVERSPEED",BACO,OS concluída,,,
2026-09-23,3040258309,D210507,"GOVERNOR,OVERSPEED",BAMN,REC,EM REPARO,LEAP,351.0
2026-09-23,3040258308,D210507,"GOVERNOR,OVERSPEED",BAMN,OS concluída,,,
2026-09-23,3040258307,D210507,"GOVERNOR,OVERSPEED",ALA 5,OS concluída,,,
2026-09-23,3040258303,011-00877-00,"GSA-80 SERVO ROL,YAW,SPEC",DACTA II,REC,EM REPARO,VEE ONE,351.0
2026-09-23,3040258422,2601188-8,COMPRESSOR DRIVE ASSY R134A,PAMASP,REC,,PROCURANDO,349.0
2026-09-23,3040258419,011-00877-00,"GSA-80 SERVO ROL,YAW,SPEC",DACTA II,REC,EM REPARO,VEE ONE,349.0
2026-09-23,3040258420,011-00877-00,"GSA-80 SERVO ROL,YAW,SPEC",BACO,REC,EM REPARO,VEE ONE,349.0
2026-09-23,3040258421,011-00877-00,"GSA-80 SERVO ROL,YAW,SPEC",BABE,REC,,BACO,349.0
2026-09-23,3040258764,069-01034-0102,"NAVIGATION SET,SATELLITE SIGNALS KLN-94",PAMALS,REC,,BANT,342.0
2026-09-23,3040259152,066-01141-5101,"TRANSPONDER,RADAR",BABE,REC,,BANT,323.0
2026-09-23,3040259151,066-01141-5101,"TRANSPONDER,RADAR",BANT,REC,,BANT,323.0
2026-09-23,3040259251,064-1019-05,VHF TRANSCEIVE KY196,EEAR,REC,,EEAR,321.0
2026-09-23,3040259146,1U149-015-15,HORIZ. GYRO-STADBY,PAMALS,REC,EM REPARO,VEE ONE,320.0
2026-09-23,3040259147,162-10700,OUTER WHEEL HALF ASSY,BANT,REC,EM REPARO,AMA - VEE ONE,320.0
2026-09-23,3040259148,3049038-03,"VALVE,COMPRESSOR BLEED",BANT,OS concluída,,,
2026-09-23,3040259316,2606015-4,INDICATOR-OIL TEMP/OIL PRESS,BACG,REC,,PAMA-LS,317.0
2026-09-23,3040259564,C414007-0102,BLOWER ASSY,PAMALS,OS concluída,,,
2026-09-23,3040259568,C414007-0102,BLOWER ASSY,ALA 10,OS concluída,,,
2026-09-23,3040259570,C414007-0102,BLOWER ASSY,ALA 10,OS concluída,,,
2026-09-23,3040259694,025323-150,FUEL PUMP,PAMASP,REC,,BACO,309.0
2026-09-23,3040259922,C414007-0102,BLOWER ASSY,BANT,REC,,PAMA-LS,302.0
2026-09-23,3040259928,C414007-0102,BLOWER ASSY,PAMALS,REC,EM REPARO,VEE ONE,302.0
2026-09-23,3040259924,C414007-0102,BLOWER ASSY,BACG,REC,EM REPARO,VEE ONE,302.0
2026-09-23,3040259918,C414007-0102,BLOWER ASSY,ALA 10,OS concluída,,VEE ONE,
2026-09-23,3040259950,065-0060-01,"CONTROL,SERVO,AUTOMATIC PILOT",PAMALS,REC,EM REPARO,LEAP,302.0
2026-09-23,3040259949,065-0060-01,"CONTROL,SERVO,AUTOMATIC PILOT",PAMALS,REC,EM REPARO,LEAP,302.0
2026-09-23,3040259947,066-3046-07,"CONTROL,INDICATOR",EEAR,OS concluída,,,
2026-09-23,3040259946,066-3046-07,"CONTROL,INDICATOR",BANT,REC,,BANT,302.0
2026-09-23,3040259944,066-3046-07,"CONTROL,INDICATOR",EEAR,REC,,PAMA-LS,302.0
2026-09-23,3040260209,011-00916-00,DISPLAY UNIT GDU 1040A,PAMALS,REC,,BAMN,288.0
2026-09-23,3040260208,324843-W020,HEADSET-MICROPHONE,PAMALS,REC,VAI SER DEVOLVIDO SEM REPARO,WILLIAM,288.0
2026-09-23,3040260204,324843-W020,HEADSET-MICROPHONE,PAMALS,OS concluída,,,
2026-09-23,3040260205,324843-W020,HEADSET-MICROPHONE,PAMALS,OS concluída,,,
2026-09-23,3040260388,SD5H14C4527,AIR COMPRESSOR,PAMALS,REC,EM REPARO,VEE ONE,281.0
2026-09-23,3040260382,065-00183-0501,AUTOPILOT COMPUTER KFC225,BANT,REC,,BANT,281.0
2026-09-23,3040260389,SD5H14C4527,AIR COMPRESSOR,PAMALS,REC,EM REPARO,VEE ONE,281.0
2026-09-23,3040260517,ASG12000-2,ALTERNATOR,PAMALS,OS concluída,,,
2026-09-23,3040260524,51539-012M,CONTROL UNIT ASSY-GENERATOR,BANT,REC,,BACG,278.0
2026-09-23,3040260516,ASG12000-2,ALTERNATOR,PAMALS,REC,,V1 PAMA-LS,278.0
2026-09-23,3040260523,9910592-2,ALTERNADOR,BAMN,OS concluída,,babr,
2026-09-23,3040260522,9910592-2,ALTERNADOR,BAMN,REC,,dacta II,278.0
2026-09-23,3040260547,161-12800,WHEEL HALF ASSY-INNER,EPCAR,OS concluída,,BABE,
2026-09-23,3040260545,161-11700,INNER WHEEL HALF ASSY,BACG,OS concluída,,,
2026-09-23,3040260544,161-11700,INNER WHEEL HALF ASSY,BANT,OS concluída,,,
2026-09-23,3040260546,161-12800,WHEEL HALF ASSY-INNER,PAMALS,REC,,,260.0
2026-09-23,3040260548,161-11700,INNER WHEEL HALF ASSY,CLA,OS concluída,,,
2026-09-23,3040260549,162-10700,OUTER WHEEL HALF ASSY,BACG,OS concluída,,,
2026-09-23,3040260550,162-10700,OUTER WHEEL HALF ASSY,CLA,OS concluída,,,
2026-09-23,3040260551,162-11800,WHEEL HALF ASSY-OUTER,BANT,REC,,,260.0
2026-09-23,3040260552,30994-001,BATTERY-MARATHON TSP410 NICAD,BABE,OS concluída,,PAMA-LS,
2026-09-23,3040260543,324843-W020,HEADSET-MICROPHONE,PAMALS,REC,,PAMA-LS,260.0
2026-09-23,3040260542,324843-W020,HEADSET-MICROPHONE,PAMALS,REC,,BABE,260.0
2026-09-23,3040260541,324843-W020,HEADSET-MICROPHONE,PAMALS,OS concluída,,,
2026-09-23,3040260540,324843-W020,HEADSET-MICROPHONE,PAMALS,OS concluída,,,
2026-09-23,3040260538,324843-W020,HEADSET-MICROPHONE,PAMALS,REC,,BABE,260.0
2026-09-23,3040260539,324843-W020,HEADSET-MICROPHONE,PAMALS,REC,,BABE,260.0
2026-09-23,3040260595,9910586-4,FLAP ACTUATOR AND MOTOR ASSEMBLY,7 ETA,REC,,BAMN,260.0
2026-09-23,3040260597,9910586-4,FLAP ACTUATOR AND MOTOR ASSEMBLY,BAPV,OS concluída,,BABR,
2026-09-23,3040260583,3244897-4,FUEL CONTROL UNIT,PAMALS,OS concluída,,,
2026-09-23,3040260750,3122678-04,FUEL CONTROL UNIT,PAMASP,REC,,BANT,252.0
2026-09-23,3040260752,3244897-4,FUEL CONTROL UNIT,PAMASP,OS concluída,,,
2026-09-23,3040260753,3244809-7,"FUEL CONTROL,MAIN,TURBINE ENGINE",PAMASP,OS concluída,,,
2026-09-23,3040260754,3244809-1,"FUEL CONTROL,MAIN,TURBINE ENGINE",PAMASP,REC,EM QUARENTENA,LEAP,252.0
2026-09-23,3040254794,C145-350,"MOTOR,DIRECT CURRENT",PAMALS,OS concluída,,,
2026-09-23,3040260913,064-1054-30,RECEIVER-TRANSMITTER SUBASSEMBLY,EPCAR,REC,,V1 PAMA-LS,240.0
2026-09-23,3040260915,064-1054-30,RECEIVER-TRANSMITTER SUBASSEMBLY,PAMALS,REC,,BABR,240.0
2026-09-23,3040260811,3034792,BOMBA DE COMBUSTÍVEL,BAPV,OS concluída,,BABR,
2026-09-23,3040260812,3034792,BOMBA DE COMBUSTÍVEL,BACG,OS concluída,,,
2026-09-23,3040260922,162-11800,WHEEL HALF ASSY-OUTER,PAMALS,OS concluída,,,
2026-09-23,3040260923,030-18200,MAIN WHEEL BRAKE,BACO,REC,REPARADO,VEE ONE,238.0
2026-09-23,3040261389,3034792,BOMBA DE COMBUSTÍVEL,PAMASP,OS concluída,REPARADO,V1 PAMA-LS,
2026-09-23,3040261388,3034792,BOMBA DE COMBUSTÍVEL,BABR,OS concluída,,,
2026-09-23,3040261387,3034792,BOMBA DE COMBUSTÍVEL,BABR,OS concluída,,,
2026-09-23,3040261371,TFF2905-13,FUEL FLOW TRANSDUCER,ALA 8,REC,,PAMA-LS,225.0
2026-09-23,3040261375,C661065-0240RX,"INDICATOR, AIRSPEED",BACG,REC,EM REPARO,WILLIAM,225.0
2026-09-23,3040261373,C661065-0240,AIRSPEED INDICATOR,BABE,REC,,PAMA-LS,225.0
2026-09-23,3040261322,011-00831-00,"ENGINE INTERFA,SPEC",BAPV,REC,,VEE ONE,225.0
2026-09-23,3040261326,011-00882-10,"COMPUTER,AIR DATA",BAMN,OS concluída,,,
2026-09-23,3040261324,011-00882-10,"COMPUTER,AIR DATA",BAMN,OS concluída,,,
2026-09-23,3040261327,064-1054-30,RECEIVER-TRANSMITTER SUBASSEMBLY,PAMASP,REC,,PAMA-LS,225.0
2026-09-23,3040261336,066-01141-0101,"RECEIVER,RADIO",BANT,REC,,PAMA-LS,225.0
2026-09-23,3040261334,065-0065-01,SELECTOR ALT,BANT,REC,,PAMA-LS,225.0
2026-09-23,3040261331,065-0061-36,ACTUATOR TRIM (KS272A),PAMASP,OS concluída,,BABR,
2026-09-23,3040261329,065-0061-36,ACTUATOR TRIM (KS272A),ALA 10,OS concluída,,,
2026-09-23,3040261335,065-0065-01,SELECTOR ALT,BANT,REC,,PAMA-LS,225.0
2026-09-23,3040261342,066-3084-02,COLOR RADAR INDICATOR,BABV,REC,,PAMA-LS,225.0
2026-09-23,3040261340,066-1053-00,"RECEIVER,RADIO",BASM,REC,,PAMA-LS,225.0
2026-09-23,3040261377,066-3054-01,INDICATOR RADAR ALTIMETER - TYPE KI250,PAMALS,REC,EM REPARO,WILLIAM,225.0
2026-09-23,3040261376,066-1061-03,RT RADAR ALTIM (KRA10A),PAMALS,REC,PARA REPARO,VEE ONE,225.0
2026-09-23,3040261352,1134380-4,EVAPORATOR MODULE ASSY-RH,BAMN,REC,CONDENADO,VEE ONE,225.0
2026-09-23,3040261347,071-1234-00,ANTENNA ACCESSORY,ALA 1,REC,EM REPARO,WILLIAM,225.0
2026-09-23,3040261344,066-4010-12,RECEIVER VOR/LOC (KNS81),ALA 10,REC,EM REPARO,WILLIAM,225.0
2026-09-23,3040261353,1H75-21,PRESSURE REGULATOR,BAMN,OS concluída,,BAMN,
2026-09-23,3040261357,2682001-1,BRAKE CYL MAST,BABE,OS concluída,,,
2026-09-23,3040261356,2670104-2,ANNUNCIATOR PANEL,PAMALS,OS concluída,,,
2026-09-23,3040261355,2643100-201,NOSE GEAR STRUT ASSY - TALL FORK,BABR,OS concluída,,,
2026-09-23,3040261354,2643100-201,NOSE GEAR STRUT ASSY - TALL FORK,BANT,REC,EM REPARO,AV AERONAUTICA,225.0
2026-09-23,3040261364,8210-002-01,GOVERNOR PROPELLER,PAMASP,REC,REPARADO,VEE ONE,225.0
2026-09-23,3040261627,S3828-1,ALTIMETER,BAMN,REC,,PAMA-LS,211.0
2026-09-23,3040261628,S3828-1,ALTIMETER,BABE,REC,REPARADO,V1 PAMA-LS,211.0
2026-09-23,3040261851,51539-012MRX,CONTROL UNIT ASSY-GENERATOR,BABE,REC,EM REPARO,VEE ONE,203.0
2026-09-23,3040261852,51539-012MRX,CONTROL UNIT ASSY-GENERATOR,BABE,REC,EM REPARO,VEE ONE,203.0
2026-09-23,3040261843,3034792,BOMBA DE COMBUSTÍVEL,PAMALS,REC,EM REPARO,VEE ONE,198.0
2026-09-23,3040262245,200SGL119Q-2,STARTER GENERATOR,BAMN,OS concluída,,,
2026-09-23,3040262246,200SGL119Q-2,STARTER GENERATOR,BAMN,OS concluída,,,
2026-09-23,3040262273,324843-W020,HEADSET-MICROPHONE,BABE,OS concluída,,,
2026-09-23,3040262275,324843-W020,HEADSET-MICROPHONE,BANT,OS concluída,,,
2026-09-23,3040262363,066-1055-00,AUDIO CONTROL PANEL,ALA 5,OS concluída,,,
2026-09-23,3040262367,066-1055-00,AUDIO CONTROL PANEL,ALA 9,REC,,WILLIAM,181.0
2026-09-23,3040262368,066-1055-00,AUDIO CONTROL PANEL,CLA,OS concluída,,,
2026-09-23,3040262372,51539-012M,CONTROL UNIT ASSY-GENERATOR,BANT,REC,,PAMA-LS,181.0
2026-09-23,3040262371,51539-012N,CONTROL UNIT ASSY-GENERATOR,BANT,REC,,PAMA-LS,181.0
2026-09-23,3040262419,065-0061-36,ACTUATOR TRIM (KS272A),ALA 9,REC,EM REPARO,WILLIAM,176.0
2026-09-23,3040262734,C352,PORTABLE HALON FIRE EXTINGUISHERS,ALA 5,REC,EM REPARO,AV AERONAUTICA,163.0
2026-09-23,3040262738,C352TS,"EXTINGUISHER,FIRE",BANT,REC,,AV AERONÁUTICA,163.0
2026-09-23,3040262739,C352TS,"EXTINGUISHER,FIRE",BANT,REC,,AV AERONÁUTICA,163.0
2026-09-23,3040262740,C352TS,"EXTINGUISHER,FIRE",PAMALS,REC,,AV AERONÁUTICA,163.0
2026-09-23,3040262766,011-00883-20,RADAR GWX 68 WEATHER,BAMN,OS concluída,,V1 PAMA-LS,
2026-09-23,3040262765,011-00883-20,RADAR GWX 68 WEATHER,BAMN,REC,,V1 PAMA-LS,163.0
2026-09-23,3040262772,011-01020-10,AFCS MODE CONTROLLER GMC 710,BAMN,REC,,PAMA-LS,163.0
2026-09-23,3040262770,011-01020-10,AFCS MODE CONTROLLER GMC 710,BAMN,REC,,PAMA-LS,163.0
2026-09-23,3040262773,011-01020-10,AFCS MODE CONTROLLER GMC 710,BAMN,REC,,PAMA-LS,163.0
2026-09-23,3040262746,066-1070-01,TRANSCEIVER DME (KN63),BABE,REC,EM REPARO,WILLIAM,163.0
2026-09-23,3040262745,064-1019-05,VHF TRANSCEIVE KY196,EEAR,REC,EM REPARO,VEE ONE,163.0
2026-09-23,3040262747,066-1072-00,RECEIVER ADF (KING KR87),ALA 7,REC,EM REPARO,WILLIAM,163.0
2026-09-23,3040262748,066-3046-07,"CONTROL,INDICATOR",BABR,REC,,BANT,163.0
2026-09-23,3040262769,066-3046-07,"CONTROL,INDICATOR",BABR,REC,,BANT,163.0
2026-09-23,3040262768,066-3046-07,"CONTROL,INDICATOR",EEAR,OS concluída,,BABR,
2026-09-23,3040262767,066-3046-07,"CONTROL,INDICATOR",EEAR,REC,EM REPARO,LEAP,163.0
2026-09-23,3040262791,066-3060-00,IND RMI KNI582,BANT,OS concluída,,,
2026-09-23,3040262630,161-11700,INNER WHEEL HALF ASSY,BANT,REC,,PAMA-LS,163.0
2026-09-23,3040262792,066-3060-00,IND RMI KNI582,BANT,REC,EM REPARO,LEAP,163.0
2026-09-23,3040262634,162-10700,OUTER WHEEL HALF ASSY,BANT,OS concluída,,PAMA-LS,
2026-09-23,3040262632,161-12800,WHEEL HALF ASSY-INNER,BANT,OS concluída,REPARADO,VEE ONE,
2026-09-23,3040262633,161-12800,WHEEL HALF ASSY-INNER,BANT,OS concluída,,,
2026-09-23,3040262635,162-11800,WHEEL HALF ASSY-OUTER,EPCAR,OS concluída,,,
2026-09-23,3040262637,162-11800,WHEEL HALF ASSY-OUTER,BANT,REC,REPARADO,VEE ONE,163.0
2026-09-23,3040262636,162-11800,WHEEL HALF ASSY-OUTER,BANT,OS concluída,REPARADO,VEE ONE,
2026-09-23,3040262646,200SGL119Q,STARTER GENERATOR,PAMASP,OS concluída,,,
2026-09-23,3040262639,200SGL119Q,STARTER GENERATOR,PAMASP,OS concluída,,PAMA-LS,
2026-09-23,3040262638,200SGL119Q,STARTER GENERATOR,PAMALS,REC,EM REPARO,AV AERONAUTICA,163.0
2026-09-23,3040262757,2606015-2,IND OIL TEMP/P,PAMALS,REC,EM REPARO,VEE ONE,163.0
2026-09-23,3040262706,2641011-5,AXLE-MAIN GEAR,BAMN,REC,,BANT,163.0
2026-09-23,3040262707,2641011-5,AXLE-MAIN GEAR,BABV,OS concluída,REPARADO,VEE ONE,
2026-09-23,3040262717,2641011-5,AXLE-MAIN GEAR,BANT,OS concluída,REPARADO,VEE ONE,
2026-09-23,3040262714,2641011-5,AXLE-MAIN GEAR,BAPV,REC,,BANT,163.0
2026-09-23,3040262713,2641011-5,AXLE-MAIN GEAR,BAPV,OS concluída,,,
2026-09-23,3040262712,2641011-5,AXLE-MAIN GEAR,BABR,REC,,BANT,163.0
2026-09-23,3040262711,2641011-5,AXLE-MAIN GEAR,BABR,REC,,BANT,163.0
2026-09-23,3040262709,2641011-5,AXLE-MAIN GEAR,PAMALS,REC,,BANT,163.0
2026-09-23,3040262708,2641011-5,AXLE-MAIN GEAR,PAMALS,REC,,BANT,163.0
2026-09-23,3040262744,3244809-1A,F.C.U,PAMALS,REC,EM REPARO,LEAP,163.0
2026-09-23,3040262758,9910338-4,FUEL TOTALIZER INDICATOR,PAMALS,REC,EM REPARO,VEE ONE,163.0
2026-09-23,3040262759,9910338-6,"TRANSMITTER,RATE OF FLOW",BAMN,REC,,PAMA-LS,163.0
2026-09-23,3040262760,9910338-6,"TRANSMITTER,RATE OF FLOW",BANT,REC,EM REPARO,VEE ONE,163.0
2026-09-23,3040262966,2682001-1,BRAKE CYL MAST,BACO,OS concluída,,PAMA-LS,
2026-09-23,3040262967,2682001-1,BRAKE CYL MAST,PAMALS,REC,,PAMA-LS,161.0
2026-09-23,3040262968,2682001-1,BRAKE CYL MAST,BANT,OS concluída,,PAMA-LS,
2026-09-23,3040262969,2682001-1,BRAKE CYL MAST,BABE,REC,,PAMA-LS,161.0
2026-09-23,3040263069,453-5060,ELT C406-N,BABE,OS concluída,,,
2026-09-23,3040263283,D145-00-46-2,FLAP ACTUATOR ASSY,PAMALS,REC,,,146.0
2026-09-23,3040263284,D145-00-46-2,FLAP ACTUATOR ASSY,BAFL,REC,,,146.0
2026-09-23,3040263324,069-01033-0101,"RECEIVER-TRANSMITTER,RADIO",PAMALS,REC,EM REPARO,LEAP,146.0
2026-09-23,3040263287,C661065-0237,AIRSPEED INDICATOR,BABR,OS concluída,,,
2026-09-23,3040263288,C661065-0237,AIRSPEED INDICATOR,PAMASP,OS concluída,,,
2026-09-23,3040263314,060-0017-00,FLIGHT DIR HOR,EEAR,REC,EM REPARO,LEAP,146.0
2026-09-23,3040263319,066-1055-00,AUDIO CONTROL PANEL,BABE,OS concluída,,,
2026-09-23,3040263317,060-0017-00,FLIGHT DIR HOR,PAMASP,REC,,BANT,146.0
2026-09-23,3040263316,060-0017-00,FLIGHT DIR HOR,BANT,REC,,BANT,146.0
2026-09-23,3040263320,066-1055-00,AUDIO CONTROL PANEL,PAMALS,REC,EM REPARO,AV AERONAUTICA,146.0
2026-09-23,3040263325,069-01033-0101,"RECEIVER-TRANSMITTER,RADIO",PAMALS,REC,,,146.0
2026-09-23,3040263335,C611008-0101,ALTERNATOR CONTROL UNIT,PAMALS,REC,,BANT,146.0
2026-09-23,3040263336,C611008-0101,ALTERNATOR CONTROL UNIT,PAMALS,REC,,BANT,146.0
2026-09-23,3040263286,C661065-0237,AIRSPEED INDICATOR,BANT,REC,,PAMA-LS,146.0
2026-09-23,3040263322,066-1055-00,AUDIO CONTROL PANEL,ALA 9,REC,EM REPARO,WILLIAM,146.0
2026-09-23,3040263326,069-01033-0101,"RECEIVER-TRANSMITTER,RADIO",PAMALS,REC,,BANT,146.0
2026-09-23,3040263315,060-0017-00,FLIGHT DIR HOR,BACG,OS concluída,,BABR,
2026-09-23,3040263334,011-00916-10,"DISPLAY UNIT,FLIGHT INFORMATION",BACO,REC,,WILLIAM,146.0
2026-09-23,3040263333,011-00916-10,"DISPLAY UNIT,FLIGHT INFORMATION",BACO,OS concluída,,BAMN,
2026-09-23,3040263332,011-00916-10,"DISPLAY UNIT,FLIGHT INFORMATION",BAMN,OS concluída,,,
2026-09-23,3040263331,C661064-0237,AIRSPEED INDICATOR,PAMALS,REC,,PAMA-LS,146.0
2026-09-23,3040263329,C661064-0237,AIRSPEED INDICATOR,PAMALS,REC,,PAMA-LS,146.0
2026-09-23,3040263328,C661064-0237,AIRSPEED INDICATOR,BABR,REC,EM REPARO,WILLIAM,146.0
2026-09-23,3040263327,C661064-0237,AIRSPEED INDICATOR,BABR,REC,EM REPARO,WILLIAM,146.0
2026-09-23,3040263330,C661064-0237,AIRSPEED INDICATOR,PAMALS,REC,,PAMA-LS,146.0
2026-09-23,3040263338,C611008-0101,ALTERNATOR CONTROL UNIT,PAMALS,REC,,V1 PAMA-LS,146.0
2026-09-23,3040263433,066-03064-0005,"ALTIMETER,SERVO CONTROLLED,AUTOMATIC PRESSURE",BACG,REC,,PAMA-LS,140.0
2026-09-23,3040263435,066-03064-0005,"ALTIMETER,SERVO CONTROLLED,AUTOMATIC PRESSURE",BANT,REC,,PAMA-LS,140.0
2026-09-23,3040263434,066-03064-0005,"ALTIMETER,SERVO CONTROLLED,AUTOMATIC PRESSURE",PAMASP,REC,,PAMA-LS,140.0
2026-09-23,3040263417,069-01033-0101,"RECEIVER-TRANSMITTER,RADIO",PAMALS,REC,EM REPARO,WILLIAM,140.0
2026-09-23,3040263416,069-01033-0101,"RECEIVER-TRANSMITTER,RADIO",BASM,REC,EM REPARO,WILLIAM,140.0
2026-09-23,3040263415,069-01033-0101,"RECEIVER-TRANSMITTER,RADIO",BABR,REC,,BANT,140.0
2026-09-23,3040263447,066-3046-07,"CONTROL,INDICATOR",CLA,OS concluída,,BABR,
2026-09-23,3040263443,3244897-4,FUEL CONTROL UNIT,PAMALS,REC,EM REPARO,LEAP,139.0
2026-09-23,3040263444,3244897-4,FUEL CONTROL UNIT,PAMALS,REC,EM REPARO,LEAP,139.0
2026-09-23,3040263577,060-0015-00,"CONTROL,DIRECTIONAL,AUTOMATIC PILOT",ALA 5,REC,,WILLIAM,134.0
2026-09-23,3040263574,066-1072-04,"RECEIVER,RADIO",BABE,REC,EM REPARO,WILLIAM,134.0
2026-09-23,3040263576,066-1072-04,"RECEIVER,RADIO",BAMN,OS concluída,,WILLIAM,
2026-09-23,3040263575,066-1072-04,"RECEIVER,RADIO",BABE,REC,EM REPARO,WILLIAM,134.0
2026-09-23,3040263573,066-3084-32,IND RDR 2000 IN-182A,PAMALS,REC,,BABR,134.0
2026-09-23,3040263571,066-3084-32,IND RDR 2000 IN-182A,PAMALS,REC,,BANT,134.0
2026-09-23,3040263572,066-3084-32,IND RDR 2000 IN-182A,PAMALS,REC,EM REPARO,WILLIAM,134.0
2026-09-23,3040263448,2618510-10,ALTERNATOR CONTROL UNIT ASSY,BABE,REC,EM REPARO,WILLIAM,134.0
2026-09-23,3040263449,2618510-10,ALTERNATOR CONTROL UNIT ASSY,PAMALS,REC,,BANT,134.0
2026-09-23,3040263877,2641011-5,AXLE-MAIN GEAR,CLA,REC,REPARADO,VEE ONE,124.0
2026-09-23,3040263878,2641011-5,AXLE-MAIN GEAR,CLA,REC,,BABE,124.0
2026-09-23,3040264243,069-01033-0101,"RECEIVER-TRANSMITTER,RADIO",PAMALS,REC,EM REPARO,WILLIAM,117.0
2026-09-23,3040264244,069-01033-0101,"RECEIVER-TRANSMITTER,RADIO",PAMASP,REC,EM REPARO,WILLIAM,117.0
2026-09-23,3040264246,060-0017-00,FLIGHT DIR HOR,PAMALS,REC,,BABR,117.0
2026-09-23,3040264237,200SGL119Q-2,STARTER GENERATOR,BAMN,REC,EM REPARO,AV AERONAUTICA,117.0
2026-09-23,3040264236,200SGL119Q-2,STARTER GENERATOR,BABE,OS concluída,,BABE,
2026-09-23,3040264121,3244897-4,FUEL CONTROL UNIT,BABE,OS concluída,EM REPARO,LEAP,
2026-09-23,3040264263,9910338-8,"INDICATOR,FUEL FLOW",PAMALS,OS concluída,,BABR,
2026-09-23,3040264262,9910338-8,"INDICATOR,FUEL FLOW",BABV,REC,,PAMA-LS,117.0
2026-09-23,3040264242,324843-2020,HEADSET-MICROPHONE,BABE,OS concluída,,BAMN,
2026-09-23,3040264264,324843-2020,HEADSET-MICROPHONE,DACTA II,OS concluída,,BAMN,
2026-09-23,3040264238,324843-2020,HEADSET-MICROPHONE,DACTA II,OS concluída,,,
2026-09-23,3040264241,324843-2020,HEADSET-MICROPHONE,DACTA II,OS concluída,,BAMN,
2026-09-23,3040264240,324843-2020,HEADSET-MICROPHONE,DACTA II,OS concluída,,BAMN,
2026-09-23,3040264122,3244809-8,"FUEL CONTROL,MAIN,TURBINE ENGINE",BABE,OS concluída,,BABR,
2026-09-23,3040263797,066-3046-07,"CONTROL,INDICATOR",BABE,REC,EM REPARO,WILLIAM,117.0
2026-09-23,3040263798,066-3046-07,"CONTROL,INDICATOR",PAMASP,OS concluída,,,
2026-09-23,3040263799,066-3046-07,"CONTROL,INDICATOR",PAMASP,REC,EM REPARO,WILLIAM,117.0
2026-09-23,3040263795,071-01519-0101,"RECEIVER-EXCITER,RADAR",PAMALS,REC,,BANT,117.0
2026-09-23,3040263796,071-01519-0101,"RECEIVER-EXCITER,RADAR",PAMALS,REC,EM REPARO,WILLIAM,117.0
2026-09-23,3040264579,060-0017-00,FLIGHT DIR HOR,BABR,OS concluída,,,
2026-09-23,3040264577,060-0017-00,FLIGHT DIR HOR,PAMALS,REC,,,105.0
2026-09-23,3040264573,060-0017-00,FLIGHT DIR HOR,BANT,REC,,,105.0
2026-09-23,3040264574,060-0017-00,FLIGHT DIR HOR,BANT,REC,,,105.0
2026-09-23,3040264576,060-0017-00,FLIGHT DIR HOR,PAMALS,REC,,,105.0
2026-09-23,3040264572,060-0017-00,FLIGHT DIR HOR,PAMASP,REC,,,105.0
2026-09-23,3040264647,1H75-21,PRESSURE REGULATOR,BAMN,REC,,,100.0
2026-09-23,3040264646,1H75-21,PRESSURE REGULATOR,PAMASP,REC,,,100.0
2026-09-23,3040264645,1H75-21,PRESSURE REGULATOR,PAMASP,REC,,,100.0
2026-09-23,3040264643,1H75-21,PRESSURE REGULATOR,PAMASP,OS concluída,,,
2026-09-23,3040264707,3244809-7,"FUEL CONTROL,MAIN,TURBINE ENGINE",BABE,OS concluída,,,
2026-09-23,3040264709,540-1407-4,"VALVE,BLEED,TURBINEENGINE",PAMASP,REC,,,100.0
2026-09-23,3040264710,200SGL153Q,"STARTER-GENERATOR,ENGINE,AIRCRAFT",CLA,OS concluída,,,
2026-09-23,3040264711,200SGL153Q,"STARTER-GENERATOR,ENGINE,AIRCRAFT",PAMASP,OS concluída,,,
2026-09-23,3040264712,200SGL153Q,"STARTER-GENERATOR,ENGINE,AIRCRAFT",BACG,REC,,,100.0
2026-09-23,3040264718,9910338-8,"INDICATOR,FUEL FLOW",PAMALS,REC,,,100.0
2026-09-23,3040264719,S3326-2,"INDICATOR,HORIZONTAL SITUATION",ALA 8,REC,,,100.0
2026-09-23,3040264720,S3326-2,"INDICATOR,HORIZONTAL SITUATION",PAMALS,REC,,,100.0
2026-09-23,3040264721,S3326-2,"INDICATOR,HORIZONTAL SITUATION",PAMASP,REC,,,100.0
2026-09-23,3040264724,2606013-1AM,INDICADOR PERCENTUAL RPM,BABV,REC,,,100.0
2026-09-23,3040264725,2606013-1AM,INDICADOR PERCENTUAL RPM,BABR,REC,,,100.0
2026-09-23,3040264726,2606015-4,INDICATOR-OIL TEMP/OIL PRESS,BANT,REC,,,100.0
2026-09-23,3040264727,C661051-0201,GYRO HORIZON,ALA 10,REC,,,100.0
2026-09-23,3040264728,504-0111-906,GYRO HORIZON,PAMALS,OS concluída,,,
2026-09-23,3040264729,504-0111-906,GYRO HORIZON,BACG,OS concluída,,,
2026-09-23,3040264730,8210-003,"GOVERNOR,FUEL CONTROL",PAMASP,REC,,,100.0
2026-09-23,3040264731,8210-002,"GOVERNOR,CONSTANT SPEED DRIVE",PAMASP,REC,,,100.0
2026-09-23,3040264732,8210-002,"GOVERNOR,CONSTANT SPEED DRIVE",BAMN,REC,,,100.0
2026-09-23,3040264733,030-18200,MAIN WHEEL BRAKE,BAMN,REC,,,100.0
2026-09-23,3040264734,030-18200,MAIN WHEEL BRAKE,BAMN,REC,,,100.0
2026-09-23,3040264735,161-11700,INNER WHEEL HALF ASSY,PAMALS,REC,,,100.0
2026-09-23,3040264736,161-12800,WHEEL HALF ASSY-INNER,BABR,REC,,,100.0
2026-09-23,3040264737,161-12800,WHEEL HALF ASSY-INNER,PAMALS,AUT,,,100.0
2026-09-23,3040264738,162-10700,OUTER WHEEL HALF ASSY,BACO,AUT,,,100.0
2026-09-23,3040264807,011-01105-01,INTEGRATED AVIONICS UNIT GIA63W,ALA 8,REC,,,92.0
2026-09-23,3040264808,011-01105-01,INTEGRATED AVIONICS UNIT GIA63W,BAMN,REC,,,92.0
2026-09-23,3040264907,011-00916-10,"DISPLAY UNIT,FLIGHT INFORMATION",BAMN,REC,,,85.0
2026-09-23,3040264908,011-00916-10,"DISPLAY UNIT,FLIGHT INFORMATION",BABV,OS concluída,,,
2026-09-23,3040264974,3244809-8,"FUEL CONTROL,MAIN,TURBINE ENGINE",BAMN,REC,,,83.0
2026-09-23,3040264961,3244897-4,FUEL CONTROL UNIT,CLA,OS concluída,,,
2026-09-23,3040264960,3034792,BOMBA DE COMBUSTÍVEL,CLA,OS concluída,,,
2026-09-23,3040265144,011-01020-10,AFCS MODE CONTROLLER GMC 710,BABE,REC,,,77.0
2026-09-23,3040265140,011-01020-10,AFCS MODE CONTROLLER GMC 710,BABE,REC,,,77.0
2026-09-23,3040265482,066-3084-32,IND RDR 2000 IN-182A,BABR,REC,,,62.0
2026-09-23,3040265484,066-3084-32,IND RDR 2000 IN-182A,BANT,REC,,,62.0
2026-09-23,3040265485,066-3084-32,IND RDR 2000 IN-182A,BABR,REC,,,62.0
2026-09-23,3040265526,ASG12000-2,ALTERNATOR,PAMALS,REC,,,58.0
2026-09-23,3040265525,ASG12000-2,ALTERNATOR,BABR,REC,,,58.0
2026-09-23,3040265527,9910592-2,ALTERNADOR,BABR,REC,,,58.0
2026-09-23,3040265533,3122678-04,FUEL CONTROL UNIT,BABR,REC,,,58.0
2026-09-23,3040265532,C611505-0201,ALTERNATOR,BANT,REC,,,58.0
2026-09-23,3040265530,C611505-0201,ALTERNATOR,BABV,REC,,,58.0
2026-09-23,3040265528,9910592-2,ALTERNADOR,BABR,REC,,,58.0
2026-09-23,3040265724,3244897-4,FUEL CONTROL UNIT,CLA,REC,,,57.0
2026-09-23,3040265474,C611008-0101,ALTERNATOR CONTROL UNIT,PAMALS,REC,,,55.0
2026-09-23,3040265475,C611008-0101,ALTERNATOR CONTROL UNIT,BABV,REC,,,55.0
2026-09-23,3040265476,C611008-0101,ALTERNATOR CONTROL UNIT,PAMALS,REC,,,55.0
2026-09-23,3040265477,C611008-0101,ALTERNATOR CONTROL UNIT,PAMALS,REC,,,55.0
2026-09-23,3040265576,011-00916-10,"DISPLAY UNIT,FLIGHT INFORMATION",BAMN,REC,,,54.0
2026-09-23,3040265580,011-00916-00,DISPLAY UNIT GDU 1040A,PAMALS,REC,,,58.0
2026-09-23,3040265581,011-00916-00,DISPLAY UNIT GDU 1040A,PAMALS,REC,,,58.0
2026-09-23,3040265589,EA-5175-52-CES,INDICATOR TRUE,BABV,REC,,,58.0
2026-09-23,3040265590,EA-5175-52-CES,INDICATOR TRUE,BASM,REC,,,58.0
2026-09-23,3040265591,EA-5175-52-CES,INDICATOR TRUE,BABV,REC,,,58.0
2026-09-23,3040265592,EA-5175-52-CES,INDICATOR TRUE,BABV,REC,,,58.0
2026-09-23,3040265668,9910592-2,ALTERNADOR,PAMALS,OS concluída,,,
2026-09-23,3040265678,9910592-2,ALTERNADOR,BAMN,REC,,,58.0
2026-09-23,3040265679,C611505-0201,ALTERNATOR,PAMALS,REC,,,58.0
2026-09-23,3040265680,C611505-0201,ALTERNATOR,ALA 8,REC,,,58.0
2026-09-23,3040265726,071-01519-0101,"RECEIVER-EXCITER,RADAR",PAMALS,REC,,,57.0
2026-09-23,3040265727,071-01519-0101,"RECEIVER-EXCITER,RADAR",CLA,REC,,,57.0
2026-09-23,3040265728,C163030-1001,MAIN W BRAKE A,BAMN,REC,,,57.0
2026-09-23,3040265731,066-3046-07,"CONTROL,INDICATOR",BABR,REC,,,57.0
2026-09-23,3040265732,066-3046-07,"CONTROL,INDICATOR",BANT,REC,,,57.0
2026-09-23,3040265734,066-3046-07,"CONTROL,INDICATOR",EEAR,REC,,,57.0
2026-09-23,3040265735,066-3046-07,"CONTROL,INDICATOR",CLA,REC,,,57.0
2026-09-23,3040265736,C611008-0101,ALTERNATOR CONTROL UNIT,BABV,REC,,,57.0
2026-09-23,3040265737,C611008-0101,ALTERNATOR CONTROL UNIT,EEAR,REC,,,57.0
2026-09-23,3040265738,C611008-0101,ALTERNATOR CONTROL UNIT,PAMALS,REC,,,57.0
2026-09-23,3040265739,C611008-0101,ALTERNATOR CONTROL UNIT,BANT,REC,,,57.0
2026-09-23,3040265740,C611008-0101,ALTERNATOR CONTROL UNIT,BABE,REC,,,57.0
2026-09-23,3040265741,C611008-0101,ALTERNATOR CONTROL UNIT,BABR,REC,,,57.0
2026-09-23,3040265742,066-1072-04,"RECEIVER,RADIO",BACG,REC,,,57.0
2026-09-23,3040265743,066-1072-04,"RECEIVER,RADIO",BAMN,REC,,,57.0
2026-09-23,3040265744,066-1072-04,"RECEIVER,RADIO",PAMALS,REC,,,57.0
2026-09-23,3040265745,066-3084-32,IND RDR 2000 IN-182A,PAMALS,REC,,,57.0
2026-09-23,3040265746,066-3084-32,IND RDR 2000 IN-182A,PAMALS,REC,,,57.0
2026-09-23,3040265747,30994-001,BATTERY-MARATHON TSP410 NICAD,PAMALS,AUT,,,57.0
2026-09-23,3040265748,30994-001,BATTERY-MARATHON TSP410 NICAD,PAMALS,AUT,,,57.0
2026-09-23,3040265749,30994-001,BATTERY-MARATHON TSP410 NICAD,PAMALS,AUT,,,57.0
2026-09-23,3040265750,30994-001,BATTERY-MARATHON TSP410 NICAD,PAMALS,AUT,,,57.0
2026-09-23,3040265751,30994-001,BATTERY-MARATHON TSP410 NICAD,PAMALS,AUT,,,57.0
2026-09-23,3040265752,2641011-5,AXLE-MAIN GEAR,BAMN,REC,,,57.0
2026-09-23,3040265753,2641011-5,AXLE-MAIN GEAR,BAMN,REC,,,57.0
2026-09-23,3040265754,161-11700,INNER WHEEL HALF ASSY,BACO,AUT,,,57.0
2026-09-23,3040265755,161-12800,WHEEL HALF ASSY-INNER,BABE,REC,,,57.0
2026-09-23,3040265757,066-01141-0101,"RECEIVER,RADIO",PAMALS,REC,,,57.0
2026-09-23,3040265758,066-01141-0101,"RECEIVER,RADIO",PAMALS,REC,,,57.0
2026-09-23,3040265759,C660501-0103,"COMPASS,SPEC",DACTA II,REC,,,57.0
2026-09-23,3040265769,023694-000,BATTERY NICKEL CADMIUM,BAPV,REC,,,56.0
2026-09-23,3040265771,2651023-23,ENGINE MOUNT ASSEMBLY,PAMALS,REC,,,56.0
2026-09-23,3040265772,2651023-23,ENGINE MOUNT ASSEMBLY,PAMALS,REC,,,56.0
2026-09-23,3040265892,324843-0020,HEADSET-MICROPHONE,PAMALS,REC,,,51.0
2026-09-23,3040265893,324843-0020,HEADSET-MICROPHONE,PAMALS,OS concluída,,,
2026-09-23,3040265894,324843-0020,HEADSET-MICROPHONE,PAMALS,REC,,,51.0
2026-09-23,3040265895,324843-0020,HEADSET-MICROPHONE,PAMALS,REC,,,51.0
2026-09-23,3040265946,011-00870-00,MAGNETOMETER GMU 44,BAMN,REC,,,48.0
2026-09-23,3040265947,011-00870-00,MAGNETOMETER GMU 44,BAMN,REC,,,48.0
2026-09-23,3040266034,C662041-0102,INDICATOR FUEL,BABE,REC,,,44.0
2026-09-23,3040266040,C662041-0102,INDICATOR FUEL,PAMALS,REC,,,44.0
2026-09-23,3040266036,C662041-0102,INDICATOR FUEL,PAMALS,REC,,,44.0
2026-09-23,3040266035,C662041-0102,INDICATOR FUEL,PAMALS,REC,,,36.0
2026-09-23,3040266039,C662041-0102,INDICATOR FUEL,BANT,REC,,,36.0
2026-09-23,3040266041,C662041-0102,INDICATOR FUEL,PAMALS,REC,,,36.0
2026-09-23,3040266307,069-01033-0101,"RECEIVER-TRANSMITTER,RADIO",PAMALS,REC,,,34.0
2026-09-23,3040266308,069-01033-0101,"RECEIVER-TRANSMITTER,RADIO",BANT,REC,,,34.0
2026-09-23,3040266306,069-01033-0101,"RECEIVER-TRANSMITTER,RADIO",BACG,REC,,,34.0
2026-09-23,3040266307,069-01033-0101,"RECEIVER-TRANSMITTER,RADIO",PAMALS,REC,,,34.0
2026-09-23,3040266308,069-01033-0101,"RECEIVER-TRANSMITTER,RADIO",BANT,REC,,,34.0
2026-09-23,3040266568,C662504-0101,GAGE VOLT AMME,PAMALS,REC,,,23.0
2026-09-23,3040266567,C662504-0101,GAGE VOLT AMME,ALA 9,REC,,,23.0
2026-09-23,3040266566,C662504-0101,GAGE VOLT AMME,PAMALS,REC,,,23.0
2026-09-23,3040266569,C662504-0101,GAGE VOLT AMME,BABV,REC,,,23.0
2026-09-24,3040249831,066-01141-5101,"RECEIVER-TRANSMITTER,RADIO (KT71)",PAMALS,REC,EM REPARO,LEAP,591.0
2026-09-24,3040250248,452-0133,"BATTERY,NONRECHARGEABLE",BABR,REC,CONDENADO,VEE ONE,575.0
2026-09-24,3040250249,452-0133,"BATTERY,NONRECHARGEABLE",BAMN,REC,CONDENADO,VEE ONE,575.0
2026-09-24,3040250234,3034792,BOMBA DE COMBUSTÍVEL,PAMALS,REC,,BANT,575.0
2026-09-24,3040250816,453-5060,"BEACON,DISTRESS",BAMN,REC,,PAMA-LS,553.0
2026-09-24,3040250830,799-1,TRANSDUCER,BACO,REC,,BANT,553.0
2026-09-24,3040250829,51539-012N,CONTROL UNIT ASSY-GENERATOR,BAMN,OS concluída,,,
2026-09-24,3040250828,51539-012N,CONTROL UNIT ASSY-GENERATOR,BACG,REC,,BABR,553.0
2026-09-24,3040250827,51539-012N,CONTROL UNIT ASSY-GENERATOR,BANT,REC,,BABR,553.0
2026-09-24,3040250831,799-1,TRANSDUCER,BANT,REC,,BANT,553.0
2026-09-24,3040250833,9910586-4,FLAP ACTUATOR AND MOTOR ASSEMBLY,ALA 3,REC,,BAMN,553.0
2026-09-24,3040250834,9910586-4,FLAP ACTUATOR AND MOTOR ASSEMBLY,ALA 3,OS concluída,,,
2026-09-24,3040250832,9910338-4,FUEL TOTALIZER INDICATOR,EEAR,REC,,PAMA-LS,553.0
2026-09-24,3040250835,ASG12000-2,ALTERNATOR,ALA 5,REC,REPARADO,V1 PAMA-LS,553.0
2026-09-24,3040250841,C661030-0301,TURN BANK,PAMALS,REC,EM REPARO,LEAP,553.0
2026-09-24,3040250842,C662041-0102,INDICATOR FUEL,ALA 5,REC,,PAMA-LS,553.0
2026-09-24,3040250844,C662041-0102,INDICATOR FUEL,ALA 9,REC,,PAMA-LS,553.0
2026-09-24,3040250843,C662041-0102,INDICATOR FUEL,ALA 10,OS concluída,,,
2026-09-24,3040250719,060-0017-00,FLIGHT DIR HOR,PAMALS,REC,,BANT,553.0
2026-09-24,3040250720,060-0017-00,FLIGHT DIR HOR,BABV,OS concluída,,,
2026-09-24,3040250722,066-01141-5101,"RECEIVER-TRANSMITTER,RADIO (KT71)",ALA 9,REC,EM REPARO,WILLIAM,553.0
2026-09-24,3040250723,066-01141-5101,"RECEIVER-TRANSMITTER,RADIO (KT71)",CLA,REC,,BABR,553.0
2026-09-24,3040250721,060-0017-00,FLIGHT DIR HOR,BANT,OS concluída,,,
2026-09-24,3040250725,066-3046-07,"CONTROL,INDICATOR",ALA 10,OS concluída,,,
2026-09-24,3040250724,066-04035-1101,"DISPLAY UNIT,RADAR",PAMALS,REC,,BANT,553.0
2026-09-24,3040250732,069-1025-25,"RECEIVER-TRANSMITTER,RADIO - KX165",PAMALS,REC,EM REPARO,WILLIAM,553.0
2026-09-24,3040250782,2606012-1,INDICATOR-INTER-TURBINE TEMPERATURE,ALA 9,OS concluída,,,
2026-09-24,3040250775,161-11700,INNER WHEEL HALF ASSY,BABE,OS concluída,,,
2026-09-24,3040250773,161-11700,INNER WHEEL HALF ASSY,EEAR,REC,,BACG,553.0
2026-09-24,3040250718,030-18200,MAIN WHEEL BRAKE,BACO,OS concluída,,,
2026-09-24,3040250716,030-18200,MAIN WHEEL BRAKE,BABV,REC,EM REPARO,LEAP,553.0
2026-09-24,3040250717,030-18200,MAIN WHEEL BRAKE,BACO,OS concluída,,,
2026-09-24,3040250780,162-11800,WHEEL HALF ASSY-OUTER,PAMALS,OS concluída,,,
2026-09-24,3040250781,162-11800,WHEEL HALF ASSY-OUTER,BACG,OS concluída,,,
2026-09-24,3040250778,161-12800,WHEEL HALF ASSY-INNER,BACG,OS concluída,,,
2026-09-24,3040250776,161-12800,WHEEL HALF ASSY-INNER,BABE,OS concluída,,,
2026-09-24,3040250790,2643031-7,"FORK ASSY,NOSE GEAR SPRING",BAMN,OS concluída,,,
2026-09-24,3040250791,2643090-1,SHIMMY DAMPENE,BANT,REC,EM REPARO,AV AERONAUTICA,553.0
2026-09-24,3040250792,2643090-1,SHIMMY DAMPENE,BAMN,REC,REPARADO,V1 PAMA-LS,553.0
2026-09-24,3040250789,2641012-14,TRUNNION ASSY-RH-MAIN GEAR,PAMASP,OS concluída,,,
2026-09-24,3040250793,2643099-4,"SUPPORT ASSY FOWARD, NLG SPRING",BAMN,OS concluída,,,
2026-09-24,3040250798,30994-001,BATTERY-MARATHON TSP410 NICAD,BANT,OS concluída,CONDENADO,AMA - VEE ONE,
2026-09-24,3040252191,C611008-0101,ALTERNATOR CONTROL UNIT,PAMALS,REC,,BABR,520.0
2026-09-24,3040252159,011-00916-00,DISPLAY UNIT GDU 1040A,BAMN,REC,,BAMN,520.0
2026-09-24,3040252161,065-0042-03,COMPUTER PA,ALA 10,REC,EM REPARO,WILLIAM,520.0
2026-09-24,3040252162,065-0042-03,COMPUTER PA,EEAR,REC,,BABE,520.0
2026-09-24,3040252164,065-0042-03,COMPUTER PA,EEAR,REC,EM REPARO,WILLIAM,520.0
2026-09-24,3040252165,065-0042-03,COMPUTER PA,PAMALS,OS concluída,,,
2026-09-24,3040252166,065-0059-01,SERVO PITCH,EEAR,REC,EM REPARO,WILLIAM,520.0
2026-09-24,3040252168,066-03064-0005,"ALTIMETER,SERVO CONTROLLED,AUTOMATIC PRESSURE",ALA 9,OS concluída,,,
2026-09-24,3040252173,066-03064-0005,"ALTIMETER,SERVO CONTROLLED,AUTOMATIC PRESSURE",BANT,REC,EM REPARO,LEAP,520.0
2026-09-24,3040252172,066-03064-0005,"ALTIMETER,SERVO CONTROLLED,AUTOMATIC PRESSURE",PAMALS,REC,NO ESTADO,VEE ONE,520.0
2026-09-24,3040252170,066-03064-0005,"ALTIMETER,SERVO CONTROLLED,AUTOMATIC PRESSURE",ALA 7,REC,NO ESTADO,VEE ONE,520.0
2026-09-24,3040252178,066-1072-00,RECEIVER ADF (KING KR87),PAMALS,OS concluída,,,
2026-09-24,3040252182,066-1072-04,"RECEIVER,RADIO",ALA 9,OS concluída,,,
2026-09-24,3040252181,066-1072-04,"RECEIVER,RADIO",PAMASP,REC,EM REPARO,WILLIAM,520.0
2026-09-24,3040252180,066-1072-04,"RECEIVER,RADIO",ALA 8,OS concluída,,,
2026-09-24,3040252185,066-1072-04,"RECEIVER,RADIO",BAMN,OS concluída,,,
2026-09-24,3040252189,9910338-6,"TRANSMITTER,RATE OF FLOW",ALA 8,OS concluída,,,
2026-09-24,3040252190,9910338-6,"TRANSMITTER,RATE OF FLOW",BABR,OS concluída,,,
2026-09-24,3040252160,011-01020-10,AFCS MODE CONTROLLER GMC 710,BAMN,OS concluída,,,
2026-09-24,3040252939,C163030-1001,MAIN W BRAKE A,BABV,REC,,BAMN,490.0
2026-09-24,3040252936,030-18200,MAIN WHEEL BRAKE,BACO,REC,,PAMA-LS,490.0
2026-09-24,3040252935,030-18200,MAIN WHEEL BRAKE,BAMN,OS concluída,,,
2026-09-24,3040252940,30-182,MAIN WHEEL BRAKE,BABV,OS concluída,,,
2026-09-24,3040252942,30-182,MAIN WHEEL BRAKE,BAMN,OS concluída,,,
2026-09-24,3040252943,30-182,MAIN WHEEL BRAKE,BAMN,OS concluída,,,
2026-09-24,3040253170,161-12800,WHEEL HALF ASSY-INNER,BASM,OS concluída,,,
2026-09-24,3040253168,161-12800,WHEEL HALF ASSY-INNER,BASM,REC,,PAMA-LS,486.0
2026-09-24,3040253172,161-12800,WHEEL HALF ASSY-INNER,PAMALS,REC,,PAMA-LS,486.0
2026-09-24,3040253174,161-12800,WHEEL HALF ASSY-INNER,PAMALS,OS concluída,,,
2026-09-24,3040253173,161-12800,WHEEL HALF ASSY-INNER,PAMALS,REC,EM REPARO,LEAP,486.0
2026-09-24,3040253176,162-10700,OUTER WHEEL HALF ASSY,BABE,OS concluída,,,
2026-09-24,3040253177,162-10700,OUTER WHEEL HALF ASSY,BABV,REC,,PAMA-LS,486.0
2026-09-24,3040253178,162-10700,OUTER WHEEL HALF ASSY,PAMALS,REC,,PROCURANDO,486.0
2026-09-24,3040253179,162-11800,WHEEL HALF ASSY-OUTER,CLA,OS concluída,,,
2026-09-24,3040253181,162-11800,WHEEL HALF ASSY-OUTER,PAMALS,OS concluída,,,
2026-09-24,3040253180,162-11800,WHEEL HALF ASSY-OUTER,BASM,REC,,PROCURANDO,486.0
2026-09-24,3040253182,162-11800,WHEEL HALF ASSY-OUTER,PAMALS,REC,,PAMA-LS,486.0
2026-09-24,3040253536,2641012-14,TRUNNION ASSY-RH-MAIN GEAR,PAMALS,OS concluída,,,
2026-09-24,3040253529,066-03064-0005,"ALTIMETER,SERVO CONTROLLED,AUTOMATIC PRESSURE",DSM-MN,REC,DEVOLVIDO NO ESTADO,WILLIAM,476.0
2026-09-24,3040253528,066-03064-0005,"ALTIMETER,SERVO CONTROLLED,AUTOMATIC PRESSURE",BANT,OS concluída,,,
2026-09-24,3040253532,799-1,TRANSDUCER,PAMALS,REC,,BANT,476.0
2026-09-24,3040253535,2643099-4,"SUPPORT ASSY FOWARD, NLG SPRING",BABE,REC,CONDENADO,VEE ONE,476.0
2026-09-24,3040253531,799-1,TRANSDUCER,BAMN,REC,,VEE ONE,476.0
2026-09-24,3040253530,799-1,TRANSDUCER,BAMN,REC,,BANT,476.0
2026-09-24,3040253526,30994-001,BATTERY-MARATHON TSP410 NICAD,PAMALS,OS concluída,,PAMA-LS,
2026-09-24,3040253527,30994-001,BATTERY-MARATHON TSP410 NICAD,BAPV,OS concluída,,PAMA-LS,
2026-09-24,3040254195,540-1407-4,"VALVE,BLEED,TURBINEENGINE",PAMALS,REC,,BANT,458.0
2026-09-24,3040254201,2643090-3,SHIMMY DAMPER-NOSE GEAR,PAMALS,REC,,PAMA-LS,458.0
2026-09-24,3040254203,SE1070-6,SHIMMY DAMPENER ASSY,BACGINAT,OS concluída,,,
2026-09-24,3040254205,C660501-0103,"COMPASS,SPEC",PAMALS,REC,,PAMA-LS,458.0
2026-09-24,3040254206,C660501-0103,"COMPASS,SPEC",ALA 8,REC,EM REPARO EM GARANTIA,WILLIAM,458.0
2026-09-24,3040254208,C660501-0103,"COMPASS,SPEC",BABV,REC,,PAMA-LS,458.0
2026-09-24,3040254210,799-1,TRANSDUCER,BANT,REC,,BANT,458.0
2026-09-24,3040254792,2606013-1RX,INDICATOR-PERCENT RPM,BABR,REC,,BANT,449.0
2026-09-24,3040254770,069-1025-25,"RECEIVER-TRANSMITTER,RADIO - KX165",ALA 9,REC,EM REPARO,WILLIAM,449.0
2026-09-24,3040254799,453-5000-710,EMERGENCY LOCATOR TRANSMITTER MODEL C406-2,PAMASP,OS concluída,,,
2026-09-24,3040254806,C352TS,"EXTINGUISHER,FIRE",PAMALS,REC,,PAMA-LS,449.0
2026-09-24,3040254805,C352TS,"EXTINGUISHER,FIRE",PAMALS,OS concluída,,,
2026-09-24,3040254810,C352TS,"EXTINGUISHER,FIRE",PAMALS,OS concluída,,,
2026-09-24,3040254809,C352TS,"EXTINGUISHER,FIRE",PAMAGL,OS concluída,,,
2026-09-24,3040254803,C352TS,"EXTINGUISHER,FIRE",2 ETA,REC,,PAMA-LS,449.0
2026-09-24,3040254808,C352TS,"EXTINGUISHER,FIRE",BABR,REC,,PAMA-LS,449.0
2026-09-24,3040254795,D145-00-46-2,FLAP ACTUATOR ASSY,BABE,REC,,PAMA-LS,449.0
2026-09-24,3040254793,D145-00-46-2,FLAP ACTUATOR ASSY,PAMALS,REC,,PAMA-LS,449.0
2026-09-24,3040254815,C482001-0402,VACUUM REGULAT,PAMALS,REC,CONDENADO,VEE ONE,449.0
2026-09-24,3040254816,C482001-0402,VACUUM REGULAT,PAMALS,REC,CONDENADO,VEE ONE,449.0
2026-09-24,3040254820,2641011-5,AXLE-MAIN GEAR,BAMN,OS concluída,,,
2026-09-24,3040254817,2641011-5,AXLE-MAIN GEAR,BABE,OS concluída,,,
2026-09-24,3040254818,2641011-5,AXLE-MAIN GEAR,BABE,OS concluída,,,
2026-09-24,3040254819,2641011-5,AXLE-MAIN GEAR,BANT,OS concluída,,,
2026-09-24,3040254796,30994-001,BATTERY-MARATHON TSP410 NICAD,BAMN,OS concluída,,,
2026-09-24,3040254789,452-0133,"BATTERY,NONRECHARGEABLE",BAMN,REC,CONDENADO,VEE ONE,449.0
2026-09-24,3040254788,452-0133,"BATTERY,NONRECHARGEABLE",BAMN,REC,CONDENADO,VEE ONE,449.0
2026-09-24,3040254787,452-0133,"BATTERY PACK,AIRCRAFT",DACTA II,REC,CONDENADO,VEE ONE,449.0
2026-09-24,3040254786,452-0133,"BATTERY PACK,AIRCRAFT",BAMN,REC,CONDENADO,VEE ONE,449.0
2026-09-24,3040254785,452-0133,"BATTERY,NONRECHARGEABLE",BAMN,REC,CONDENADO,VEE ONE,449.0
2026-09-24,3040254784,452-0133,"BATTERY,NONRECHARGEABLE",DACTA II,REC,CONDENADO,VEE ONE,449.0
2026-09-24,3040255326,011-00916-00,DISPLAY UNIT GDU 1040A,BAMN,REC,,BAMN,440.0
2026-09-24,3040255319,702801-5,FUEL PUMP,PAMASP,REC,EM REPARO,VEE ONE,440.0
2026-09-24,3040255321,8210-002,"GOVERNOR,CONSTANT SPEED DRIVE",PAMALS,OS concluída,,,
2026-09-24,3040255461,DAAS-A-010-1,ADAS-D PROCESSOR,PAMALS,REC,EM REPARO,VEE ONE,436.0
2026-09-24,3040255589,071-01519-0101,"RECEIVER-EXCITER,RADAR",BANT,REC,,PROCURANDO,434.0
2026-09-24,3040255590,071-01519-0101,"RECEIVER-EXCITER,RADAR",PAMALS,OS concluída,,,
2026-09-24,3040255706,C661064-0237,AIRSPEED INDICATOR,BAMN,OS concluída,,,
2026-09-24,3040256114,5934PAD-3,"ALTIMETER,PRESSURE",PAMALS,REC,EM REPARO,VEE ONE,420.0
2026-09-24,3040256119,011-00878-10,GSA-81 TORQUE SERVO,BAPV,REC,EM REPARO,LEAP,420.0
2026-09-24,3040256112,011-00883-20,RADAR GWX 68 WEATHER,BABE,REC,,BAMN,420.0
2026-09-24,3040256115,5934PAD-3,"ALTIMETER,PRESSURE",PAMALS,OS concluída,,,
2026-09-24,3040256118,011-00878-10,GSA-81 TORQUE SERVO,BAPV,REC,,BACO,420.0
2026-09-24,3040256120,011-00916-10,"DISPLAY UNIT,FLIGHT INFORMATION",BAMN,OS concluída,,,
2026-09-24,3040256314,066-4010-12,RECEIVER VOR/LOC (KNS81),EEAR,REC,EM REPARO,LEAP,407.0
2026-09-24,3040256311,3121248-03,"VALVE ASSEMBLY,COMPRESSOR BLEED",PAMALS,OS concluída,,,
2026-09-24,3040256704,C661064-0237,AIRSPEED INDICATOR,PAMALS,OS concluída,,,
2026-09-24,3040256707,D210507,"GOVERNOR,OVERSPEED",PAMALS,OS concluída,,,
2026-09-24,3040256708,D210507,"GOVERNOR,OVERSPEED",PAMALS,REC,REPARADO,VEE ONE,398.0
2026-09-24,3040256702,C661064-0237,AIRSPEED INDICATOR,BABR,OS concluída,,,
2026-09-24,3040256703,C661064-0237,AIRSPEED INDICATOR,PAMALS,OS concluída,,,
2026-09-24,3040256662,030-18200,MAIN WHEEL BRAKE,BASM,OS concluída,,,
2026-09-24,3040256665,161-11700,INNER WHEEL HALF ASSY,BABV,OS concluída,,,
2026-09-24,3040256666,161-11700,INNER WHEEL HALF ASSY,PAMALS,OS concluída,,,
2026-09-24,3040256667,161-11700,INNER WHEEL HALF ASSY,PAMALS,OS concluída,,,
2026-09-24,3040256668,161-11700,INNER WHEEL HALF ASSY,PAMALS,OS concluída,,,
2026-09-24,3040256669,161-11700,INNER WHEEL HALF ASSY,PAMALS,OS concluída,,,
2026-09-24,3040256670,161-11700,INNER WHEEL HALF ASSY,PAMALS,OS concluída,,,
2026-09-24,3040256671,161-11700,INNER WHEEL HALF ASSY,PAMALS,REC,,PAMA-LS,398.0
2026-09-24,3040256698,030-18200,MAIN WHEEL BRAKE,PAMASP,REC,,BABE,398.0
2026-09-24,3040256713,030-18200,MAIN WHEEL BRAKE,ALA 3,REC,,BAMN,398.0
2026-09-24,3040256694,162-11800,WHEEL HALF ASSY-OUTER,BANT,OS concluída,,,
2026-09-24,3040256696,162-11800,WHEEL HALF ASSY-OUTER,PAMALS,REC,,PAMA-LS,398.0
2026-09-24,3040256672,161-12800,WHEEL HALF ASSY-INNER,PAMALS,OS concluída,,PAMA-LS,
2026-09-24,3040256675,161-12800,WHEEL HALF ASSY-INNER,BANT,OS concluída,,,
2026-09-24,3040256792,011-00877-00,"GSA-80 SERVO ROL,YAW,SPEC",BAMN,REC,,PROCURANDO,398.0
2026-09-24,3040256787,011-00877-00,"GSA-80 SERVO ROL,YAW,SPEC",PAMALS,REC,EM REPARO,VEE ONE,398.0
2026-09-24,3040256828,011-00883-20,RADAR GWX 68 WEATHER,PAMALS,REC,,PAMA-LS,398.0
2026-09-24,3040256709,3121248-03,"VALVE ASSEMBLY,COMPRESSOR BLEED",PAMASP,REC,,BANT,395.0
2026-09-24,3040256673,161-12800,WHEEL HALF ASSY-INNER,PAMALS,REC,CONDENADO,VEE ONE,395.0
2026-09-24,3040257095,011-01105-01,INTEGRATED AVIONICS UNIT GIA63W,BABE,REC,EM REPARO,VEE ONE,391.0
2026-09-24,3040257096,011-01105-01,INTEGRATED AVIONICS UNIT GIA63W,BABE,REC,,BAMN,391.0
2026-09-24,3040257093,065-00183-0501,AUTOPILOT COMPUTER KFC225,BABE,REC,,BANT,391.0
2026-09-24,3040257094,065-00183-0501,AUTOPILOT COMPUTER KFC225,BABE,REC,,BANT,391.0
2026-09-24,3040257443,161-12800,WHEEL HALF ASSY-INNER,ALA 3,AUT,,,379.0
2026-09-24,3040257442,C163030-1001,MAIN W BRAKE A,BAMN,OS concluída,,BAMN,
2026-09-24,3040257452,3244809-8,"FUEL CONTROL,MAIN,TURBINE ENGINE",BAPV,OS concluída,,,
2026-09-24,3040257454,EA-5172-45-CES,"INDICATOR,AIRSPEED",BACG,OS concluída,,,
2026-09-24,3040257453,EA-5172-45-CES,"INDICATOR,AIRSPEED",ALA 7,REC,DEVOLVIDO NO ESTADO,WILLIAM,372.0
2026-09-24,3040257451,3244809-7,"FUEL CONTROL,MAIN,TURBINE ENGINE",PAMASP,REC,,BANT,372.0
2026-09-24,3040257450,3244809-4,"FUEL CONTROL,MAIN,TURBINE ENGINE",PAMASP,OS concluída,EM REPARO,LEAP,
2026-09-24,3040257438,030-18200,MAIN WHEEL BRAKE,BAMN,REC,REPARADO,VEE ONE,372.0
2026-09-24,3040257444,162-10700,OUTER WHEEL HALF ASSY,PAMALS,OS concluída,,,
2026-09-24,3040257447,162-10700,OUTER WHEEL HALF ASSY,PAMALS,OS concluída,,,
2026-09-24,3040257436,30994-001,BATTERY-MARATHON TSP410 NICAD,PAMALS,OS concluída,,PAMA-LS,
2026-09-24,3040257441,030-18200,MAIN WHEEL BRAKE,BAPV,REC,,BAMN,372.0
2026-09-24,3040257440,030-18200,MAIN WHEEL BRAKE,BANT,REC,CONDENADO,VEE ONE,372.0
2026-09-24,3040257439,030-18200,MAIN WHEEL BRAKE,BAMN,REC,,BAMN,372.0
2026-09-24,3040258306,D210507,"GOVERNOR,OVERSPEED",PAMALS,REC,EM REPARO,LEAP,352.0
2026-09-24,3040258310,D210507,"GOVERNOR,OVERSPEED",BACO,OS concluída,,,
2026-09-24,3040258309,D210507,"GOVERNOR,OVERSPEED",BAMN,REC,EM REPARO,LEAP,352.0
2026-09-24,3040258308,D210507,"GOVERNOR,OVERSPEED",BAMN,OS concluída,,,
2026-09-24,3040258307,D210507,"GOVERNOR,OVERSPEED",ALA 5,OS concluída,,,
2026-09-24,3040258303,011-00877-00,"GSA-80 SERVO ROL,YAW,SPEC",DACTA II,REC,EM REPARO,VEE ONE,352.0
2026-09-24,3040258422,2601188-8,COMPRESSOR DRIVE ASSY R134A,PAMASP,REC,,PROCURANDO,350.0
2026-09-24,3040258419,011-00877-00,"GSA-80 SERVO ROL,YAW,SPEC",DACTA II,REC,EM REPARO,VEE ONE,350.0
2026-09-24,3040258420,011-00877-00,"GSA-80 SERVO ROL,YAW,SPEC",BACO,REC,EM REPARO,VEE ONE,350.0
2026-09-24,3040258421,011-00877-00,"GSA-80 SERVO ROL,YAW,SPEC",BABE,REC,,BACO,350.0
2026-09-24,3040258764,069-01034-0102,"NAVIGATION SET,SATELLITE SIGNALS KLN-94",PAMALS,REC,,BANT,343.0
2026-09-24,3040259152,066-01141-5101,"TRANSPONDER,RADAR",BABE,REC,,BANT,324.0
2026-09-24,3040259151,066-01141-5101,"TRANSPONDER,RADAR",BANT,REC,,BANT,324.0
2026-09-24,3040259251,064-1019-05,VHF TRANSCEIVE KY196,EEAR,REC,,EEAR,322.0
2026-09-24,3040259146,1U149-015-15,HORIZ. GYRO-STADBY,PAMALS,REC,EM REPARO,VEE ONE,321.0
2026-09-24,3040259147,162-10700,OUTER WHEEL HALF ASSY,BANT,REC,EM REPARO,AMA - VEE ONE,321.0
2026-09-24,3040259148,3049038-03,"VALVE,COMPRESSOR BLEED",BANT,OS concluída,,,
2026-09-24,3040259316,2606015-4,INDICATOR-OIL TEMP/OIL PRESS,BACG,REC,,PAMA-LS,318.0
2026-09-24,3040259564,C414007-0102,BLOWER ASSY,PAMALS,OS concluída,,,
2026-09-24,3040259568,C414007-0102,BLOWER ASSY,ALA 10,OS concluída,,,
2026-09-24,3040259570,C414007-0102,BLOWER ASSY,ALA 10,OS concluída,,,
2026-09-24,3040259694,025323-150,FUEL PUMP,PAMASP,REC,,BACO,310.0
2026-09-24,3040259922,C414007-0102,BLOWER ASSY,BANT,REC,,PAMA-LS,303.0
2026-09-24,3040259928,C414007-0102,BLOWER ASSY,PAMALS,REC,EM REPARO,VEE ONE,303.0
2026-09-24,3040259924,C414007-0102,BLOWER ASSY,BACG,REC,EM REPARO,VEE ONE,303.0
2026-09-24,3040259918,C414007-0102,BLOWER ASSY,ALA 10,OS concluída,,VEE ONE,
2026-09-24,3040259950,065-0060-01,"CONTROL,SERVO,AUTOMATIC PILOT",PAMALS,REC,EM REPARO,LEAP,303.0
2026-09-24,3040259949,065-0060-01,"CONTROL,SERVO,AUTOMATIC PILOT",PAMALS,REC,EM REPARO,LEAP,303.0
2026-09-24,3040259947,066-3046-07,"CONTROL,INDICATOR",EEAR,OS concluída,,,
2026-09-24,3040259946,066-3046-07,"CONTROL,INDICATOR",BANT,REC,,BANT,303.0
2026-09-24,3040259944,066-3046-07,"CONTROL,INDICATOR",EEAR,REC,,PAMA-LS,303.0
2026-09-24,3040260209,011-00916-00,DISPLAY UNIT GDU 1040A,PAMALS,REC,,BAMN,289.0
2026-09-24,3040260208,324843-W020,HEADSET-MICROPHONE,PAMALS,REC,VAI SER DEVOLVIDO SEM REPARO,WILLIAM,289.0
2026-09-24,3040260204,324843-W020,HEADSET-MICROPHONE,PAMALS,OS concluída,,,
2026-09-24,3040260205,324843-W020,HEADSET-MICROPHONE,PAMALS,OS concluída,,,
2026-09-24,3040260388,SD5H14C4527,AIR COMPRESSOR,PAMALS,REC,EM REPARO,VEE ONE,282.0
2026-09-24,3040260382,065-00183-0501,AUTOPILOT COMPUTER KFC225,BANT,REC,,BANT,282.0
2026-09-24,3040260389,SD5H14C4527,AIR COMPRESSOR,PAMALS,REC,EM REPARO,VEE ONE,282.0
2026-09-24,3040260517,ASG12000-2,ALTERNATOR,PAMALS,OS concluída,,,
2026-09-24,3040260524,51539-012M,CONTROL UNIT ASSY-GENERATOR,BANT,REC,,BACG,279.0
2026-09-24,3040260516,ASG12000-2,ALTERNATOR,PAMALS,REC,,V1 PAMA-LS,279.0
2026-09-24,3040260523,9910592-2,ALTERNADOR,BAMN,OS concluída,,babr,
2026-09-24,3040260522,9910592-2,ALTERNADOR,BAMN,REC,,dacta II,279.0
2026-09-24,3040260547,161-12800,WHEEL HALF ASSY-INNER,EPCAR,OS concluída,,BABE,
2026-09-24,3040260545,161-11700,INNER WHEEL HALF ASSY,BACG,OS concluída,,,
2026-09-24,3040260544,161-11700,INNER WHEEL HALF ASSY,BANT,OS concluída,,,
2026-09-24,3040260546,161-12800,WHEEL HALF ASSY-INNER,PAMALS,REC,,,261.0
2026-09-24,3040260548,161-11700,INNER WHEEL HALF ASSY,CLA,OS concluída,,,
2026-09-24,3040260549,162-10700,OUTER WHEEL HALF ASSY,BACG,OS concluída,,,
2026-09-24,3040260550,162-10700,OUTER WHEEL HALF ASSY,CLA,OS concluída,,,
2026-09-24,3040260551,162-11800,WHEEL HALF ASSY-OUTER,BANT,REC,,,261.0
2026-09-24,3040260552,30994-001,BATTERY-MARATHON TSP410 NICAD,BABE,OS concluída,,PAMA-LS,
2026-09-24,3040260543,324843-W020,HEADSET-MICROPHONE,PAMALS,REC,,PAMA-LS,261.0
2026-09-24,3040260542,324843-W020,HEADSET-MICROPHONE,PAMALS,REC,,BABE,261.0
2026-09-24,3040260541,324843-W020,HEADSET-MICROPHONE,PAMALS,OS concluída,,,
2026-09-24,3040260540,324843-W020,HEADSET-MICROPHONE,PAMALS,OS concluída,,,
2026-09-24,3040260538,324843-W020,HEADSET-MICROPHONE,PAMALS,REC,,BABE,261.0
2026-09-24,3040260539,324843-W020,HEADSET-MICROPHONE,PAMALS,REC,,BABE,261.0
2026-09-24,3040260595,9910586-4,FLAP ACTUATOR AND MOTOR ASSEMBLY,7 ETA,REC,,BAMN,261.0
2026-09-24,3040260597,9910586-4,FLAP ACTUATOR AND MOTOR ASSEMBLY,BAPV,OS concluída,,BABR,
2026-09-24,3040260583,3244897-4,FUEL CONTROL UNIT,PAMALS,OS concluída,,,
2026-09-24,3040260750,3122678-04,FUEL CONTROL UNIT,PAMASP,REC,,BANT,253.0
2026-09-24,3040260752,3244897-4,FUEL CONTROL UNIT,PAMASP,OS concluída,,,
2026-09-24,3040260753,3244809-7,"FUEL CONTROL,MAIN,TURBINE ENGINE",PAMASP,OS concluída,,,
2026-09-24,3040260754,3244809-1,"FUEL CONTROL,MAIN,TURBINE ENGINE",PAMASP,REC,EM QUARENTENA,LEAP,253.0
2026-09-24,3040254794,C145-350,"MOTOR,DIRECT CURRENT",PAMALS,OS concluída,,,
2026-09-24,3040260913,064-1054-30,RECEIVER-TRANSMITTER SUBASSEMBLY,EPCAR,REC,,V1 PAMA-LS,241.0
2026-09-24,3040260915,064-1054-30,RECEIVER-TRANSMITTER SUBASSEMBLY,PAMALS,REC,,BABR,241.0
2026-09-24,3040260811,3034792,BOMBA DE COMBUSTÍVEL,BAPV,OS concluída,,BABR,
2026-09-24,3040260812,3034792,BOMBA DE COMBUSTÍVEL,BACG,OS concluída,,,
2026-09-24,3040260922,162-11800,WHEEL HALF ASSY-OUTER,PAMALS,OS concluída,,,
2026-09-24,3040260923,030-18200,MAIN WHEEL BRAKE,BACO,REC,REPARADO,VEE ONE,239.0
2026-09-24,3040261389,3034792,BOMBA DE COMBUSTÍVEL,PAMASP,OS concluída,REPARADO,V1 PAMA-LS,
2026-09-24,3040261388,3034792,BOMBA DE COMBUSTÍVEL,BABR,OS concluída,,,
2026-09-24,3040261387,3034792,BOMBA DE COMBUSTÍVEL,BABR,OS concluída,,,
2026-09-24,3040261371,TFF2905-13,FUEL FLOW TRANSDUCER,ALA 8,REC,,PAMA-LS,226.0
2026-09-24,3040261375,C661065-0240RX,"INDICATOR, AIRSPEED",BACG,REC,EM REPARO,WILLIAM,226.0
2026-09-24,3040261373,C661065-0240,AIRSPEED INDICATOR,BABE,REC,,PAMA-LS,226.0
2026-09-24,3040261322,011-00831-00,"ENGINE INTERFA,SPEC",BAPV,REC,,VEE ONE,226.0
2026-09-24,3040261326,011-00882-10,"COMPUTER,AIR DATA",BAMN,OS concluída,,,
2026-09-24,3040261324,011-00882-10,"COMPUTER,AIR DATA",BAMN,OS concluída,,,
2026-09-24,3040261327,064-1054-30,RECEIVER-TRANSMITTER SUBASSEMBLY,PAMASP,REC,,PAMA-LS,226.0
2026-09-24,3040261336,066-01141-0101,"RECEIVER,RADIO",BANT,REC,,PAMA-LS,226.0
2026-09-24,3040261334,065-0065-01,SELECTOR ALT,BANT,REC,,PAMA-LS,226.0
2026-09-24,3040261331,065-0061-36,ACTUATOR TRIM (KS272A),PAMASP,OS concluída,,BABR,
2026-09-24,3040261329,065-0061-36,ACTUATOR TRIM (KS272A),ALA 10,OS concluída,,,
2026-09-24,3040261335,065-0065-01,SELECTOR ALT,BANT,REC,,PAMA-LS,226.0
2026-09-24,3040261342,066-3084-02,COLOR RADAR INDICATOR,BABV,REC,,PAMA-LS,226.0
2026-09-24,3040261340,066-1053-00,"RECEIVER,RADIO",BASM,REC,,PAMA-LS,226.0
2026-09-24,3040261377,066-3054-01,INDICATOR RADAR ALTIMETER - TYPE KI250,PAMALS,REC,EM REPARO,WILLIAM,226.0
2026-09-24,3040261376,066-1061-03,RT RADAR ALTIM (KRA10A),PAMALS,REC,PARA REPARO,VEE ONE,226.0
2026-09-24,3040261352,1134380-4,EVAPORATOR MODULE ASSY-RH,BAMN,REC,CONDENADO,VEE ONE,226.0
2026-09-24,3040261347,071-1234-00,ANTENNA ACCESSORY,ALA 1,REC,EM REPARO,WILLIAM,226.0
2026-09-24,3040261344,066-4010-12,RECEIVER VOR/LOC (KNS81),ALA 10,REC,EM REPARO,WILLIAM,226.0
2026-09-24,3040261353,1H75-21,PRESSURE REGULATOR,BAMN,OS concluída,,BAMN,
2026-09-24,3040261357,2682001-1,BRAKE CYL MAST,BABE,OS concluída,,,
2026-09-24,3040261356,2670104-2,ANNUNCIATOR PANEL,PAMALS,OS concluída,,,
2026-09-24,3040261355,2643100-201,NOSE GEAR STRUT ASSY - TALL FORK,BABR,OS concluída,,,
2026-09-24,3040261354,2643100-201,NOSE GEAR STRUT ASSY - TALL FORK,BANT,REC,EM REPARO,AV AERONAUTICA,226.0
2026-09-24,3040261364,8210-002-01,GOVERNOR PROPELLER,PAMASP,REC,REPARADO,VEE ONE,226.0
2026-09-24,3040261627,S3828-1,ALTIMETER,BAMN,REC,,PAMA-LS,212.0
2026-09-24,3040261628,S3828-1,ALTIMETER,BABE,REC,REPARADO,V1 PAMA-LS,212.0
2026-09-24,3040261851,51539-012MRX,CONTROL UNIT ASSY-GENERATOR,BABE,REC,EM REPARO,VEE ONE,204.0
2026-09-24,3040261852,51539-012MRX,CONTROL UNIT ASSY-GENERATOR,BABE,REC,EM REPARO,VEE ONE,204.0
2026-09-24,3040261843,3034792,BOMBA DE COMBUSTÍVEL,PAMALS,REC,EM REPARO,VEE ONE,199.0
2026-09-24,3040262245,200SGL119Q-2,STARTER GENERATOR,BAMN,OS concluída,,,
2026-09-24,3040262246,200SGL119Q-2,STARTER GENERATOR,BAMN,OS concluída,,,
2026-09-24,3040262273,324843-W020,HEADSET-MICROPHONE,BABE,OS concluída,,,
2026-09-24,3040262275,324843-W020,HEADSET-MICROPHONE,BANT,OS concluída,,,
2026-09-24,3040262363,066-1055-00,AUDIO CONTROL PANEL,ALA 5,OS concluída,,,
2026-09-24,3040262367,066-1055-00,AUDIO CONTROL PANEL,ALA 9,REC,,WILLIAM,182.0
2026-09-24,3040262368,066-1055-00,AUDIO CONTROL PANEL,CLA,OS concluída,,,
2026-09-24,3040262372,51539-012M,CONTROL UNIT ASSY-GENERATOR,BANT,REC,,PAMA-LS,182.0
2026-09-24,3040262371,51539-012N,CONTROL UNIT ASSY-GENERATOR,BANT,REC,,PAMA-LS,182.0
2026-09-24,3040262419,065-0061-36,ACTUATOR TRIM (KS272A),ALA 9,REC,EM REPARO,WILLIAM,177.0
2026-09-24,3040262734,C352,PORTABLE HALON FIRE EXTINGUISHERS,ALA 5,REC,EM REPARO,AV AERONAUTICA,164.0
2026-09-24,3040262738,C352TS,"EXTINGUISHER,FIRE",BANT,REC,,AV AERONÁUTICA,164.0
2026-09-24,3040262739,C352TS,"EXTINGUISHER,FIRE",BANT,REC,,AV AERONÁUTICA,164.0
2026-09-24,3040262740,C352TS,"EXTINGUISHER,FIRE",PAMALS,REC,,AV AERONÁUTICA,164.0
2026-09-24,3040262766,011-00883-20,RADAR GWX 68 WEATHER,BAMN,OS concluída,,V1 PAMA-LS,
2026-09-24,3040262765,011-00883-20,RADAR GWX 68 WEATHER,BAMN,REC,,V1 PAMA-LS,164.0
2026-09-24,3040262772,011-01020-10,AFCS MODE CONTROLLER GMC 710,BAMN,REC,,PAMA-LS,164.0
2026-09-24,3040262770,011-01020-10,AFCS MODE CONTROLLER GMC 710,BAMN,REC,,PAMA-LS,164.0
2026-09-24,3040262773,011-01020-10,AFCS MODE CONTROLLER GMC 710,BAMN,REC,,PAMA-LS,164.0
2026-09-24,3040262746,066-1070-01,TRANSCEIVER DME (KN63),BABE,REC,EM REPARO,WILLIAM,164.0
2026-09-24,3040262745,064-1019-05,VHF TRANSCEIVE KY196,EEAR,REC,EM REPARO,VEE ONE,164.0
2026-09-24,3040262747,066-1072-00,RECEIVER ADF (KING KR87),ALA 7,REC,EM REPARO,WILLIAM,164.0
2026-09-24,3040262748,066-3046-07,"CONTROL,INDICATOR",BABR,REC,,BANT,164.0
2026-09-24,3040262769,066-3046-07,"CONTROL,INDICATOR",BABR,REC,,BANT,164.0
2026-09-24,3040262768,066-3046-07,"CONTROL,INDICATOR",EEAR,OS concluída,,BABR,
2026-09-24,3040262767,066-3046-07,"CONTROL,INDICATOR",EEAR,REC,EM REPARO,LEAP,164.0
2026-09-24,3040262791,066-3060-00,IND RMI KNI582,BANT,OS concluída,,,
2026-09-24,3040262630,161-11700,INNER WHEEL HALF ASSY,BANT,REC,,PAMA-LS,164.0
2026-09-24,3040262792,066-3060-00,IND RMI KNI582,BANT,REC,EM REPARO,LEAP,164.0
2026-09-24,3040262634,162-10700,OUTER WHEEL HALF ASSY,BANT,OS concluída,,PAMA-LS,
2026-09-24,3040262632,161-12800,WHEEL HALF ASSY-INNER,BANT,OS concluída,REPARADO,VEE ONE,
2026-09-24,3040262633,161-12800,WHEEL HALF ASSY-INNER,BANT,OS concluída,,,
2026-09-24,3040262635,162-11800,WHEEL HALF ASSY-OUTER,EPCAR,OS concluída,,,
2026-09-24,3040262637,162-11800,WHEEL HALF ASSY-OUTER,BANT,REC,REPARADO,VEE ONE,164.0
2026-09-24,3040262636,162-11800,WHEEL HALF ASSY-OUTER,BANT,OS concluída,REPARADO,VEE ONE,
2026-09-24,3040262646,200SGL119Q,STARTER GENERATOR,PAMASP,OS concluída,,,
2026-09-24,3040262639,200SGL119Q,STARTER GENERATOR,PAMASP,OS concluída,,PAMA-LS,
2026-09-24,3040262638,200SGL119Q,STARTER GENERATOR,PAMALS,REC,EM REPARO,AV AERONAUTICA,164.0
2026-09-24,3040262757,2606015-2,IND OIL TEMP/P,PAMALS,REC,EM REPARO,VEE ONE,164.0
2026-09-24,3040262706,2641011-5,AXLE-MAIN GEAR,BAMN,REC,,BANT,164.0
2026-09-24,3040262707,2641011-5,AXLE-MAIN GEAR,BABV,OS concluída,REPARADO,VEE ONE,
2026-09-24,3040262717,2641011-5,AXLE-MAIN GEAR,BANT,OS concluída,REPARADO,VEE ONE,
2026-09-24,3040262714,2641011-5,AXLE-MAIN GEAR,BAPV,REC,,BANT,164.0
2026-09-24,3040262713,2641011-5,AXLE-MAIN GEAR,BAPV,OS concluída,,,
2026-09-24,3040262712,2641011-5,AXLE-MAIN GEAR,BABR,REC,,BANT,164.0
2026-09-24,3040262711,2641011-5,AXLE-MAIN GEAR,BABR,REC,,BANT,164.0
2026-09-24,3040262709,2641011-5,AXLE-MAIN GEAR,PAMALS,REC,,BANT,164.0
2026-09-24,3040262708,2641011-5,AXLE-MAIN GEAR,PAMALS,REC,,BANT,164.0
2026-09-24,3040262744,3244809-1A,F.C.U,PAMALS,REC,EM REPARO,LEAP,164.0
2026-09-24,3040262758,9910338-4,FUEL TOTALIZER INDICATOR,PAMALS,REC,EM REPARO,VEE ONE,164.0
2026-09-24,3040262759,9910338-6,"TRANSMITTER,RATE OF FLOW",BAMN,REC,,PAMA-LS,164.0
2026-09-24,3040262760,9910338-6,"TRANSMITTER,RATE OF FLOW",BANT,REC,EM REPARO,VEE ONE,164.0
2026-09-24,3040262966,2682001-1,BRAKE CYL MAST,BACO,OS concluída,,PAMA-LS,
2026-09-24,3040262967,2682001-1,BRAKE CYL MAST,PAMALS,REC,,PAMA-LS,162.0
2026-09-24,3040262968,2682001-1,BRAKE CYL MAST,BANT,OS concluída,,PAMA-LS,
2026-09-24,3040262969,2682001-1,BRAKE CYL MAST,BABE,REC,,PAMA-LS,162.0
2026-09-24,3040263069,453-5060,ELT C406-N,BABE,OS concluída,,,
2026-09-24,3040263283,D145-00-46-2,FLAP ACTUATOR ASSY,PAMALS,REC,,,147.0
2026-09-24,3040263284,D145-00-46-2,FLAP ACTUATOR ASSY,BAFL,REC,,,147.0
2026-09-24,3040263324,069-01033-0101,"RECEIVER-TRANSMITTER,RADIO",PAMALS,REC,EM REPARO,LEAP,147.0
2026-09-24,3040263287,C661065-0237,AIRSPEED INDICATOR,BABR,OS concluída,,,
2026-09-24,3040263288,C661065-0237,AIRSPEED INDICATOR,PAMASP,OS concluída,,,
2026-09-24,3040263314,060-0017-00,FLIGHT DIR HOR,EEAR,REC,EM REPARO,LEAP,147.0
2026-09-24,3040263319,066-1055-00,AUDIO CONTROL PANEL,BABE,OS concluída,,,
2026-09-24,3040263317,060-0017-00,FLIGHT DIR HOR,PAMASP,REC,,BANT,147.0
2026-09-24,3040263316,060-0017-00,FLIGHT DIR HOR,BANT,REC,,BANT,147.0
2026-09-24,3040263320,066-1055-00,AUDIO CONTROL PANEL,PAMALS,REC,EM REPARO,AV AERONAUTICA,147.0
2026-09-24,3040263325,069-01033-0101,"RECEIVER-TRANSMITTER,RADIO",PAMALS,REC,,,147.0
2026-09-24,3040263335,C611008-0101,ALTERNATOR CONTROL UNIT,PAMALS,REC,,BANT,147.0
2026-09-24,3040263336,C611008-0101,ALTERNATOR CONTROL UNIT,PAMALS,REC,,BANT,147.0
2026-09-24,3040263286,C661065-0237,AIRSPEED INDICATOR,BANT,REC,,PAMA-LS,147.0
2026-09-24,3040263322,066-1055-00,AUDIO CONTROL PANEL,ALA 9,REC,EM REPARO,WILLIAM,147.0
2026-09-24,3040263326,069-01033-0101,"RECEIVER-TRANSMITTER,RADIO",PAMALS,REC,,BANT,147.0
2026-09-24,3040263315,060-0017-00,FLIGHT DIR HOR,BACG,OS concluída,,BABR,
2026-09-24,3040263334,011-00916-10,"DISPLAY UNIT,FLIGHT INFORMATION",BACO,REC,,WILLIAM,147.0
2026-09-24,3040263333,011-00916-10,"DISPLAY UNIT,FLIGHT INFORMATION",BACO,OS concluída,,BAMN,
2026-09-24,3040263332,011-00916-10,"DISPLAY UNIT,FLIGHT INFORMATION",BAMN,OS concluída,,,
2026-09-24,3040263331,C661064-0237,AIRSPEED INDICATOR,PAMALS,REC,,PAMA-LS,147.0
2026-09-24,3040263329,C661064-0237,AIRSPEED INDICATOR,PAMALS,REC,,PAMA-LS,147.0
2026-09-24,3040263328,C661064-0237,AIRSPEED INDICATOR,BABR,REC,EM REPARO,WILLIAM,147.0
2026-09-24,3040263327,C661064-0237,AIRSPEED INDICATOR,BABR,REC,EM REPARO,WILLIAM,147.0
2026-09-24,3040263330,C661064-0237,AIRSPEED INDICATOR,PAMALS,REC,,PAMA-LS,147.0
2026-09-24,3040263338,C611008-0101,ALTERNATOR CONTROL UNIT,PAMALS,REC,,V1 PAMA-LS,147.0
2026-09-24,3040263433,066-03064-0005,"ALTIMETER,SERVO CONTROLLED,AUTOMATIC PRESSURE",BACG,REC,,PAMA-LS,141.0
2026-09-24,3040263435,066-03064-0005,"ALTIMETER,SERVO CONTROLLED,AUTOMATIC PRESSURE",BANT,REC,,PAMA-LS,141.0
2026-09-24,3040263434,066-03064-0005,"ALTIMETER,SERVO CONTROLLED,AUTOMATIC PRESSURE",PAMASP,REC,,PAMA-LS,141.0
2026-09-24,3040263417,069-01033-0101,"RECEIVER-TRANSMITTER,RADIO",PAMALS,REC,EM REPARO,WILLIAM,141.0
2026-09-24,3040263416,069-01033-0101,"RECEIVER-TRANSMITTER,RADIO",BASM,REC,EM REPARO,WILLIAM,141.0
2026-09-24,3040263415,069-01033-0101,"RECEIVER-TRANSMITTER,RADIO",BABR,REC,,BANT,141.0
2026-09-24,3040263447,066-3046-07,"CONTROL,INDICATOR",CLA,OS concluída,,BABR,
2026-09-24,3040263443,3244897-4,FUEL CONTROL UNIT,PAMALS,REC,EM REPARO,LEAP,140.0
2026-09-24,3040263444,3244897-4,FUEL CONTROL UNIT,PAMALS,REC,EM REPARO,LEAP,140.0
2026-09-24,3040263577,060-0015-00,"CONTROL,DIRECTIONAL,AUTOMATIC PILOT",ALA 5,REC,,WILLIAM,135.0
2026-09-24,3040263574,066-1072-04,"RECEIVER,RADIO",BABE,REC,EM REPARO,WILLIAM,135.0
2026-09-24,3040263576,066-1072-04,"RECEIVER,RADIO",BAMN,OS concluída,,WILLIAM,
2026-09-24,3040263575,066-1072-04,"RECEIVER,RADIO",BABE,REC,EM REPARO,WILLIAM,135.0
2026-09-24,3040263573,066-3084-32,IND RDR 2000 IN-182A,PAMALS,REC,,BABR,135.0
2026-09-24,3040263571,066-3084-32,IND RDR 2000 IN-182A,PAMALS,REC,,BANT,135.0
2026-09-24,3040263572,066-3084-32,IND RDR 2000 IN-182A,PAMALS,REC,EM REPARO,WILLIAM,135.0
2026-09-24,3040263448,2618510-10,ALTERNATOR CONTROL UNIT ASSY,BABE,REC,EM REPARO,WILLIAM,135.0
2026-09-24,3040263449,2618510-10,ALTERNATOR CONTROL UNIT ASSY,PAMALS,REC,,BANT,135.0
2026-09-24,3040263877,2641011-5,AXLE-MAIN GEAR,CLA,REC,REPARADO,VEE ONE,125.0
2026-09-24,3040263878,2641011-5,AXLE-MAIN GEAR,CLA,REC,,BABE,125.0
2026-09-24,3040264243,069-01033-0101,"RECEIVER-TRANSMITTER,RADIO",PAMALS,REC,EM REPARO,WILLIAM,118.0
2026-09-24,3040264244,069-01033-0101,"RECEIVER-TRANSMITTER,RADIO",PAMASP,REC,EM REPARO,WILLIAM,118.0
2026-09-24,3040264246,060-0017-00,FLIGHT DIR HOR,PAMALS,REC,,BABR,118.0
2026-09-24,3040264237,200SGL119Q-2,STARTER GENERATOR,BAMN,REC,EM REPARO,AV AERONAUTICA,118.0
2026-09-24,3040264236,200SGL119Q-2,STARTER GENERATOR,BABE,OS concluída,,BABE,
2026-09-24,3040264121,3244897-4,FUEL CONTROL UNIT,BABE,OS concluída,EM REPARO,LEAP,
2026-09-24,3040264263,9910338-8,"INDICATOR,FUEL FLOW",PAMALS,OS concluída,,BABR,
2026-09-24,3040264262,9910338-8,"INDICATOR,FUEL FLOW",BABV,REC,,PAMA-LS,118.0
2026-09-24,3040264242,324843-2020,HEADSET-MICROPHONE,BABE,OS concluída,,BAMN,
2026-09-24,3040264264,324843-2020,HEADSET-MICROPHONE,DACTA II,OS concluída,,BAMN,
2026-09-24,3040264238,324843-2020,HEADSET-MICROPHONE,DACTA II,OS concluída,,,
2026-09-24,3040264241,324843-2020,HEADSET-MICROPHONE,DACTA II,OS concluída,,BAMN,
2026-09-24,3040264240,324843-2020,HEADSET-MICROPHONE,DACTA II,OS concluída,,BAMN,
2026-09-24,3040264122,3244809-8,"FUEL CONTROL,MAIN,TURBINE ENGINE",BABE,OS concluída,,BABR,
2026-09-24,3040263797,066-3046-07,"CONTROL,INDICATOR",BABE,REC,EM REPARO,WILLIAM,118.0
2026-09-24,3040263798,066-3046-07,"CONTROL,INDICATOR",PAMASP,OS concluída,,,
2026-09-24,3040263799,066-3046-07,"CONTROL,INDICATOR",PAMASP,REC,EM REPARO,WILLIAM,118.0
2026-09-24,3040263795,071-01519-0101,"RECEIVER-EXCITER,RADAR",PAMALS,REC,,BANT,118.0
2026-09-24,3040263796,071-01519-0101,"RECEIVER-EXCITER,RADAR",PAMALS,REC,EM REPARO,WILLIAM,118.0
2026-09-24,3040264579,060-0017-00,FLIGHT DIR HOR,BABR,OS concluída,,,
2026-09-24,3040264577,060-0017-00,FLIGHT DIR HOR,PAMALS,REC,,,106.0
2026-09-24,3040264573,060-0017-00,FLIGHT DIR HOR,BANT,REC,,,106.0
2026-09-24,3040264574,060-0017-00,FLIGHT DIR HOR,BANT,REC,,,106.0
2026-09-24,3040264576,060-0017-00,FLIGHT DIR HOR,PAMALS,REC,,,106.0
2026-09-24,3040264572,060-0017-00,FLIGHT DIR HOR,PAMASP,REC,,,106.0
2026-09-24,3040264647,1H75-21,PRESSURE REGULATOR,BAMN,REC,,,101.0
2026-09-24,3040264646,1H75-21,PRESSURE REGULATOR,PAMASP,REC,,,101.0
2026-09-24,3040264645,1H75-21,PRESSURE REGULATOR,PAMASP,REC,,,101.0
2026-09-24,3040264643,1H75-21,PRESSURE REGULATOR,PAMASP,OS concluída,,,
2026-09-24,3040264707,3244809-7,"FUEL CONTROL,MAIN,TURBINE ENGINE",BABE,OS concluída,,,
2026-09-24,3040264709,540-1407-4,"VALVE,BLEED,TURBINEENGINE",PAMASP,REC,,,101.0
2026-09-24,3040264710,200SGL153Q,"STARTER-GENERATOR,ENGINE,AIRCRAFT",CLA,OS concluída,,,
2026-09-24,3040264711,200SGL153Q,"STARTER-GENERATOR,ENGINE,AIRCRAFT",PAMASP,OS concluída,,,
2026-09-24,3040264712,200SGL153Q,"STARTER-GENERATOR,ENGINE,AIRCRAFT",BACG,REC,,,101.0
2026-09-24,3040264718,9910338-8,"INDICATOR,FUEL FLOW",PAMALS,REC,,,101.0
2026-09-24,3040264719,S3326-2,"INDICATOR,HORIZONTAL SITUATION",ALA 8,REC,,,101.0
2026-09-24,3040264720,S3326-2,"INDICATOR,HORIZONTAL SITUATION",PAMALS,REC,,,101.0
2026-09-24,3040264721,S3326-2,"INDICATOR,HORIZONTAL SITUATION",PAMASP,REC,,,101.0
2026-09-24,3040264724,2606013-1AM,INDICADOR PERCENTUAL RPM,BABV,REC,,,101.0
2026-09-24,3040264725,2606013-1AM,INDICADOR PERCENTUAL RPM,BABR,REC,,,101.0
2026-09-24,3040264726,2606015-4,INDICATOR-OIL TEMP/OIL PRESS,BANT,REC,,,101.0
2026-09-24,3040264727,C661051-0201,GYRO HORIZON,ALA 10,REC,,,101.0
2026-09-24,3040264728,504-0111-906,GYRO HORIZON,PAMALS,OS concluída,,,
2026-09-24,3040264729,504-0111-906,GYRO HORIZON,BACG,OS concluída,,,
2026-09-24,3040264730,8210-003,"GOVERNOR,FUEL CONTROL",PAMASP,REC,,,101.0
2026-09-24,3040264731,8210-002,"GOVERNOR,CONSTANT SPEED DRIVE",PAMASP,REC,,,101.0
2026-09-24,3040264732,8210-002,"GOVERNOR,CONSTANT SPEED DRIVE",BAMN,REC,,,101.0
2026-09-24,3040264733,030-18200,MAIN WHEEL BRAKE,BAMN,REC,,,101.0
2026-09-24,3040264734,030-18200,MAIN WHEEL BRAKE,BAMN,REC,,,101.0
2026-09-24,3040264735,161-11700,INNER WHEEL HALF ASSY,PAMALS,REC,,,101.0
2026-09-24,3040264736,161-12800,WHEEL HALF ASSY-INNER,BABR,REC,,,101.0
2026-09-24,3040264737,161-12800,WHEEL HALF ASSY-INNER,PAMALS,AUT,,,101.0
2026-09-24,3040264738,162-10700,OUTER WHEEL HALF ASSY,BACO,AUT,,,101.0
2026-09-24,3040264807,011-01105-01,INTEGRATED AVIONICS UNIT GIA63W,ALA 8,REC,,,93.0
2026-09-24,3040264808,011-01105-01,INTEGRATED AVIONICS UNIT GIA63W,BAMN,REC,,,93.0
2026-09-24,3040264907,011-00916-10,"DISPLAY UNIT,FLIGHT INFORMATION",BAMN,REC,,,86.0
2026-09-24,3040264908,011-00916-10,"DISPLAY UNIT,FLIGHT INFORMATION",BABV,OS concluída,,,
2026-09-24,3040264974,3244809-8,"FUEL CONTROL,MAIN,TURBINE ENGINE",BAMN,REC,,,84.0
2026-09-24,3040264961,3244897-4,FUEL CONTROL UNIT,CLA,OS concluída,,,
2026-09-24,3040264960,3034792,BOMBA DE COMBUSTÍVEL,CLA,OS concluída,,,
2026-09-24,3040265144,011-01020-10,AFCS MODE CONTROLLER GMC 710,BABE,REC,,,78.0
2026-09-24,3040265140,011-01020-10,AFCS MODE CONTROLLER GMC 710,BABE,REC,,,78.0
2026-09-24,3040265482,066-3084-32,IND RDR 2000 IN-182A,BABR,REC,,,63.0
2026-09-24,3040265484,066-3084-32,IND RDR 2000 IN-182A,BANT,REC,,,63.0
2026-09-24,3040265485,066-3084-32,IND RDR 2000 IN-182A,BABR,REC,,,63.0
2026-09-24,3040265526,ASG12000-2,ALTERNATOR,PAMALS,REC,,,59.0
2026-09-24,3040265525,ASG12000-2,ALTERNATOR,BABR,REC,,,59.0
2026-09-24,3040265527,9910592-2,ALTERNADOR,BABR,REC,,,59.0
2026-09-24,3040265533,3122678-04,FUEL CONTROL UNIT,BABR,REC,,,59.0
2026-09-24,3040265532,C611505-0201,ALTERNATOR,BANT,REC,,,59.0
2026-09-24,3040265530,C611505-0201,ALTERNATOR,BABV,REC,,,59.0
2026-09-24,3040265528,9910592-2,ALTERNADOR,BABR,REC,,,59.0
2026-09-24,3040265724,3244897-4,FUEL CONTROL UNIT,CLA,REC,,,58.0
2026-09-24,3040265474,C611008-0101,ALTERNATOR CONTROL UNIT,PAMALS,REC,,,56.0
2026-09-24,3040265475,C611008-0101,ALTERNATOR CONTROL UNIT,BABV,REC,,,56.0
2026-09-24,3040265476,C611008-0101,ALTERNATOR CONTROL UNIT,PAMALS,REC,,,56.0
2026-09-24,3040265477,C611008-0101,ALTERNATOR CONTROL UNIT,PAMALS,REC,,,56.0
2026-09-24,3040265576,011-00916-10,"DISPLAY UNIT,FLIGHT INFORMATION",BAMN,REC,,,55.0
2026-09-24,3040265580,011-00916-00,DISPLAY UNIT GDU 1040A,PAMALS,REC,,,59.0
2026-09-24,3040265581,011-00916-00,DISPLAY UNIT GDU 1040A,PAMALS,REC,,,59.0
2026-09-24,3040265589,EA-5175-52-CES,INDICATOR TRUE,BABV,REC,,,59.0
2026-09-24,3040265590,EA-5175-52-CES,INDICATOR TRUE,BASM,REC,,,59.0
2026-09-24,3040265591,EA-5175-52-CES,INDICATOR TRUE,BABV,REC,,,59.0
2026-09-24,3040265592,EA-5175-52-CES,INDICATOR TRUE,BABV,REC,,,59.0
2026-09-24,3040265668,9910592-2,ALTERNADOR,PAMALS,OS concluída,,,
2026-09-24,3040265678,9910592-2,ALTERNADOR,BAMN,REC,,,59.0
2026-09-24,3040265679,C611505-0201,ALTERNATOR,PAMALS,REC,,,59.0
2026-09-24,3040265680,C611505-0201,ALTERNATOR,ALA 8,REC,,,59.0
2026-09-24,3040265726,071-01519-0101,"RECEIVER-EXCITER,RADAR",PAMALS,REC,,,58.0
2026-09-24,3040265727,071-01519-0101,"RECEIVER-EXCITER,RADAR",CLA,REC,,,58.0
2026-09-24,3040265728,C163030-1001,MAIN W BRAKE A,BAMN,REC,,,58.0
2026-09-24,3040265731,066-3046-07,"CONTROL,INDICATOR",BABR,REC,,,58.0
2026-09-24,3040265732,066-3046-07,"CONTROL,INDICATOR",BANT,REC,,,58.0
2026-09-24,3040265734,066-3046-07,"CONTROL,INDICATOR",EEAR,REC,,,58.0
2026-09-24,3040265735,066-3046-07,"CONTROL,INDICATOR",CLA,REC,,,58.0
2026-09-24,3040265736,C611008-0101,ALTERNATOR CONTROL UNIT,BABV,REC,,,58.0
2026-09-24,3040265737,C611008-0101,ALTERNATOR CONTROL UNIT,EEAR,REC,,,58.0
2026-09-24,3040265738,C611008-0101,ALTERNATOR CONTROL UNIT,PAMALS,REC,,,58.0
2026-09-24,3040265739,C611008-0101,ALTERNATOR CONTROL UNIT,BANT,REC,,,58.0
2026-09-24,3040265740,C611008-0101,ALTERNATOR CONTROL UNIT,BABE,REC,,,58.0
2026-09-24,3040265741,C611008-0101,ALTERNATOR CONTROL UNIT,BABR,REC,,,58.0
2026-09-24,3040265742,066-1072-04,"RECEIVER,RADIO",BACG,REC,,,58.0
2026-09-24,3040265743,066-1072-04,"RECEIVER,RADIO",BAMN,REC,,,58.0
2026-09-24,3040265744,066-1072-04,"RECEIVER,RADIO",PAMALS,REC,,,58.0
2026-09-24,3040265745,066-3084-32,IND RDR 2000 IN-182A,PAMALS,REC,,,58.0
2026-09-24,3040265746,066-3084-32,IND RDR 2000 IN-182A,PAMALS,REC,,,58.0
2026-09-24,3040265747,30994-001,BATTERY-MARATHON TSP410 NICAD,PAMALS,AUT,,,58.0
2026-09-24,3040265748,30994-001,BATTERY-MARATHON TSP410 NICAD,PAMALS,AUT,,,58.0
2026-09-24,3040265749,30994-001,BATTERY-MARATHON TSP410 NICAD,PAMALS,AUT,,,58.0
2026-09-24,3040265750,30994-001,BATTERY-MARATHON TSP410 NICAD,PAMALS,AUT,,,58.0
2026-09-24,3040265751,30994-001,BATTERY-MARATHON TSP410 NICAD,PAMALS,AUT,,,58.0
2026-09-24,3040265752,2641011-5,AXLE-MAIN GEAR,BAMN,REC,,,58.0
2026-09-24,3040265753,2641011-5,AXLE-MAIN GEAR,BAMN,REC,,,58.0
2026-09-24,3040265754,161-11700,INNER WHEEL HALF ASSY,BACO,AUT,,,58.0
2026-09-24,3040265755,161-12800,WHEEL HALF ASSY-INNER,BABE,REC,,,58.0
2026-09-24,3040265757,066-01141-0101,"RECEIVER,RADIO",PAMALS,REC,,,58.0
2026-09-24,3040265758,066-01141-0101,"RECEIVER,RADIO",PAMALS,REC,,,58.0
2026-09-24,3040265759,C660501-0103,"COMPASS,SPEC",DACTA II,REC,,,58.0
2026-09-24,3040265769,023694-000,BATTERY NICKEL CADMIUM,BAPV,REC,,,57.0
2026-09-24,3040265771,2651023-23,ENGINE MOUNT ASSEMBLY,PAMALS,REC,,,57.0
2026-09-24,3040265772,2651023-23,ENGINE MOUNT ASSEMBLY,PAMALS,REC,,,57.0
2026-09-24,3040265892,324843-0020,HEADSET-MICROPHONE,PAMALS,REC,,,52.0
2026-09-24,3040265893,324843-0020,HEADSET-MICROPHONE,PAMALS,OS concluída,,,
2026-09-24,3040265894,324843-0020,HEADSET-MICROPHONE,PAMALS,REC,,,52.0
2026-09-24,3040265895,324843-0020,HEADSET-MICROPHONE,PAMALS,REC,,,52.0
2026-09-24,3040265946,011-00870-00,MAGNETOMETER GMU 44,BAMN,REC,,,49.0
2026-09-24,3040265947,011-00870-00,MAGNETOMETER GMU 44,BAMN,REC,,,49.0
2026-09-24,3040266034,C662041-0102,INDICATOR FUEL,BABE,REC,,,45.0
2026-09-24,3040266040,C662041-0102,INDICATOR FUEL,PAMALS,REC,,,45.0
2026-09-24,3040266036,C662041-0102,INDICATOR FUEL,PAMALS,REC,,,45.0
2026-09-24,3040266035,C662041-0102,INDICATOR FUEL,PAMALS,REC,,,37.0
2026-09-24,3040266039,C662041-0102,INDICATOR FUEL,BANT,REC,,,37.0
2026-09-24,3040266041,C662041-0102,INDICATOR FUEL,PAMALS,REC,,,37.0
2026-09-24,3040266307,069-01033-0101,"RECEIVER-TRANSMITTER,RADIO",PAMALS,REC,,,35.0
2026-09-24,3040266308,069-01033-0101,"RECEIVER-TRANSMITTER,RADIO",BANT,REC,,,35.0
2026-09-24,3040266306,069-01033-0101,"RECEIVER-TRANSMITTER,RADIO",BACG,REC,,,35.0
2026-09-24,3040266307,069-01033-0101,"RECEIVER-TRANSMITTER,RADIO",PAMALS,REC,,,35.0
2026-09-24,3040266308,069-01033-0101,"RECEIVER-TRANSMITTER,RADIO",BANT,REC,,,35.0
2026-09-24,3040266568,C662504-0101,GAGE VOLT AMME,PAMALS,REC,,,24.0
2026-09-24,3040266567,C662504-0101,GAGE VOLT AMME,ALA 9,REC,,,24.0
2026-09-24,3040266566,C662504-0101,GAGE VOLT AMME,PAMALS,REC,,,24.0
2026-09-24,3040266569,C662504-0101,GAGE VOLT AMME,BABV,REC,,,24.0
2026-09-25,3040249831,066-01141-5101,"RECEIVER-TRANSMITTER,RADIO (KT71)",PAMALS,REC,EM REPARO,LEAP,592.0
2026-09-25,3040250248,452-0133,"BATTERY,NONRECHARGEABLE",BABR,REC,CONDENADO,VEE ONE,576.0
2026-09-25,3040250249,452-0133,"BATTERY,NONRECHARGEABLE",BAMN,REC,CONDENADO,VEE ONE,576.0
2026-09-25,3040250234,3034792,BOMBA DE COMBUSTÍVEL,PAMALS,REC,,BANT,576.0
2026-09-25,3040250816,453-5060,"BEACON,DISTRESS",BAMN,REC,,PAMA-LS,554.0
2026-09-25,3040250830,799-1,TRANSDUCER,BACO,REC,,BANT,554.0
2026-09-25,3040250829,51539-012N,CONTROL UNIT ASSY-GENERATOR,BAMN,OS concluída,,,
2026-09-25,3040250828,51539-012N,CONTROL UNIT ASSY-GENERATOR,BACG,REC,,BABR,554.0
2026-09-25,3040250827,51539-012N,CONTROL UNIT ASSY-GENERATOR,BANT,REC,,BABR,554.0
2026-09-25,3040250831,799-1,TRANSDUCER,BANT,REC,,BANT,554.0
2026-09-25,3040250833,9910586-4,FLAP ACTUATOR AND MOTOR ASSEMBLY,ALA 3,REC,,BAMN,554.0
2026-09-25,3040250834,9910586-4,FLAP ACTUATOR AND MOTOR ASSEMBLY,ALA 3,OS concluída,,,
2026-09-25,3040250832,9910338-4,FUEL TOTALIZER INDICATOR,EEAR,REC,,PAMA-LS,554.0
2026-09-25,3040250835,ASG12000-2,ALTERNATOR,ALA 5,REC,REPARADO,V1 PAMA-LS,554.0
2026-09-25,3040250841,C661030-0301,TURN BANK,PAMALS,REC,EM REPARO,LEAP,554.0
2026-09-25,3040250842,C662041-0102,INDICATOR FUEL,ALA 5,REC,,PAMA-LS,554.0
2026-09-25,3040250844,C662041-0102,INDICATOR FUEL,ALA 9,REC,,PAMA-LS,554.0
2026-09-25,3040250843,C662041-0102,INDICATOR FUEL,ALA 10,OS concluída,,,
2026-09-25,3040250719,060-0017-00,FLIGHT DIR HOR,PAMALS,REC,,BANT,554.0
2026-09-25,3040250720,060-0017-00,FLIGHT DIR HOR,BABV,OS concluída,,,
2026-09-25,3040250722,066-01141-5101,"RECEIVER-TRANSMITTER,RADIO (KT71)",ALA 9,REC,EM REPARO,WILLIAM,554.0
2026-09-25,3040250723,066-01141-5101,"RECEIVER-TRANSMITTER,RADIO (KT71)",CLA,REC,,BABR,554.0
2026-09-25,3040250721,060-0017-00,FLIGHT DIR HOR,BANT,OS concluída,,,
2026-09-25,3040250725,066-3046-07,"CONTROL,INDICATOR",ALA 10,OS concluída,,,
2026-09-25,3040250724,066-04035-1101,"DISPLAY UNIT,RADAR",PAMALS,REC,,BANT,554.0
2026-09-25,3040250732,069-1025-25,"RECEIVER-TRANSMITTER,RADIO - KX165",PAMALS,REC,EM REPARO,WILLIAM,554.0
2026-09-25,3040250782,2606012-1,INDICATOR-INTER-TURBINE TEMPERATURE,ALA 9,OS concluída,,,
2026-09-25,3040250775,161-11700,INNER WHEEL HALF ASSY,BABE,OS concluída,,,
2026-09-25,3040250773,161-11700,INNER WHEEL HALF ASSY,EEAR,REC,,BACG,554.0
2026-09-25,3040250718,030-18200,MAIN WHEEL BRAKE,BACO,OS concluída,,,
2026-09-25,3040250716,030-18200,MAIN WHEEL BRAKE,BABV,REC,EM REPARO,LEAP,554.0
2026-09-25,3040250717,030-18200,MAIN WHEEL BRAKE,BACO,OS concluída,,,
2026-09-25,3040250780,162-11800,WHEEL HALF ASSY-OUTER,PAMALS,OS concluída,,,
2026-09-25,3040250781,162-11800,WHEEL HALF ASSY-OUTER,BACG,OS concluída,,,
2026-09-25,3040250778,161-12800,WHEEL HALF ASSY-INNER,BACG,OS concluída,,,
2026-09-25,3040250776,161-12800,WHEEL HALF ASSY-INNER,BABE,OS concluída,,,
2026-09-25,3040250790,2643031-7,"FORK ASSY,NOSE GEAR SPRING",BAMN,OS concluída,,,
2026-09-25,3040250791,2643090-1,SHIMMY DAMPENE,BANT,REC,EM REPARO,AV AERONAUTICA,554.0
2026-09-25,3040250792,2643090-1,SHIMMY DAMPENE,BAMN,REC,REPARADO,V1 PAMA-LS,554.0
2026-09-25,3040250789,2641012-14,TRUNNION ASSY-RH-MAIN GEAR,PAMASP,OS concluída,,,
2026-09-25,3040250793,2643099-4,"SUPPORT ASSY FOWARD, NLG SPRING",BAMN,OS concluída,,,
2026-09-25,3040250798,30994-001,BATTERY-MARATHON TSP410 NICAD,BANT,OS concluída,CONDENADO,AMA - VEE ONE,
2026-09-25,3040252191,C611008-0101,ALTERNATOR CONTROL UNIT,PAMALS,REC,,BABR,521.0
2026-09-25,3040252159,011-00916-00,DISPLAY UNIT GDU 1040A,BAMN,REC,,BAMN,521.0
2026-09-25,3040252161,065-0042-03,COMPUTER PA,ALA 10,REC,EM REPARO,WILLIAM,521.0
2026-09-25,3040252162,065-0042-03,COMPUTER PA,EEAR,REC,,BABE,521.0
2026-09-25,3040252164,065-0042-03,COMPUTER PA,EEAR,REC,EM REPARO,WILLIAM,521.0
2026-09-25,3040252165,065-0042-03,COMPUTER PA,PAMALS,OS concluída,,,
2026-09-25,3040252166,065-0059-01,SERVO PITCH,EEAR,REC,EM REPARO,WILLIAM,521.0
2026-09-25,3040252168,066-03064-0005,"ALTIMETER,SERVO CONTROLLED,AUTOMATIC PRESSURE",ALA 9,OS concluída,,,
2026-09-25,3040252173,066-03064-0005,"ALTIMETER,SERVO CONTROLLED,AUTOMATIC PRESSURE",BANT,REC,EM REPARO,LEAP,521.0
2026-09-25,3040252172,066-03064-0005,"ALTIMETER,SERVO CONTROLLED,AUTOMATIC PRESSURE",PAMALS,REC,NO ESTADO,VEE ONE,521.0
2026-09-25,3040252170,066-03064-0005,"ALTIMETER,SERVO CONTROLLED,AUTOMATIC PRESSURE",ALA 7,REC,NO ESTADO,VEE ONE,521.0
2026-09-25,3040252178,066-1072-00,RECEIVER ADF (KING KR87),PAMALS,OS concluída,,,
2026-09-25,3040252182,066-1072-04,"RECEIVER,RADIO",ALA 9,OS concluída,,,
2026-09-25,3040252181,066-1072-04,"RECEIVER,RADIO",PAMASP,REC,EM REPARO,WILLIAM,521.0
2026-09-25,3040252180,066-1072-04,"RECEIVER,RADIO",ALA 8,OS concluída,,,
2026-09-25,3040252185,066-1072-04,"RECEIVER,RADIO",BAMN,OS concluída,,,
2026-09-25,3040252189,9910338-6,"TRANSMITTER,RATE OF FLOW",ALA 8,OS concluída,,,
2026-09-25,3040252190,9910338-6,"TRANSMITTER,RATE OF FLOW",BABR,OS concluída,,,
2026-09-25,3040252160,011-01020-10,AFCS MODE CONTROLLER GMC 710,BAMN,OS concluída,,,
2026-09-25,3040252939,C163030-1001,MAIN W BRAKE A,BABV,REC,,BAMN,491.0
2026-09-25,3040252936,030-18200,MAIN WHEEL BRAKE,BACO,REC,,PAMA-LS,491.0
2026-09-25,3040252935,030-18200,MAIN WHEEL BRAKE,BAMN,OS concluída,,,
2026-09-25,3040252940,30-182,MAIN WHEEL BRAKE,BABV,OS concluída,,,
2026-09-25,3040252942,30-182,MAIN WHEEL BRAKE,BAMN,OS concluída,,,
2026-09-25,3040252943,30-182,MAIN WHEEL BRAKE,BAMN,OS concluída,,,
2026-09-25,3040253170,161-12800,WHEEL HALF ASSY-INNER,BASM,OS concluída,,,
2026-09-25,3040253168,161-12800,WHEEL HALF ASSY-INNER,BASM,REC,,PAMA-LS,487.0
2026-09-25,3040253172,161-12800,WHEEL HALF ASSY-INNER,PAMALS,REC,,PAMA-LS,487.0
2026-09-25,3040253174,161-12800,WHEEL HALF ASSY-INNER,PAMALS,OS concluída,,,
2026-09-25,3040253173,161-12800,WHEEL HALF ASSY-INNER,PAMALS,REC,EM REPARO,LEAP,487.0
2026-09-25,3040253176,162-10700,OUTER WHEEL HALF ASSY,BABE,OS concluída,,,
2026-09-25,3040253177,162-10700,OUTER WHEEL HALF ASSY,BABV,REC,,PAMA-LS,487.0
2026-09-25,3040253178,162-10700,OUTER WHEEL HALF ASSY,PAMALS,REC,,PROCURANDO,487.0
2026-09-25,3040253179,162-11800,WHEEL HALF ASSY-OUTER,CLA,OS concluída,,,
2026-09-25,3040253181,162-11800,WHEEL HALF ASSY-OUTER,PAMALS,OS concluída,,,
2026-09-25,3040253180,162-11800,WHEEL HALF ASSY-OUTER,BASM,REC,,PROCURANDO,487.0
2026-09-25,3040253182,162-11800,WHEEL HALF ASSY-OUTER,PAMALS,REC,,PAMA-LS,487.0
2026-09-25,3040253536,2641012-14,TRUNNION ASSY-RH-MAIN GEAR,PAMALS,OS concluída,,,
2026-09-25,3040253529,066-03064-0005,"ALTIMETER,SERVO CONTROLLED,AUTOMATIC PRESSURE",DSM-MN,REC,DEVOLVIDO NO ESTADO,WILLIAM,477.0
2026-09-25,3040253528,066-03064-0005,"ALTIMETER,SERVO CONTROLLED,AUTOMATIC PRESSURE",BANT,OS concluída,,,
2026-09-25,3040253532,799-1,TRANSDUCER,PAMALS,REC,,BANT,477.0
2026-09-25,3040253535,2643099-4,"SUPPORT ASSY FOWARD, NLG SPRING",BABE,REC,CONDENADO,VEE ONE,477.0
2026-09-25,3040253531,799-1,TRANSDUCER,BAMN,REC,,VEE ONE,477.0
2026-09-25,3040253530,799-1,TRANSDUCER,BAMN,REC,,BANT,477.0
2026-09-25,3040253526,30994-001,BATTERY-MARATHON TSP410 NICAD,PAMALS,OS concluída,,PAMA-LS,
2026-09-25,3040253527,30994-001,BATTERY-MARATHON TSP410 NICAD,BAPV,OS concluída,,PAMA-LS,
2026-09-25,3040254195,540-1407-4,"VALVE,BLEED,TURBINEENGINE",PAMALS,REC,,BANT,459.0
2026-09-25,3040254201,2643090-3,SHIMMY DAMPER-NOSE GEAR,PAMALS,REC,,PAMA-LS,459.0
2026-09-25,3040254203,SE1070-6,SHIMMY DAMPENER ASSY,BACGINAT,OS concluída,,,
2026-09-25,3040254205,C660501-0103,"COMPASS,SPEC",PAMALS,REC,,PAMA-LS,459.0
2026-09-25,3040254206,C660501-0103,"COMPASS,SPEC",ALA 8,REC,EM REPARO EM GARANTIA,WILLIAM,459.0
2026-09-25,3040254208,C660501-0103,"COMPASS,SPEC",BABV,REC,,PAMA-LS,459.0
2026-09-25,3040254210,799-1,TRANSDUCER,BANT,REC,,BANT,459.0
2026-09-25,3040254792,2606013-1RX,INDICATOR-PERCENT RPM,BABR,REC,,BANT,450.0
2026-09-25,3040254770,069-1025-25,"RECEIVER-TRANSMITTER,RADIO - KX165",ALA 9,REC,EM REPARO,WILLIAM,450.0
2026-09-25,3040254799,453-5000-710,EMERGENCY LOCATOR TRANSMITTER MODEL C406-2,PAMASP,OS concluída,,,
2026-09-25,3040254806,C352TS,"EXTINGUISHER,FIRE",PAMALS,REC,,PAMA-LS,450.0
2026-09-25,3040254805,C352TS,"EXTINGUISHER,FIRE",PAMALS,OS concluída,,,
2026-09-25,3040254810,C352TS,"EXTINGUISHER,FIRE",PAMALS,OS concluída,,,
2026-09-25,3040254809,C352TS,"EXTINGUISHER,FIRE",PAMAGL,OS concluída,,,
2026-09-25,3040254803,C352TS,"EXTINGUISHER,FIRE",2 ETA,REC,,PAMA-LS,450.0
2026-09-25,3040254808,C352TS,"EXTINGUISHER,FIRE",BABR,REC,,PAMA-LS,450.0
2026-09-25,3040254795,D145-00-46-2,FLAP ACTUATOR ASSY,BABE,REC,,PAMA-LS,450.0
2026-09-25,3040254793,D145-00-46-2,FLAP ACTUATOR ASSY,PAMALS,REC,,PAMA-LS,450.0
2026-09-25,3040254815,C482001-0402,VACUUM REGULAT,PAMALS,REC,CONDENADO,VEE ONE,450.0
2026-09-25,3040254816,C482001-0402,VACUUM REGULAT,PAMALS,REC,CONDENADO,VEE ONE,450.0
2026-09-25,3040254820,2641011-5,AXLE-MAIN GEAR,BAMN,OS concluída,,,
2026-09-25,3040254817,2641011-5,AXLE-MAIN GEAR,BABE,OS concluída,,,
2026-09-25,3040254818,2641011-5,AXLE-MAIN GEAR,BABE,OS concluída,,,
2026-09-25,3040254819,2641011-5,AXLE-MAIN GEAR,BANT,OS concluída,,,
2026-09-25,3040254796,30994-001,BATTERY-MARATHON TSP410 NICAD,BAMN,OS concluída,,,
2026-09-25,3040254789,452-0133,"BATTERY,NONRECHARGEABLE",BAMN,REC,CONDENADO,VEE ONE,450.0
2026-09-25,3040254788,452-0133,"BATTERY,NONRECHARGEABLE",BAMN,REC,CONDENADO,VEE ONE,450.0
2026-09-25,3040254787,452-0133,"BATTERY PACK,AIRCRAFT",DACTA II,REC,CONDENADO,VEE ONE,450.0
2026-09-25,3040254786,452-0133,"BATTERY PACK,AIRCRAFT",BAMN,REC,CONDENADO,VEE ONE,450.0
2026-09-25,3040254785,452-0133,"BATTERY,NONRECHARGEABLE",BAMN,REC,CONDENADO,VEE ONE,450.0
2026-09-25,3040254784,452-0133,"BATTERY,NONRECHARGEABLE",DACTA II,REC,CONDENADO,VEE ONE,450.0
2026-09-25,3040255326,011-00916-00,DISPLAY UNIT GDU 1040A,BAMN,REC,,BAMN,441.0
2026-09-25,3040255319,702801-5,FUEL PUMP,PAMASP,REC,EM REPARO,VEE ONE,441.0
2026-09-25,3040255321,8210-002,"GOVERNOR,CONSTANT SPEED DRIVE",PAMALS,OS concluída,,,
2026-09-25,3040255461,DAAS-A-010-1,ADAS-D PROCESSOR,PAMALS,REC,EM REPARO,VEE ONE,437.0
2026-09-25,3040255589,071-01519-0101,"RECEIVER-EXCITER,RADAR",BANT,REC,,PROCURANDO,435.0
2026-09-25,3040255590,071-01519-0101,"RECEIVER-EXCITER,RADAR",PAMALS,OS concluída,,,
2026-09-25,3040255706,C661064-0237,AIRSPEED INDICATOR,BAMN,OS concluída,,,
2026-09-25,3040256114,5934PAD-3,"ALTIMETER,PRESSURE",PAMALS,REC,EM REPARO,VEE ONE,421.0
2026-09-25,3040256119,011-00878-10,GSA-81 TORQUE SERVO,BAPV,REC,EM REPARO,LEAP,421.0
2026-09-25,3040256112,011-00883-20,RADAR GWX 68 WEATHER,BABE,REC,,BAMN,421.0
2026-09-25,3040256115,5934PAD-3,"ALTIMETER,PRESSURE",PAMALS,OS concluída,,,
2026-09-25,3040256118,011-00878-10,GSA-81 TORQUE SERVO,BAPV,REC,,BACO,421.0
2026-09-25,3040256120,011-00916-10,"DISPLAY UNIT,FLIGHT INFORMATION",BAMN,OS concluída,,,
2026-09-25,3040256314,066-4010-12,RECEIVER VOR/LOC (KNS81),EEAR,REC,EM REPARO,LEAP,408.0
2026-09-25,3040256311,3121248-03,"VALVE ASSEMBLY,COMPRESSOR BLEED",PAMALS,OS concluída,,,
2026-09-25,3040256704,C661064-0237,AIRSPEED INDICATOR,PAMALS,OS concluída,,,
2026-09-25,3040256707,D210507,"GOVERNOR,OVERSPEED",PAMALS,OS concluída,,,
2026-09-25,3040256708,D210507,"GOVERNOR,OVERSPEED",PAMALS,REC,REPARADO,VEE ONE,399.0
2026-09-25,3040256702,C661064-0237,AIRSPEED INDICATOR,BABR,OS concluída,,,
2026-09-25,3040256703,C661064-0237,AIRSPEED INDICATOR,PAMALS,OS concluída,,,
2026-09-25,3040256662,030-18200,MAIN WHEEL BRAKE,BASM,OS concluída,,,
2026-09-25,3040256665,161-11700,INNER WHEEL HALF ASSY,BABV,OS concluída,,,
2026-09-25,3040256666,161-11700,INNER WHEEL HALF ASSY,PAMALS,OS concluída,,,
2026-09-25,3040256667,161-11700,INNER WHEEL HALF ASSY,PAMALS,OS concluída,,,
2026-09-25,3040256668,161-11700,INNER WHEEL HALF ASSY,PAMALS,OS concluída,,,
2026-09-25,3040256669,161-11700,INNER WHEEL HALF ASSY,PAMALS,OS concluída,,,
2026-09-25,3040256670,161-11700,INNER WHEEL HALF ASSY,PAMALS,OS concluída,,,
2026-09-25,3040256671,161-11700,INNER WHEEL HALF ASSY,PAMALS,REC,,PAMA-LS,399.0
2026-09-25,3040256698,030-18200,MAIN WHEEL BRAKE,PAMASP,REC,,BABE,399.0
2026-09-25,3040256713,030-18200,MAIN WHEEL BRAKE,ALA 3,REC,,BAMN,399.0
2026-09-25,3040256694,162-11800,WHEEL HALF ASSY-OUTER,BANT,OS concluída,,,
2026-09-25,3040256696,162-11800,WHEEL HALF ASSY-OUTER,PAMALS,REC,,PAMA-LS,399.0
2026-09-25,3040256672,161-12800,WHEEL HALF ASSY-INNER,PAMALS,OS concluída,,PAMA-LS,
2026-09-25,3040256675,161-12800,WHEEL HALF ASSY-INNER,BANT,OS concluída,,,
2026-09-25,3040256792,011-00877-00,"GSA-80 SERVO ROL,YAW,SPEC",BAMN,REC,,PROCURANDO,399.0
2026-09-25,3040256787,011-00877-00,"GSA-80 SERVO ROL,YAW,SPEC",PAMALS,REC,EM REPARO,VEE ONE,399.0
2026-09-25,3040256828,011-00883-20,RADAR GWX 68 WEATHER,PAMALS,REC,,PAMA-LS,399.0
2026-09-25,3040256709,3121248-03,"VALVE ASSEMBLY,COMPRESSOR BLEED",PAMASP,REC,,BANT,396.0
2026-09-25,3040256673,161-12800,WHEEL HALF ASSY-INNER,PAMALS,REC,CONDENADO,VEE ONE,396.0
2026-09-25,3040257095,011-01105-01,INTEGRATED AVIONICS UNIT GIA63W,BABE,REC,EM REPARO,VEE ONE,392.0
2026-09-25,3040257096,011-01105-01,INTEGRATED AVIONICS UNIT GIA63W,BABE,REC,,BAMN,392.0
2026-09-25,3040257093,065-00183-0501,AUTOPILOT COMPUTER KFC225,BABE,REC,,BANT,392.0
2026-09-25,3040257094,065-00183-0501,AUTOPILOT COMPUTER KFC225,BABE,REC,,BANT,392.0
2026-09-25,3040257443,161-12800,WHEEL HALF ASSY-INNER,ALA 3,AUT,,,380.0
2026-09-25,3040257442,C163030-1001,MAIN W BRAKE A,BAMN,OS concluída,,BAMN,
2026-09-25,3040257452,3244809-8,"FUEL CONTROL,MAIN,TURBINE ENGINE",BAPV,OS concluída,,,
2026-09-25,3040257454,EA-5172-45-CES,"INDICATOR,AIRSPEED",BACG,OS concluída,,,
2026-09-25,3040257453,EA-5172-45-CES,"INDICATOR,AIRSPEED",ALA 7,REC,DEVOLVIDO NO ESTADO,WILLIAM,373.0
2026-09-25,3040257451,3244809-7,"FUEL CONTROL,MAIN,TURBINE ENGINE",PAMASP,REC,,BANT,373.0
2026-09-25,3040257450,3244809-4,"FUEL CONTROL,MAIN,TURBINE ENGINE",PAMASP,OS concluída,EM REPARO,LEAP,
2026-09-25,3040257438,030-18200,MAIN WHEEL BRAKE,BAMN,REC,REPARADO,VEE ONE,373.0
2026-09-25,3040257444,162-10700,OUTER WHEEL HALF ASSY,PAMALS,OS concluída,,,
2026-09-25,3040257447,162-10700,OUTER WHEEL HALF ASSY,PAMALS,OS concluída,,,
2026-09-25,3040257436,30994-001,BATTERY-MARATHON TSP410 NICAD,PAMALS,OS concluída,,PAMA-LS,
2026-09-25,3040257441,030-18200,MAIN WHEEL BRAKE,BAPV,REC,,BAMN,373.0
2026-09-25,3040257440,030-18200,MAIN WHEEL BRAKE,BANT,REC,CONDENADO,VEE ONE,373.0
2026-09-25,3040257439,030-18200,MAIN WHEEL BRAKE,BAMN,REC,,BAMN,373.0
2026-09-25,3040258306,D210507,"GOVERNOR,OVERSPEED",PAMALS,REC,EM REPARO,LEAP,353.0
2026-09-25,3040258310,D210507,"GOVERNOR,OVERSPEED",BACO,OS concluída,,,
2026-09-25,3040258309,D210507,"GOVERNOR,OVERSPEED",BAMN,REC,EM REPARO,LEAP,353.0
2026-09-25,3040258308,D210507,"GOVERNOR,OVERSPEED",BAMN,OS concluída,,,
2026-09-25,3040258307,D210507,"GOVERNOR,OVERSPEED",ALA 5,OS concluída,,,
2026-09-25,3040258303,011-00877-00,"GSA-80 SERVO ROL,YAW,SPEC",DACTA II,REC,EM REPARO,VEE ONE,353.0
2026-09-25,3040258422,2601188-8,COMPRESSOR DRIVE ASSY R134A,PAMASP,REC,,PROCURANDO,351.0
2026-09-25,3040258419,011-00877-00,"GSA-80 SERVO ROL,YAW,SPEC",DACTA II,REC,EM REPARO,VEE ONE,351.0
2026-09-25,3040258420,011-00877-00,"GSA-80 SERVO ROL,YAW,SPEC",BACO,REC,EM REPARO,VEE ONE,351.0
2026-09-25,3040258421,011-00877-00,"GSA-80 SERVO ROL,YAW,SPEC",BABE,REC,,BACO,351.0
2026-09-25,3040258764,069-01034-0102,"NAVIGATION SET,SATELLITE SIGNALS KLN-94",PAMALS,REC,,BANT,344.0
2026-09-25,3040259152,066-01141-5101,"TRANSPONDER,RADAR",BABE,REC,,BANT,325.0
2026-09-25,3040259151,066-01141-5101,"TRANSPONDER,RADAR",BANT,REC,,BANT,325.0
2026-09-25,3040259251,064-1019-05,VHF TRANSCEIVE KY196,EEAR,REC,,EEAR,323.0
2026-09-25,3040259146,1U149-015-15,HORIZ. GYRO-STADBY,PAMALS,REC,EM REPARO,VEE ONE,322.0
2026-09-25,3040259147,162-10700,OUTER WHEEL HALF ASSY,BANT,REC,EM REPARO,AMA - VEE ONE,322.0
2026-09-25,3040259148,3049038-03,"VALVE,COMPRESSOR BLEED",BANT,OS concluída,,,
2026-09-25,3040259316,2606015-4,INDICATOR-OIL TEMP/OIL PRESS,BACG,REC,,PAMA-LS,319.0
2026-09-25,3040259564,C414007-0102,BLOWER ASSY,PAMALS,OS concluída,,,
2026-09-25,3040259568,C414007-0102,BLOWER ASSY,ALA 10,OS concluída,,,
2026-09-25,3040259570,C414007-0102,BLOWER ASSY,ALA 10,OS concluída,,,
2026-09-25,3040259694,025323-150,FUEL PUMP,PAMASP,REC,,BACO,311.0
2026-09-25,3040259922,C414007-0102,BLOWER ASSY,BANT,REC,,PAMA-LS,304.0
2026-09-25,3040259928,C414007-0102,BLOWER ASSY,PAMALS,REC,EM REPARO,VEE ONE,304.0
2026-09-25,3040259924,C414007-0102,BLOWER ASSY,BACG,REC,EM REPARO,VEE ONE,304.0
2026-09-25,3040259918,C414007-0102,BLOWER ASSY,ALA 10,OS concluída,,VEE ONE,
2026-09-25,3040259950,065-0060-01,"CONTROL,SERVO,AUTOMATIC PILOT",PAMALS,REC,EM REPARO,LEAP,304.0
2026-09-25,3040259949,065-0060-01,"CONTROL,SERVO,AUTOMATIC PILOT",PAMALS,REC,EM REPARO,LEAP,304.0
2026-09-25,3040259947,066-3046-07,"CONTROL,INDICATOR",EEAR,OS concluída,,,
2026-09-25,3040259946,066-3046-07,"CONTROL,INDICATOR",BANT,REC,,BANT,304.0
2026-09-25,3040259944,066-3046-07,"CONTROL,INDICATOR",EEAR,REC,,PAMA-LS,304.0
2026-09-25,3040260209,011-00916-00,DISPLAY UNIT GDU 1040A,PAMALS,REC,,BAMN,290.0
2026-09-25,3040260208,324843-W020,HEADSET-MICROPHONE,PAMALS,REC,VAI SER DEVOLVIDO SEM REPARO,WILLIAM,290.0
2026-09-25,3040260204,324843-W020,HEADSET-MICROPHONE,PAMALS,OS concluída,,,
2026-09-25,3040260205,324843-W020,HEADSET-MICROPHONE,PAMALS,OS concluída,,,
2026-09-25,3040260388,SD5H14C4527,AIR COMPRESSOR,PAMALS,REC,EM REPARO,VEE ONE,283.0
2026-09-25,3040260382,065-00183-0501,AUTOPILOT COMPUTER KFC225,BANT,REC,,BANT,283.0
2026-09-25,3040260389,SD5H14C4527,AIR COMPRESSOR,PAMALS,REC,EM REPARO,VEE ONE,283.0
2026-09-25,3040260517,ASG12000-2,ALTERNATOR,PAMALS,OS concluída,,,
2026-09-25,3040260524,51539-012M,CONTROL UNIT ASSY-GENERATOR,BANT,REC,,BACG,280.0
2026-09-25,3040260516,ASG12000-2,ALTERNATOR,PAMALS,REC,,V1 PAMA-LS,280.0
2026-09-25,3040260523,9910592-2,ALTERNADOR,BAMN,OS concluída,,babr,
2026-09-25,3040260522,9910592-2,ALTERNADOR,BAMN,REC,,dacta II,280.0
2026-09-25,3040260547,161-12800,WHEEL HALF ASSY-INNER,EPCAR,OS concluída,,BABE,
2026-09-25,3040260545,161-11700,INNER WHEEL HALF ASSY,BACG,OS concluída,,,
2026-09-25,3040260544,161-11700,INNER WHEEL HALF ASSY,BANT,OS concluída,,,
2026-09-25,3040260546,161-12800,WHEEL HALF ASSY-INNER,PAMALS,REC,,,262.0
2026-09-25,3040260548,161-11700,INNER WHEEL HALF ASSY,CLA,OS concluída,,,
2026-09-25,3040260549,162-10700,OUTER WHEEL HALF ASSY,BACG,OS concluída,,,
2026-09-25,3040260550,162-10700,OUTER WHEEL HALF ASSY,CLA,OS concluída,,,
2026-09-25,3040260551,162-11800,WHEEL HALF ASSY-OUTER,BANT,REC,,,262.0
2026-09-25,3040260552,30994-001,BATTERY-MARATHON TSP410 NICAD,BABE,OS concluída,,PAMA-LS,
2026-09-25,3040260543,324843-W020,HEADSET-MICROPHONE,PAMALS,REC,,PAMA-LS,262.0
2026-09-25,3040260542,324843-W020,HEADSET-MICROPHONE,PAMALS,REC,,BABE,262.0
2026-09-25,3040260541,324843-W020,HEADSET-MICROPHONE,PAMALS,OS concluída,,,
2026-09-25,3040260540,324843-W020,HEADSET-MICROPHONE,PAMALS,OS concluída,,,
2026-09-25,3040260538,324843-W020,HEADSET-MICROPHONE,PAMALS,REC,,BABE,262.0
2026-09-25,3040260539,324843-W020,HEADSET-MICROPHONE,PAMALS,REC,,BABE,262.0
2026-09-25,3040260595,9910586-4,FLAP ACTUATOR AND MOTOR ASSEMBLY,7 ETA,REC,,BAMN,262.0
2026-09-25,3040260597,9910586-4,FLAP ACTUATOR AND MOTOR ASSEMBLY,BAPV,OS concluída,,BABR,
2026-09-25,3040260583,3244897-4,FUEL CONTROL UNIT,PAMALS,OS concluída,,,
2026-09-25,3040260750,3122678-04,FUEL CONTROL UNIT,PAMASP,REC,,BANT,254.0
2026-09-25,3040260752,3244897-4,FUEL CONTROL UNIT,PAMASP,OS concluída,,,
2026-09-25,3040260753,3244809-7,"FUEL CONTROL,MAIN,TURBINE ENGINE",PAMASP,OS concluída,,,
2026-09-25,3040260754,3244809-1,"FUEL CONTROL,MAIN,TURBINE ENGINE",PAMASP,REC,EM QUARENTENA,LEAP,254.0
2026-09-25,3040254794,C145-350,"MOTOR,DIRECT CURRENT",PAMALS,OS concluída,,,
2026-09-25,3040260913,064-1054-30,RECEIVER-TRANSMITTER SUBASSEMBLY,EPCAR,REC,,V1 PAMA-LS,242.0
2026-09-25,3040260915,064-1054-30,RECEIVER-TRANSMITTER SUBASSEMBLY,PAMALS,REC,,BABR,242.0
2026-09-25,3040260811,3034792,BOMBA DE COMBUSTÍVEL,BAPV,OS concluída,,BABR,
2026-09-25,3040260812,3034792,BOMBA DE COMBUSTÍVEL,BACG,OS concluída,,,
2026-09-25,3040260922,162-11800,WHEEL HALF ASSY-OUTER,PAMALS,OS concluída,,,
2026-09-25,3040260923,030-18200,MAIN WHEEL BRAKE,BACO,REC,REPARADO,VEE ONE,240.0
2026-09-25,3040261389,3034792,BOMBA DE COMBUSTÍVEL,PAMASP,OS concluída,REPARADO,V1 PAMA-LS,
2026-09-25,3040261388,3034792,BOMBA DE COMBUSTÍVEL,BABR,OS concluída,,,
2026-09-25,3040261387,3034792,BOMBA DE COMBUSTÍVEL,BABR,OS concluída,,,
2026-09-25,3040261371,TFF2905-13,FUEL FLOW TRANSDUCER,ALA 8,REC,,PAMA-LS,227.0
2026-09-25,3040261375,C661065-0240RX,"INDICATOR, AIRSPEED",BACG,REC,EM REPARO,WILLIAM,227.0
2026-09-25,3040261373,C661065-0240,AIRSPEED INDICATOR,BABE,REC,,PAMA-LS,227.0
2026-09-25,3040261322,011-00831-00,"ENGINE INTERFA,SPEC",BAPV,REC,,VEE ONE,227.0
2026-09-25,3040261326,011-00882-10,"COMPUTER,AIR DATA",BAMN,OS concluída,,,
2026-09-25,3040261324,011-00882-10,"COMPUTER,AIR DATA",BAMN,OS concluída,,,
2026-09-25,3040261327,064-1054-30,RECEIVER-TRANSMITTER SUBASSEMBLY,PAMASP,REC,,PAMA-LS,227.0
2026-09-25,3040261336,066-01141-0101,"RECEIVER,RADIO",BANT,REC,,PAMA-LS,227.0
2026-09-25,3040261334,065-0065-01,SELECTOR ALT,BANT,REC,,PAMA-LS,227.0
2026-09-25,3040261331,065-0061-36,ACTUATOR TRIM (KS272A),PAMASP,OS concluída,,BABR,
2026-09-25,3040261329,065-0061-36,ACTUATOR TRIM (KS272A),ALA 10,OS concluída,,,
2026-09-25,3040261335,065-0065-01,SELECTOR ALT,BANT,REC,,PAMA-LS,227.0
2026-09-25,3040261342,066-3084-02,COLOR RADAR INDICATOR,BABV,REC,,PAMA-LS,227.0
2026-09-25,3040261340,066-1053-00,"RECEIVER,RADIO",BASM,REC,,PAMA-LS,227.0
2026-09-25,3040261377,066-3054-01,INDICATOR RADAR ALTIMETER - TYPE KI250,PAMALS,REC,EM REPARO,WILLIAM,227.0
2026-09-25,3040261376,066-1061-03,RT RADAR ALTIM (KRA10A),PAMALS,REC,PARA REPARO,VEE ONE,227.0
2026-09-25,3040261352,1134380-4,EVAPORATOR MODULE ASSY-RH,BAMN,REC,CONDENADO,VEE ONE,227.0
2026-09-25,3040261347,071-1234-00,ANTENNA ACCESSORY,ALA 1,REC,EM REPARO,WILLIAM,227.0
2026-09-25,3040261344,066-4010-12,RECEIVER VOR/LOC (KNS81),ALA 10,REC,EM REPARO,WILLIAM,227.0
2026-09-25,3040261353,1H75-21,PRESSURE REGULATOR,BAMN,OS concluída,,BAMN,
2026-09-25,3040261357,2682001-1,BRAKE CYL MAST,BABE,OS concluída,,,
2026-09-25,3040261356,2670104-2,ANNUNCIATOR PANEL,PAMALS,OS concluída,,,
2026-09-25,3040261355,2643100-201,NOSE GEAR STRUT ASSY - TALL FORK,BABR,OS concluída,,,
2026-09-25,3040261354,2643100-201,NOSE GEAR STRUT ASSY - TALL FORK,BANT,REC,EM REPARO,AV AERONAUTICA,227.0
2026-09-25,3040261364,8210-002-01,GOVERNOR PROPELLER,PAMASP,REC,REPARADO,VEE ONE,227.0
2026-09-25,3040261627,S3828-1,ALTIMETER,BAMN,REC,,PAMA-LS,213.0
2026-09-25,3040261628,S3828-1,ALTIMETER,BABE,REC,REPARADO,V1 PAMA-LS,213.0
2026-09-25,3040261851,51539-012MRX,CONTROL UNIT ASSY-GENERATOR,BABE,REC,EM REPARO,VEE ONE,205.0
2026-09-25,3040261852,51539-012MRX,CONTROL UNIT ASSY-GENERATOR,BABE,REC,EM REPARO,VEE ONE,205.0
2026-09-25,3040261843,3034792,BOMBA DE COMBUSTÍVEL,PAMALS,REC,EM REPARO,VEE ONE,200.0
2026-09-25,3040262245,200SGL119Q-2,STARTER GENERATOR,BAMN,OS concluída,,,
2026-09-25,3040262246,200SGL119Q-2,STARTER GENERATOR,BAMN,OS concluída,,,
2026-09-25,3040262273,324843-W020,HEADSET-MICROPHONE,BABE,OS concluída,,,
2026-09-25,3040262275,324843-W020,HEADSET-MICROPHONE,BANT,OS concluída,,,
2026-09-25,3040262363,066-1055-00,AUDIO CONTROL PANEL,ALA 5,OS concluída,,,
2026-09-25,3040262367,066-1055-00,AUDIO CONTROL PANEL,ALA 9,REC,,WILLIAM,183.0
2026-09-25,3040262368,066-1055-00,AUDIO CONTROL PANEL,CLA,OS concluída,,,
2026-09-25,3040262372,51539-012M,CONTROL UNIT ASSY-GENERATOR,BANT,REC,,PAMA-LS,183.0
2026-09-25,3040262371,51539-012N,CONTROL UNIT ASSY-GENERATOR,BANT,REC,,PAMA-LS,183.0
2026-09-25,3040262419,065-0061-36,ACTUATOR TRIM (KS272A),ALA 9,REC,EM REPARO,WILLIAM,178.0
2026-09-25,3040262734,C352,PORTABLE HALON FIRE EXTINGUISHERS,ALA 5,REC,EM REPARO,AV AERONAUTICA,165.0
2026-09-25,3040262738,C352TS,"EXTINGUISHER,FIRE",BANT,REC,,AV AERONÁUTICA,165.0
2026-09-25,3040262739,C352TS,"EXTINGUISHER,FIRE",BANT,REC,,AV AERONÁUTICA,165.0
2026-09-25,3040262740,C352TS,"EXTINGUISHER,FIRE",PAMALS,REC,,AV AERONÁUTICA,165.0
2026-09-25,3040262766,011-00883-20,RADAR GWX 68 WEATHER,BAMN,OS concluída,,V1 PAMA-LS,
2026-09-25,3040262765,011-00883-20,RADAR GWX 68 WEATHER,BAMN,REC,,V1 PAMA-LS,165.0
2026-09-25,3040262772,011-01020-10,AFCS MODE CONTROLLER GMC 710,BAMN,REC,,PAMA-LS,165.0
2026-09-25,3040262770,011-01020-10,AFCS MODE CONTROLLER GMC 710,BAMN,REC,,PAMA-LS,165.0
2026-09-25,3040262773,011-01020-10,AFCS MODE CONTROLLER GMC 710,BAMN,REC,,PAMA-LS,165.0
2026-09-25,3040262746,066-1070-01,TRANSCEIVER DME (KN63),BABE,REC,EM REPARO,WILLIAM,165.0
2026-09-25,3040262745,064-1019-05,VHF TRANSCEIVE KY196,EEAR,REC,EM REPARO,VEE ONE,165.0
2026-09-25,3040262747,066-1072-00,RECEIVER ADF (KING KR87),ALA 7,REC,EM REPARO,WILLIAM,165.0
2026-09-25,3040262748,066-3046-07,"CONTROL,INDICATOR",BABR,REC,,BANT,165.0
2026-09-25,3040262769,066-3046-07,"CONTROL,INDICATOR",BABR,REC,,BANT,165.0
2026-09-25,3040262768,066-3046-07,"CONTROL,INDICATOR",EEAR,OS concluída,,BABR,
2026-09-25,3040262767,066-3046-07,"CONTROL,INDICATOR",EEAR,REC,EM REPARO,LEAP,165.0
2026-09-25,3040262791,066-3060-00,IND RMI KNI582,BANT,OS concluída,,,
2026-09-25,3040262630,161-11700,INNER WHEEL HALF ASSY,BANT,REC,,PAMA-LS,165.0
2026-09-25,3040262792,066-3060-00,IND RMI KNI582,BANT,REC,EM REPARO,LEAP,165.0
2026-09-25,3040262634,162-10700,OUTER WHEEL HALF ASSY,BANT,OS concluída,,PAMA-LS,
2026-09-25,3040262632,161-12800,WHEEL HALF ASSY-INNER,BANT,OS concluída,REPARADO,VEE ONE,
2026-09-25,3040262633,161-12800,WHEEL HALF ASSY-INNER,BANT,OS concluída,,,
2026-09-25,3040262635,162-11800,WHEEL HALF ASSY-OUTER,EPCAR,OS concluída,,,
2026-09-25,3040262637,162-11800,WHEEL HALF ASSY-OUTER,BANT,REC,REPARADO,VEE ONE,165.0
2026-09-25,3040262636,162-11800,WHEEL HALF ASSY-OUTER,BANT,OS concluída,REPARADO,VEE ONE,
2026-09-25,3040262646,200SGL119Q,STARTER GENERATOR,PAMASP,OS concluída,,,
2026-09-25,3040262639,200SGL119Q,STARTER GENERATOR,PAMASP,OS concluída,,PAMA-LS,
2026-09-25,3040262638,200SGL119Q,STARTER GENERATOR,PAMALS,REC,EM REPARO,AV AERONAUTICA,165.0
2026-09-25,3040262757,2606015-2,IND OIL TEMP/P,PAMALS,REC,EM REPARO,VEE ONE,165.0
2026-09-25,3040262706,2641011-5,AXLE-MAIN GEAR,BAMN,REC,,BANT,165.0
2026-09-25,3040262707,2641011-5,AXLE-MAIN GEAR,BABV,OS concluída,REPARADO,VEE ONE,
2026-09-25,3040262717,2641011-5,AXLE-MAIN GEAR,BANT,OS concluída,REPARADO,VEE ONE,
2026-09-25,3040262714,2641011-5,AXLE-MAIN GEAR,BAPV,REC,,BANT,165.0
2026-09-25,3040262713,2641011-5,AXLE-MAIN GEAR,BAPV,OS concluída,,,
2026-09-25,3040262712,2641011-5,AXLE-MAIN GEAR,BABR,REC,,BANT,165.0
2026-09-25,3040262711,2641011-5,AXLE-MAIN GEAR,BABR,REC,,BANT,165.0
2026-09-25,3040262709,2641011-5,AXLE-MAIN GEAR,PAMALS,REC,,BANT,165.0
2026-09-25,3040262708,2641011-5,AXLE-MAIN GEAR,PAMALS,REC,,BANT,165.0
2026-09-25,3040262744,3244809-1A,F.C.U,PAMALS,REC,EM REPARO,LEAP,165.0
2026-09-25,3040262758,9910338-4,FUEL TOTALIZER INDICATOR,PAMALS,REC,EM REPARO,VEE ONE,165.0
2026-09-25,3040262759,9910338-6,"TRANSMITTER,RATE OF FLOW",BAMN,REC,,PAMA-LS,165.0
2026-09-25,3040262760,9910338-6,"TRANSMITTER,RATE OF FLOW",BANT,REC,EM REPARO,VEE ONE,165.0
2026-09-25,3040262966,2682001-1,BRAKE CYL MAST,BACO,OS concluída,,PAMA-LS,
2026-09-25,3040262967,2682001-1,BRAKE CYL MAST,PAMALS,REC,,PAMA-LS,163.0
2026-09-25,3040262968,2682001-1,BRAKE CYL MAST,BANT,OS concluída,,PAMA-LS,
2026-09-25,3040262969,2682001-1,BRAKE CYL MAST,BABE,REC,,PAMA-LS,163.0
2026-09-25,3040263069,453-5060,ELT C406-N,BABE,OS concluída,,,
2026-09-25,3040263283,D145-00-46-2,FLAP ACTUATOR ASSY,PAMALS,REC,,,148.0
2026-09-25,3040263284,D145-00-46-2,FLAP ACTUATOR ASSY,BAFL,REC,,,148.0
2026-09-25,3040263324,069-01033-0101,"RECEIVER-TRANSMITTER,RADIO",PAMALS,REC,EM REPARO,LEAP,148.0
2026-09-25,3040263287,C661065-0237,AIRSPEED INDICATOR,BABR,OS concluída,,,
2026-09-25,3040263288,C661065-0237,AIRSPEED INDICATOR,PAMASP,OS concluída,,,
2026-09-25,3040263314,060-0017-00,FLIGHT DIR HOR,EEAR,REC,EM REPARO,LEAP,148.0
2026-09-25,3040263319,066-1055-00,AUDIO CONTROL PANEL,BABE,OS concluída,,,
2026-09-25,3040263317,060-0017-00,FLIGHT DIR HOR,PAMASP,REC,,BANT,148.0
2026-09-25,3040263316,060-0017-00,FLIGHT DIR HOR,BANT,REC,,BANT,148.0
2026-09-25,3040263320,066-1055-00,AUDIO CONTROL PANEL,PAMALS,REC,EM REPARO,AV AERONAUTICA,148.0
2026-09-25,3040263325,069-01033-0101,"RECEIVER-TRANSMITTER,RADIO",PAMALS,REC,,,148.0
2026-09-25,3040263335,C611008-0101,ALTERNATOR CONTROL UNIT,PAMALS,REC,,BANT,148.0
2026-09-25,3040263336,C611008-0101,ALTERNATOR CONTROL UNIT,PAMALS,REC,,BANT,148.0
2026-09-25,3040263286,C661065-0237,AIRSPEED INDICATOR,BANT,REC,,PAMA-LS,148.0
2026-09-25,3040263322,066-1055-00,AUDIO CONTROL PANEL,ALA 9,REC,EM REPARO,WILLIAM,148.0
2026-09-25,3040263326,069-01033-0101,"RECEIVER-TRANSMITTER,RADIO",PAMALS,REC,,BANT,148.0
2026-09-25,3040263315,060-0017-00,FLIGHT DIR HOR,BACG,OS concluída,,BABR,
2026-09-25,3040263334,011-00916-10,"DISPLAY UNIT,FLIGHT INFORMATION",BACO,REC,,WILLIAM,148.0
2026-09-25,3040263333,011-00916-10,"DISPLAY UNIT,FLIGHT INFORMATION",BACO,OS concluída,,BAMN,
2026-09-25,3040263332,011-00916-10,"DISPLAY UNIT,FLIGHT INFORMATION",BAMN,OS concluída,,,
2026-09-25,3040263331,C661064-0237,AIRSPEED INDICATOR,PAMALS,REC,,PAMA-LS,148.0
2026-09-25,3040263329,C661064-0237,AIRSPEED INDICATOR,PAMALS,REC,,PAMA-LS,148.0
2026-09-25,3040263328,C661064-0237,AIRSPEED INDICATOR,BABR,REC,EM REPARO,WILLIAM,148.0
2026-09-25,3040263327,C661064-0237,AIRSPEED INDICATOR,BABR,REC,EM REPARO,WILLIAM,148.0
2026-09-25,3040263330,C661064-0237,AIRSPEED INDICATOR,PAMALS,REC,,PAMA-LS,148.0
2026-09-25,3040263338,C611008-0101,ALTERNATOR CONTROL UNIT,PAMALS,REC,,V1 PAMA-LS,148.0
2026-09-25,3040263433,066-03064-0005,"ALTIMETER,SERVO CONTROLLED,AUTOMATIC PRESSURE",BACG,REC,,PAMA-LS,142.0
2026-09-25,3040263435,066-03064-0005,"ALTIMETER,SERVO CONTROLLED,AUTOMATIC PRESSURE",BANT,REC,,PAMA-LS,142.0
2026-09-25,3040263434,066-03064-0005,"ALTIMETER,SERVO CONTROLLED,AUTOMATIC PRESSURE",PAMASP,REC,,PAMA-LS,142.0
2026-09-25,3040263417,069-01033-0101,"RECEIVER-TRANSMITTER,RADIO",PAMALS,REC,EM REPARO,WILLIAM,142.0
2026-09-25,3040263416,069-01033-0101,"RECEIVER-TRANSMITTER,RADIO",BASM,REC,EM REPARO,WILLIAM,142.0
2026-09-25,3040263415,069-01033-0101,"RECEIVER-TRANSMITTER,RADIO",BABR,REC,,BANT,142.0
2026-09-25,3040263447,066-3046-07,"CONTROL,INDICATOR",CLA,OS concluída,,BABR,
2026-09-25,3040263443,3244897-4,FUEL CONTROL UNIT,PAMALS,REC,EM REPARO,LEAP,141.0
2026-09-25,3040263444,3244897-4,FUEL CONTROL UNIT,PAMALS,REC,EM REPARO,LEAP,141.0
2026-09-25,3040263577,060-0015-00,"CONTROL,DIRECTIONAL,AUTOMATIC PILOT",ALA 5,REC,,WILLIAM,136.0
2026-09-25,3040263574,066-1072-04,"RECEIVER,RADIO",BABE,REC,EM REPARO,WILLIAM,136.0
2026-09-25,3040263576,066-1072-04,"RECEIVER,RADIO",BAMN,OS concluída,,WILLIAM,
2026-09-25,3040263575,066-1072-04,"RECEIVER,RADIO",BABE,REC,EM REPARO,WILLIAM,136.0
2026-09-25,3040263573,066-3084-32,IND RDR 2000 IN-182A,PAMALS,REC,,BABR,136.0
2026-09-25,3040263571,066-3084-32,IND RDR 2000 IN-182A,PAMALS,REC,,BANT,136.0
2026-09-25,3040263572,066-3084-32,IND RDR 2000 IN-182A,PAMALS,REC,EM REPARO,WILLIAM,136.0
2026-09-25,3040263448,2618510-10,ALTERNATOR CONTROL UNIT ASSY,BABE,REC,EM REPARO,WILLIAM,136.0
2026-09-25,3040263449,2618510-10,ALTERNATOR CONTROL UNIT ASSY,PAMALS,REC,,BANT,136.0
2026-09-25,3040263877,2641011-5,AXLE-MAIN GEAR,CLA,REC,REPARADO,VEE ONE,126.0
2026-09-25,3040263878,2641011-5,AXLE-MAIN GEAR,CLA,REC,,BABE,126.0
2026-09-25,3040264243,069-01033-0101,"RECEIVER-TRANSMITTER,RADIO",PAMALS,REC,EM REPARO,WILLIAM,119.0
2026-09-25,3040264244,069-01033-0101,"RECEIVER-TRANSMITTER,RADIO",PAMASP,REC,EM REPARO,WILLIAM,119.0
2026-09-25,3040264246,060-0017-00,FLIGHT DIR HOR,PAMALS,REC,,BABR,119.0
2026-09-25,3040264237,200SGL119Q-2,STARTER GENERATOR,BAMN,REC,EM REPARO,AV AERONAUTICA,119.0
2026-09-25,3040264236,200SGL119Q-2,STARTER GENERATOR,BABE,OS concluída,,BABE,
2026-09-25,3040264121,3244897-4,FUEL CONTROL UNIT,BABE,OS concluída,EM REPARO,LEAP,
2026-09-25,3040264263,9910338-8,"INDICATOR,FUEL FLOW",PAMALS,OS concluída,,BABR,
2026-09-25,3040264262,9910338-8,"INDICATOR,FUEL FLOW",BABV,REC,,PAMA-LS,119.0
2026-09-25,3040264242,324843-2020,HEADSET-MICROPHONE,BABE,OS concluída,,BAMN,
2026-09-25,3040264264,324843-2020,HEADSET-MICROPHONE,DACTA II,OS concluída,,BAMN,
2026-09-25,3040264238,324843-2020,HEADSET-MICROPHONE,DACTA II,OS concluída,,,
2026-09-25,3040264241,324843-2020,HEADSET-MICROPHONE,DACTA II,OS concluída,,BAMN,
2026-09-25,3040264240,324843-2020,HEADSET-MICROPHONE,DACTA II,OS concluída,,BAMN,
2026-09-25,3040264122,3244809-8,"FUEL CONTROL,MAIN,TURBINE ENGINE",BABE,OS concluída,,BABR,
2026-09-25,3040263797,066-3046-07,"CONTROL,INDICATOR",BABE,REC,EM REPARO,WILLIAM,119.0
2026-09-25,3040263798,066-3046-07,"CONTROL,INDICATOR",PAMASP,OS concluída,,,
2026-09-25,3040263799,066-3046-07,"CONTROL,INDICATOR",PAMASP,REC,EM REPARO,WILLIAM,119.0
2026-09-25,3040263795,071-01519-0101,"RECEIVER-EXCITER,RADAR",PAMALS,REC,,BANT,119.0
2026-09-25,3040263796,071-01519-0101,"RECEIVER-EXCITER,RADAR",PAMALS,REC,EM REPARO,WILLIAM,119.0
2026-09-25,3040264579,060-0017-00,FLIGHT DIR HOR,BABR,OS concluída,,,
2026-09-25,3040264577,060-0017-00,FLIGHT DIR HOR,PAMALS,REC,,,107.0
2026-09-25,3040264573,060-0017-00,FLIGHT DIR HOR,BANT,REC,,,107.0
2026-09-25,3040264574,060-0017-00,FLIGHT DIR HOR,BANT,REC,,,107.0
2026-09-25,3040264576,060-0017-00,FLIGHT DIR HOR,PAMALS,REC,,,107.0
2026-09-25,3040264572,060-0017-00,FLIGHT DIR HOR,PAMASP,REC,,,107.0
2026-09-25,3040264647,1H75-21,PRESSURE REGULATOR,BAMN,REC,,,102.0
2026-09-25,3040264646,1H75-21,PRESSURE REGULATOR,PAMASP,REC,,,102.0
2026-09-25,3040264645,1H75-21,PRESSURE REGULATOR,PAMASP,REC,,,102.0
2026-09-25,3040264643,1H75-21,PRESSURE REGULATOR,PAMASP,OS concluída,,,
2026-09-25,3040264707,3244809-7,"FUEL CONTROL,MAIN,TURBINE ENGINE",BABE,OS concluída,,,
2026-09-25,3040264709,540-1407-4,"VALVE,BLEED,TURBINEENGINE",PAMASP,REC,,,102.0
2026-09-25,3040264710,200SGL153Q,"STARTER-GENERATOR,ENGINE,AIRCRAFT",CLA,OS concluída,,,
2026-09-25,3040264711,200SGL153Q,"STARTER-GENERATOR,ENGINE,AIRCRAFT",PAMASP,OS concluída,,,
2026-09-25,3040264712,200SGL153Q,"STARTER-GENERATOR,ENGINE,AIRCRAFT",BACG,REC,,,102.0
2026-09-25,3040264718,9910338-8,"INDICATOR,FUEL FLOW",PAMALS,REC,,,102.0
2026-09-25,3040264719,S3326-2,"INDICATOR,HORIZONTAL SITUATION",ALA 8,REC,,,102.0
2026-09-25,3040264720,S3326-2,"INDICATOR,HORIZONTAL SITUATION",PAMALS,REC,,,102.0
2026-09-25,3040264721,S3326-2,"INDICATOR,HORIZONTAL SITUATION",PAMASP,REC,,,102.0
2026-09-25,3040264724,2606013-1AM,INDICADOR PERCENTUAL RPM,BABV,REC,,,102.0
2026-09-25,3040264725,2606013-1AM,INDICADOR PERCENTUAL RPM,BABR,REC,,,102.0
2026-09-25,3040264726,2606015-4,INDICATOR-OIL TEMP/OIL PRESS,BANT,REC,,,102.0
2026-09-25,3040264727,C661051-0201,GYRO HORIZON,ALA 10,REC,,,102.0
2026-09-25,3040264728,504-0111-906,GYRO HORIZON,PAMALS,OS concluída,,,
2026-09-25,3040264729,504-0111-906,GYRO HORIZON,BACG,OS concluída,,,
2026-09-25,3040264730,8210-003,"GOVERNOR,FUEL CONTROL",PAMASP,REC,,,102.0
2026-09-25,3040264731,8210-002,"GOVERNOR,CONSTANT SPEED DRIVE",PAMASP,REC,,,102.0
2026-09-25,3040264732,8210-002,"GOVERNOR,CONSTANT SPEED DRIVE",BAMN,REC,,,102.0
2026-09-25,3040264733,030-18200,MAIN WHEEL BRAKE,BAMN,REC,,,102.0
2026-09-25,3040264734,030-18200,MAIN WHEEL BRAKE,BAMN,REC,,,102.0
2026-09-25,3040264735,161-11700,INNER WHEEL HALF ASSY,PAMALS,REC,,,102.0
2026-09-25,3040264736,161-12800,WHEEL HALF ASSY-INNER,BABR,REC,,,102.0
2026-09-25,3040264737,161-12800,WHEEL HALF ASSY-INNER,PAMALS,AUT,,,102.0
2026-09-25,3040264738,162-10700,OUTER WHEEL HALF ASSY,BACO,AUT,,,102.0
2026-09-25,3040264807,011-01105-01,INTEGRATED AVIONICS UNIT GIA63W,ALA 8,REC,,,94.0
2026-09-25,3040264808,011-01105-01,INTEGRATED AVIONICS UNIT GIA63W,BAMN,REC,,,94.0
2026-09-25,3040264907,011-00916-10,"DISPLAY UNIT,FLIGHT INFORMATION",BAMN,REC,,,87.0
2026-09-25,3040264908,011-00916-10,"DISPLAY UNIT,FLIGHT INFORMATION",BABV,OS concluída,,,
2026-09-25,3040264974,3244809-8,"FUEL CONTROL,MAIN,TURBINE ENGINE",BAMN,REC,,,85.0
2026-09-25,3040264961,3244897-4,FUEL CONTROL UNIT,CLA,OS concluída,,,
2026-09-25,3040264960,3034792,BOMBA DE COMBUSTÍVEL,CLA,OS concluída,,,
2026-09-25,3040265144,011-01020-10,AFCS MODE CONTROLLER GMC 710,BABE,REC,,,79.0
2026-09-25,3040265140,011-01020-10,AFCS MODE CONTROLLER GMC 710,BABE,REC,,,79.0
2026-09-25,3040265482,066-3084-32,IND RDR 2000 IN-182A,BABR,REC,,,64.0
2026-09-25,3040265484,066-3084-32,IND RDR 2000 IN-182A,BANT,REC,,,64.0
2026-09-25,3040265485,066-3084-32,IND RDR 2000 IN-182A,BABR,REC,,,64.0
2026-09-25,3040265526,ASG12000-2,ALTERNATOR,PAMALS,REC,,,60.0
2026-09-25,3040265525,ASG12000-2,ALTERNATOR,BABR,REC,,,60.0
2026-09-25,3040265527,9910592-2,ALTERNADOR,BABR,REC,,,60.0
2026-09-25,3040265533,3122678-04,FUEL CONTROL UNIT,BABR,REC,,,60.0
2026-09-25,3040265532,C611505-0201,ALTERNATOR,BANT,REC,,,60.0
2026-09-25,3040265530,C611505-0201,ALTERNATOR,BABV,REC,,,60.0
2026-09-25,3040265528,9910592-2,ALTERNADOR,BABR,REC,,,60.0
2026-09-25,3040265724,3244897-4,FUEL CONTROL UNIT,CLA,REC,,,59.0
2026-09-25,3040265474,C611008-0101,ALTERNATOR CONTROL UNIT,PAMALS,REC,,,57.0
2026-09-25,3040265475,C611008-0101,ALTERNATOR CONTROL UNIT,BABV,REC,,,57.0
2026-09-25,3040265476,C611008-0101,ALTERNATOR CONTROL UNIT,PAMALS,REC,,,57.0
2026-09-25,3040265477,C611008-0101,ALTERNATOR CONTROL UNIT,PAMALS,REC,,,57.0
2026-09-25,3040265576,011-00916-10,"DISPLAY UNIT,FLIGHT INFORMATION",BAMN,REC,,,56.0
2026-09-25,3040265580,011-00916-00,DISPLAY UNIT GDU 1040A,PAMALS,REC,,,60.0
2026-09-25,3040265581,011-00916-00,DISPLAY UNIT GDU 1040A,PAMALS,REC,,,60.0
2026-09-25,3040265589,EA-5175-52-CES,INDICATOR TRUE,BABV,REC,,,60.0
2026-09-25,3040265590,EA-5175-52-CES,INDICATOR TRUE,BASM,REC,,,60.0
2026-09-25,3040265591,EA-5175-52-CES,INDICATOR TRUE,BABV,REC,,,60.0
2026-09-25,3040265592,EA-5175-52-CES,INDICATOR TRUE,BABV,REC,,,60.0
2026-09-25,3040265668,9910592-2,ALTERNADOR,PAMALS,OS concluída,,,
2026-09-25,3040265678,9910592-2,ALTERNADOR,BAMN,REC,,,60.0
2026-09-25,3040265679,C611505-0201,ALTERNATOR,PAMALS,REC,,,60.0
2026-09-25,3040265680,C611505-0201,ALTERNATOR,ALA 8,REC,,,60.0
2026-09-25,3040265726,071-01519-0101,"RECEIVER-EXCITER,RADAR",PAMALS,REC,,,59.0
2026-09-25,3040265727,071-01519-0101,"RECEIVER-EXCITER,RADAR",CLA,REC,,,59.0
2026-09-25,3040265728,C163030-1001,MAIN W BRAKE A,BAMN,REC,,,59.0
2026-09-25,3040265731,066-3046-07,"CONTROL,INDICATOR",BABR,REC,,,59.0
2026-09-25,3040265732,066-3046-07,"CONTROL,INDICATOR",BANT,REC,,,59.0
2026-09-25,3040265734,066-3046-07,"CONTROL,INDICATOR",EEAR,REC,,,59.0
2026-09-25,3040265735,066-3046-07,"CONTROL,INDICATOR",CLA,REC,,,59.0
2026-09-25,3040265736,C611008-0101,ALTERNATOR CONTROL UNIT,BABV,REC,,,59.0
2026-09-25,3040265737,C611008-0101,ALTERNATOR CONTROL UNIT,EEAR,REC,,,59.0
2026-09-25,3040265738,C611008-0101,ALTERNATOR CONTROL UNIT,PAMALS,REC,,,59.0
2026-09-25,3040265739,C611008-0101,ALTERNATOR CONTROL UNIT,BANT,REC,,,59.0
2026-09-25,3040265740,C611008-0101,ALTERNATOR CONTROL UNIT,BABE,REC,,,59.0
2026-09-25,3040265741,C611008-0101,ALTERNATOR CONTROL UNIT,BABR,REC,,,59.0
2026-09-25,3040265742,066-1072-04,"RECEIVER,RADIO",BACG,REC,,,59.0
2026-09-25,3040265743,066-1072-04,"RECEIVER,RADIO",BAMN,REC,,,59.0
2026-09-25,3040265744,066-1072-04,"RECEIVER,RADIO",PAMALS,REC,,,59.0
2026-09-25,3040265745,066-3084-32,IND RDR 2000 IN-182A,PAMALS,REC,,,59.0
2026-09-25,3040265746,066-3084-32,IND RDR 2000 IN-182A,PAMALS,REC,,,59.0
2026-09-25,3040265747,30994-001,BATTERY-MARATHON TSP410 NICAD,PAMALS,AUT,,,59.0
2026-09-25,3040265748,30994-001,BATTERY-MARATHON TSP410 NICAD,PAMALS,AUT,,,59.0
2026-09-25,3040265749,30994-001,BATTERY-MARATHON TSP410 NICAD,PAMALS,AUT,,,59.0
2026-09-25,3040265750,30994-001,BATTERY-MARATHON TSP410 NICAD,PAMALS,AUT,,,59.0
2026-09-25,3040265751,30994-001,BATTERY-MARATHON TSP410 NICAD,PAMALS,AUT,,,59.0
2026-09-25,3040265752,2641011-5,AXLE-MAIN GEAR,BAMN,REC,,,59.0
2026-09-25,3040265753,2641011-5,AXLE-MAIN GEAR,BAMN,REC,,,59.0
2026-09-25,3040265754,161-11700,INNER WHEEL HALF ASSY,BACO,AUT,,,59.0
2026-09-25,3040265755,161-12800,WHEEL HALF ASSY-INNER,BABE,REC,,,59.0
2026-09-25,3040265757,066-01141-0101,"RECEIVER,RADIO",PAMALS,REC,,,59.0
2026-09-25,3040265758,066-01141-0101,"RECEIVER,RADIO",PAMALS,REC,,,59.0
2026-09-25,3040265759,C660501-0103,"COMPASS,SPEC",DACTA II,REC,,,59.0
2026-09-25,3040265769,023694-000,BATTERY NICKEL CADMIUM,BAPV,REC,,,58.0
2026-09-25,3040265771,2651023-23,ENGINE MOUNT ASSEMBLY,PAMALS,REC,,,58.0
2026-09-25,3040265772,2651023-23,ENGINE MOUNT ASSEMBLY,PAMALS,REC,,,58.0
2026-09-25,3040265892,324843-0020,HEADSET-MICROPHONE,PAMALS,REC,,,53.0
2026-09-25,3040265893,324843-0020,HEADSET-MICROPHONE,PAMALS,OS concluída,,,
2026-09-25,3040265894,324843-0020,HEADSET-MICROPHONE,PAMALS,REC,,,53.0
2026-09-25,3040265895,324843-0020,HEADSET-MICROPHONE,PAMALS,REC,,,53.0
2026-09-25,3040265946,011-00870-00,MAGNETOMETER GMU 44,BAMN,REC,,,50.0
2026-09-25,3040265947,011-00870-00,MAGNETOMETER GMU 44,BAMN,REC,,,50.0
2026-09-25,3040266034,C662041-0102,INDICATOR FUEL,BABE,REC,,,46.0
2026-09-25,3040266040,C662041-0102,INDICATOR FUEL,PAMALS,REC,,,46.0
2026-09-25,3040266036,C662041-0102,INDICATOR FUEL,PAMALS,REC,,,46.0
2026-09-25,3040266035,C662041-0102,INDICATOR FUEL,PAMALS,REC,,,38.0
2026-09-25,3040266039,C662041-0102,INDICATOR FUEL,BANT,REC,,,38.0
2026-09-25,3040266041,C662041-0102,INDICATOR FUEL,PAMALS,REC,,,38.0
2026-09-25,3040266307,069-01033-0101,"RECEIVER-TRANSMITTER,RADIO",PAMALS,REC,,,36.0
2026-09-25,3040266308,069-01033-0101,"RECEIVER-TRANSMITTER,RADIO",BANT,REC,,,36.0
2026-09-25,3040266306,069-01033-0101,"RECEIVER-TRANSMITTER,RADIO",BACG,REC,,,36.0
2026-09-25,3040266307,069-01033-0101,"RECEIVER-TRANSMITTER,RADIO",PAMALS,REC,,,36.0
2026-09-25,3040266308,069-01033-0101,"RECEIVER-TRANSMITTER,RADIO",BANT,REC,,,36.0
2026-09-25,3040266568,C662504-0101,GAGE VOLT AMME,PAMALS,REC,,,25.0
2026-09-25,3040266567,C662504-0101,GAGE VOLT AMME,ALA 9,REC,,,25.0
2026-09-25,3040266566,C662504-0101,GAGE VOLT AMME,PAMALS,REC,,,25.0
2026-09-25,3040266569,C662504-0101,GAGE VOLT AMME,BABV,REC,,,25.0
2026-09-28,3040249831,066-01141-5101,"RECEIVER-TRANSMITTER,RADIO (KT71)",PAMALS,REC,EM REPARO,LEAP,595.0
2026-09-28,3040250248,452-0133,"BATTERY,NONRECHARGEABLE",BABR,REC,CONDENADO,VEE ONE,579.0
2026-09-28,3040250249,452-0133,"BATTERY,NONRECHARGEABLE",BAMN,REC,CONDENADO,VEE ONE,579.0
2026-09-28,3040250234,3034792,BOMBA DE COMBUSTÍVEL,PAMALS,REC,,BANT,579.0
2026-09-28,3040250816,453-5060,"BEACON,DISTRESS",BAMN,REC,,PAMA-LS,557.0
2026-09-28,3040250830,799-1,TRANSDUCER,BACO,REC,,BANT,557.0
2026-09-28,3040250829,51539-012N,CONTROL UNIT ASSY-GENERATOR,BAMN,OS concluída,,,
2026-09-28,3040250828,51539-012N,CONTROL UNIT ASSY-GENERATOR,BACG,REC,,BABR,557.0
2026-09-28,3040250827,51539-012N,CONTROL UNIT ASSY-GENERATOR,BANT,REC,,BABR,557.0
2026-09-28,3040250831,799-1,TRANSDUCER,BANT,REC,,BANT,557.0
2026-09-28,3040250833,9910586-4,FLAP ACTUATOR AND MOTOR ASSEMBLY,ALA 3,REC,,BAMN,557.0
2026-09-28,3040250834,9910586-4,FLAP ACTUATOR AND MOTOR ASSEMBLY,ALA 3,OS concluída,,,
2026-09-28,3040250832,9910338-4,FUEL TOTALIZER INDICATOR,EEAR,REC,,PAMA-LS,557.0
2026-09-28,3040250835,ASG12000-2,ALTERNATOR,ALA 5,REC,REPARADO,V1 PAMA-LS,557.0
2026-09-28,3040250841,C661030-0301,TURN BANK,PAMALS,REC,EM REPARO,LEAP,557.0
2026-09-28,3040250842,C662041-0102,INDICATOR FUEL,ALA 5,REC,,PAMA-LS,557.0
2026-09-28,3040250844,C662041-0102,INDICATOR FUEL,ALA 9,REC,,PAMA-LS,557.0
2026-09-28,3040250843,C662041-0102,INDICATOR FUEL,ALA 10,OS concluída,,,
2026-09-28,3040250719,060-0017-00,FLIGHT DIR HOR,PAMALS,REC,,BANT,557.0
2026-09-28,3040250720,060-0017-00,FLIGHT DIR HOR,BABV,OS concluída,,,
2026-09-28,3040250722,066-01141-5101,"RECEIVER-TRANSMITTER,RADIO (KT71)",ALA 9,REC,EM REPARO,WILLIAM,557.0
2026-09-28,3040250723,066-01141-5101,"RECEIVER-TRANSMITTER,RADIO (KT71)",CLA,REC,,BABR,557.0
2026-09-28,3040250721,060-0017-00,FLIGHT DIR HOR,BANT,OS concluída,,,
2026-09-28,3040250725,066-3046-07,"CONTROL,INDICATOR",ALA 10,OS concluída,,,
2026-09-28,3040250724,066-04035-1101,"DISPLAY UNIT,RADAR",PAMALS,REC,,BANT,557.0
2026-09-28,3040250732,069-1025-25,"RECEIVER-TRANSMITTER,RADIO - KX165",PAMALS,REC,EM REPARO,WILLIAM,557.0
2026-09-28,3040250782,2606012-1,INDICATOR-INTER-TURBINE TEMPERATURE,ALA 9,OS concluída,,,
2026-09-28,3040250775,161-11700,INNER WHEEL HALF ASSY,BABE,OS concluída,,,
2026-09-28,3040250773,161-11700,INNER WHEEL HALF ASSY,EEAR,REC,,BACG,557.0
2026-09-28,3040250718,030-18200,MAIN WHEEL BRAKE,BACO,OS concluída,,,
2026-09-28,3040250716,030-18200,MAIN WHEEL BRAKE,BABV,REC,EM REPARO,LEAP,557.0
2026-09-28,3040250717,030-18200,MAIN WHEEL BRAKE,BACO,OS concluída,,,
2026-09-28,3040250780,162-11800,WHEEL HALF ASSY-OUTER,PAMALS,OS concluída,,,
2026-09-28,3040250781,162-11800,WHEEL HALF ASSY-OUTER,BACG,OS concluída,,,
2026-09-28,3040250778,161-12800,WHEEL HALF ASSY-INNER,BACG,OS concluída,,,
2026-09-28,3040250776,161-12800,WHEEL HALF ASSY-INNER,BABE,OS concluída,,,
2026-09-28,3040250790,2643031-7,"FORK ASSY,NOSE GEAR SPRING",BAMN,OS concluída,,,
2026-09-28,3040250791,2643090-1,SHIMMY DAMPENE,BANT,REC,EM REPARO,AV AERONAUTICA,557.0
2026-09-28,3040250792,2643090-1,SHIMMY DAMPENE,BAMN,REC,REPARADO,V1 PAMA-LS,557.0
2026-09-28,3040250789,2641012-14,TRUNNION ASSY-RH-MAIN GEAR,PAMASP,OS concluída,,,
2026-09-28,3040250793,2643099-4,"SUPPORT ASSY FOWARD, NLG SPRING",BAMN,OS concluída,,,
2026-09-28,3040250798,30994-001,BATTERY-MARATHON TSP410 NICAD,BANT,OS concluída,CONDENADO,AMA - VEE ONE,
2026-09-28,3040252191,C611008-0101,ALTERNATOR CONTROL UNIT,PAMALS,REC,,BABR,524.0
2026-09-28,3040252159,011-00916-00,DISPLAY UNIT GDU 1040A,BAMN,REC,,BAMN,524.0
2026-09-28,3040252161,065-0042-03,COMPUTER PA,ALA 10,REC,EM REPARO,WILLIAM,524.0
2026-09-28,3040252162,065-0042-03,COMPUTER PA,EEAR,REC,,BABE,524.0
2026-09-28,3040252164,065-0042-03,COMPUTER PA,EEAR,REC,EM REPARO,WILLIAM,524.0
2026-09-28,3040252165,065-0042-03,COMPUTER PA,PAMALS,OS concluída,,,
2026-09-28,3040252166,065-0059-01,SERVO PITCH,EEAR,REC,EM REPARO,WILLIAM,524.0
2026-09-28,3040252168,066-03064-0005,"ALTIMETER,SERVO CONTROLLED,AUTOMATIC PRESSURE",ALA 9,OS concluída,,,
2026-09-28,3040252173,066-03064-0005,"ALTIMETER,SERVO CONTROLLED,AUTOMATIC PRESSURE",BANT,REC,EM REPARO,LEAP,524.0
2026-09-28,3040252172,066-03064-0005,"ALTIMETER,SERVO CONTROLLED,AUTOMATIC PRESSURE",PAMALS,REC,NO ESTADO,VEE ONE,524.0
2026-09-28,3040252170,066-03064-0005,"ALTIMETER,SERVO CONTROLLED,AUTOMATIC PRESSURE",ALA 7,REC,NO ESTADO,VEE ONE,524.0
2026-09-28,3040252178,066-1072-00,RECEIVER ADF (KING KR87),PAMALS,OS concluída,,,
2026-09-28,3040252182,066-1072-04,"RECEIVER,RADIO",ALA 9,OS concluída,,,
2026-09-28,3040252181,066-1072-04,"RECEIVER,RADIO",PAMASP,REC,EM REPARO,WILLIAM,524.0
2026-09-28,3040252180,066-1072-04,"RECEIVER,RADIO",ALA 8,OS concluída,,,
2026-09-28,3040252185,066-1072-04,"RECEIVER,RADIO",BAMN,OS concluída,,,
2026-09-28,3040252189,9910338-6,"TRANSMITTER,RATE OF FLOW",ALA 8,OS concluída,,,
2026-09-28,3040252190,9910338-6,"TRANSMITTER,RATE OF FLOW",BABR,OS concluída,,,
2026-09-28,3040252160,011-01020-10,AFCS MODE CONTROLLER GMC 710,BAMN,OS concluída,,,
2026-09-28,3040252939,C163030-1001,MAIN W BRAKE A,BABV,REC,,BAMN,494.0
2026-09-28,3040252936,030-18200,MAIN WHEEL BRAKE,BACO,REC,,PAMA-LS,494.0
2026-09-28,3040252935,030-18200,MAIN WHEEL BRAKE,BAMN,OS concluída,,,
2026-09-28,3040252940,30-182,MAIN WHEEL BRAKE,BABV,OS concluída,,,
2026-09-28,3040252942,30-182,MAIN WHEEL BRAKE,BAMN,OS concluída,,,
2026-09-28,3040252943,30-182,MAIN WHEEL BRAKE,BAMN,OS concluída,,,
2026-09-28,3040253170,161-12800,WHEEL HALF ASSY-INNER,BASM,OS concluída,,,
2026-09-28,3040253168,161-12800,WHEEL HALF ASSY-INNER,BASM,REC,,PAMA-LS,490.0
2026-09-28,3040253172,161-12800,WHEEL HALF ASSY-INNER,PAMALS,REC,,PAMA-LS,490.0
2026-09-28,3040253174,161-12800,WHEEL HALF ASSY-INNER,PAMALS,OS concluída,,,
2026-09-28,3040253173,161-12800,WHEEL HALF ASSY-INNER,PAMALS,REC,EM REPARO,LEAP,490.0
2026-09-28,3040253176,162-10700,OUTER WHEEL HALF ASSY,BABE,OS concluída,,,
2026-09-28,3040253177,162-10700,OUTER WHEEL HALF ASSY,BABV,REC,,PAMA-LS,490.0
2026-09-28,3040253178,162-10700,OUTER WHEEL HALF ASSY,PAMALS,REC,,PROCURANDO,490.0
2026-09-28,3040253179,162-11800,WHEEL HALF ASSY-OUTER,CLA,OS concluída,,,
2026-09-28,3040253181,162-11800,WHEEL HALF ASSY-OUTER,PAMALS,OS concluída,,,
2026-09-28,3040253180,162-11800,WHEEL HALF ASSY-OUTER,BASM,REC,,PROCURANDO,490.0
2026-09-28,3040253182,162-11800,WHEEL HALF ASSY-OUTER,PAMALS,REC,,PAMA-LS,490.0
2026-09-28,3040253536,2641012-14,TRUNNION ASSY-RH-MAIN GEAR,PAMALS,OS concluída,,,
2026-09-28,3040253529,066-03064-0005,"ALTIMETER,SERVO CONTROLLED,AUTOMATIC PRESSURE",DSM-MN,REC,DEVOLVIDO NO ESTADO,WILLIAM,480.0
2026-09-28,3040253528,066-03064-0005,"ALTIMETER,SERVO CONTROLLED,AUTOMATIC PRESSURE",BANT,OS concluída,,,
2026-09-28,3040253532,799-1,TRANSDUCER,PAMALS,REC,,BANT,480.0
2026-09-28,3040253535,2643099-4,"SUPPORT ASSY FOWARD, NLG SPRING",BABE,REC,CONDENADO,VEE ONE,480.0
2026-09-28,3040253531,799-1,TRANSDUCER,BAMN,REC,,VEE ONE,480.0
2026-09-28,3040253530,799-1,TRANSDUCER,BAMN,REC,,BANT,480.0
2026-09-28,3040253526,30994-001,BATTERY-MARATHON TSP410 NICAD,PAMALS,OS concluída,,PAMA-LS,
2026-09-28,3040253527,30994-001,BATTERY-MARATHON TSP410 NICAD,BAPV,OS concluída,,PAMA-LS,
2026-09-28,3040254195,540-1407-4,"VALVE,BLEED,TURBINEENGINE",PAMALS,REC,,BANT,462.0
2026-09-28,3040254201,2643090-3,SHIMMY DAMPER-NOSE GEAR,PAMALS,REC,,PAMA-LS,462.0
2026-09-28,3040254203,SE1070-6,SHIMMY DAMPENER ASSY,BACGINAT,OS concluída,,,
2026-09-28,3040254205,C660501-0103,"COMPASS,SPEC",PAMALS,REC,,PAMA-LS,462.0
2026-09-28,3040254206,C660501-0103,"COMPASS,SPEC",ALA 8,REC,EM REPARO EM GARANTIA,WILLIAM,462.0
2026-09-28,3040254208,C660501-0103,"COMPASS,SPEC",BABV,REC,,PAMA-LS,462.0
2026-09-28,3040254210,799-1,TRANSDUCER,BANT,REC,,BANT,462.0
2026-09-28,3040254792,2606013-1RX,INDICATOR-PERCENT RPM,BABR,REC,,BANT,453.0
2026-09-28,3040254770,069-1025-25,"RECEIVER-TRANSMITTER,RADIO - KX165",ALA 9,REC,EM REPARO,WILLIAM,453.0
2026-09-28,3040254799,453-5000-710,EMERGENCY LOCATOR TRANSMITTER MODEL C406-2,PAMASP,OS concluída,,,
2026-09-28,3040254806,C352TS,"EXTINGUISHER,FIRE",PAMALS,REC,,PAMA-LS,453.0
2026-09-28,3040254805,C352TS,"EXTINGUISHER,FIRE",PAMALS,OS concluída,,,
2026-09-28,3040254810,C352TS,"EXTINGUISHER,FIRE",PAMALS,OS concluída,,,
2026-09-28,3040254809,C352TS,"EXTINGUISHER,FIRE",PAMAGL,OS concluída,,,
2026-09-28,3040254803,C352TS,"EXTINGUISHER,FIRE",2 ETA,REC,,PAMA-LS,453.0
2026-09-28,3040254808,C352TS,"EXTINGUISHER,FIRE",BABR,REC,,PAMA-LS,453.0
2026-09-28,3040254795,D145-00-46-2,FLAP ACTUATOR ASSY,BABE,REC,,PAMA-LS,453.0
2026-09-28,3040254793,D145-00-46-2,FLAP ACTUATOR ASSY,PAMALS,REC,,PAMA-LS,453.0
2026-09-28,3040254815,C482001-0402,VACUUM REGULAT,PAMALS,REC,CONDENADO,VEE ONE,453.0
2026-09-28,3040254816,C482001-0402,VACUUM REGULAT,PAMALS,REC,CONDENADO,VEE ONE,453.0
2026-09-28,3040254820,2641011-5,AXLE-MAIN GEAR,BAMN,OS concluída,,,
2026-09-28,3040254817,2641011-5,AXLE-MAIN GEAR,BABE,OS concluída,,,
2026-09-28,3040254818,2641011-5,AXLE-MAIN GEAR,BABE,OS concluída,,,
2026-09-28,3040254819,2641011-5,AXLE-MAIN GEAR,BANT,OS concluída,,,
2026-09-28,3040254796,30994-001,BATTERY-MARATHON TSP410 NICAD,BAMN,OS concluída,,,
2026-09-28,3040254789,452-0133,"BATTERY,NONRECHARGEABLE",BAMN,REC,CONDENADO,VEE ONE,453.0
2026-09-28,3040254788,452-0133,"BATTERY,NONRECHARGEABLE",BAMN,REC,CONDENADO,VEE ONE,453.0
2026-09-28,3040254787,452-0133,"BATTERY PACK,AIRCRAFT",DACTA II,REC,CONDENADO,VEE ONE,453.0
2026-09-28,3040254786,452-0133,"BATTERY PACK,AIRCRAFT",BAMN,REC,CONDENADO,VEE ONE,453.0
2026-09-28,3040254785,452-0133,"BATTERY,NONRECHARGEABLE",BAMN,REC,CONDENADO,VEE ONE,453.0
2026-09-28,3040254784,452-0133,"BATTERY,NONRECHARGEABLE",DACTA II,REC,CONDENADO,VEE ONE,453.0
2026-09-28,3040255326,011-00916-00,DISPLAY UNIT GDU 1040A,BAMN,REC,,BAMN,444.0
2026-09-28,3040255319,702801-5,FUEL PUMP,PAMASP,REC,EM REPARO,VEE ONE,444.0
2026-09-28,3040255321,8210-002,"GOVERNOR,CONSTANT SPEED DRIVE",PAMALS,OS concluída,,,
2026-09-28,3040255461,DAAS-A-010-1,ADAS-D PROCESSOR,PAMALS,REC,EM REPARO,VEE ONE,440.0
2026-09-28,3040255589,071-01519-0101,"RECEIVER-EXCITER,RADAR",BANT,REC,,PROCURANDO,438.0
2026-09-28,3040255590,071-01519-0101,"RECEIVER-EXCITER,RADAR",PAMALS,OS concluída,,,
2026-09-28,3040255706,C661064-0237,AIRSPEED INDICATOR,BAMN,OS concluída,,,
2026-09-28,3040256114,5934PAD-3,"ALTIMETER,PRESSURE",PAMALS,REC,EM REPARO,VEE ONE,424.0
2026-09-28,3040256119,011-00878-10,GSA-81 TORQUE SERVO,BAPV,REC,EM REPARO,LEAP,424.0
2026-09-28,3040256112,011-00883-20,RADAR GWX 68 WEATHER,BABE,REC,,BAMN,424.0
2026-09-28,3040256115,5934PAD-3,"ALTIMETER,PRESSURE",PAMALS,OS concluída,,,
2026-09-28,3040256118,011-00878-10,GSA-81 TORQUE SERVO,BAPV,REC,,BACO,424.0
2026-09-28,3040256120,011-00916-10,"DISPLAY UNIT,FLIGHT INFORMATION",BAMN,OS concluída,,,
2026-09-28,3040256314,066-4010-12,RECEIVER VOR/LOC (KNS81),EEAR,REC,EM REPARO,LEAP,411.0
2026-09-28,3040256311,3121248-03,"VALVE ASSEMBLY,COMPRESSOR BLEED",PAMALS,OS concluída,,,
2026-09-28,3040256704,C661064-0237,AIRSPEED INDICATOR,PAMALS,OS concluída,,,
2026-09-28,3040256707,D210507,"GOVERNOR,OVERSPEED",PAMALS,OS concluída,,,
2026-09-28,3040256708,D210507,"GOVERNOR,OVERSPEED",PAMALS,REC,REPARADO,VEE ONE,402.0
2026-09-28,3040256702,C661064-0237,AIRSPEED INDICATOR,BABR,OS concluída,,,
2026-09-28,3040256703,C661064-0237,AIRSPEED INDICATOR,PAMALS,OS concluída,,,
2026-09-28,3040256662,030-18200,MAIN WHEEL BRAKE,BASM,OS concluída,,,
2026-09-28,3040256665,161-11700,INNER WHEEL HALF ASSY,BABV,OS concluída,,,
2026-09-28,3040256666,161-11700,INNER WHEEL HALF ASSY,PAMALS,OS concluída,,,
2026-09-28,3040256667,161-11700,INNER WHEEL HALF ASSY,PAMALS,OS concluída,,,
2026-09-28,3040256668,161-11700,INNER WHEEL HALF ASSY,PAMALS,OS concluída,,,
2026-09-28,3040256669,161-11700,INNER WHEEL HALF ASSY,PAMALS,OS concluída,,,
2026-09-28,3040256670,161-11700,INNER WHEEL HALF ASSY,PAMALS,OS concluída,,,
2026-09-28,3040256671,161-11700,INNER WHEEL HALF ASSY,PAMALS,REC,,PAMA-LS,402.0
2026-09-28,3040256698,030-18200,MAIN WHEEL BRAKE,PAMASP,REC,,BABE,402.0
2026-09-28,3040256713,030-18200,MAIN WHEEL BRAKE,ALA 3,REC,,BAMN,402.0
2026-09-28,3040256694,162-11800,WHEEL HALF ASSY-OUTER,BANT,OS concluída,,,
2026-09-28,3040256696,162-11800,WHEEL HALF ASSY-OUTER,PAMALS,REC,,PAMA-LS,402.0
2026-09-28,3040256672,161-12800,WHEEL HALF ASSY-INNER,PAMALS,OS concluída,,PAMA-LS,
2026-09-28,3040256675,161-12800,WHEEL HALF ASSY-INNER,BANT,OS concluída,,,
2026-09-28,3040256792,011-00877-00,"GSA-80 SERVO ROL,YAW,SPEC",BAMN,REC,,PROCURANDO,402.0
2026-09-28,3040256787,011-00877-00,"GSA-80 SERVO ROL,YAW,SPEC",PAMALS,REC,EM REPARO,VEE ONE,402.0
2026-09-28,3040256828,011-00883-20,RADAR GWX 68 WEATHER,PAMALS,REC,,PAMA-LS,402.0
2026-09-28,3040256709,3121248-03,"VALVE ASSEMBLY,COMPRESSOR BLEED",PAMASP,REC,,BANT,399.0
2026-09-28,3040256673,161-12800,WHEEL HALF ASSY-INNER,PAMALS,REC,CONDENADO,VEE ONE,399.0
2026-09-28,3040257095,011-01105-01,INTEGRATED AVIONICS UNIT GIA63W,BABE,REC,EM REPARO,VEE ONE,395.0
2026-09-28,3040257096,011-01105-01,INTEGRATED AVIONICS UNIT GIA63W,BABE,REC,,BAMN,395.0
2026-09-28,3040257093,065-00183-0501,AUTOPILOT COMPUTER KFC225,BABE,REC,,BANT,395.0
2026-09-28,3040257094,065-00183-0501,AUTOPILOT COMPUTER KFC225,BABE,REC,,BANT,395.0
2026-09-28,3040257443,161-12800,WHEEL HALF ASSY-INNER,ALA 3,AUT,,,383.0
2026-09-28,3040257442,C163030-1001,MAIN W BRAKE A,BAMN,OS concluída,,BAMN,
2026-09-28,3040257452,3244809-8,"FUEL CONTROL,MAIN,TURBINE ENGINE",BAPV,OS concluída,,,
2026-09-28,3040257454,EA-5172-45-CES,"INDICATOR,AIRSPEED",BACG,OS concluída,,,
2026-09-28,3040257453,EA-5172-45-CES,"INDICATOR,AIRSPEED",ALA 7,REC,DEVOLVIDO NO ESTADO,WILLIAM,376.0
2026-09-28,3040257451,3244809-7,"FUEL CONTROL,MAIN,TURBINE ENGINE",PAMASP,REC,,BANT,376.0
2026-09-28,3040257450,3244809-4,"FUEL CONTROL,MAIN,TURBINE ENGINE",PAMASP,OS concluída,EM REPARO,LEAP,
2026-09-28,3040257438,030-18200,MAIN WHEEL BRAKE,BAMN,REC,REPARADO,VEE ONE,376.0
2026-09-28,3040257444,162-10700,OUTER WHEEL HALF ASSY,PAMALS,OS concluída,,,
2026-09-28,3040257447,162-10700,OUTER WHEEL HALF ASSY,PAMALS,OS concluída,,,
2026-09-28,3040257436,30994-001,BATTERY-MARATHON TSP410 NICAD,PAMALS,OS concluída,,PAMA-LS,
2026-09-28,3040257441,030-18200,MAIN WHEEL BRAKE,BAPV,REC,,BAMN,376.0
2026-09-28,3040257440,030-18200,MAIN WHEEL BRAKE,BANT,REC,CONDENADO,VEE ONE,376.0
2026-09-28,3040257439,030-18200,MAIN WHEEL BRAKE,BAMN,REC,,BAMN,376.0
2026-09-28,3040258306,D210507,"GOVERNOR,OVERSPEED",PAMALS,REC,EM REPARO,LEAP,356.0
2026-09-28,3040258310,D210507,"GOVERNOR,OVERSPEED",BACO,OS concluída,,,
2026-09-28,3040258309,D210507,"GOVERNOR,OVERSPEED",BAMN,REC,EM REPARO,LEAP,356.0
2026-09-28,3040258308,D210507,"GOVERNOR,OVERSPEED",BAMN,OS concluída,,,
2026-09-28,3040258307,D210507,"GOVERNOR,OVERSPEED",ALA 5,OS concluída,,,
2026-09-28,3040258303,011-00877-00,"GSA-80 SERVO ROL,YAW,SPEC",DACTA II,REC,EM REPARO,VEE ONE,356.0
2026-09-28,3040258422,2601188-8,COMPRESSOR DRIVE ASSY R134A,PAMASP,REC,,PROCURANDO,354.0
2026-09-28,3040258419,011-00877-00,"GSA-80 SERVO ROL,YAW,SPEC",DACTA II,REC,EM REPARO,VEE ONE,354.0
2026-09-28,3040258420,011-00877-00,"GSA-80 SERVO ROL,YAW,SPEC",BACO,REC,EM REPARO,VEE ONE,354.0
2026-09-28,3040258421,011-00877-00,"GSA-80 SERVO ROL,YAW,SPEC",BABE,REC,,BACO,354.0
2026-09-28,3040258764,069-01034-0102,"NAVIGATION SET,SATELLITE SIGNALS KLN-94",PAMALS,REC,,BANT,347.0
2026-09-28,3040259152,066-01141-5101,"TRANSPONDER,RADAR",BABE,REC,,BANT,328.0
2026-09-28,3040259151,066-01141-5101,"TRANSPONDER,RADAR",BANT,REC,,BANT,328.0
2026-09-28,3040259251,064-1019-05,VHF TRANSCEIVE KY196,EEAR,REC,,EEAR,326.0
2026-09-28,3040259146,1U149-015-15,HORIZ. GYRO-STADBY,PAMALS,REC,EM REPARO,VEE ONE,325.0
2026-09-28,3040259147,162-10700,OUTER WHEEL HALF ASSY,BANT,REC,EM REPARO,AMA - VEE ONE,325.0
2026-09-28,3040259148,3049038-03,"VALVE,COMPRESSOR BLEED",BANT,OS concluída,,,
2026-09-28,3040259316,2606015-4,INDICATOR-OIL TEMP/OIL PRESS,BACG,REC,,PAMA-LS,322.0
2026-09-28,3040259564,C414007-0102,BLOWER ASSY,PAMALS,OS concluída,,,
2026-09-28,3040259568,C414007-0102,BLOWER ASSY,ALA 10,OS concluída,,,
2026-09-28,3040259570,C414007-0102,BLOWER ASSY,ALA 10,OS concluída,,,
2026-09-28,3040259694,025323-150,FUEL PUMP,PAMASP,REC,,BACO,314.0
2026-09-28,3040259922,C414007-0102,BLOWER ASSY,BANT,REC,,PAMA-LS,307.0
2026-09-28,3040259928,C414007-0102,BLOWER ASSY,PAMALS,REC,EM REPARO,VEE ONE,307.0
2026-09-28,3040259924,C414007-0102,BLOWER ASSY,BACG,REC,EM REPARO,VEE ONE,307.0
2026-09-28,3040259918,C414007-0102,BLOWER ASSY,ALA 10,OS concluída,,VEE ONE,
2026-09-28,3040259950,065-0060-01,"CONTROL,SERVO,AUTOMATIC PILOT",PAMALS,REC,EM REPARO,LEAP,307.0
2026-09-28,3040259949,065-0060-01,"CONTROL,SERVO,AUTOMATIC PILOT",PAMALS,REC,EM REPARO,LEAP,307.0
2026-09-28,3040259947,066-3046-07,"CONTROL,INDICATOR",EEAR,OS concluída,,,
2026-09-28,3040259946,066-3046-07,"CONTROL,INDICATOR",BANT,REC,,BANT,307.0
2026-09-28,3040259944,066-3046-07,"CONTROL,INDICATOR",EEAR,REC,,PAMA-LS,307.0
2026-09-28,3040260209,011-00916-00,DISPLAY UNIT GDU 1040A,PAMALS,REC,,BAMN,293.0
2026-09-28,3040260208,324843-W020,HEADSET-MICROPHONE,PAMALS,REC,VAI SER DEVOLVIDO SEM REPARO,WILLIAM,293.0
2026-09-28,3040260204,324843-W020,HEADSET-MICROPHONE,PAMALS,OS concluída,,,
2026-09-28,3040260205,324843-W020,HEADSET-MICROPHONE,PAMALS,OS concluída,,,
2026-09-28,3040260388,SD5H14C4527,AIR COMPRESSOR,PAMALS,REC,EM REPARO,VEE ONE,286.0
2026-09-28,3040260382,065-00183-0501,AUTOPILOT COMPUTER KFC225,BANT,REC,,BANT,286.0
2026-09-28,3040260389,SD5H14C4527,AIR COMPRESSOR,PAMALS,REC,EM REPARO,VEE ONE,286.0
2026-09-28,3040260517,ASG12000-2,ALTERNATOR,PAMALS,OS concluída,,,
2026-09-28,3040260524,51539-012M,CONTROL UNIT ASSY-GENERATOR,BANT,REC,,BACG,283.0
2026-09-28,3040260516,ASG12000-2,ALTERNATOR,PAMALS,REC,,V1 PAMA-LS,283.0
2026-09-28,3040260523,9910592-2,ALTERNADOR,BAMN,OS concluída,,babr,
2026-09-28,3040260522,9910592-2,ALTERNADOR,BAMN,REC,,dacta II,283.0
2026-09-28,3040260547,161-12800,WHEEL HALF ASSY-INNER,EPCAR,OS concluída,,BABE,
2026-09-28,3040260545,161-11700,INNER WHEEL HALF ASSY,BACG,OS concluída,,,
2026-09-28,3040260544,161-11700,INNER WHEEL HALF ASSY,BANT,OS concluída,,,
2026-09-28,3040260546,161-12800,WHEEL HALF ASSY-INNER,PAMALS,REC,,,265.0
2026-09-28,3040260548,161-11700,INNER WHEEL HALF ASSY,CLA,OS concluída,,,
2026-09-28,3040260549,162-10700,OUTER WHEEL HALF ASSY,BACG,OS concluída,,,
2026-09-28,3040260550,162-10700,OUTER WHEEL HALF ASSY,CLA,OS concluída,,,
2026-09-28,3040260551,162-11800,WHEEL HALF ASSY-OUTER,BANT,REC,,,265.0
2026-09-28,3040260552,30994-001,BATTERY-MARATHON TSP410 NICAD,BABE,OS concluída,,PAMA-LS,
2026-09-28,3040260543,324843-W020,HEADSET-MICROPHONE,PAMALS,REC,,PAMA-LS,265.0
2026-09-28,3040260542,324843-W020,HEADSET-MICROPHONE,PAMALS,REC,,BABE,265.0
2026-09-28,3040260541,324843-W020,HEADSET-MICROPHONE,PAMALS,OS concluída,,,
2026-09-28,3040260540,324843-W020,HEADSET-MICROPHONE,PAMALS,OS concluída,,,
2026-09-28,3040260538,324843-W020,HEADSET-MICROPHONE,PAMALS,REC,,BABE,265.0
2026-09-28,3040260539,324843-W020,HEADSET-MICROPHONE,PAMALS,REC,,BABE,265.0
2026-09-28,3040260595,9910586-4,FLAP ACTUATOR AND MOTOR ASSEMBLY,7 ETA,REC,,BAMN,265.0
2026-09-28,3040260597,9910586-4,FLAP ACTUATOR AND MOTOR ASSEMBLY,BAPV,OS concluída,,BABR,
2026-09-28,3040260583,3244897-4,FUEL CONTROL UNIT,PAMALS,OS concluída,,,
2026-09-28,3040260750,3122678-04,FUEL CONTROL UNIT,PAMASP,REC,,BANT,257.0
2026-09-28,3040260752,3244897-4,FUEL CONTROL UNIT,PAMASP,OS concluída,,,
2026-09-28,3040260753,3244809-7,"FUEL CONTROL,MAIN,TURBINE ENGINE",PAMASP,OS concluída,,,
2026-09-28,3040260754,3244809-1,"FUEL CONTROL,MAIN,TURBINE ENGINE",PAMASP,REC,EM QUARENTENA,LEAP,257.0
2026-09-28,3040254794,C145-350,"MOTOR,DIRECT CURRENT",PAMALS,OS concluída,,,
2026-09-28,3040260913,064-1054-30,RECEIVER-TRANSMITTER SUBASSEMBLY,EPCAR,REC,,V1 PAMA-LS,245.0
2026-09-28,3040260915,064-1054-30,RECEIVER-TRANSMITTER SUBASSEMBLY,PAMALS,REC,,BABR,245.0
2026-09-28,3040260811,3034792,BOMBA DE COMBUSTÍVEL,BAPV,OS concluída,,BABR,
2026-09-28,3040260812,3034792,BOMBA DE COMBUSTÍVEL,BACG,OS concluída,,,
2026-09-28,3040260922,162-11800,WHEEL HALF ASSY-OUTER,PAMALS,OS concluída,,,
2026-09-28,3040260923,030-18200,MAIN WHEEL BRAKE,BACO,REC,REPARADO,VEE ONE,243.0
2026-09-28,3040261389,3034792,BOMBA DE COMBUSTÍVEL,PAMASP,OS concluída,REPARADO,V1 PAMA-LS,
2026-09-28,3040261388,3034792,BOMBA DE COMBUSTÍVEL,BABR,OS concluída,,,
2026-09-28,3040261387,3034792,BOMBA DE COMBUSTÍVEL,BABR,OS concluída,,,
2026-09-28,3040261371,TFF2905-13,FUEL FLOW TRANSDUCER,ALA 8,REC,,PAMA-LS,230.0
2026-09-28,3040261375,C661065-0240RX,"INDICATOR, AIRSPEED",BACG,REC,EM REPARO,WILLIAM,230.0
2026-09-28,3040261373,C661065-0240,AIRSPEED INDICATOR,BABE,REC,,PAMA-LS,230.0
2026-09-28,3040261322,011-00831-00,"ENGINE INTERFA,SPEC",BAPV,REC,,VEE ONE,230.0
2026-09-28,3040261326,011-00882-10,"COMPUTER,AIR DATA",BAMN,OS concluída,,,
2026-09-28,3040261324,011-00882-10,"COMPUTER,AIR DATA",BAMN,OS concluída,,,
2026-09-28,3040261327,064-1054-30,RECEIVER-TRANSMITTER SUBASSEMBLY,PAMASP,REC,,PAMA-LS,230.0
2026-09-28,3040261336,066-01141-0101,"RECEIVER,RADIO",BANT,REC,,PAMA-LS,230.0
2026-09-28,3040261334,065-0065-01,SELECTOR ALT,BANT,REC,,PAMA-LS,230.0
2026-09-28,3040261331,065-0061-36,ACTUATOR TRIM (KS272A),PAMASP,OS concluída,,BABR,
2026-09-28,3040261329,065-0061-36,ACTUATOR TRIM (KS272A),ALA 10,OS concluída,,,
2026-09-28,3040261335,065-0065-01,SELECTOR ALT,BANT,REC,,PAMA-LS,230.0
2026-09-28,3040261342,066-3084-02,COLOR RADAR INDICATOR,BABV,REC,,PAMA-LS,230.0
2026-09-28,3040261340,066-1053-00,"RECEIVER,RADIO",BASM,REC,,PAMA-LS,230.0
2026-09-28,3040261377,066-3054-01,INDICATOR RADAR ALTIMETER - TYPE KI250,PAMALS,REC,EM REPARO,WILLIAM,230.0
2026-09-28,3040261376,066-1061-03,RT RADAR ALTIM (KRA10A),PAMALS,REC,PARA REPARO,VEE ONE,230.0
2026-09-28,3040261352,1134380-4,EVAPORATOR MODULE ASSY-RH,BAMN,REC,CONDENADO,VEE ONE,230.0
2026-09-28,3040261347,071-1234-00,ANTENNA ACCESSORY,ALA 1,REC,EM REPARO,WILLIAM,230.0
2026-09-28,3040261344,066-4010-12,RECEIVER VOR/LOC (KNS81),ALA 10,REC,EM REPARO,WILLIAM,230.0
2026-09-28,3040261353,1H75-21,PRESSURE REGULATOR,BAMN,OS concluída,,BAMN,
2026-09-28,3040261357,2682001-1,BRAKE CYL MAST,BABE,OS concluída,,,
2026-09-28,3040261356,2670104-2,ANNUNCIATOR PANEL,PAMALS,OS concluída,,,
2026-09-28,3040261355,2643100-201,NOSE GEAR STRUT ASSY - TALL FORK,BABR,OS concluída,,,
2026-09-28,3040261354,2643100-201,NOSE GEAR STRUT ASSY - TALL FORK,BANT,REC,EM REPARO,AV AERONAUTICA,230.0
2026-09-28,3040261364,8210-002-01,GOVERNOR PROPELLER,PAMASP,REC,REPARADO,VEE ONE,230.0
2026-09-28,3040261627,S3828-1,ALTIMETER,BAMN,REC,,PAMA-LS,216.0
2026-09-28,3040261628,S3828-1,ALTIMETER,BABE,REC,REPARADO,V1 PAMA-LS,216.0
2026-09-28,3040261851,51539-012MRX,CONTROL UNIT ASSY-GENERATOR,BABE,REC,EM REPARO,VEE ONE,208.0
2026-09-28,3040261852,51539-012MRX,CONTROL UNIT ASSY-GENERATOR,BABE,REC,EM REPARO,VEE ONE,208.0
2026-09-28,3040261843,3034792,BOMBA DE COMBUSTÍVEL,PAMALS,REC,EM REPARO,VEE ONE,203.0
2026-09-28,3040262245,200SGL119Q-2,STARTER GENERATOR,BAMN,OS concluída,,,
2026-09-28,3040262246,200SGL119Q-2,STARTER GENERATOR,BAMN,OS concluída,,,
2026-09-28,3040262273,324843-W020,HEADSET-MICROPHONE,BABE,OS concluída,,,
2026-09-28,3040262275,324843-W020,HEADSET-MICROPHONE,BANT,OS concluída,,,
2026-09-28,3040262363,066-1055-00,AUDIO CONTROL PANEL,ALA 5,OS concluída,,,
2026-09-28,3040262367,066-1055-00,AUDIO CONTROL PANEL,ALA 9,REC,,WILLIAM,186.0
2026-09-28,3040262368,066-1055-00,AUDIO CONTROL PANEL,CLA,OS concluída,,,
2026-09-28,3040262372,51539-012M,CONTROL UNIT ASSY-GENERATOR,BANT,REC,,PAMA-LS,186.0
2026-09-28,3040262371,51539-012N,CONTROL UNIT ASSY-GENERATOR,BANT,REC,,PAMA-LS,186.0
2026-09-28,3040262419,065-0061-36,ACTUATOR TRIM (KS272A),ALA 9,REC,EM REPARO,WILLIAM,181.0
2026-09-28,3040262734,C352,PORTABLE HALON FIRE EXTINGUISHERS,ALA 5,REC,EM REPARO,AV AERONAUTICA,168.0
2026-09-28,3040262738,C352TS,"EXTINGUISHER,FIRE",BANT,REC,,AV AERONÁUTICA,168.0
2026-09-28,3040262739,C352TS,"EXTINGUISHER,FIRE",BANT,REC,,AV AERONÁUTICA,168.0
2026-09-28,3040262740,C352TS,"EXTINGUISHER,FIRE",PAMALS,REC,,AV AERONÁUTICA,168.0
2026-09-28,3040262766,011-00883-20,RADAR GWX 68 WEATHER,BAMN,OS concluída,,V1 PAMA-LS,
2026-09-28,3040262765,011-00883-20,RADAR GWX 68 WEATHER,BAMN,REC,,V1 PAMA-LS,168.0
2026-09-28,3040262772,011-01020-10,AFCS MODE CONTROLLER GMC 710,BAMN,REC,,PAMA-LS,168.0
2026-09-28,3040262770,011-01020-10,AFCS MODE CONTROLLER GMC 710,BAMN,REC,,PAMA-LS,168.0
2026-09-28,3040262773,011-01020-10,AFCS MODE CONTROLLER GMC 710,BAMN,REC,,PAMA-LS,168.0
2026-09-28,3040262746,066-1070-01,TRANSCEIVER DME (KN63),BABE,REC,EM REPARO,WILLIAM,168.0
2026-09-28,3040262745,064-1019-05,VHF TRANSCEIVE KY196,EEAR,REC,EM REPARO,VEE ONE,168.0
2026-09-28,3040262747,066-1072-00,RECEIVER ADF (KING KR87),ALA 7,REC,EM REPARO,WILLIAM,168.0
2026-09-28,3040262748,066-3046-07,"CONTROL,INDICATOR",BABR,REC,,BANT,168.0
2026-09-28,3040262769,066-3046-07,"CONTROL,INDICATOR",BABR,REC,,BANT,168.0
2026-09-28,3040262768,066-3046-07,"CONTROL,INDICATOR",EEAR,OS concluída,,BABR,
2026-09-28,3040262767,066-3046-07,"CONTROL,INDICATOR",EEAR,REC,EM REPARO,LEAP,168.0
2026-09-28,3040262791,066-3060-00,IND RMI KNI582,BANT,OS concluída,,,
2026-09-28,3040262630,161-11700,INNER WHEEL HALF ASSY,BANT,REC,,PAMA-LS,168.0
2026-09-28,3040262792,066-3060-00,IND RMI KNI582,BANT,REC,EM REPARO,LEAP,168.0
2026-09-28,3040262634,162-10700,OUTER WHEEL HALF ASSY,BANT,OS concluída,,PAMA-LS,
2026-09-28,3040262632,161-12800,WHEEL HALF ASSY-INNER,BANT,OS concluída,REPARADO,VEE ONE,
2026-09-28,3040262633,161-12800,WHEEL HALF ASSY-INNER,BANT,OS concluída,,,
2026-09-28,3040262635,162-11800,WHEEL HALF ASSY-OUTER,EPCAR,OS concluída,,,
2026-09-28,3040262637,162-11800,WHEEL HALF ASSY-OUTER,BANT,REC,REPARADO,VEE ONE,168.0
2026-09-28,3040262636,162-11800,WHEEL HALF ASSY-OUTER,BANT,OS concluída,REPARADO,VEE ONE,
2026-09-28,3040262646,200SGL119Q,STARTER GENERATOR,PAMASP,OS concluída,,,
2026-09-28,3040262639,200SGL119Q,STARTER GENERATOR,PAMASP,OS concluída,,PAMA-LS,
2026-09-28,3040262638,200SGL119Q,STARTER GENERATOR,PAMALS,REC,EM REPARO,AV AERONAUTICA,168.0
2026-09-28,3040262757,2606015-2,IND OIL TEMP/P,PAMALS,REC,EM REPARO,VEE ONE,168.0
2026-09-28,3040262706,2641011-5,AXLE-MAIN GEAR,BAMN,REC,,BANT,168.0
2026-09-28,3040262707,2641011-5,AXLE-MAIN GEAR,BABV,OS concluída,REPARADO,VEE ONE,
2026-09-28,3040262717,2641011-5,AXLE-MAIN GEAR,BANT,OS concluída,REPARADO,VEE ONE,
2026-09-28,3040262714,2641011-5,AXLE-MAIN GEAR,BAPV,REC,,BANT,168.0
2026-09-28,3040262713,2641011-5,AXLE-MAIN GEAR,BAPV,OS concluída,,,
2026-09-28,3040262712,2641011-5,AXLE-MAIN GEAR,BABR,REC,,BANT,168.0
2026-09-28,3040262711,2641011-5,AXLE-MAIN GEAR,BABR,REC,,BANT,168.0
2026-09-28,3040262709,2641011-5,AXLE-MAIN GEAR,PAMALS,REC,,BANT,168.0
2026-09-28,3040262708,2641011-5,AXLE-MAIN GEAR,PAMALS,REC,,BANT,168.0
2026-09-28,3040262744,3244809-1A,F.C.U,PAMALS,REC,EM REPARO,LEAP,168.0
2026-09-28,3040262758,9910338-4,FUEL TOTALIZER INDICATOR,PAMALS,REC,EM REPARO,VEE ONE,168.0
2026-09-28,3040262759,9910338-6,"TRANSMITTER,RATE OF FLOW",BAMN,REC,,PAMA-LS,168.0
2026-09-28,3040262760,9910338-6,"TRANSMITTER,RATE OF FLOW",BANT,REC,EM REPARO,VEE ONE,168.0
2026-09-28,3040262966,2682001-1,BRAKE CYL MAST,BACO,OS concluída,,PAMA-LS,
2026-09-28,3040262967,2682001-1,BRAKE CYL MAST,PAMALS,REC,,PAMA-LS,166.0
2026-09-28,3040262968,2682001-1,BRAKE CYL MAST,BANT,OS concluída,,PAMA-LS,
2026-09-28,3040262969,2682001-1,BRAKE CYL MAST,BABE,REC,,PAMA-LS,166.0
2026-09-28,3040263069,453-5060,ELT C406-N,BABE,OS concluída,,,
2026-09-28,3040263283,D145-00-46-2,FLAP ACTUATOR ASSY,PAMALS,REC,,,151.0
2026-09-28,3040263284,D145-00-46-2,FLAP ACTUATOR ASSY,BAFL,REC,,,151.0
2026-09-28,3040263324,069-01033-0101,"RECEIVER-TRANSMITTER,RADIO",PAMALS,REC,EM REPARO,LEAP,151.0
2026-09-28,3040263287,C661065-0237,AIRSPEED INDICATOR,BABR,OS concluída,,,
2026-09-28,3040263288,C661065-0237,AIRSPEED INDICATOR,PAMASP,OS concluída,,,
2026-09-28,3040263314,060-0017-00,FLIGHT DIR HOR,EEAR,REC,EM REPARO,LEAP,151.0
2026-09-28,3040263319,066-1055-00,AUDIO CONTROL PANEL,BABE,OS concluída,,,
2026-09-28,3040263317,060-0017-00,FLIGHT DIR HOR,PAMASP,REC,,BANT,151.0
2026-09-28,3040263316,060-0017-00,FLIGHT DIR HOR,BANT,REC,,BANT,151.0
2026-09-28,3040263320,066-1055-00,AUDIO CONTROL PANEL,PAMALS,REC,EM REPARO,AV AERONAUTICA,151.0
2026-09-28,3040263325,069-01033-0101,"RECEIVER-TRANSMITTER,RADIO",PAMALS,REC,,,151.0
2026-09-28,3040263335,C611008-0101,ALTERNATOR CONTROL UNIT,PAMALS,REC,,BANT,151.0
2026-09-28,3040263336,C611008-0101,ALTERNATOR CONTROL UNIT,PAMALS,REC,,BANT,151.0
2026-09-28,3040263286,C661065-0237,AIRSPEED INDICATOR,BANT,REC,,PAMA-LS,151.0
2026-09-28,3040263322,066-1055-00,AUDIO CONTROL PANEL,ALA 9,REC,EM REPARO,WILLIAM,151.0
2026-09-28,3040263326,069-01033-0101,"RECEIVER-TRANSMITTER,RADIO",PAMALS,REC,,BANT,151.0
2026-09-28,3040263315,060-0017-00,FLIGHT DIR HOR,BACG,OS concluída,,BABR,
2026-09-28,3040263334,011-00916-10,"DISPLAY UNIT,FLIGHT INFORMATION",BACO,REC,,WILLIAM,151.0
2026-09-28,3040263333,011-00916-10,"DISPLAY UNIT,FLIGHT INFORMATION",BACO,OS concluída,,BAMN,
2026-09-28,3040263332,011-00916-10,"DISPLAY UNIT,FLIGHT INFORMATION",BAMN,OS concluída,,,
2026-09-28,3040263331,C661064-0237,AIRSPEED INDICATOR,PAMALS,REC,,PAMA-LS,151.0
2026-09-28,3040263329,C661064-0237,AIRSPEED INDICATOR,PAMALS,REC,,PAMA-LS,151.0
2026-09-28,3040263328,C661064-0237,AIRSPEED INDICATOR,BABR,REC,EM REPARO,WILLIAM,151.0
2026-09-28,3040263327,C661064-0237,AIRSPEED INDICATOR,BABR,REC,EM REPARO,WILLIAM,151.0
2026-09-28,3040263330,C661064-0237,AIRSPEED INDICATOR,PAMALS,REC,,PAMA-LS,151.0
2026-09-28,3040263338,C611008-0101,ALTERNATOR CONTROL UNIT,PAMALS,REC,,V1 PAMA-LS,151.0
2026-09-28,3040263433,066-03064-0005,"ALTIMETER,SERVO CONTROLLED,AUTOMATIC PRESSURE",BACG,REC,,PAMA-LS,145.0
2026-09-28,3040263435,066-03064-0005,"ALTIMETER,SERVO CONTROLLED,AUTOMATIC PRESSURE",BANT,REC,,PAMA-LS,145.0
2026-09-28,3040263434,066-03064-0005,"ALTIMETER,SERVO CONTROLLED,AUTOMATIC PRESSURE",PAMASP,REC,,PAMA-LS,145.0
2026-09-28,3040263417,069-01033-0101,"RECEIVER-TRANSMITTER,RADIO",PAMALS,REC,EM REPARO,WILLIAM,145.0
2026-09-28,3040263416,069-01033-0101,"RECEIVER-TRANSMITTER,RADIO",BASM,REC,EM REPARO,WILLIAM,145.0
2026-09-28,3040263415,069-01033-0101,"RECEIVER-TRANSMITTER,RADIO",BABR,REC,,BANT,145.0
2026-09-28,3040263447,066-3046-07,"CONTROL,INDICATOR",CLA,OS concluída,,BABR,
2026-09-28,3040263443,3244897-4,FUEL CONTROL UNIT,PAMALS,REC,EM REPARO,LEAP,144.0
2026-09-28,3040263444,3244897-4,FUEL CONTROL UNIT,PAMALS,REC,EM REPARO,LEAP,144.0
2026-09-28,3040263577,060-0015-00,"CONTROL,DIRECTIONAL,AUTOMATIC PILOT",ALA 5,REC,,WILLIAM,139.0
2026-09-28,3040263574,066-1072-04,"RECEIVER,RADIO",BABE,REC,EM REPARO,WILLIAM,139.0
2026-09-28,3040263576,066-1072-04,"RECEIVER,RADIO",BAMN,OS concluída,,WILLIAM,
2026-09-28,3040263575,066-1072-04,"RECEIVER,RADIO",BABE,REC,EM REPARO,WILLIAM,139.0
2026-09-28,3040263573,066-3084-32,IND RDR 2000 IN-182A,PAMALS,REC,,BABR,139.0
2026-09-28,3040263571,066-3084-32,IND RDR 2000 IN-182A,PAMALS,REC,,BANT,139.0
2026-09-28,3040263572,066-3084-32,IND RDR 2000 IN-182A,PAMALS,REC,EM REPARO,WILLIAM,139.0
2026-09-28,3040263448,2618510-10,ALTERNATOR CONTROL UNIT ASSY,BABE,REC,EM REPARO,WILLIAM,139.0
2026-09-28,3040263449,2618510-10,ALTERNATOR CONTROL UNIT ASSY,PAMALS,REC,,BANT,139.0
2026-09-28,3040263877,2641011-5,AXLE-MAIN GEAR,CLA,REC,REPARADO,VEE ONE,129.0
2026-09-28,3040263878,2641011-5,AXLE-MAIN GEAR,CLA,REC,,BABE,129.0
2026-09-28,3040264243,069-01033-0101,"RECEIVER-TRANSMITTER,RADIO",PAMALS,REC,EM REPARO,WILLIAM,122.0
2026-09-28,3040264244,069-01033-0101,"RECEIVER-TRANSMITTER,RADIO",PAMASP,REC,EM REPARO,WILLIAM,122.0
2026-09-28,3040264246,060-0017-00,FLIGHT DIR HOR,PAMALS,REC,,BABR,122.0
2026-09-28,3040264237,200SGL119Q-2,STARTER GENERATOR,BAMN,REC,EM REPARO,AV AERONAUTICA,122.0
2026-09-28,3040264236,200SGL119Q-2,STARTER GENERATOR,BABE,OS concluída,,BABE,
2026-09-28,3040264121,3244897-4,FUEL CONTROL UNIT,BABE,OS concluída,EM REPARO,LEAP,
2026-09-28,3040264263,9910338-8,"INDICATOR,FUEL FLOW",PAMALS,OS concluída,,BABR,
2026-09-28,3040264262,9910338-8,"INDICATOR,FUEL FLOW",BABV,REC,,PAMA-LS,122.0
2026-09-28,3040264242,324843-2020,HEADSET-MICROPHONE,BABE,OS concluída,,BAMN,
2026-09-28,3040264264,324843-2020,HEADSET-MICROPHONE,DACTA II,OS concluída,,BAMN,
2026-09-28,3040264238,324843-2020,HEADSET-MICROPHONE,DACTA II,OS concluída,,,
2026-09-28,3040264241,324843-2020,HEADSET-MICROPHONE,DACTA II,OS concluída,,BAMN,
2026-09-28,3040264240,324843-2020,HEADSET-MICROPHONE,DACTA II,OS concluída,,BAMN,
2026-09-28,3040264122,3244809-8,"FUEL CONTROL,MAIN,TURBINE ENGINE",BABE,OS concluída,,BABR,
2026-09-28,3040263797,066-3046-07,"CONTROL,INDICATOR",BABE,REC,EM REPARO,WILLIAM,122.0
2026-09-28,3040263798,066-3046-07,"CONTROL,INDICATOR",PAMASP,OS concluída,,,
2026-09-28,3040263799,066-3046-07,"CONTROL,INDICATOR",PAMASP,REC,EM REPARO,WILLIAM,122.0
2026-09-28,3040263795,071-01519-0101,"RECEIVER-EXCITER,RADAR",PAMALS,REC,,BANT,122.0
2026-09-28,3040263796,071-01519-0101,"RECEIVER-EXCITER,RADAR",PAMALS,REC,EM REPARO,WILLIAM,122.0
2026-09-28,3040264579,060-0017-00,FLIGHT DIR HOR,BABR,OS concluída,,,
2026-09-28,3040264577,060-0017-00,FLIGHT DIR HOR,PAMALS,REC,,,110.0
2026-09-28,3040264573,060-0017-00,FLIGHT DIR HOR,BANT,REC,,,110.0
2026-09-28,3040264574,060-0017-00,FLIGHT DIR HOR,BANT,REC,,,110.0
2026-09-28,3040264576,060-0017-00,FLIGHT DIR HOR,PAMALS,REC,,,110.0
2026-09-28,3040264572,060-0017-00,FLIGHT DIR HOR,PAMASP,REC,,,110.0
2026-09-28,3040264647,1H75-21,PRESSURE REGULATOR,BAMN,REC,,,105.0
2026-09-28,3040264646,1H75-21,PRESSURE REGULATOR,PAMASP,REC,,,105.0
2026-09-28,3040264645,1H75-21,PRESSURE REGULATOR,PAMASP,REC,,,105.0
2026-09-28,3040264643,1H75-21,PRESSURE REGULATOR,PAMASP,OS concluída,,,
2026-09-28,3040264707,3244809-7,"FUEL CONTROL,MAIN,TURBINE ENGINE",BABE,OS concluída,,,
2026-09-28,3040264709,540-1407-4,"VALVE,BLEED,TURBINEENGINE",PAMASP,REC,,,105.0
2026-09-28,3040264710,200SGL153Q,"STARTER-GENERATOR,ENGINE,AIRCRAFT",CLA,OS concluída,,,
2026-09-28,3040264711,200SGL153Q,"STARTER-GENERATOR,ENGINE,AIRCRAFT",PAMASP,OS concluída,,,
2026-09-28,3040264712,200SGL153Q,"STARTER-GENERATOR,ENGINE,AIRCRAFT",BACG,REC,,,105.0
2026-09-28,3040264718,9910338-8,"INDICATOR,FUEL FLOW",PAMALS,REC,,,105.0
2026-09-28,3040264719,S3326-2,"INDICATOR,HORIZONTAL SITUATION",ALA 8,REC,,,105.0
2026-09-28,3040264720,S3326-2,"INDICATOR,HORIZONTAL SITUATION",PAMALS,REC,,,105.0
2026-09-28,3040264721,S3326-2,"INDICATOR,HORIZONTAL SITUATION",PAMASP,REC,,,105.0
2026-09-28,3040264724,2606013-1AM,INDICADOR PERCENTUAL RPM,BABV,REC,,,105.0
2026-09-28,3040264725,2606013-1AM,INDICADOR PERCENTUAL RPM,BABR,REC,,,105.0
2026-09-28,3040264726,2606015-4,INDICATOR-OIL TEMP/OIL PRESS,BANT,REC,,,105.0
2026-09-28,3040264727,C661051-0201,GYRO HORIZON,ALA 10,REC,,,105.0
2026-09-28,3040264728,504-0111-906,GYRO HORIZON,PAMALS,OS concluída,,,
2026-09-28,3040264729,504-0111-906,GYRO HORIZON,BACG,OS concluída,,,
2026-09-28,3040264730,8210-003,"GOVERNOR,FUEL CONTROL",PAMASP,REC,,,105.0
2026-09-28,3040264731,8210-002,"GOVERNOR,CONSTANT SPEED DRIVE",PAMASP,REC,,,105.0
2026-09-28,3040264732,8210-002,"GOVERNOR,CONSTANT SPEED DRIVE",BAMN,REC,,,105.0
2026-09-28,3040264733,030-18200,MAIN WHEEL BRAKE,BAMN,REC,,,105.0
2026-09-28,3040264734,030-18200,MAIN WHEEL BRAKE,BAMN,REC,,,105.0
2026-09-28,3040264735,161-11700,INNER WHEEL HALF ASSY,PAMALS,REC,,,105.0
2026-09-28,3040264736,161-12800,WHEEL HALF ASSY-INNER,BABR,REC,,,105.0
2026-09-28,3040264737,161-12800,WHEEL HALF ASSY-INNER,PAMALS,AUT,,,105.0
2026-09-28,3040264738,162-10700,OUTER WHEEL HALF ASSY,BACO,AUT,,,105.0
2026-09-28,3040264807,011-01105-01,INTEGRATED AVIONICS UNIT GIA63W,ALA 8,REC,,,97.0
2026-09-28,3040264808,011-01105-01,INTEGRATED AVIONICS UNIT GIA63W,BAMN,REC,,,97.0
2026-09-28,3040264907,011-00916-10,"DISPLAY UNIT,FLIGHT INFORMATION",BAMN,REC,,,90.0
2026-09-28,3040264908,011-00916-10,"DISPLAY UNIT,FLIGHT INFORMATION",BABV,OS concluída,,,
2026-09-28,3040264974,3244809-8,"FUEL CONTROL,MAIN,TURBINE ENGINE",BAMN,REC,,,88.0
2026-09-28,3040264961,3244897-4,FUEL CONTROL UNIT,CLA,OS concluída,,,
2026-09-28,3040264960,3034792,BOMBA DE COMBUSTÍVEL,CLA,OS concluída,,,
2026-09-28,3040265144,011-01020-10,AFCS MODE CONTROLLER GMC 710,BABE,REC,,,82.0
2026-09-28,3040265140,011-01020-10,AFCS MODE CONTROLLER GMC 710,BABE,REC,,,82.0
2026-09-28,3040265482,066-3084-32,IND RDR 2000 IN-182A,BABR,REC,,,67.0
2026-09-28,3040265484,066-3084-32,IND RDR 2000 IN-182A,BANT,REC,,,67.0
2026-09-28,3040265485,066-3084-32,IND RDR 2000 IN-182A,BABR,REC,,,67.0
2026-09-28,3040265526,ASG12000-2,ALTERNATOR,PAMALS,REC,,,63.0
2026-09-28,3040265525,ASG12000-2,ALTERNATOR,BABR,REC,,,63.0
2026-09-28,3040265527,9910592-2,ALTERNADOR,BABR,REC,,,63.0
2026-09-28,3040265533,3122678-04,FUEL CONTROL UNIT,BABR,REC,,,63.0
2026-09-28,3040265532,C611505-0201,ALTERNATOR,BANT,REC,,,63.0
2026-09-28,3040265530,C611505-0201,ALTERNATOR,BABV,REC,,,63.0
2026-09-28,3040265528,9910592-2,ALTERNADOR,BABR,REC,,,63.0
2026-09-28,3040265724,3244897-4,FUEL CONTROL UNIT,CLA,REC,,,62.0
2026-09-28,3040265474,C611008-0101,ALTERNATOR CONTROL UNIT,PAMALS,REC,,,60.0
2026-09-28,3040265475,C611008-0101,ALTERNATOR CONTROL UNIT,BABV,REC,,,60.0
2026-09-28,3040265476,C611008-0101,ALTERNATOR CONTROL UNIT,PAMALS,REC,,,60.0
2026-09-28,3040265477,C611008-0101,ALTERNATOR CONTROL UNIT,PAMALS,REC,,,60.0
2026-09-28,3040265576,011-00916-10,"DISPLAY UNIT,FLIGHT INFORMATION",BAMN,REC,,,59.0
2026-09-28,3040265580,011-00916-00,DISPLAY UNIT GDU 1040A,PAMALS,REC,,,63.0
2026-09-28,3040265581,011-00916-00,DISPLAY UNIT GDU 1040A,PAMALS,REC,,,63.0
2026-09-28,3040265589,EA-5175-52-CES,INDICATOR TRUE,BABV,REC,,,63.0
2026-09-28,3040265590,EA-5175-52-CES,INDICATOR TRUE,BASM,REC,,,63.0
2026-09-28,3040265591,EA-5175-52-CES,INDICATOR TRUE,BABV,REC,,,63.0
2026-09-28,3040265592,EA-5175-52-CES,INDICATOR TRUE,BABV,REC,,,63.0
2026-09-28,3040265668,9910592-2,ALTERNADOR,PAMALS,OS concluída,,,
2026-09-28,3040265678,9910592-2,ALTERNADOR,BAMN,REC,,,63.0
2026-09-28,3040265679,C611505-0201,ALTERNATOR,PAMALS,REC,,,63.0
2026-09-28,3040265680,C611505-0201,ALTERNATOR,ALA 8,REC,,,63.0
2026-09-28,3040265726,071-01519-0101,"RECEIVER-EXCITER,RADAR",PAMALS,REC,,,62.0
2026-09-28,3040265727,071-01519-0101,"RECEIVER-EXCITER,RADAR",CLA,REC,,,62.0
2026-09-28,3040265728,C163030-1001,MAIN W BRAKE A,BAMN,REC,,,62.0
2026-09-28,3040265731,066-3046-07,"CONTROL,INDICATOR",BABR,REC,,,62.0
2026-09-28,3040265732,066-3046-07,"CONTROL,INDICATOR",BANT,REC,,,62.0
2026-09-28,3040265734,066-3046-07,"CONTROL,INDICATOR",EEAR,REC,,,62.0
2026-09-28,3040265735,066-3046-07,"CONTROL,INDICATOR",CLA,REC,,,62.0
2026-09-28,3040265736,C611008-0101,ALTERNATOR CONTROL UNIT,BABV,REC,,,62.0
2026-09-28,3040265737,C611008-0101,ALTERNATOR CONTROL UNIT,EEAR,REC,,,62.0
2026-09-28,3040265738,C611008-0101,ALTERNATOR CONTROL UNIT,PAMALS,REC,,,62.0
2026-09-28,3040265739,C611008-0101,ALTERNATOR CONTROL UNIT,BANT,REC,,,62.0
2026-09-28,3040265740,C611008-0101,ALTERNATOR CONTROL UNIT,BABE,REC,,,62.0
2026-09-28,3040265741,C611008-0101,ALTERNATOR CONTROL UNIT,BABR,REC,,,62.0
2026-09-28,3040265742,066-1072-04,"RECEIVER,RADIO",BACG,REC,,,62.0
2026-09-28,3040265743,066-1072-04,"RECEIVER,RADIO",BAMN,REC,,,62.0
2026-09-28,3040265744,066-1072-04,"RECEIVER,RADIO",PAMALS,REC,,,62.0
2026-09-28,3040265745,066-3084-32,IND RDR 2000 IN-182A,PAMALS,REC,,,62.0
2026-09-28,3040265746,066-3084-32,IND RDR 2000 IN-182A,PAMALS,REC,,,62.0
2026-09-28,3040265747,30994-001,BATTERY-MARATHON TSP410 NICAD,PAMALS,AUT,,,62.0
2026-09-28,3040265748,30994-001,BATTERY-MARATHON TSP410 NICAD,PAMALS,AUT,,,62.0
2026-09-28,3040265749,30994-001,BATTERY-MARATHON TSP410 NICAD,PAMALS,AUT,,,62.0
2026-09-28,3040265750,30994-001,BATTERY-MARATHON TSP410 NICAD,PAMALS,AUT,,,62.0
2026-09-28,3040265751,30994-001,BATTERY-MARATHON TSP410 NICAD,PAMALS,AUT,,,62.0
2026-09-28,3040265752,2641011-5,AXLE-MAIN GEAR,BAMN,REC,,,62.0
2026-09-28,3040265753,2641011-5,AXLE-MAIN GEAR,BAMN,REC,,,62.0
2026-09-28,3040265754,161-11700,INNER WHEEL HALF ASSY,BACO,AUT,,,62.0
2026-09-28,3040265755,161-12800,WHEEL HALF ASSY-INNER,BABE,REC,,,62.0
2026-09-28,3040265757,066-01141-0101,"RECEIVER,RADIO",PAMALS,REC,,,62.0
2026-09-28,3040265758,066-01141-0101,"RECEIVER,RADIO",PAMALS,REC,,,62.0
2026-09-28,3040265759,C660501-0103,"COMPASS,SPEC",DACTA II,REC,,,62.0
2026-09-28,3040265769,023694-000,BATTERY NICKEL CADMIUM,BAPV,REC,,,61.0
2026-09-28,3040265771,2651023-23,ENGINE MOUNT ASSEMBLY,PAMALS,REC,,,61.0
2026-09-28,3040265772,2651023-23,ENGINE MOUNT ASSEMBLY,PAMALS,REC,,,61.0
2026-09-28,3040265892,324843-0020,HEADSET-MICROPHONE,PAMALS,REC,,,56.0
2026-09-28,3040265893,324843-0020,HEADSET-MICROPHONE,PAMALS,OS concluída,,,
2026-09-28,3040265894,324843-0020,HEADSET-MICROPHONE,PAMALS,REC,,,56.0
2026-09-28,3040265895,324843-0020,HEADSET-MICROPHONE,PAMALS,REC,,,56.0
2026-09-28,3040265946,011-00870-00,MAGNETOMETER GMU 44,BAMN,REC,,,53.0
2026-09-28,3040265947,011-00870-00,MAGNETOMETER GMU 44,BAMN,REC,,,53.0
2026-09-28,3040266034,C662041-0102,INDICATOR FUEL,BABE,REC,,,49.0
2026-09-28,3040266040,C662041-0102,INDICATOR FUEL,PAMALS,REC,,,49.0
2026-09-28,3040266036,C662041-0102,INDICATOR FUEL,PAMALS,REC,,,49.0
2026-09-28,3040266035,C662041-0102,INDICATOR FUEL,PAMALS,REC,,,41.0
2026-09-28,3040266039,C662041-0102,INDICATOR FUEL,BANT,REC,,,41.0
2026-09-28,3040266041,C662041-0102,INDICATOR FUEL,PAMALS,REC,,,41.0
2026-09-28,3040266307,069-01033-0101,"RECEIVER-TRANSMITTER,RADIO",PAMALS,REC,,,39.0
2026-09-28,3040266308,069-01033-0101,"RECEIVER-TRANSMITTER,RADIO",BANT,REC,,,39.0
2026-09-28,3040266306,069-01033-0101,"RECEIVER-TRANSMITTER,RADIO",BACG,REC,,,39.0
2026-09-28,3040266307,069-01033-0101,"RECEIVER-TRANSMITTER,RADIO",PAMALS,REC,,,39.0
2026-09-28,3040266308,069-01033-0101,"RECEIVER-TRANSMITTER,RADIO",BANT,REC,,,39.0
2026-09-28,3040266568,C662504-0101,GAGE VOLT AMME,PAMALS,REC,,,28.0
2026-09-28,3040266567,C662504-0101,GAGE VOLT AMME,ALA 9,REC,,,28.0
2026-09-28,3040266566,C662504-0101,GAGE VOLT AMME,PAMALS,REC,,,28.0
2026-09-28,3040266569,C662504-0101,GAGE VOLT AMME,BABV,REC,,,28.0
2026-09-29,3040249831,066-01141-5101,"RECEIVER-TRANSMITTER,RADIO (KT71)",PAMALS,REC,EM REPARO,LEAP,596.0
2026-09-29,3040250248,452-0133,"BATTERY,NONRECHARGEABLE",BABR,REC,CONDENADO,VEE ONE,580.0
2026-09-29,3040250249,452-0133,"BATTERY,NONRECHARGEABLE",BAMN,REC,CONDENADO,VEE ONE,580.0
2026-09-29,3040250234,3034792,BOMBA DE COMBUSTÍVEL,PAMALS,REC,,BANT,580.0
2026-09-29,3040250816,453-5060,"BEACON,DISTRESS",BAMN,REC,,PAMA-LS,558.0
2026-09-29,3040250830,799-1,TRANSDUCER,BACO,REC,,BANT,558.0
2026-09-29,3040250829,51539-012N,CONTROL UNIT ASSY-GENERATOR,BAMN,OS concluída,,,
2026-09-29,3040250828,51539-012N,CONTROL UNIT ASSY-GENERATOR,BACG,REC,,BABR,558.0
2026-09-29,3040250827,51539-012N,CONTROL UNIT ASSY-GENERATOR,BANT,REC,,BABR,558.0
2026-09-29,3040250831,799-1,TRANSDUCER,BANT,REC,,BANT,558.0
2026-09-29,3040250833,9910586-4,FLAP ACTUATOR AND MOTOR ASSEMBLY,ALA 3,REC,,BAMN,558.0
2026-09-29,3040250834,9910586-4,FLAP ACTUATOR AND MOTOR ASSEMBLY,ALA 3,OS concluída,,,
2026-09-29,3040250832,9910338-4,FUEL TOTALIZER INDICATOR,EEAR,REC,,PAMA-LS,558.0
2026-09-29,3040250835,ASG12000-2,ALTERNATOR,ALA 5,REC,REPARADO,V1 PAMA-LS,558.0
2026-09-29,3040250841,C661030-0301,TURN BANK,PAMALS,REC,EM REPARO,LEAP,558.0
2026-09-29,3040250842,C662041-0102,INDICATOR FUEL,ALA 5,REC,,PAMA-LS,558.0
2026-09-29,3040250844,C662041-0102,INDICATOR FUEL,ALA 9,REC,,PAMA-LS,558.0
2026-09-29,3040250843,C662041-0102,INDICATOR FUEL,ALA 10,OS concluída,,,
2026-09-29,3040250719,060-0017-00,FLIGHT DIR HOR,PAMALS,REC,,BANT,558.0
2026-09-29,3040250720,060-0017-00,FLIGHT DIR HOR,BABV,OS concluída,,,
2026-09-29,3040250722,066-01141-5101,"RECEIVER-TRANSMITTER,RADIO (KT71)",ALA 9,REC,EM REPARO,WILLIAM,558.0
2026-09-29,3040250723,066-01141-5101,"RECEIVER-TRANSMITTER,RADIO (KT71)",CLA,REC,,BABR,558.0
2026-09-29,3040250721,060-0017-00,FLIGHT DIR HOR,BANT,OS concluída,,,
2026-09-29,3040250725,066-3046-07,"CONTROL,INDICATOR",ALA 10,OS concluída,,,
2026-09-29,3040250724,066-04035-1101,"DISPLAY UNIT,RADAR",PAMALS,REC,,BANT,558.0
2026-09-29,3040250732,069-1025-25,"RECEIVER-TRANSMITTER,RADIO - KX165",PAMALS,REC,EM REPARO,WILLIAM,558.0
2026-09-29,3040250782,2606012-1,INDICATOR-INTER-TURBINE TEMPERATURE,ALA 9,OS concluída,,,
2026-09-29,3040250775,161-11700,INNER WHEEL HALF ASSY,BABE,OS concluída,,,
2026-09-29,3040250773,161-11700,INNER WHEEL HALF ASSY,EEAR,REC,,BACG,558.0
2026-09-29,3040250718,030-18200,MAIN WHEEL BRAKE,BACO,OS concluída,,,
2026-09-29,3040250716,030-18200,MAIN WHEEL BRAKE,BABV,REC,EM REPARO,LEAP,558.0
2026-09-29,3040250717,030-18200,MAIN WHEEL BRAKE,BACO,OS concluída,,,
2026-09-29,3040250780,162-11800,WHEEL HALF ASSY-OUTER,PAMALS,OS concluída,,,
2026-09-29,3040250781,162-11800,WHEEL HALF ASSY-OUTER,BACG,OS concluída,,,
2026-09-29,3040250778,161-12800,WHEEL HALF ASSY-INNER,BACG,OS concluída,,,
2026-09-29,3040250776,161-12800,WHEEL HALF ASSY-INNER,BABE,OS concluída,,,
2026-09-29,3040250790,2643031-7,"FORK ASSY,NOSE GEAR SPRING",BAMN,OS concluída,,,
2026-09-29,3040250791,2643090-1,SHIMMY DAMPENE,BANT,REC,EM REPARO,AV AERONAUTICA,558.0
2026-09-29,3040250792,2643090-1,SHIMMY DAMPENE,BAMN,REC,REPARADO,V1 PAMA-LS,558.0
2026-09-29,3040250789,2641012-14,TRUNNION ASSY-RH-MAIN GEAR,PAMASP,OS concluída,,,
2026-09-29,3040250793,2643099-4,"SUPPORT ASSY FOWARD, NLG SPRING",BAMN,OS concluída,,,
2026-09-29,3040250798,30994-001,BATTERY-MARATHON TSP410 NICAD,BANT,OS concluída,CONDENADO,AMA - VEE ONE,
2026-09-29,3040252191,C611008-0101,ALTERNATOR CONTROL UNIT,PAMALS,REC,,BABR,525.0
2026-09-29,3040252159,011-00916-00,DISPLAY UNIT GDU 1040A,BAMN,REC,,BAMN,525.0
2026-09-29,3040252161,065-0042-03,COMPUTER PA,ALA 10,REC,EM REPARO,WILLIAM,525.0
2026-09-29,3040252162,065-0042-03,COMPUTER PA,EEAR,REC,,BABE,525.0
2026-09-29,3040252164,065-0042-03,COMPUTER PA,EEAR,REC,EM REPARO,WILLIAM,525.0
2026-09-29,3040252165,065-0042-03,COMPUTER PA,PAMALS,OS concluída,,,
2026-09-29,3040252166,065-0059-01,SERVO PITCH,EEAR,REC,EM REPARO,WILLIAM,525.0
2026-09-29,3040252168,066-03064-0005,"ALTIMETER,SERVO CONTROLLED,AUTOMATIC PRESSURE",ALA 9,OS concluída,,,
2026-09-29,3040252173,066-03064-0005,"ALTIMETER,SERVO CONTROLLED,AUTOMATIC PRESSURE",BANT,REC,EM REPARO,LEAP,525.0
2026-09-29,3040252172,066-03064-0005,"ALTIMETER,SERVO CONTROLLED,AUTOMATIC PRESSURE",PAMALS,REC,NO ESTADO,VEE ONE,525.0
2026-09-29,3040252170,066-03064-0005,"ALTIMETER,SERVO CONTROLLED,AUTOMATIC PRESSURE",ALA 7,REC,NO ESTADO,VEE ONE,525.0
2026-09-29,3040252178,066-1072-00,RECEIVER ADF (KING KR87),PAMALS,OS concluída,,,
2026-09-29,3040252182,066-1072-04,"RECEIVER,RADIO",ALA 9,OS concluída,,,
2026-09-29,3040252181,066-1072-04,"RECEIVER,RADIO",PAMASP,REC,EM REPARO,WILLIAM,525.0
2026-09-29,3040252180,066-1072-04,"RECEIVER,RADIO",ALA 8,OS concluída,,,
2026-09-29,3040252185,066-1072-04,"RECEIVER,RADIO",BAMN,OS concluída,,,
2026-09-29,3040252189,9910338-6,"TRANSMITTER,RATE OF FLOW",ALA 8,OS concluída,,,
2026-09-29,3040252190,9910338-6,"TRANSMITTER,RATE OF FLOW",BABR,OS concluída,,,
2026-09-29,3040252160,011-01020-10,AFCS MODE CONTROLLER GMC 710,BAMN,OS concluída,,,
2026-09-29,3040252939,C163030-1001,MAIN W BRAKE A,BABV,REC,,BAMN,495.0
2026-09-29,3040252936,030-18200,MAIN WHEEL BRAKE,BACO,REC,,PAMA-LS,495.0
2026-09-29,3040252935,030-18200,MAIN WHEEL BRAKE,BAMN,OS concluída,,,
2026-09-29,3040252940,30-182,MAIN WHEEL BRAKE,BABV,OS concluída,,,
2026-09-29,3040252942,30-182,MAIN WHEEL BRAKE,BAMN,OS concluída,,,
2026-09-29,3040252943,30-182,MAIN WHEEL BRAKE,BAMN,OS concluída,,,
2026-09-29,3040253170,161-12800,WHEEL HALF ASSY-INNER,BASM,OS concluída,,,
2026-09-29,3040253168,161-12800,WHEEL HALF ASSY-INNER,BASM,REC,,PAMA-LS,491.0
2026-09-29,3040253172,161-12800,WHEEL HALF ASSY-INNER,PAMALS,REC,,PAMA-LS,491.0
2026-09-29,3040253174,161-12800,WHEEL HALF ASSY-INNER,PAMALS,OS concluída,,,
2026-09-29,3040253173,161-12800,WHEEL HALF ASSY-INNER,PAMALS,REC,EM REPARO,LEAP,491.0
2026-09-29,3040253176,162-10700,OUTER WHEEL HALF ASSY,BABE,OS concluída,,,
2026-09-29,3040253177,162-10700,OUTER WHEEL HALF ASSY,BABV,REC,,PAMA-LS,491.0
2026-09-29,3040253178,162-10700,OUTER WHEEL HALF ASSY,PAMALS,REC,,PROCURANDO,491.0
2026-09-29,3040253179,162-11800,WHEEL HALF ASSY-OUTER,CLA,OS concluída,,,
2026-09-29,3040253181,162-11800,WHEEL HALF ASSY-OUTER,PAMALS,OS concluída,,,
2026-09-29,3040253180,162-11800,WHEEL HALF ASSY-OUTER,BASM,REC,,PROCURANDO,491.0
2026-09-29,3040253182,162-11800,WHEEL HALF ASSY-OUTER,PAMALS,REC,,PAMA-LS,491.0
2026-09-29,3040253536,2641012-14,TRUNNION ASSY-RH-MAIN GEAR,PAMALS,OS concluída,,,
2026-09-29,3040253529,066-03064-0005,"ALTIMETER,SERVO CONTROLLED,AUTOMATIC PRESSURE",DSM-MN,REC,DEVOLVIDO NO ESTADO,WILLIAM,481.0
2026-09-29,3040253528,066-03064-0005,"ALTIMETER,SERVO CONTROLLED,AUTOMATIC PRESSURE",BANT,OS concluída,,,
2026-09-29,3040253532,799-1,TRANSDUCER,PAMALS,REC,,BANT,481.0
2026-09-29,3040253535,2643099-4,"SUPPORT ASSY FOWARD, NLG SPRING",BABE,REC,CONDENADO,VEE ONE,481.0
2026-09-29,3040253531,799-1,TRANSDUCER,BAMN,REC,,VEE ONE,481.0
2026-09-29,3040253530,799-1,TRANSDUCER,BAMN,REC,,BANT,481.0
2026-09-29,3040253526,30994-001,BATTERY-MARATHON TSP410 NICAD,PAMALS,OS concluída,,PAMA-LS,
2026-09-29,3040253527,30994-001,BATTERY-MARATHON TSP410 NICAD,BAPV,OS concluída,,PAMA-LS,
2026-09-29,3040254195,540-1407-4,"VALVE,BLEED,TURBINEENGINE",PAMALS,REC,,BANT,463.0
2026-09-29,3040254201,2643090-3,SHIMMY DAMPER-NOSE GEAR,PAMALS,REC,,PAMA-LS,463.0
2026-09-29,3040254203,SE1070-6,SHIMMY DAMPENER ASSY,BACGINAT,OS concluída,,,
2026-09-29,3040254205,C660501-0103,"COMPASS,SPEC",PAMALS,REC,,PAMA-LS,463.0
2026-09-29,3040254206,C660501-0103,"COMPASS,SPEC",ALA 8,REC,EM REPARO EM GARANTIA,WILLIAM,463.0
2026-09-29,3040254208,C660501-0103,"COMPASS,SPEC",BABV,REC,,PAMA-LS,463.0
2026-09-29,3040254210,799-1,TRANSDUCER,BANT,REC,,BANT,463.0
2026-09-29,3040254792,2606013-1RX,INDICATOR-PERCENT RPM,BABR,REC,,BANT,454.0
2026-09-29,3040254770,069-1025-25,"RECEIVER-TRANSMITTER,RADIO - KX165",ALA 9,REC,EM REPARO,WILLIAM,454.0
2026-09-29,3040254799,453-5000-710,EMERGENCY LOCATOR TRANSMITTER MODEL C406-2,PAMASP,OS concluída,,,
2026-09-29,3040254806,C352TS,"EXTINGUISHER,FIRE",PAMALS,REC,,PAMA-LS,454.0
2026-09-29,3040254805,C352TS,"EXTINGUISHER,FIRE",PAMALS,OS concluída,,,
2026-09-29,3040254810,C352TS,"EXTINGUISHER,FIRE",PAMALS,OS concluída,,,
2026-09-29,3040254809,C352TS,"EXTINGUISHER,FIRE",PAMAGL,OS concluída,,,
2026-09-29,3040254803,C352TS,"EXTINGUISHER,FIRE",2 ETA,REC,,PAMA-LS,454.0
2026-09-29,3040254808,C352TS,"EXTINGUISHER,FIRE",BABR,REC,,PAMA-LS,454.0
2026-09-29,3040254795,D145-00-46-2,FLAP ACTUATOR ASSY,BABE,REC,,PAMA-LS,454.0
2026-09-29,3040254793,D145-00-46-2,FLAP ACTUATOR ASSY,PAMALS,REC,,PAMA-LS,454.0
2026-09-29,3040254815,C482001-0402,VACUUM REGULAT,PAMALS,REC,CONDENADO,VEE ONE,454.0
2026-09-29,3040254816,C482001-0402,VACUUM REGULAT,PAMALS,REC,CONDENADO,VEE ONE,454.0
2026-09-29,3040254820,2641011-5,AXLE-MAIN GEAR,BAMN,OS concluída,,,
2026-09-29,3040254817,2641011-5,AXLE-MAIN GEAR,BABE,OS concluída,,,
2026-09-29,3040254818,2641011-5,AXLE-MAIN GEAR,BABE,OS concluída,,,
2026-09-29,3040254819,2641011-5,AXLE-MAIN GEAR,BANT,OS concluída,,,
2026-09-29,3040254796,30994-001,BATTERY-MARATHON TSP410 NICAD,BAMN,OS concluída,,,
2026-09-29,3040254789,452-0133,"BATTERY,NONRECHARGEABLE",BAMN,REC,CONDENADO,VEE ONE,454.0
2026-09-29,3040254788,452-0133,"BATTERY,NONRECHARGEABLE",BAMN,REC,CONDENADO,VEE ONE,454.0
2026-09-29,3040254787,452-0133,"BATTERY PACK,AIRCRAFT",DACTA II,REC,CONDENADO,VEE ONE,454.0
2026-09-29,3040254786,452-0133,"BATTERY PACK,AIRCRAFT",BAMN,REC,CONDENADO,VEE ONE,454.0
2026-09-29,3040254785,452-0133,"BATTERY,NONRECHARGEABLE",BAMN,REC,CONDENADO,VEE ONE,454.0
2026-09-29,3040254784,452-0133,"BATTERY,NONRECHARGEABLE",DACTA II,REC,CONDENADO,VEE ONE,454.0
2026-09-29,3040255326,011-00916-00,DISPLAY UNIT GDU 1040A,BAMN,REC,,BAMN,445.0
2026-09-29,3040255319,702801-5,FUEL PUMP,PAMASP,REC,EM REPARO,VEE ONE,445.0
2026-09-29,3040255321,8210-002,"GOVERNOR,CONSTANT SPEED DRIVE",PAMALS,OS concluída,,,
2026-09-29,3040255461,DAAS-A-010-1,ADAS-D PROCESSOR,PAMALS,REC,EM REPARO,VEE ONE,441.0
2026-09-29,3040255589,071-01519-0101,"RECEIVER-EXCITER,RADAR",BANT,REC,,PROCURANDO,439.0
2026-09-29,3040255590,071-01519-0101,"RECEIVER-EXCITER,RADAR",PAMALS,OS concluída,,,
2026-09-29,3040255706,C661064-0237,AIRSPEED INDICATOR,BAMN,OS concluída,,,
2026-09-29,3040256114,5934PAD-3,"ALTIMETER,PRESSURE",PAMALS,REC,EM REPARO,VEE ONE,425.0
2026-09-29,3040256119,011-00878-10,GSA-81 TORQUE SERVO,BAPV,REC,EM REPARO,LEAP,425.0
2026-09-29,3040256112,011-00883-20,RADAR GWX 68 WEATHER,BABE,REC,,BAMN,425.0
2026-09-29,3040256115,5934PAD-3,"ALTIMETER,PRESSURE",PAMALS,OS concluída,,,
2026-09-29,3040256118,011-00878-10,GSA-81 TORQUE SERVO,BAPV,REC,,BACO,425.0
2026-09-29,3040256120,011-00916-10,"DISPLAY UNIT,FLIGHT INFORMATION",BAMN,OS concluída,,,
2026-09-29,3040256314,066-4010-12,RECEIVER VOR/LOC (KNS81),EEAR,REC,EM REPARO,LEAP,412.0
2026-09-29,3040256311,3121248-03,"VALVE ASSEMBLY,COMPRESSOR BLEED",PAMALS,OS concluída,,,
2026-09-29,3040256704,C661064-0237,AIRSPEED INDICATOR,PAMALS,OS concluída,,,
2026-09-29,3040256707,D210507,"GOVERNOR,OVERSPEED",PAMALS,OS concluída,,,
2026-09-29,3040256708,D210507,"GOVERNOR,OVERSPEED",PAMALS,REC,REPARADO,VEE ONE,403.0
2026-09-29,3040256702,C661064-0237,AIRSPEED INDICATOR,BABR,OS concluída,,,
2026-09-29,3040256703,C661064-0237,AIRSPEED INDICATOR,PAMALS,OS concluída,,,
2026-09-29,3040256662,030-18200,MAIN WHEEL BRAKE,BASM,OS concluída,,,
2026-09-29,3040256665,161-11700,INNER WHEEL HALF ASSY,BABV,OS concluída,,,
2026-09-29,3040256666,161-11700,INNER WHEEL HALF ASSY,PAMALS,OS concluída,,,
2026-09-29,3040256667,161-11700,INNER WHEEL HALF ASSY,PAMALS,OS concluída,,,
2026-09-29,3040256668,161-11700,INNER WHEEL HALF ASSY,PAMALS,OS concluída,,,
2026-09-29,3040256669,161-11700,INNER WHEEL HALF ASSY,PAMALS,OS concluída,,,
2026-09-29,3040256670,161-11700,INNER WHEEL HALF ASSY,PAMALS,OS concluída,,,
2026-09-29,3040256671,161-11700,INNER WHEEL HALF ASSY,PAMALS,REC,,PAMA-LS,403.0
2026-09-29,3040256698,030-18200,MAIN WHEEL BRAKE,PAMASP,REC,,BABE,403.0
2026-09-29,3040256713,030-18200,MAIN WHEEL BRAKE,ALA 3,REC,,BAMN,403.0
2026-09-29,3040256694,162-11800,WHEEL HALF ASSY-OUTER,BANT,OS concluída,,,
2026-09-29,3040256696,162-11800,WHEEL HALF ASSY-OUTER,PAMALS,REC,,PAMA-LS,403.0
2026-09-29,3040256672,161-12800,WHEEL HALF ASSY-INNER,PAMALS,OS concluída,,PAMA-LS,
2026-09-29,3040256675,161-12800,WHEEL HALF ASSY-INNER,BANT,OS concluída,,,
2026-09-29,3040256792,011-00877-00,"GSA-80 SERVO ROL,YAW,SPEC",BAMN,REC,,PROCURANDO,403.0
2026-09-29,3040256787,011-00877-00,"GSA-80 SERVO ROL,YAW,SPEC",PAMALS,REC,EM REPARO,VEE ONE,403.0
2026-09-29,3040256828,011-00883-20,RADAR GWX 68 WEATHER,PAMALS,REC,,PAMA-LS,403.0
2026-09-29,3040256709,3121248-03,"VALVE ASSEMBLY,COMPRESSOR BLEED",PAMASP,REC,,BANT,400.0
2026-09-29,3040256673,161-12800,WHEEL HALF ASSY-INNER,PAMALS,REC,CONDENADO,VEE ONE,400.0
2026-09-29,3040257095,011-01105-01,INTEGRATED AVIONICS UNIT GIA63W,BABE,REC,EM REPARO,VEE ONE,396.0
2026-09-29,3040257096,011-01105-01,INTEGRATED AVIONICS UNIT GIA63W,BABE,REC,,BAMN,396.0
2026-09-29,3040257093,065-00183-0501,AUTOPILOT COMPUTER KFC225,BABE,REC,,BANT,396.0
2026-09-29,3040257094,065-00183-0501,AUTOPILOT COMPUTER KFC225,BABE,REC,,BANT,396.0
2026-09-29,3040257443,161-12800,WHEEL HALF ASSY-INNER,ALA 3,AUT,,,384.0
2026-09-29,3040257442,C163030-1001,MAIN W BRAKE A,BAMN,OS concluída,,BAMN,
2026-09-29,3040257452,3244809-8,"FUEL CONTROL,MAIN,TURBINE ENGINE",BAPV,OS concluída,,,
2026-09-29,3040257454,EA-5172-45-CES,"INDICATOR,AIRSPEED",BACG,OS concluída,,,
2026-09-29,3040257453,EA-5172-45-CES,"INDICATOR,AIRSPEED",ALA 7,REC,DEVOLVIDO NO ESTADO,WILLIAM,377.0
2026-09-29,3040257451,3244809-7,"FUEL CONTROL,MAIN,TURBINE ENGINE",PAMASP,REC,,BANT,377.0
2026-09-29,3040257450,3244809-4,"FUEL CONTROL,MAIN,TURBINE ENGINE",PAMASP,OS concluída,EM REPARO,LEAP,
2026-09-29,3040257438,030-18200,MAIN WHEEL BRAKE,BAMN,REC,REPARADO,VEE ONE,377.0
2026-09-29,3040257444,162-10700,OUTER WHEEL HALF ASSY,PAMALS,OS concluída,,,
2026-09-29,3040257447,162-10700,OUTER WHEEL HALF ASSY,PAMALS,OS concluída,,,
2026-09-29,3040257436,30994-001,BATTERY-MARATHON TSP410 NICAD,PAMALS,OS concluída,,PAMA-LS,
2026-09-29,3040257441,030-18200,MAIN WHEEL BRAKE,BAPV,REC,,BAMN,377.0
2026-09-29,3040257440,030-18200,MAIN WHEEL BRAKE,BANT,REC,CONDENADO,VEE ONE,377.0
2026-09-29,3040257439,030-18200,MAIN WHEEL BRAKE,BAMN,REC,,BAMN,377.0
2026-09-29,3040258306,D210507,"GOVERNOR,OVERSPEED",PAMALS,REC,EM REPARO,LEAP,357.0
2026-09-29,3040258310,D210507,"GOVERNOR,OVERSPEED",BACO,OS concluída,,,
2026-09-29,3040258309,D210507,"GOVERNOR,OVERSPEED",BAMN,REC,EM REPARO,LEAP,357.0
2026-09-29,3040258308,D210507,"GOVERNOR,OVERSPEED",BAMN,OS concluída,,,
2026-09-29,3040258307,D210507,"GOVERNOR,OVERSPEED",ALA 5,OS concluída,,,
2026-09-29,3040258303,011-00877-00,"GSA-80 SERVO ROL,YAW,SPEC",DACTA II,REC,EM REPARO,VEE ONE,357.0
2026-09-29,3040258422,2601188-8,COMPRESSOR DRIVE ASSY R134A,PAMASP,REC,,PROCURANDO,355.0
2026-09-29,3040258419,011-00877-00,"GSA-80 SERVO ROL,YAW,SPEC",DACTA II,REC,EM REPARO,VEE ONE,355.0
2026-09-29,3040258420,011-00877-00,"GSA-80 SERVO ROL,YAW,SPEC",BACO,REC,EM REPARO,VEE ONE,355.0
2026-09-29,3040258421,011-00877-00,"GSA-80 SERVO ROL,YAW,SPEC",BABE,REC,,BACO,355.0
2026-09-29,3040258764,069-01034-0102,"NAVIGATION SET,SATELLITE SIGNALS KLN-94",PAMALS,REC,,BANT,348.0
2026-09-29,3040259152,066-01141-5101,"TRANSPONDER,RADAR",BABE,REC,,BANT,329.0
2026-09-29,3040259151,066-01141-5101,"TRANSPONDER,RADAR",BANT,REC,,BANT,329.0
2026-09-29,3040259251,064-1019-05,VHF TRANSCEIVE KY196,EEAR,REC,,EEAR,327.0
2026-09-29,3040259146,1U149-015-15,HORIZ. GYRO-STADBY,PAMALS,REC,EM REPARO,VEE ONE,326.0
2026-09-29,3040259147,162-10700,OUTER WHEEL HALF ASSY,BANT,REC,EM REPARO,AMA - VEE ONE,326.0
2026-09-29,3040259148,3049038-03,"VALVE,COMPRESSOR BLEED",BANT,OS concluída,,,
2026-09-29,3040259316,2606015-4,INDICATOR-OIL TEMP/OIL PRESS,BACG,REC,,PAMA-LS,323.0
2026-09-29,3040259564,C414007-0102,BLOWER ASSY,PAMALS,OS concluída,,,
2026-09-29,3040259568,C414007-0102,BLOWER ASSY,ALA 10,OS concluída,,,
2026-09-29,3040259570,C414007-0102,BLOWER ASSY,ALA 10,OS concluída,,,
2026-09-29,3040259694,025323-150,FUEL PUMP,PAMASP,REC,,BACO,315.0
2026-09-29,3040259922,C414007-0102,BLOWER ASSY,BANT,REC,,PAMA-LS,308.0
2026-09-29,3040259928,C414007-0102,BLOWER ASSY,PAMALS,REC,EM REPARO,VEE ONE,308.0
2026-09-29,3040259924,C414007-0102,BLOWER ASSY,BACG,REC,EM REPARO,VEE ONE,308.0
2026-09-29,3040259918,C414007-0102,BLOWER ASSY,ALA 10,OS concluída,,VEE ONE,
2026-09-29,3040259950,065-0060-01,"CONTROL,SERVO,AUTOMATIC PILOT",PAMALS,REC,EM REPARO,LEAP,308.0
2026-09-29,3040259949,065-0060-01,"CONTROL,SERVO,AUTOMATIC PILOT",PAMALS,REC,EM REPARO,LEAP,308.0
2026-09-29,3040259947,066-3046-07,"CONTROL,INDICATOR",EEAR,OS concluída,,,
2026-09-29,3040259946,066-3046-07,"CONTROL,INDICATOR",BANT,REC,,BANT,308.0
2026-09-29,3040259944,066-3046-07,"CONTROL,INDICATOR",EEAR,REC,,PAMA-LS,308.0
2026-09-29,3040260209,011-00916-00,DISPLAY UNIT GDU 1040A,PAMALS,REC,,BAMN,294.0
2026-09-29,3040260208,324843-W020,HEADSET-MICROPHONE,PAMALS,REC,VAI SER DEVOLVIDO SEM REPARO,WILLIAM,294.0
2026-09-29,3040260204,324843-W020,HEADSET-MICROPHONE,PAMALS,OS concluída,,,
2026-09-29,3040260205,324843-W020,HEADSET-MICROPHONE,PAMALS,OS concluída,,,
2026-09-29,3040260388,SD5H14C4527,AIR COMPRESSOR,PAMALS,REC,EM REPARO,VEE ONE,287.0
2026-09-29,3040260382,065-00183-0501,AUTOPILOT COMPUTER KFC225,BANT,REC,,BANT,287.0
2026-09-29,3040260389,SD5H14C4527,AIR COMPRESSOR,PAMALS,REC,EM REPARO,VEE ONE,287.0
2026-09-29,3040260517,ASG12000-2,ALTERNATOR,PAMALS,OS concluída,,,
2026-09-29,3040260524,51539-012M,CONTROL UNIT ASSY-GENERATOR,BANT,REC,,BACG,284.0
2026-09-29,3040260516,ASG12000-2,ALTERNATOR,PAMALS,REC,,V1 PAMA-LS,284.0
2026-09-29,3040260523,9910592-2,ALTERNADOR,BAMN,OS concluída,,babr,
2026-09-29,3040260522,9910592-2,ALTERNADOR,BAMN,REC,,dacta II,284.0
2026-09-29,3040260547,161-12800,WHEEL HALF ASSY-INNER,EPCAR,OS concluída,,BABE,
2026-09-29,3040260545,161-11700,INNER WHEEL HALF ASSY,BACG,OS concluída,,,
2026-09-29,3040260544,161-11700,INNER WHEEL HALF ASSY,BANT,OS concluída,,,
2026-09-29,3040260546,161-12800,WHEEL HALF ASSY-INNER,PAMALS,REC,,,266.0
2026-09-29,3040260548,161-11700,INNER WHEEL HALF ASSY,CLA,OS concluída,,,
2026-09-29,3040260549,162-10700,OUTER WHEEL HALF ASSY,BACG,OS concluída,,,
2026-09-29,3040260550,162-10700,OUTER WHEEL HALF ASSY,CLA,OS concluída,,,
2026-09-29,3040260551,162-11800,WHEEL HALF ASSY-OUTER,BANT,REC,,,266.0
2026-09-29,3040260552,30994-001,BATTERY-MARATHON TSP410 NICAD,BABE,OS concluída,,PAMA-LS,
2026-09-29,3040260543,324843-W020,HEADSET-MICROPHONE,PAMALS,REC,,PAMA-LS,266.0
2026-09-29,3040260542,324843-W020,HEADSET-MICROPHONE,PAMALS,REC,,BABE,266.0
2026-09-29,3040260541,324843-W020,HEADSET-MICROPHONE,PAMALS,OS concluída,,,
2026-09-29,3040260540,324843-W020,HEADSET-MICROPHONE,PAMALS,OS concluída,,,
2026-09-29,3040260538,324843-W020,HEADSET-MICROPHONE,PAMALS,REC,,BABE,266.0
2026-09-29,3040260539,324843-W020,HEADSET-MICROPHONE,PAMALS,REC,,BABE,266.0
2026-09-29,3040260595,9910586-4,FLAP ACTUATOR AND MOTOR ASSEMBLY,7 ETA,REC,,BAMN,266.0
2026-09-29,3040260597,9910586-4,FLAP ACTUATOR AND MOTOR ASSEMBLY,BAPV,OS concluída,,BABR,
2026-09-29,3040260583,3244897-4,FUEL CONTROL UNIT,PAMALS,OS concluída,,,
2026-09-29,3040260750,3122678-04,FUEL CONTROL UNIT,PAMASP,REC,,BANT,258.0
2026-09-29,3040260752,3244897-4,FUEL CONTROL UNIT,PAMASP,OS concluída,,,
2026-09-29,3040260753,3244809-7,"FUEL CONTROL,MAIN,TURBINE ENGINE",PAMASP,OS concluída,,,
2026-09-29,3040260754,3244809-1,"FUEL CONTROL,MAIN,TURBINE ENGINE",PAMASP,REC,EM QUARENTENA,LEAP,258.0
2026-09-29,3040254794,C145-350,"MOTOR,DIRECT CURRENT",PAMALS,OS concluída,,,
2026-09-29,3040260913,064-1054-30,RECEIVER-TRANSMITTER SUBASSEMBLY,EPCAR,REC,,V1 PAMA-LS,246.0
2026-09-29,3040260915,064-1054-30,RECEIVER-TRANSMITTER SUBASSEMBLY,PAMALS,REC,,BABR,246.0
2026-09-29,3040260811,3034792,BOMBA DE COMBUSTÍVEL,BAPV,OS concluída,,BABR,
2026-09-29,3040260812,3034792,BOMBA DE COMBUSTÍVEL,BACG,OS concluída,,,
2026-09-29,3040260922,162-11800,WHEEL HALF ASSY-OUTER,PAMALS,OS concluída,,,
2026-09-29,3040260923,030-18200,MAIN WHEEL BRAKE,BACO,REC,REPARADO,VEE ONE,244.0
2026-09-29,3040261389,3034792,BOMBA DE COMBUSTÍVEL,PAMASP,OS concluída,REPARADO,V1 PAMA-LS,
2026-09-29,3040261388,3034792,BOMBA DE COMBUSTÍVEL,BABR,OS concluída,,,
2026-09-29,3040261387,3034792,BOMBA DE COMBUSTÍVEL,BABR,OS concluída,,,
2026-09-29,3040261371,TFF2905-13,FUEL FLOW TRANSDUCER,ALA 8,REC,,PAMA-LS,231.0
2026-09-29,3040261375,C661065-0240RX,"INDICATOR, AIRSPEED",BACG,REC,EM REPARO,WILLIAM,231.0
2026-09-29,3040261373,C661065-0240,AIRSPEED INDICATOR,BABE,REC,,PAMA-LS,231.0
2026-09-29,3040261322,011-00831-00,"ENGINE INTERFA,SPEC",BAPV,REC,,VEE ONE,231.0
2026-09-29,3040261326,011-00882-10,"COMPUTER,AIR DATA",BAMN,OS concluída,,,
2026-09-29,3040261324,011-00882-10,"COMPUTER,AIR DATA",BAMN,OS concluída,,,
2026-09-29,3040261327,064-1054-30,RECEIVER-TRANSMITTER SUBASSEMBLY,PAMASP,REC,,PAMA-LS,231.0
2026-09-29,3040261336,066-01141-0101,"RECEIVER,RADIO",BANT,REC,,PAMA-LS,231.0
2026-09-29,3040261334,065-0065-01,SELECTOR ALT,BANT,REC,,PAMA-LS,231.0
2026-09-29,3040261331,065-0061-36,ACTUATOR TRIM (KS272A),PAMASP,OS concluída,,BABR,
2026-09-29,3040261329,065-0061-36,ACTUATOR TRIM (KS272A),ALA 10,OS concluída,,,
2026-09-29,3040261335,065-0065-01,SELECTOR ALT,BANT,REC,,PAMA-LS,231.0
2026-09-29,3040261342,066-3084-02,COLOR RADAR INDICATOR,BABV,REC,,PAMA-LS,231.0
2026-09-29,3040261340,066-1053-00,"RECEIVER,RADIO",BASM,REC,,PAMA-LS,231.0
2026-09-29,3040261377,066-3054-01,INDICATOR RADAR ALTIMETER - TYPE KI250,PAMALS,REC,EM REPARO,WILLIAM,231.0
2026-09-29,3040261376,066-1061-03,RT RADAR ALTIM (KRA10A),PAMALS,REC,PARA REPARO,VEE ONE,231.0
2026-09-29,3040261352,1134380-4,EVAPORATOR MODULE ASSY-RH,BAMN,REC,CONDENADO,VEE ONE,231.0
2026-09-29,3040261347,071-1234-00,ANTENNA ACCESSORY,ALA 1,REC,EM REPARO,WILLIAM,231.0
2026-09-29,3040261344,066-4010-12,RECEIVER VOR/LOC (KNS81),ALA 10,REC,EM REPARO,WILLIAM,231.0
2026-09-29,3040261353,1H75-21,PRESSURE REGULATOR,BAMN,OS concluída,,BAMN,
2026-09-29,3040261357,2682001-1,BRAKE CYL MAST,BABE,OS concluída,,,
2026-09-29,3040261356,2670104-2,ANNUNCIATOR PANEL,PAMALS,OS concluída,,,
2026-09-29,3040261355,2643100-201,NOSE GEAR STRUT ASSY - TALL FORK,BABR,OS concluída,,,
2026-09-29,3040261354,2643100-201,NOSE GEAR STRUT ASSY - TALL FORK,BANT,REC,EM REPARO,AV AERONAUTICA,231.0
2026-09-29,3040261364,8210-002-01,GOVERNOR PROPELLER,PAMASP,REC,REPARADO,VEE ONE,231.0
2026-09-29,3040261627,S3828-1,ALTIMETER,BAMN,REC,,PAMA-LS,217.0
2026-09-29,3040261628,S3828-1,ALTIMETER,BABE,REC,REPARADO,V1 PAMA-LS,217.0
2026-09-29,3040261851,51539-012MRX,CONTROL UNIT ASSY-GENERATOR,BABE,REC,EM REPARO,VEE ONE,209.0
2026-09-29,3040261852,51539-012MRX,CONTROL UNIT ASSY-GENERATOR,BABE,REC,EM REPARO,VEE ONE,209.0
2026-09-29,3040261843,3034792,BOMBA DE COMBUSTÍVEL,PAMALS,REC,EM REPARO,VEE ONE,204.0
2026-09-29,3040262245,200SGL119Q-2,STARTER GENERATOR,BAMN,OS concluída,,,
2026-09-29,3040262246,200SGL119Q-2,STARTER GENERATOR,BAMN,OS concluída,,,
2026-09-29,3040262273,324843-W020,HEADSET-MICROPHONE,BABE,OS concluída,,,
2026-09-29,3040262275,324843-W020,HEADSET-MICROPHONE,BANT,OS concluída,,,
2026-09-29,3040262363,066-1055-00,AUDIO CONTROL PANEL,ALA 5,OS concluída,,,
2026-09-29,3040262367,066-1055-00,AUDIO CONTROL PANEL,ALA 9,REC,,WILLIAM,187.0
2026-09-29,3040262368,066-1055-00,AUDIO CONTROL PANEL,CLA,OS concluída,,,
2026-09-29,3040262372,51539-012M,CONTROL UNIT ASSY-GENERATOR,BANT,REC,,PAMA-LS,187.0
2026-09-29,3040262371,51539-012N,CONTROL UNIT ASSY-GENERATOR,BANT,REC,,PAMA-LS,187.0
2026-09-29,3040262419,065-0061-36,ACTUATOR TRIM (KS272A),ALA 9,REC,EM REPARO,WILLIAM,182.0
2026-09-29,3040262734,C352,PORTABLE HALON FIRE EXTINGUISHERS,ALA 5,REC,EM REPARO,AV AERONAUTICA,169.0
2026-09-29,3040262738,C352TS,"EXTINGUISHER,FIRE",BANT,REC,,AV AERONÁUTICA,169.0
2026-09-29,3040262739,C352TS,"EXTINGUISHER,FIRE",BANT,REC,,AV AERONÁUTICA,169.0
2026-09-29,3040262740,C352TS,"EXTINGUISHER,FIRE",PAMALS,REC,,AV AERONÁUTICA,169.0
2026-09-29,3040262766,011-00883-20,RADAR GWX 68 WEATHER,BAMN,OS concluída,,V1 PAMA-LS,
2026-09-29,3040262765,011-00883-20,RADAR GWX 68 WEATHER,BAMN,REC,,V1 PAMA-LS,169.0
2026-09-29,3040262772,011-01020-10,AFCS MODE CONTROLLER GMC 710,BAMN,REC,,PAMA-LS,169.0
2026-09-29,3040262770,011-01020-10,AFCS MODE CONTROLLER GMC 710,BAMN,REC,,PAMA-LS,169.0
2026-09-29,3040262773,011-01020-10,AFCS MODE CONTROLLER GMC 710,BAMN,REC,,PAMA-LS,169.0
2026-09-29,3040262746,066-1070-01,TRANSCEIVER DME (KN63),BABE,REC,EM REPARO,WILLIAM,169.0
2026-09-29,3040262745,064-1019-05,VHF TRANSCEIVE KY196,EEAR,REC,EM REPARO,VEE ONE,169.0
2026-09-29,3040262747,066-1072-00,RECEIVER ADF (KING KR87),ALA 7,REC,EM REPARO,WILLIAM,169.0
2026-09-29,3040262748,066-3046-07,"CONTROL,INDICATOR",BABR,REC,,BANT,169.0
2026-09-29,3040262769,066-3046-07,"CONTROL,INDICATOR",BABR,REC,,BANT,169.0
2026-09-29,3040262768,066-3046-07,"CONTROL,INDICATOR",EEAR,OS concluída,,BABR,
2026-09-29,3040262767,066-3046-07,"CONTROL,INDICATOR",EEAR,REC,EM REPARO,LEAP,169.0
2026-09-29,3040262791,066-3060-00,IND RMI KNI582,BANT,OS concluída,,,
2026-09-29,3040262630,161-11700,INNER WHEEL HALF ASSY,BANT,REC,,PAMA-LS,169.0
2026-09-29,3040262792,066-3060-00,IND RMI KNI582,BANT,REC,EM REPARO,LEAP,169.0
2026-09-29,3040262634,162-10700,OUTER WHEEL HALF ASSY,BANT,OS concluída,,PAMA-LS,
2026-09-29,3040262632,161-12800,WHEEL HALF ASSY-INNER,BANT,OS concluída,REPARADO,VEE ONE,
2026-09-29,3040262633,161-12800,WHEEL HALF ASSY-INNER,BANT,OS concluída,,,
2026-09-29,3040262635,162-11800,WHEEL HALF ASSY-OUTER,EPCAR,OS concluída,,,
2026-09-29,3040262637,162-11800,WHEEL HALF ASSY-OUTER,BANT,REC,REPARADO,VEE ONE,169.0
2026-09-29,3040262636,162-11800,WHEEL HALF ASSY-OUTER,BANT,OS concluída,REPARADO,VEE ONE,
2026-09-29,3040262646,200SGL119Q,STARTER GENERATOR,PAMASP,OS concluída,,,
2026-09-29,3040262639,200SGL119Q,STARTER GENERATOR,PAMASP,OS concluída,,PAMA-LS,
2026-09-29,3040262638,200SGL119Q,STARTER GENERATOR,PAMALS,REC,EM REPARO,AV AERONAUTICA,169.0
2026-09-29,3040262757,2606015-2,IND OIL TEMP/P,PAMALS,REC,EM REPARO,VEE ONE,169.0
2026-09-29,3040262706,2641011-5,AXLE-MAIN GEAR,BAMN,REC,,BANT,169.0
2026-09-29,3040262707,2641011-5,AXLE-MAIN GEAR,BABV,OS concluída,REPARADO,VEE ONE,
2026-09-29,3040262717,2641011-5,AXLE-MAIN GEAR,BANT,OS concluída,REPARADO,VEE ONE,
2026-09-29,3040262714,2641011-5,AXLE-MAIN GEAR,BAPV,REC,,BANT,169.0
2026-09-29,3040262713,2641011-5,AXLE-MAIN GEAR,BAPV,OS concluída,,,
2026-09-29,3040262712,2641011-5,AXLE-MAIN GEAR,BABR,REC,,BANT,169.0
2026-09-29,3040262711,2641011-5,AXLE-MAIN GEAR,BABR,REC,,BANT,169.0
2026-09-29,3040262709,2641011-5,AXLE-MAIN GEAR,PAMALS,REC,,BANT,169.0
2026-09-29,3040262708,2641011-5,AXLE-MAIN GEAR,PAMALS,REC,,BANT,169.0
2026-09-29,3040262744,3244809-1A,F.C.U,PAMALS,REC,EM REPARO,LEAP,169.0
2026-09-29,3040262758,9910338-4,FUEL TOTALIZER INDICATOR,PAMALS,REC,EM REPARO,VEE ONE,169.0
2026-09-29,3040262759,9910338-6,"TRANSMITTER,RATE OF FLOW",BAMN,REC,,PAMA-LS,169.0
2026-09-29,3040262760,9910338-6,"TRANSMITTER,RATE OF FLOW",BANT,REC,EM REPARO,VEE ONE,169.0
2026-09-29,3040262966,2682001-1,BRAKE CYL MAST,BACO,OS concluída,,PAMA-LS,
2026-09-29,3040262967,2682001-1,BRAKE CYL MAST,PAMALS,REC,,PAMA-LS,167.0
2026-09-29,3040262968,2682001-1,BRAKE CYL MAST,BANT,OS concluída,,PAMA-LS,
2026-09-29,3040262969,2682001-1,BRAKE CYL MAST,BABE,REC,,PAMA-LS,167.0
2026-09-29,3040263069,453-5060,ELT C406-N,BABE,OS concluída,,,
2026-09-29,3040263283,D145-00-46-2,FLAP ACTUATOR ASSY,PAMALS,REC,,,152.0
2026-09-29,3040263284,D145-00-46-2,FLAP ACTUATOR ASSY,BAFL,REC,,,152.0
2026-09-29,3040263324,069-01033-0101,"RECEIVER-TRANSMITTER,RADIO",PAMALS,REC,EM REPARO,LEAP,152.0
2026-09-29,3040263287,C661065-0237,AIRSPEED INDICATOR,BABR,OS concluída,,,
2026-09-29,3040263288,C661065-0237,AIRSPEED INDICATOR,PAMASP,OS concluída,,,
2026-09-29,3040263314,060-0017-00,FLIGHT DIR HOR,EEAR,REC,EM REPARO,LEAP,152.0
2026-09-29,3040263319,066-1055-00,AUDIO CONTROL PANEL,BABE,OS concluída,,,
2026-09-29,3040263317,060-0017-00,FLIGHT DIR HOR,PAMASP,REC,,BANT,152.0
2026-09-29,3040263316,060-0017-00,FLIGHT DIR HOR,BANT,REC,,BANT,152.0
2026-09-29,3040263320,066-1055-00,AUDIO CONTROL PANEL,PAMALS,REC,EM REPARO,AV AERONAUTICA,152.0
2026-09-29,3040263325,069-01033-0101,"RECEIVER-TRANSMITTER,RADIO",PAMALS,REC,,,152.0
2026-09-29,3040263335,C611008-0101,ALTERNATOR CONTROL UNIT,PAMALS,REC,,BANT,152.0
2026-09-29,3040263336,C611008-0101,ALTERNATOR CONTROL UNIT,PAMALS,REC,,BANT,152.0
2026-09-29,3040263286,C661065-0237,AIRSPEED INDICATOR,BANT,REC,,PAMA-LS,152.0
2026-09-29,3040263322,066-1055-00,AUDIO CONTROL PANEL,ALA 9,REC,EM REPARO,WILLIAM,152.0
2026-09-29,3040263326,069-01033-0101,"RECEIVER-TRANSMITTER,RADIO",PAMALS,REC,,BANT,152.0
2026-09-29,3040263315,060-0017-00,FLIGHT DIR HOR,BACG,OS concluída,,BABR,
2026-09-29,3040263334,011-00916-10,"DISPLAY UNIT,FLIGHT INFORMATION",BACO,REC,,WILLIAM,152.0
2026-09-29,3040263333,011-00916-10,"DISPLAY UNIT,FLIGHT INFORMATION",BACO,OS concluída,,BAMN,
2026-09-29,3040263332,011-00916-10,"DISPLAY UNIT,FLIGHT INFORMATION",BAMN,OS concluída,,,
2026-09-29,3040263331,C661064-0237,AIRSPEED INDICATOR,PAMALS,REC,,PAMA-LS,152.0
2026-09-29,3040263329,C661064-0237,AIRSPEED INDICATOR,PAMALS,REC,,PAMA-LS,152.0
2026-09-29,3040263328,C661064-0237,AIRSPEED INDICATOR,BABR,REC,EM REPARO,WILLIAM,152.0
2026-09-29,3040263327,C661064-0237,AIRSPEED INDICATOR,BABR,REC,EM REPARO,WILLIAM,152.0
2026-09-29,3040263330,C661064-0237,AIRSPEED INDICATOR,PAMALS,REC,,PAMA-LS,152.0
2026-09-29,3040263338,C611008-0101,ALTERNATOR CONTROL UNIT,PAMALS,REC,,V1 PAMA-LS,152.0
2026-09-29,3040263433,066-03064-0005,"ALTIMETER,SERVO CONTROLLED,AUTOMATIC PRESSURE",BACG,REC,,PAMA-LS,146.0
2026-09-29,3040263435,066-03064-0005,"ALTIMETER,SERVO CONTROLLED,AUTOMATIC PRESSURE",BANT,REC,,PAMA-LS,146.0
2026-09-29,3040263434,066-03064-0005,"ALTIMETER,SERVO CONTROLLED,AUTOMATIC PRESSURE",PAMASP,REC,,PAMA-LS,146.0
2026-09-29,3040263417,069-01033-0101,"RECEIVER-TRANSMITTER,RADIO",PAMALS,REC,EM REPARO,WILLIAM,146.0
2026-09-29,3040263416,069-01033-0101,"RECEIVER-TRANSMITTER,RADIO",BASM,REC,EM REPARO,WILLIAM,146.0
2026-09-29,3040263415,069-01033-0101,"RECEIVER-TRANSMITTER,RADIO",BABR,REC,,BANT,146.0
2026-09-29,3040263447,066-3046-07,"CONTROL,INDICATOR",CLA,OS concluída,,BABR,
2026-09-29,3040263443,3244897-4,FUEL CONTROL UNIT,PAMALS,REC,EM REPARO,LEAP,145.0
2026-09-29,3040263444,3244897-4,FUEL CONTROL UNIT,PAMALS,REC,EM REPARO,LEAP,145.0
2026-09-29,3040263577,060-0015-00,"CONTROL,DIRECTIONAL,AUTOMATIC PILOT",ALA 5,REC,,WILLIAM,140.0
2026-09-29,3040263574,066-1072-04,"RECEIVER,RADIO",BABE,REC,EM REPARO,WILLIAM,140.0
2026-09-29,3040263576,066-1072-04,"RECEIVER,RADIO",BAMN,OS concluída,,WILLIAM,
2026-09-29,3040263575,066-1072-04,"RECEIVER,RADIO",BABE,REC,EM REPARO,WILLIAM,140.0
2026-09-29,3040263573,066-3084-32,IND RDR 2000 IN-182A,PAMALS,REC,,BABR,140.0
2026-09-29,3040263571,066-3084-32,IND RDR 2000 IN-182A,PAMALS,REC,,BANT,140.0
2026-09-29,3040263572,066-3084-32,IND RDR 2000 IN-182A,PAMALS,REC,EM REPARO,WILLIAM,140.0
2026-09-29,3040263448,2618510-10,ALTERNATOR CONTROL UNIT ASSY,BABE,REC,EM REPARO,WILLIAM,140.0
2026-09-29,3040263449,2618510-10,ALTERNATOR CONTROL UNIT ASSY,PAMALS,REC,,BANT,140.0
2026-09-29,3040263877,2641011-5,AXLE-MAIN GEAR,CLA,REC,REPARADO,VEE ONE,130.0
2026-09-29,3040263878,2641011-5,AXLE-MAIN GEAR,CLA,REC,,BABE,130.0
2026-09-29,3040264243,069-01033-0101,"RECEIVER-TRANSMITTER,RADIO",PAMALS,REC,EM REPARO,WILLIAM,123.0
2026-09-29,3040264244,069-01033-0101,"RECEIVER-TRANSMITTER,RADIO",PAMASP,REC,EM REPARO,WILLIAM,123.0
2026-09-29,3040264246,060-0017-00,FLIGHT DIR HOR,PAMALS,REC,,BABR,123.0
2026-09-29,3040264237,200SGL119Q-2,STARTER GENERATOR,BAMN,REC,EM REPARO,AV AERONAUTICA,123.0
2026-09-29,3040264236,200SGL119Q-2,STARTER GENERATOR,BABE,OS concluída,,BABE,
2026-09-29,3040264121,3244897-4,FUEL CONTROL UNIT,BABE,OS concluída,EM REPARO,LEAP,
2026-09-29,3040264263,9910338-8,"INDICATOR,FUEL FLOW",PAMALS,OS concluída,,BABR,
2026-09-29,3040264262,9910338-8,"INDICATOR,FUEL FLOW",BABV,REC,,PAMA-LS,123.0
2026-09-29,3040264242,324843-2020,HEADSET-MICROPHONE,BABE,OS concluída,,BAMN,
2026-09-29,3040264264,324843-2020,HEADSET-MICROPHONE,DACTA II,OS concluída,,BAMN,
2026-09-29,3040264238,324843-2020,HEADSET-MICROPHONE,DACTA II,OS concluída,,,
2026-09-29,3040264241,324843-2020,HEADSET-MICROPHONE,DACTA II,OS concluída,,BAMN,
2026-09-29,3040264240,324843-2020,HEADSET-MICROPHONE,DACTA II,OS concluída,,BAMN,
2026-09-29,3040264122,3244809-8,"FUEL CONTROL,MAIN,TURBINE ENGINE",BABE,OS concluída,,BABR,
2026-09-29,3040263797,066-3046-07,"CONTROL,INDICATOR",BABE,REC,EM REPARO,WILLIAM,123.0
2026-09-29,3040263798,066-3046-07,"CONTROL,INDICATOR",PAMASP,OS concluída,,,
2026-09-29,3040263799,066-3046-07,"CONTROL,INDICATOR",PAMASP,REC,EM REPARO,WILLIAM,123.0
2026-09-29,3040263795,071-01519-0101,"RECEIVER-EXCITER,RADAR",PAMALS,REC,,BANT,123.0
2026-09-29,3040263796,071-01519-0101,"RECEIVER-EXCITER,RADAR",PAMALS,REC,EM REPARO,WILLIAM,123.0
2026-09-29,3040264579,060-0017-00,FLIGHT DIR HOR,BABR,OS concluída,,,
2026-09-29,3040264577,060-0017-00,FLIGHT DIR HOR,PAMALS,REC,,,111.0
2026-09-29,3040264573,060-0017-00,FLIGHT DIR HOR,BANT,REC,,,111.0
2026-09-29,3040264574,060-0017-00,FLIGHT DIR HOR,BANT,REC,,,111.0
2026-09-29,3040264576,060-0017-00,FLIGHT DIR HOR,PAMALS,REC,,,111.0
2026-09-29,3040264572,060-0017-00,FLIGHT DIR HOR,PAMASP,REC,,,111.0
2026-09-29,3040264647,1H75-21,PRESSURE REGULATOR,BAMN,REC,,,106.0
2026-09-29,3040264646,1H75-21,PRESSURE REGULATOR,PAMASP,REC,,,106.0
2026-09-29,3040264645,1H75-21,PRESSURE REGULATOR,PAMASP,REC,,,106.0
2026-09-29,3040264643,1H75-21,PRESSURE REGULATOR,PAMASP,OS concluída,,,
2026-09-29,3040264707,3244809-7,"FUEL CONTROL,MAIN,TURBINE ENGINE",BABE,OS concluída,,,
2026-09-29,3040264709,540-1407-4,"VALVE,BLEED,TURBINEENGINE",PAMASP,REC,,,106.0
2026-09-29,3040264710,200SGL153Q,"STARTER-GENERATOR,ENGINE,AIRCRAFT",CLA,OS concluída,,,
2026-09-29,3040264711,200SGL153Q,"STARTER-GENERATOR,ENGINE,AIRCRAFT",PAMASP,OS concluída,,,
2026-09-29,3040264712,200SGL153Q,"STARTER-GENERATOR,ENGINE,AIRCRAFT",BACG,REC,,,106.0
2026-09-29,3040264718,9910338-8,"INDICATOR,FUEL FLOW",PAMALS,REC,,,106.0
2026-09-29,3040264719,S3326-2,"INDICATOR,HORIZONTAL SITUATION",ALA 8,REC,,,106.0
2026-09-29,3040264720,S3326-2,"INDICATOR,HORIZONTAL SITUATION",PAMALS,REC,,,106.0
2026-09-29,3040264721,S3326-2,"INDICATOR,HORIZONTAL SITUATION",PAMASP,REC,,,106.0
2026-09-29,3040264724,2606013-1AM,INDICADOR PERCENTUAL RPM,BABV,REC,,,106.0
2026-09-29,3040264725,2606013-1AM,INDICADOR PERCENTUAL RPM,BABR,REC,,,106.0
2026-09-29,3040264726,2606015-4,INDICATOR-OIL TEMP/OIL PRESS,BANT,REC,,,106.0
2026-09-29,3040264727,C661051-0201,GYRO HORIZON,ALA 10,REC,,,106.0
2026-09-29,3040264728,504-0111-906,GYRO HORIZON,PAMALS,OS concluída,,,
2026-09-29,3040264729,504-0111-906,GYRO HORIZON,BACG,OS concluída,,,
2026-09-29,3040264730,8210-003,"GOVERNOR,FUEL CONTROL",PAMASP,REC,,,106.0
2026-09-29,3040264731,8210-002,"GOVERNOR,CONSTANT SPEED DRIVE",PAMASP,REC,,,106.0
2026-09-29,3040264732,8210-002,"GOVERNOR,CONSTANT SPEED DRIVE",BAMN,REC,,,106.0
2026-09-29,3040264733,030-18200,MAIN WHEEL BRAKE,BAMN,REC,,,106.0
2026-09-29,3040264734,030-18200,MAIN WHEEL BRAKE,BAMN,REC,,,106.0
2026-09-29,3040264735,161-11700,INNER WHEEL HALF ASSY,PAMALS,REC,,,106.0
2026-09-29,3040264736,161-12800,WHEEL HALF ASSY-INNER,BABR,REC,,,106.0
2026-09-29,3040264737,161-12800,WHEEL HALF ASSY-INNER,PAMALS,AUT,,,106.0
2026-09-29,3040264738,162-10700,OUTER WHEEL HALF ASSY,BACO,AUT,,,106.0
2026-09-29,3040264807,011-01105-01,INTEGRATED AVIONICS UNIT GIA63W,ALA 8,REC,,,98.0
2026-09-29,3040264808,011-01105-01,INTEGRATED AVIONICS UNIT GIA63W,BAMN,REC,,,98.0
2026-09-29,3040264907,011-00916-10,"DISPLAY UNIT,FLIGHT INFORMATION",BAMN,REC,,,91.0
2026-09-29,3040264908,011-00916-10,"DISPLAY UNIT,FLIGHT INFORMATION",BABV,OS concluída,,,
2026-09-29,3040264974,3244809-8,"FUEL CONTROL,MAIN,TURBINE ENGINE",BAMN,REC,,,89.0
2026-09-29,3040264961,3244897-4,FUEL CONTROL UNIT,CLA,OS concluída,,,
2026-09-29,3040264960,3034792,BOMBA DE COMBUSTÍVEL,CLA,OS concluída,,,
2026-09-29,3040265144,011-01020-10,AFCS MODE CONTROLLER GMC 710,BABE,REC,,,83.0
2026-09-29,3040265140,011-01020-10,AFCS MODE CONTROLLER GMC 710,BABE,REC,,,83.0
2026-09-29,3040265482,066-3084-32,IND RDR 2000 IN-182A,BABR,REC,,,68.0
2026-09-29,3040265484,066-3084-32,IND RDR 2000 IN-182A,BANT,REC,,,68.0
2026-09-29,3040265485,066-3084-32,IND RDR 2000 IN-182A,BABR,REC,,,68.0
2026-09-29,3040265526,ASG12000-2,ALTERNATOR,PAMALS,REC,,,64.0
2026-09-29,3040265525,ASG12000-2,ALTERNATOR,BABR,REC,,,64.0
2026-09-29,3040265527,9910592-2,ALTERNADOR,BABR,REC,,,64.0
2026-09-29,3040265533,3122678-04,FUEL CONTROL UNIT,BABR,REC,,,64.0
2026-09-29,3040265532,C611505-0201,ALTERNATOR,BANT,REC,,,64.0
2026-09-29,3040265530,C611505-0201,ALTERNATOR,BABV,REC,,,64.0
2026-09-29,3040265528,9910592-2,ALTERNADOR,BABR,REC,,,64.0
2026-09-29,3040265724,3244897-4,FUEL CONTROL UNIT,CLA,REC,,,63.0
2026-09-29,3040265474,C611008-0101,ALTERNATOR CONTROL UNIT,PAMALS,REC,,,61.0
2026-09-29,3040265475,C611008-0101,ALTERNATOR CONTROL UNIT,BABV,REC,,,61.0
2026-09-29,3040265476,C611008-0101,ALTERNATOR CONTROL UNIT,PAMALS,REC,,,61.0
2026-09-29,3040265477,C611008-0101,ALTERNATOR CONTROL UNIT,PAMALS,REC,,,61.0
2026-09-29,3040265576,011-00916-10,"DISPLAY UNIT,FLIGHT INFORMATION",BAMN,REC,,,60.0
2026-09-29,3040265580,011-00916-00,DISPLAY UNIT GDU 1040A,PAMALS,REC,,,64.0
2026-09-29,3040265581,011-00916-00,DISPLAY UNIT GDU 1040A,PAMALS,REC,,,64.0
2026-09-29,3040265589,EA-5175-52-CES,INDICATOR TRUE,BABV,REC,,,64.0
2026-09-29,3040265590,EA-5175-52-CES,INDICATOR TRUE,BASM,REC,,,64.0
2026-09-29,3040265591,EA-5175-52-CES,INDICATOR TRUE,BABV,REC,,,64.0
2026-09-29,3040265592,EA-5175-52-CES,INDICATOR TRUE,BABV,REC,,,64.0
2026-09-29,3040265668,9910592-2,ALTERNADOR,PAMALS,OS concluída,,,
2026-09-29,3040265678,9910592-2,ALTERNADOR,BAMN,REC,,,64.0
2026-09-29,3040265679,C611505-0201,ALTERNATOR,PAMALS,REC,,,64.0
2026-09-29,3040265680,C611505-0201,ALTERNATOR,ALA 8,REC,,,64.0
2026-09-29,3040265726,071-01519-0101,"RECEIVER-EXCITER,RADAR",PAMALS,REC,,,63.0
2026-09-29,3040265727,071-01519-0101,"RECEIVER-EXCITER,RADAR",CLA,REC,,,63.0
2026-09-29,3040265728,C163030-1001,MAIN W BRAKE A,BAMN,REC,,,63.0
2026-09-29,3040265731,066-3046-07,"CONTROL,INDICATOR",BABR,REC,,,63.0
2026-09-29,3040265732,066-3046-07,"CONTROL,INDICATOR",BANT,REC,,,63.0
2026-09-29,3040265734,066-3046-07,"CONTROL,INDICATOR",EEAR,REC,,,63.0
2026-09-29,3040265735,066-3046-07,"CONTROL,INDICATOR",CLA,REC,,,63.0
2026-09-29,3040265736,C611008-0101,ALTERNATOR CONTROL UNIT,BABV,REC,,,63.0
2026-09-29,3040265737,C611008-0101,ALTERNATOR CONTROL UNIT,EEAR,REC,,,63.0
2026-09-29,3040265738,C611008-0101,ALTERNATOR CONTROL UNIT,PAMALS,REC,,,63.0
2026-09-29,3040265739,C611008-0101,ALTERNATOR CONTROL UNIT,BANT,REC,,,63.0
2026-09-29,3040265740,C611008-0101,ALTERNATOR CONTROL UNIT,BABE,REC,,,63.0
2026-09-29,3040265741,C611008-0101,ALTERNATOR CONTROL UNIT,BABR,REC,,,63.0
2026-09-29,3040265742,066-1072-04,"RECEIVER,RADIO",BACG,REC,,,63.0
2026-09-29,3040265743,066-1072-04,"RECEIVER,RADIO",BAMN,REC,,,63.0
2026-09-29,3040265744,066-1072-04,"RECEIVER,RADIO",PAMALS,REC,,,63.0
2026-09-29,3040265745,066-3084-32,IND RDR 2000 IN-182A,PAMALS,REC,,,63.0
2026-09-29,3040265746,066-3084-32,IND RDR 2000 IN-182A,PAMALS,REC,,,63.0
2026-09-29,3040265747,30994-001,BATTERY-MARATHON TSP410 NICAD,PAMALS,AUT,,,63.0
2026-09-29,3040265748,30994-001,BATTERY-MARATHON TSP410 NICAD,PAMALS,AUT,,,63.0
2026-09-29,3040265749,30994-001,BATTERY-MARATHON TSP410 NICAD,PAMALS,AUT,,,63.0
2026-09-29,3040265750,30994-001,BATTERY-MARATHON TSP410 NICAD,PAMALS,AUT,,,63.0
2026-09-29,3040265751,30994-001,BATTERY-MARATHON TSP410 NICAD,PAMALS,AUT,,,63.0
2026-09-29,3040265752,2641011-5,AXLE-MAIN GEAR,BAMN,REC,,,63.0
2026-09-29,3040265753,2641011-5,AXLE-MAIN GEAR,BAMN,REC,,,63.0
2026-09-29,3040265754,161-11700,INNER WHEEL HALF ASSY,BACO,AUT,,,63.0
2026-09-29,3040265755,161-12800,WHEEL HALF ASSY-INNER,BABE,REC,,,63.0
2026-09-29,3040265757,066-01141-0101,"RECEIVER,RADIO",PAMALS,REC,,,63.0
2026-09-29,3040265758,066-01141-0101,"RECEIVER,RADIO",PAMALS,REC,,,63.0
2026-09-29,3040265759,C660501-0103,"COMPASS,SPEC",DACTA II,REC,,,63.0
2026-09-29,3040265769,023694-000,BATTERY NICKEL CADMIUM,BAPV,REC,,,62.0
2026-09-29,3040265771,2651023-23,ENGINE MOUNT ASSEMBLY,PAMALS,REC,,,62.0
2026-09-29,3040265772,2651023-23,ENGINE MOUNT ASSEMBLY,PAMALS,REC,,,62.0
2026-09-29,3040265892,324843-0020,HEADSET-MICROPHONE,PAMALS,REC,,,57.0
2026-09-29,3040265893,324843-0020,HEADSET-MICROPHONE,PAMALS,OS concluída,,,
2026-09-29,3040265894,324843-0020,HEADSET-MICROPHONE,PAMALS,REC,,,57.0
2026-09-29,3040265895,324843-0020,HEADSET-MICROPHONE,PAMALS,REC,,,57.0
2026-09-29,3040265946,011-00870-00,MAGNETOMETER GMU 44,BAMN,REC,,,54.0
2026-09-29,3040265947,011-00870-00,MAGNETOMETER GMU 44,BAMN,REC,,,54.0
2026-09-29,3040266034,C662041-0102,INDICATOR FUEL,BABE,REC,,,50.0
2026-09-29,3040266040,C662041-0102,INDICATOR FUEL,PAMALS,REC,,,50.0
2026-09-29,3040266036,C662041-0102,INDICATOR FUEL,PAMALS,REC,,,50.0
2026-09-29,3040266035,C662041-0102,INDICATOR FUEL,PAMALS,REC,,,42.0
2026-09-29,3040266039,C662041-0102,INDICATOR FUEL,BANT,REC,,,42.0
2026-09-29,3040266041,C662041-0102,INDICATOR FUEL,PAMALS,REC,,,42.0
2026-09-29,3040266307,069-01033-0101,"RECEIVER-TRANSMITTER,RADIO",PAMALS,REC,,,40.0
2026-09-29,3040266308,069-01033-0101,"RECEIVER-TRANSMITTER,RADIO",BANT,REC,,,40.0
2026-09-29,3040266306,069-01033-0101,"RECEIVER-TRANSMITTER,RADIO",BACG,REC,,,40.0
2026-09-29,3040266307,069-01033-0101,"RECEIVER-TRANSMITTER,RADIO",PAMALS,REC,,,40.0
2026-09-29,3040266308,069-01033-0101,"RECEIVER-TRANSMITTER,RADIO",BANT,REC,,,40.0
2026-09-29,3040266568,C662504-0101,GAGE VOLT AMME,PAMALS,REC,,,29.0
2026-09-29,3040266567,C662504-0101,GAGE VOLT AMME,ALA 9,REC,,,29.0
2026-09-29,3040266566,C662504-0101,GAGE VOLT AMME,PAMALS,REC,,,29.0
2026-09-29,3040266569,C662504-0101,GAGE VOLT AMME,BABV,REC,,,29.0
2026-09-30,3040249831,066-01141-5101,"RECEIVER-TRANSMITTER,RADIO (KT71)",PAMALS,REC,EM REPARO,LEAP,597.0
2026-09-30,3040250248,452-0133,"BATTERY,NONRECHARGEABLE",BABR,REC,CONDENADO,VEE ONE,581.0
2026-09-30,3040250249,452-0133,"BATTERY,NONRECHARGEABLE",BAMN,REC,CONDENADO,VEE ONE,581.0
2026-09-30,3040250234,3034792,BOMBA DE COMBUSTÍVEL,PAMALS,REC,,BANT,581.0
2026-09-30,3040250816,453-5060,"BEACON,DISTRESS",BAMN,REC,,PAMA-LS,559.0
2026-09-30,3040250830,799-1,TRANSDUCER,BACO,REC,,BANT,559.0
2026-09-30,3040250829,51539-012N,CONTROL UNIT ASSY-GENERATOR,BAMN,OS concluída,,,
2026-09-30,3040250828,51539-012N,CONTROL UNIT ASSY-GENERATOR,BACG,REC,,BABR,559.0
2026-09-30,3040250827,51539-012N,CONTROL UNIT ASSY-GENERATOR,BANT,REC,,BABR,559.0
2026-09-30,3040250831,799-1,TRANSDUCER,BANT,REC,,BANT,559.0
2026-09-30,3040250833,9910586-4,FLAP ACTUATOR AND MOTOR ASSEMBLY,ALA 3,REC,,BAMN,559.0
2026-09-30,3040250834,9910586-4,FLAP ACTUATOR AND MOTOR ASSEMBLY,ALA 3,OS concluída,,,
2026-09-30,3040250832,9910338-4,FUEL TOTALIZER INDICATOR,EEAR,REC,,PAMA-LS,559.0
2026-09-30,3040250835,ASG12000-2,ALTERNATOR,ALA 5,REC,REPARADO,V1 PAMA-LS,559.0
2026-09-30,3040250841,C661030-0301,TURN BANK,PAMALS,REC,EM REPARO,LEAP,559.0
2026-09-30,3040250842,C662041-0102,INDICATOR FUEL,ALA 5,REC,,PAMA-LS,559.0
2026-09-30,3040250844,C662041-0102,INDICATOR FUEL,ALA 9,REC,,PAMA-LS,559.0
2026-09-30,3040250843,C662041-0102,INDICATOR FUEL,ALA 10,OS concluída,,,
2026-09-30,3040250719,060-0017-00,FLIGHT DIR HOR,PAMALS,REC,,BANT,559.0
2026-09-30,3040250720,060-0017-00,FLIGHT DIR HOR,BABV,OS concluída,,,
2026-09-30,3040250722,066-01141-5101,"RECEIVER-TRANSMITTER,RADIO (KT71)",ALA 9,REC,EM REPARO,WILLIAM,559.0
2026-09-30,3040250723,066-01141-5101,"RECEIVER-TRANSMITTER,RADIO (KT71)",CLA,REC,,BABR,559.0
2026-09-30,3040250721,060-0017-00,FLIGHT DIR HOR,BANT,OS concluída,,,
2026-09-30,3040250725,066-3046-07,"CONTROL,INDICATOR",ALA 10,OS concluída,,,
2026-09-30,3040250724,066-04035-1101,"DISPLAY UNIT,RADAR",PAMALS,REC,,BANT,559.0
2026-09-30,3040250732,069-1025-25,"RECEIVER-TRANSMITTER,RADIO - KX165",PAMALS,REC,EM REPARO,WILLIAM,559.0
2026-09-30,3040250782,2606012-1,INDICATOR-INTER-TURBINE TEMPERATURE,ALA 9,OS concluída,,,
2026-09-30,3040250775,161-11700,INNER WHEEL HALF ASSY,BABE,OS concluída,,,
2026-09-30,3040250773,161-11700,INNER WHEEL HALF ASSY,EEAR,REC,,BACG,559.0
2026-09-30,3040250718,030-18200,MAIN WHEEL BRAKE,BACO,OS concluída,,,
2026-09-30,3040250716,030-18200,MAIN WHEEL BRAKE,BABV,REC,EM REPARO,LEAP,559.0
2026-09-30,3040250717,030-18200,MAIN WHEEL BRAKE,BACO,OS concluída,,,
2026-09-30,3040250780,162-11800,WHEEL HALF ASSY-OUTER,PAMALS,OS concluída,,,
2026-09-30,3040250781,162-11800,WHEEL HALF ASSY-OUTER,BACG,OS concluída,,,
2026-09-30,3040250778,161-12800,WHEEL HALF ASSY-INNER,BACG,OS concluída,,,
2026-09-30,3040250776,161-12800,WHEEL HALF ASSY-INNER,BABE,OS concluída,,,
2026-09-30,3040250790,2643031-7,"FORK ASSY,NOSE GEAR SPRING",BAMN,OS concluída,,,
2026-09-30,3040250791,2643090-1,SHIMMY DAMPENE,BANT,REC,EM REPARO,AV AERONAUTICA,559.0
2026-09-30,3040250792,2643090-1,SHIMMY DAMPENE,BAMN,REC,REPARADO,V1 PAMA-LS,559.0
2026-09-30,3040250789,2641012-14,TRUNNION ASSY-RH-MAIN GEAR,PAMASP,OS concluída,,,
2026-09-30,3040250793,2643099-4,"SUPPORT ASSY FOWARD, NLG SPRING",BAMN,OS concluída,,,
2026-09-30,3040250798,30994-001,BATTERY-MARATHON TSP410 NICAD,BANT,OS concluída,CONDENADO,AMA - VEE ONE,
2026-09-30,3040252191,C611008-0101,ALTERNATOR CONTROL UNIT,PAMALS,REC,,BABR,526.0
2026-09-30,3040252159,011-00916-00,DISPLAY UNIT GDU 1040A,BAMN,REC,,BAMN,526.0
2026-09-30,3040252161,065-0042-03,COMPUTER PA,ALA 10,REC,EM REPARO,WILLIAM,526.0
2026-09-30,3040252162,065-0042-03,COMPUTER PA,EEAR,REC,,BABE,526.0
2026-09-30,3040252164,065-0042-03,COMPUTER PA,EEAR,REC,EM REPARO,WILLIAM,526.0
2026-09-30,3040252165,065-0042-03,COMPUTER PA,PAMALS,OS concluída,,,
2026-09-30,3040252166,065-0059-01,SERVO PITCH,EEAR,REC,EM REPARO,WILLIAM,526.0
2026-09-30,3040252168,066-03064-0005,"ALTIMETER,SERVO CONTROLLED,AUTOMATIC PRESSURE",ALA 9,OS concluída,,,
2026-09-30,3040252173,066-03064-0005,"ALTIMETER,SERVO CONTROLLED,AUTOMATIC PRESSURE",BANT,REC,EM REPARO,LEAP,526.0
2026-09-30,3040252172,066-03064-0005,"ALTIMETER,SERVO CONTROLLED,AUTOMATIC PRESSURE",PAMALS,REC,NO ESTADO,VEE ONE,526.0
2026-09-30,3040252170,066-03064-0005,"ALTIMETER,SERVO CONTROLLED,AUTOMATIC PRESSURE",ALA 7,REC,NO ESTADO,VEE ONE,526.0
2026-09-30,3040252178,066-1072-00,RECEIVER ADF (KING KR87),PAMALS,OS concluída,,,
2026-09-30,3040252182,066-1072-04,"RECEIVER,RADIO",ALA 9,OS concluída,,,
2026-09-30,3040252181,066-1072-04,"RECEIVER,RADIO",PAMASP,REC,EM REPARO,WILLIAM,526.0
2026-09-30,3040252180,066-1072-04,"RECEIVER,RADIO",ALA 8,OS concluída,,,
2026-09-30,3040252185,066-1072-04,"RECEIVER,RADIO",BAMN,OS concluída,,,
2026-09-30,3040252189,9910338-6,"TRANSMITTER,RATE OF FLOW",ALA 8,OS concluída,,,
2026-09-30,3040252190,9910338-6,"TRANSMITTER,RATE OF FLOW",BABR,OS concluída,,,
2026-09-30,3040252160,011-01020-10,AFCS MODE CONTROLLER GMC 710,BAMN,OS concluída,,,
2026-09-30,3040252939,C163030-1001,MAIN W BRAKE A,BABV,REC,,BAMN,496.0
2026-09-30,3040252936,030-18200,MAIN WHEEL BRAKE,BACO,REC,,PAMA-LS,496.0
2026-09-30,3040252935,030-18200,MAIN WHEEL BRAKE,BAMN,OS concluída,,,
2026-09-30,3040252940,30-182,MAIN WHEEL BRAKE,BABV,OS concluída,,,
2026-09-30,3040252942,30-182,MAIN WHEEL BRAKE,BAMN,OS concluída,,,
2026-09-30,3040252943,30-182,MAIN WHEEL BRAKE,BAMN,OS concluída,,,
2026-09-30,3040253170,161-12800,WHEEL HALF ASSY-INNER,BASM,OS concluída,,,
2026-09-30,3040253168,161-12800,WHEEL HALF ASSY-INNER,BASM,REC,,PAMA-LS,492.0
2026-09-30,3040253172,161-12800,WHEEL HALF ASSY-INNER,PAMALS,REC,,PAMA-LS,492.0
2026-09-30,3040253174,161-12800,WHEEL HALF ASSY-INNER,PAMALS,OS concluída,,,
2026-09-30,3040253173,161-12800,WHEEL HALF ASSY-INNER,PAMALS,REC,EM REPARO,LEAP,492.0
2026-09-30,3040253176,162-10700,OUTER WHEEL HALF ASSY,BABE,OS concluída,,,
2026-09-30,3040253177,162-10700,OUTER WHEEL HALF ASSY,BABV,REC,,PAMA-LS,492.0
2026-09-30,3040253178,162-10700,OUTER WHEEL HALF ASSY,PAMALS,REC,,PROCURANDO,492.0
2026-09-30,3040253179,162-11800,WHEEL HALF ASSY-OUTER,CLA,OS concluída,,,
2026-09-30,3040253181,162-11800,WHEEL HALF ASSY-OUTER,PAMALS,OS concluída,,,
2026-09-30,3040253180,162-11800,WHEEL HALF ASSY-OUTER,BASM,REC,,PROCURANDO,492.0
2026-09-30,3040253182,162-11800,WHEEL HALF ASSY-OUTER,PAMALS,REC,,PAMA-LS,492.0
2026-09-30,3040253536,2641012-14,TRUNNION ASSY-RH-MAIN GEAR,PAMALS,OS concluída,,,
2026-09-30,3040253529,066-03064-0005,"ALTIMETER,SERVO CONTROLLED,AUTOMATIC PRESSURE",DSM-MN,REC,DEVOLVIDO NO ESTADO,WILLIAM,482.0
2026-09-30,3040253528,066-03064-0005,"ALTIMETER,SERVO CONTROLLED,AUTOMATIC PRESSURE",BANT,OS concluída,,,
2026-09-30,3040253532,799-1,TRANSDUCER,PAMALS,REC,,BANT,482.0
2026-09-30,3040253535,2643099-4,"SUPPORT ASSY FOWARD, NLG SPRING",BABE,REC,CONDENADO,VEE ONE,482.0
2026-09-30,3040253531,799-1,TRANSDUCER,BAMN,REC,,VEE ONE,482.0
2026-09-30,3040253530,799-1,TRANSDUCER,BAMN,REC,,BANT,482.0
2026-09-30,3040253526,30994-001,BATTERY-MARATHON TSP410 NICAD,PAMALS,OS concluída,,PAMA-LS,
2026-09-30,3040253527,30994-001,BATTERY-MARATHON TSP410 NICAD,BAPV,OS concluída,,PAMA-LS,
2026-09-30,3040254195,540-1407-4,"VALVE,BLEED,TURBINEENGINE",PAMALS,REC,,BANT,464.0
2026-09-30,3040254201,2643090-3,SHIMMY DAMPER-NOSE GEAR,PAMALS,REC,,PAMA-LS,464.0
2026-09-30,3040254203,SE1070-6,SHIMMY DAMPENER ASSY,BACGINAT,OS concluída,,,
2026-09-30,3040254205,C660501-0103,"COMPASS,SPEC",PAMALS,REC,,PAMA-LS,464.0
2026-09-30,3040254206,C660501-0103,"COMPASS,SPEC",ALA 8,REC,EM REPARO EM GARANTIA,WILLIAM,464.0
2026-09-30,3040254208,C660501-0103,"COMPASS,SPEC",BABV,REC,,PAMA-LS,464.0
2026-09-30,3040254210,799-1,TRANSDUCER,BANT,REC,,BANT,464.0
2026-09-30,3040254792,2606013-1RX,INDICATOR-PERCENT RPM,BABR,REC,,BANT,455.0
2026-09-30,3040254770,069-1025-25,"RECEIVER-TRANSMITTER,RADIO - KX165",ALA 9,REC,EM REPARO,WILLIAM,455.0
2026-09-30,3040254799,453-5000-710,EMERGENCY LOCATOR TRANSMITTER MODEL C406-2,PAMASP,OS concluída,,,
2026-09-30,3040254806,C352TS,"EXTINGUISHER,FIRE",PAMALS,REC,,PAMA-LS,455.0
2026-09-30,3040254805,C352TS,"EXTINGUISHER,FIRE",PAMALS,OS concluída,,,
2026-09-30,3040254810,C352TS,"EXTINGUISHER,FIRE",PAMALS,OS concluída,,,
2026-09-30,3040254809,C352TS,"EXTINGUISHER,FIRE",PAMAGL,OS concluída,,,
2026-09-30,3040254803,C352TS,"EXTINGUISHER,FIRE",2 ETA,REC,,PAMA-LS,455.0
2026-09-30,3040254808,C352TS,"EXTINGUISHER,FIRE",BABR,REC,,PAMA-LS,455.0
2026-09-30,3040254795,D145-00-46-2,FLAP ACTUATOR ASSY,BABE,REC,,PAMA-LS,455.0
2026-09-30,3040254793,D145-00-46-2,FLAP ACTUATOR ASSY,PAMALS,REC,,PAMA-LS,455.0
2026-09-30,3040254815,C482001-0402,VACUUM REGULAT,PAMALS,REC,CONDENADO,VEE ONE,455.0
2026-09-30,3040254816,C482001-0402,VACUUM REGULAT,PAMALS,REC,CONDENADO,VEE ONE,455.0
2026-09-30,3040254820,2641011-5,AXLE-MAIN GEAR,BAMN,OS concluída,,,
2026-09-30,3040254817,2641011-5,AXLE-MAIN GEAR,BABE,OS concluída,,,
2026-09-30,3040254818,2641011-5,AXLE-MAIN GEAR,BABE,OS concluída,,,
2026-09-30,3040254819,2641011-5,AXLE-MAIN GEAR,BANT,OS concluída,,,
2026-09-30,3040254796,30994-001,BATTERY-MARATHON TSP410 NICAD,BAMN,OS concluída,,,
2026-09-30,3040254789,452-0133,"BATTERY,NONRECHARGEABLE",BAMN,REC,CONDENADO,VEE ONE,455.0
2026-09-30,3040254788,452-0133,"BATTERY,NONRECHARGEABLE",BAMN,REC,CONDENADO,VEE ONE,455.0
2026-09-30,3040254787,452-0133,"BATTERY PACK,AIRCRAFT",DACTA II,REC,CONDENADO,VEE ONE,455.0
2026-09-30,3040254786,452-0133,"BATTERY PACK,AIRCRAFT",BAMN,REC,CONDENADO,VEE ONE,455.0
2026-09-30,3040254785,452-0133,"BATTERY,NONRECHARGEABLE",BAMN,REC,CONDENADO,VEE ONE,455.0
2026-09-30,3040254784,452-0133,"BATTERY,NONRECHARGEABLE",DACTA II,REC,CONDENADO,VEE ONE,455.0
2026-09-30,3040255326,011-00916-00,DISPLAY UNIT GDU 1040A,BAMN,REC,,BAMN,446.0
2026-09-30,3040255319,702801-5,FUEL PUMP,PAMASP,REC,EM REPARO,VEE ONE,446.0
2026-09-30,3040255321,8210-002,"GOVERNOR,CONSTANT SPEED DRIVE",PAMALS,OS concluída,,,
2026-09-30,3040255461,DAAS-A-010-1,ADAS-D PROCESSOR,PAMALS,REC,EM REPARO,VEE ONE,442.0
2026-09-30,3040255589,071-01519-0101,"RECEIVER-EXCITER,RADAR",BANT,REC,,PROCURANDO,440.0
2026-09-30,3040255590,071-01519-0101,"RECEIVER-EXCITER,RADAR",PAMALS,OS concluída,,,
2026-09-30,3040255706,C661064-0237,AIRSPEED INDICATOR,BAMN,OS concluída,,,
2026-09-30,3040256114,5934PAD-3,"ALTIMETER,PRESSURE",PAMALS,REC,EM REPARO,VEE ONE,426.0
2026-09-30,3040256119,011-00878-10,GSA-81 TORQUE SERVO,BAPV,REC,EM REPARO,LEAP,426.0
2026-09-30,3040256112,011-00883-20,RADAR GWX 68 WEATHER,BABE,REC,,BAMN,426.0
2026-09-30,3040256115,5934PAD-3,"ALTIMETER,PRESSURE",PAMALS,OS concluída,,,
2026-09-30,3040256118,011-00878-10,GSA-81 TORQUE SERVO,BAPV,REC,,BACO,426.0
2026-09-30,3040256120,011-00916-10,"DISPLAY UNIT,FLIGHT INFORMATION",BAMN,OS concluída,,,
2026-09-30,3040256314,066-4010-12,RECEIVER VOR/LOC (KNS81),EEAR,REC,EM REPARO,LEAP,413.0
2026-09-30,3040256311,3121248-03,"VALVE ASSEMBLY,COMPRESSOR BLEED",PAMALS,OS concluída,,,
2026-09-30,3040256704,C661064-0237,AIRSPEED INDICATOR,PAMALS,OS concluída,,,
2026-09-30,3040256707,D210507,"GOVERNOR,OVERSPEED",PAMALS,OS concluída,,,
2026-09-30,3040256708,D210507,"GOVERNOR,OVERSPEED",PAMALS,REC,REPARADO,VEE ONE,404.0
2026-09-30,3040256702,C661064-0237,AIRSPEED INDICATOR,BABR,OS concluída,,,
2026-09-30,3040256703,C661064-0237,AIRSPEED INDICATOR,PAMALS,OS concluída,,,
2026-09-30,3040256662,030-18200,MAIN WHEEL BRAKE,BASM,OS concluída,,,
2026-09-30,3040256665,161-11700,INNER WHEEL HALF ASSY,BABV,OS concluída,,,
2026-09-30,3040256666,161-11700,INNER WHEEL HALF ASSY,PAMALS,OS concluída,,,
2026-09-30,3040256667,161-11700,INNER WHEEL HALF ASSY,PAMALS,OS concluída,,,
2026-09-30,3040256668,161-11700,INNER WHEEL HALF ASSY,PAMALS,OS concluída,,,
2026-09-30,3040256669,161-11700,INNER WHEEL HALF ASSY,PAMALS,OS concluída,,,
2026-09-30,3040256670,161-11700,INNER WHEEL HALF ASSY,PAMALS,OS concluída,,,
2026-09-30,3040256671,161-11700,INNER WHEEL HALF ASSY,PAMALS,REC,,PAMA-LS,404.0
2026-09-30,3040256698,030-18200,MAIN WHEEL BRAKE,PAMASP,REC,,BABE,404.0
2026-09-30,3040256713,030-18200,MAIN WHEEL BRAKE,ALA 3,REC,,BAMN,404.0
2026-09-30,3040256694,162-11800,WHEEL HALF ASSY-OUTER,BANT,OS concluída,,,
2026-09-30,3040256696,162-11800,WHEEL HALF ASSY-OUTER,PAMALS,REC,,PAMA-LS,404.0
2026-09-30,3040256672,161-12800,WHEEL HALF ASSY-INNER,PAMALS,OS concluída,,PAMA-LS,
2026-09-30,3040256675,161-12800,WHEEL HALF ASSY-INNER,BANT,OS concluída,,,
2026-09-30,3040256792,011-00877-00,"GSA-80 SERVO ROL,YAW,SPEC",BAMN,REC,,PROCURANDO,404.0
2026-09-30,3040256787,011-00877-00,"GSA-80 SERVO ROL,YAW,SPEC",PAMALS,REC,EM REPARO,VEE ONE,404.0
2026-09-30,3040256828,011-00883-20,RADAR GWX 68 WEATHER,PAMALS,REC,,PAMA-LS,404.0
2026-09-30,3040256709,3121248-03,"VALVE ASSEMBLY,COMPRESSOR BLEED",PAMASP,REC,,BANT,401.0
2026-09-30,3040256673,161-12800,WHEEL HALF ASSY-INNER,PAMALS,REC,CONDENADO,VEE ONE,401.0
2026-09-30,3040257095,011-01105-01,INTEGRATED AVIONICS UNIT GIA63W,BABE,REC,EM REPARO,VEE ONE,397.0
2026-09-30,3040257096,011-01105-01,INTEGRATED AVIONICS UNIT GIA63W,BABE,REC,,BAMN,397.0
2026-09-30,3040257093,065-00183-0501,AUTOPILOT COMPUTER KFC225,BABE,REC,,BANT,397.0
2026-09-30,3040257094,065-00183-0501,AUTOPILOT COMPUTER KFC225,BABE,REC,,BANT,397.0
2026-09-30,3040257443,161-12800,WHEEL HALF ASSY-INNER,ALA 3,AUT,,,385.0
2026-09-30,3040257442,C163030-1001,MAIN W BRAKE A,BAMN,OS concluída,,BAMN,
2026-09-30,3040257452,3244809-8,"FUEL CONTROL,MAIN,TURBINE ENGINE",BAPV,OS concluída,,,
2026-09-30,3040257454,EA-5172-45-CES,"INDICATOR,AIRSPEED",BACG,OS concluída,,,
2026-09-30,3040257453,EA-5172-45-CES,"INDICATOR,AIRSPEED",ALA 7,REC,DEVOLVIDO NO ESTADO,WILLIAM,378.0
2026-09-30,3040257451,3244809-7,"FUEL CONTROL,MAIN,TURBINE ENGINE",PAMASP,REC,,BANT,378.0
2026-09-30,3040257450,3244809-4,"FUEL CONTROL,MAIN,TURBINE ENGINE",PAMASP,OS concluída,EM REPARO,LEAP,
2026-09-30,3040257438,030-18200,MAIN WHEEL BRAKE,BAMN,REC,REPARADO,VEE ONE,378.0
2026-09-30,3040257444,162-10700,OUTER WHEEL HALF ASSY,PAMALS,OS concluída,,,
2026-09-30,3040257447,162-10700,OUTER WHEEL HALF ASSY,PAMALS,OS concluída,,,
2026-09-30,3040257436,30994-001,BATTERY-MARATHON TSP410 NICAD,PAMALS,OS concluída,,PAMA-LS,
2026-09-30,3040257441,030-18200,MAIN WHEEL BRAKE,BAPV,REC,,BAMN,378.0
2026-09-30,3040257440,030-18200,MAIN WHEEL BRAKE,BANT,REC,CONDENADO,VEE ONE,378.0
2026-09-30,3040257439,030-18200,MAIN WHEEL BRAKE,BAMN,REC,,BAMN,378.0
2026-09-30,3040258306,D210507,"GOVERNOR,OVERSPEED",PAMALS,REC,EM REPARO,LEAP,358.0
2026-09-30,3040258310,D210507,"GOVERNOR,OVERSPEED",BACO,OS concluída,,,
2026-09-30,3040258309,D210507,"GOVERNOR,OVERSPEED",BAMN,REC,EM REPARO,LEAP,358.0
2026-09-30,3040258308,D210507,"GOVERNOR,OVERSPEED",BAMN,OS concluída,,,
2026-09-30,3040258307,D210507,"GOVERNOR,OVERSPEED",ALA 5,OS concluída,,,
2026-09-30,3040258303,011-00877-00,"GSA-80 SERVO ROL,YAW,SPEC",DACTA II,REC,EM REPARO,VEE ONE,358.0
2026-09-30,3040258422,2601188-8,COMPRESSOR DRIVE ASSY R134A,PAMASP,REC,,PROCURANDO,356.0
2026-09-30,3040258419,011-00877-00,"GSA-80 SERVO ROL,YAW,SPEC",DACTA II,REC,EM REPARO,VEE ONE,356.0
2026-09-30,3040258420,011-00877-00,"GSA-80 SERVO ROL,YAW,SPEC",BACO,REC,EM REPARO,VEE ONE,356.0
2026-09-30,3040258421,011-00877-00,"GSA-80 SERVO ROL,YAW,SPEC",BABE,REC,,BACO,356.0
2026-09-30,3040258764,069-01034-0102,"NAVIGATION SET,SATELLITE SIGNALS KLN-94",PAMALS,REC,,BANT,349.0
2026-09-30,3040259152,066-01141-5101,"TRANSPONDER,RADAR",BABE,REC,,BANT,330.0
2026-09-30,3040259151,066-01141-5101,"TRANSPONDER,RADAR",BANT,REC,,BANT,330.0
2026-09-30,3040259251,064-1019-05,VHF TRANSCEIVE KY196,EEAR,REC,,EEAR,328.0
2026-09-30,3040259146,1U149-015-15,HORIZ. GYRO-STADBY,PAMALS,REC,EM REPARO,VEE ONE,327.0
2026-09-30,3040259147,162-10700,OUTER WHEEL HALF ASSY,BANT,REC,EM REPARO,AMA - VEE ONE,327.0
2026-09-30,3040259148,3049038-03,"VALVE,COMPRESSOR BLEED",BANT,OS concluída,,,
2026-09-30,3040259316,2606015-4,INDICATOR-OIL TEMP/OIL PRESS,BACG,REC,,PAMA-LS,324.0
2026-09-30,3040259564,C414007-0102,BLOWER ASSY,PAMALS,OS concluída,,,
2026-09-30,3040259568,C414007-0102,BLOWER ASSY,ALA 10,OS concluída,,,
2026-09-30,3040259570,C414007-0102,BLOWER ASSY,ALA 10,OS concluída,,,
2026-09-30,3040259694,025323-150,FUEL PUMP,PAMASP,REC,,BACO,316.0
2026-09-30,3040259922,C414007-0102,BLOWER ASSY,BANT,REC,,PAMA-LS,309.0
2026-09-30,3040259928,C414007-0102,BLOWER ASSY,PAMALS,REC,EM REPARO,VEE ONE,309.0
2026-09-30,3040259924,C414007-0102,BLOWER ASSY,BACG,REC,EM REPARO,VEE ONE,309.0
2026-09-30,3040259918,C414007-0102,BLOWER ASSY,ALA 10,OS concluída,,VEE ONE,
2026-09-30,3040259950,065-0060-01,"CONTROL,SERVO,AUTOMATIC PILOT",PAMALS,REC,EM REPARO,LEAP,309.0
2026-09-30,3040259949,065-0060-01,"CONTROL,SERVO,AUTOMATIC PILOT",PAMALS,REC,EM REPARO,LEAP,309.0
2026-09-30,3040259947,066-3046-07,"CONTROL,INDICATOR",EEAR,OS concluída,,,
2026-09-30,3040259946,066-3046-07,"CONTROL,INDICATOR",BANT,REC,,BANT,309.0
2026-09-30,3040259944,066-3046-07,"CONTROL,INDICATOR",EEAR,REC,,PAMA-LS,309.0
2026-09-30,3040260209,011-00916-00,DISPLAY UNIT GDU 1040A,PAMALS,REC,,BAMN,295.0
2026-09-30,3040260208,324843-W020,HEADSET-MICROPHONE,PAMALS,REC,VAI SER DEVOLVIDO SEM REPARO,WILLIAM,295.0
2026-09-30,3040260204,324843-W020,HEADSET-MICROPHONE,PAMALS,OS concluída,,,
2026-09-30,3040260205,324843-W020,HEADSET-MICROPHONE,PAMALS,OS concluída,,,
2026-09-30,3040260388,SD5H14C4527,AIR COMPRESSOR,PAMALS,REC,EM REPARO,VEE ONE,288.0
2026-09-30,3040260382,065-00183-0501,AUTOPILOT COMPUTER KFC225,BANT,REC,,BANT,288.0
2026-09-30,3040260389,SD5H14C4527,AIR COMPRESSOR,PAMALS,REC,EM REPARO,VEE ONE,288.0
2026-09-30,3040260517,ASG12000-2,ALTERNATOR,PAMALS,OS concluída,,,
2026-09-30,3040260524,51539-012M,CONTROL UNIT ASSY-GENERATOR,BANT,REC,,BACG,285.0
2026-09-30,3040260516,ASG12000-2,ALTERNATOR,PAMALS,REC,,V1 PAMA-LS,285.0
2026-09-30,3040260523,9910592-2,ALTERNADOR,BAMN,OS concluída,,babr,
2026-09-30,3040260522,9910592-2,ALTERNADOR,BAMN,REC,,dacta II,285.0
2026-09-30,3040260547,161-12800,WHEEL HALF ASSY-INNER,EPCAR,OS concluída,,BABE,
2026-09-30,3040260545,161-11700,INNER WHEEL HALF ASSY,BACG,OS concluída,,,
2026-09-30,3040260544,161-11700,INNER WHEEL HALF ASSY,BANT,OS concluída,,,
2026-09-30,3040260546,161-12800,WHEEL HALF ASSY-INNER,PAMALS,REC,,,267.0
2026-09-30,3040260548,161-11700,INNER WHEEL HALF ASSY,CLA,OS concluída,,,
2026-09-30,3040260549,162-10700,OUTER WHEEL HALF ASSY,BACG,OS concluída,,,
2026-09-30,3040260550,162-10700,OUTER WHEEL HALF ASSY,CLA,OS concluída,,,
2026-09-30,3040260551,162-11800,WHEEL HALF ASSY-OUTER,BANT,REC,,,267.0
2026-09-30,3040260552,30994-001,BATTERY-MARATHON TSP410 NICAD,BABE,OS concluída,,PAMA-LS,
2026-09-30,3040260543,324843-W020,HEADSET-MICROPHONE,PAMALS,REC,,PAMA-LS,267.0
2026-09-30,3040260542,324843-W020,HEADSET-MICROPHONE,PAMALS,REC,,BABE,267.0
2026-09-30,3040260541,324843-W020,HEADSET-MICROPHONE,PAMALS,OS concluída,,,
2026-09-30,3040260540,324843-W020,HEADSET-MICROPHONE,PAMALS,OS concluída,,,
2026-09-30,3040260538,324843-W020,HEADSET-MICROPHONE,PAMALS,REC,,BABE,267.0
2026-09-30,3040260539,324843-W020,HEADSET-MICROPHONE,PAMALS,REC,,BABE,267.0
2026-09-30,3040260595,9910586-4,FLAP ACTUATOR AND MOTOR ASSEMBLY,7 ETA,REC,,BAMN,267.0
2026-09-30,3040260597,9910586-4,FLAP ACTUATOR AND MOTOR ASSEMBLY,BAPV,OS concluída,,BABR,
2026-09-30,3040260583,3244897-4,FUEL CONTROL UNIT,PAMALS,OS concluída,,,
2026-09-30,3040260750,3122678-04,FUEL CONTROL UNIT,PAMASP,REC,,BANT,259.0
2026-09-30,3040260752,3244897-4,FUEL CONTROL UNIT,PAMASP,OS concluída,,,
2026-09-30,3040260753,3244809-7,"FUEL CONTROL,MAIN,TURBINE ENGINE",PAMASP,OS concluída,,,
2026-09-30,3040260754,3244809-1,"FUEL CONTROL,MAIN,TURBINE ENGINE",PAMASP,REC,EM QUARENTENA,LEAP,259.0
2026-09-30,3040254794,C145-350,"MOTOR,DIRECT CURRENT",PAMALS,OS concluída,,,
2026-09-30,3040260913,064-1054-30,RECEIVER-TRANSMITTER SUBASSEMBLY,EPCAR,REC,,V1 PAMA-LS,247.0
2026-09-30,3040260915,064-1054-30,RECEIVER-TRANSMITTER SUBASSEMBLY,PAMALS,REC,,BABR,247.0
2026-09-30,3040260811,3034792,BOMBA DE COMBUSTÍVEL,BAPV,OS concluída,,BABR,
2026-09-30,3040260812,3034792,BOMBA DE COMBUSTÍVEL,BACG,OS concluída,,,
2026-09-30,3040260922,162-11800,WHEEL HALF ASSY-OUTER,PAMALS,OS concluída,,,
2026-09-30,3040260923,030-18200,MAIN WHEEL BRAKE,BACO,REC,REPARADO,VEE ONE,245.0
2026-09-30,3040261389,3034792,BOMBA DE COMBUSTÍVEL,PAMASP,OS concluída,REPARADO,V1 PAMA-LS,
2026-09-30,3040261388,3034792,BOMBA DE COMBUSTÍVEL,BABR,OS concluída,,,
2026-09-30,3040261387,3034792,BOMBA DE COMBUSTÍVEL,BABR,OS concluída,,,
2026-09-30,3040261371,TFF2905-13,FUEL FLOW TRANSDUCER,ALA 8,REC,,PAMA-LS,232.0
2026-09-30,3040261375,C661065-0240RX,"INDICATOR, AIRSPEED",BACG,REC,EM REPARO,WILLIAM,232.0
2026-09-30,3040261373,C661065-0240,AIRSPEED INDICATOR,BABE,REC,,PAMA-LS,232.0
2026-09-30,3040261322,011-00831-00,"ENGINE INTERFA,SPEC",BAPV,REC,,VEE ONE,232.0
2026-09-30,3040261326,011-00882-10,"COMPUTER,AIR DATA",BAMN,OS concluída,,,
2026-09-30,3040261324,011-00882-10,"COMPUTER,AIR DATA",BAMN,OS concluída,,,
2026-09-30,3040261327,064-1054-30,RECEIVER-TRANSMITTER SUBASSEMBLY,PAMASP,REC,,PAMA-LS,232.0
2026-09-30,3040261336,066-01141-0101,"RECEIVER,RADIO",BANT,REC,,PAMA-LS,232.0
2026-09-30,3040261334,065-0065-01,SELECTOR ALT,BANT,REC,,PAMA-LS,232.0
2026-09-30,3040261331,065-0061-36,ACTUATOR TRIM (KS272A),PAMASP,OS concluída,,BABR,
2026-09-30,3040261329,065-0061-36,ACTUATOR TRIM (KS272A),ALA 10,OS concluída,,,
2026-09-30,3040261335,065-0065-01,SELECTOR ALT,BANT,REC,,PAMA-LS,232.0
2026-09-30,3040261342,066-3084-02,COLOR RADAR INDICATOR,BABV,REC,,PAMA-LS,232.0
2026-09-30,3040261340,066-1053-00,"RECEIVER,RADIO",BASM,REC,,PAMA-LS,232.0
2026-09-30,3040261377,066-3054-01,INDICATOR RADAR ALTIMETER - TYPE KI250,PAMALS,REC,EM REPARO,WILLIAM,232.0
2026-09-30,3040261376,066-1061-03,RT RADAR ALTIM (KRA10A),PAMALS,REC,PARA REPARO,VEE ONE,232.0
2026-09-30,3040261352,1134380-4,EVAPORATOR MODULE ASSY-RH,BAMN,REC,CONDENADO,VEE ONE,232.0
2026-09-30,3040261347,071-1234-00,ANTENNA ACCESSORY,ALA 1,REC,EM REPARO,WILLIAM,232.0
2026-09-30,3040261344,066-4010-12,RECEIVER VOR/LOC (KNS81),ALA 10,REC,EM REPARO,WILLIAM,232.0
2026-09-30,3040261353,1H75-21,PRESSURE REGULATOR,BAMN,OS concluída,,BAMN,
2026-09-30,3040261357,2682001-1,BRAKE CYL MAST,BABE,OS concluída,,,
2026-09-30,3040261356,2670104-2,ANNUNCIATOR PANEL,PAMALS,OS concluída,,,
2026-09-30,3040261355,2643100-201,NOSE GEAR STRUT ASSY - TALL FORK,BABR,OS concluída,,,
2026-09-30,3040261354,2643100-201,NOSE GEAR STRUT ASSY - TALL FORK,BANT,REC,EM REPARO,AV AERONAUTICA,232.0
2026-09-30,3040261364,8210-002-01,GOVERNOR PROPELLER,PAMASP,REC,REPARADO,VEE ONE,232.0
2026-09-30,3040261627,S3828-1,ALTIMETER,BAMN,REC,,PAMA-LS,218.0
2026-09-30,3040261628,S3828-1,ALTIMETER,BABE,REC,REPARADO,V1 PAMA-LS,218.0
2026-09-30,3040261851,51539-012MRX,CONTROL UNIT ASSY-GENERATOR,BABE,REC,EM REPARO,VEE ONE,210.0
2026-09-30,3040261852,51539-012MRX,CONTROL UNIT ASSY-GENERATOR,BABE,REC,EM REPARO,VEE ONE,210.0
2026-09-30,3040261843,3034792,BOMBA DE COMBUSTÍVEL,PAMALS,REC,EM REPARO,VEE ONE,205.0
2026-09-30,3040262245,200SGL119Q-2,STARTER GENERATOR,BAMN,OS concluída,,,
2026-09-30,3040262246,200SGL119Q-2,STARTER GENERATOR,BAMN,OS concluída,,,
2026-09-30,3040262273,324843-W020,HEADSET-MICROPHONE,BABE,OS concluída,,,
2026-09-30,3040262275,324843-W020,HEADSET-MICROPHONE,BANT,OS concluída,,,
2026-09-30,3040262363,066-1055-00,AUDIO CONTROL PANEL,ALA 5,OS concluída,,,
2026-09-30,3040262367,066-1055-00,AUDIO CONTROL PANEL,ALA 9,REC,,WILLIAM,188.0
2026-09-30,3040262368,066-1055-00,AUDIO CONTROL PANEL,CLA,OS concluída,,,
2026-09-30,3040262372,51539-012M,CONTROL UNIT ASSY-GENERATOR,BANT,REC,,PAMA-LS,188.0
2026-09-30,3040262371,51539-012N,CONTROL UNIT ASSY-GENERATOR,BANT,REC,,PAMA-LS,188.0
2026-09-30,3040262419,065-0061-36,ACTUATOR TRIM (KS272A),ALA 9,REC,EM REPARO,WILLIAM,183.0
2026-09-30,3040262734,C352,PORTABLE HALON FIRE EXTINGUISHERS,ALA 5,REC,EM REPARO,AV AERONAUTICA,170.0
2026-09-30,3040262738,C352TS,"EXTINGUISHER,FIRE",BANT,REC,,AV AERONÁUTICA,170.0
2026-09-30,3040262739,C352TS,"EXTINGUISHER,FIRE",BANT,REC,,AV AERONÁUTICA,170.0
2026-09-30,3040262740,C352TS,"EXTINGUISHER,FIRE",PAMALS,REC,,AV AERONÁUTICA,170.0
2026-09-30,3040262766,011-00883-20,RADAR GWX 68 WEATHER,BAMN,OS concluída,,V1 PAMA-LS,
2026-09-30,3040262765,011-00883-20,RADAR GWX 68 WEATHER,BAMN,REC,,V1 PAMA-LS,170.0
2026-09-30,3040262772,011-01020-10,AFCS MODE CONTROLLER GMC 710,BAMN,REC,,PAMA-LS,170.0
2026-09-30,3040262770,011-01020-10,AFCS MODE CONTROLLER GMC 710,BAMN,REC,,PAMA-LS,170.0
2026-09-30,3040262773,011-01020-10,AFCS MODE CONTROLLER GMC 710,BAMN,REC,,PAMA-LS,170.0
2026-09-30,3040262746,066-1070-01,TRANSCEIVER DME (KN63),BABE,REC,EM REPARO,WILLIAM,170.0
2026-09-30,3040262745,064-1019-05,VHF TRANSCEIVE KY196,EEAR,REC,EM REPARO,VEE ONE,170.0
2026-09-30,3040262747,066-1072-00,RECEIVER ADF (KING KR87),ALA 7,REC,EM REPARO,WILLIAM,170.0
2026-09-30,3040262748,066-3046-07,"CONTROL,INDICATOR",BABR,REC,,BANT,170.0
2026-09-30,3040262769,066-3046-07,"CONTROL,INDICATOR",BABR,REC,,BANT,170.0
2026-09-30,3040262768,066-3046-07,"CONTROL,INDICATOR",EEAR,OS concluída,,BABR,
2026-09-30,3040262767,066-3046-07,"CONTROL,INDICATOR",EEAR,REC,EM REPARO,LEAP,170.0
2026-09-30,3040262791,066-3060-00,IND RMI KNI582,BANT,OS concluída,,,
2026-09-30,3040262630,161-11700,INNER WHEEL HALF ASSY,BANT,REC,,PAMA-LS,170.0
2026-09-30,3040262792,066-3060-00,IND RMI KNI582,BANT,REC,EM REPARO,LEAP,170.0
2026-09-30,3040262634,162-10700,OUTER WHEEL HALF ASSY,BANT,OS concluída,,PAMA-LS,
2026-09-30,3040262632,161-12800,WHEEL HALF ASSY-INNER,BANT,OS concluída,REPARADO,VEE ONE,
2026-09-30,3040262633,161-12800,WHEEL HALF ASSY-INNER,BANT,OS concluída,,,
2026-09-30,3040262635,162-11800,WHEEL HALF ASSY-OUTER,EPCAR,OS concluída,,,
2026-09-30,3040262637,162-11800,WHEEL HALF ASSY-OUTER,BANT,REC,REPARADO,VEE ONE,170.0
2026-09-30,3040262636,162-11800,WHEEL HALF ASSY-OUTER,BANT,OS concluída,REPARADO,VEE ONE,
2026-09-30,3040262646,200SGL119Q,STARTER GENERATOR,PAMASP,OS concluída,,,
2026-09-30,3040262639,200SGL119Q,STARTER GENERATOR,PAMASP,OS concluída,,PAMA-LS,
2026-09-30,3040262638,200SGL119Q,STARTER GENERATOR,PAMALS,REC,EM REPARO,AV AERONAUTICA,170.0
2026-09-30,3040262757,2606015-2,IND OIL TEMP/P,PAMALS,REC,EM REPARO,VEE ONE,170.0
2026-09-30,3040262706,2641011-5,AXLE-MAIN GEAR,BAMN,REC,,BANT,170.0
2026-09-30,3040262707,2641011-5,AXLE-MAIN GEAR,BABV,OS concluída,REPARADO,VEE ONE,
2026-09-30,3040262717,2641011-5,AXLE-MAIN GEAR,BANT,OS concluída,REPARADO,VEE ONE,
2026-09-30,3040262714,2641011-5,AXLE-MAIN GEAR,BAPV,REC,,BANT,170.0
2026-09-30,3040262713,2641011-5,AXLE-MAIN GEAR,BAPV,OS concluída,,,
2026-09-30,3040262712,2641011-5,AXLE-MAIN GEAR,BABR,REC,,BANT,170.0
2026-09-30,3040262711,2641011-5,AXLE-MAIN GEAR,BABR,REC,,BANT,170.0
2026-09-30,3040262709,2641011-5,AXLE-MAIN GEAR,PAMALS,REC,,BANT,170.0
2026-09-30,3040262708,2641011-5,AXLE-MAIN GEAR,PAMALS,REC,,BANT,170.0
2026-09-30,3040262744,3244809-1A,F.C.U,PAMALS,REC,EM REPARO,LEAP,170.0
2026-09-30,3040262758,9910338-4,FUEL TOTALIZER INDICATOR,PAMALS,REC,EM REPARO,VEE ONE,170.0
2026-09-30,3040262759,9910338-6,"TRANSMITTER,RATE OF FLOW",BAMN,REC,,PAMA-LS,170.0
2026-09-30,3040262760,9910338-6,"TRANSMITTER,RATE OF FLOW",BANT,REC,EM REPARO,VEE ONE,170.0
2026-09-30,3040262966,2682001-1,BRAKE CYL MAST,BACO,OS concluída,,PAMA-LS,
2026-09-30,3040262967,2682001-1,BRAKE CYL MAST,PAMALS,REC,,PAMA-LS,168.0
2026-09-30,3040262968,2682001-1,BRAKE CYL MAST,BANT,OS concluída,,PAMA-LS,
2026-09-30,3040262969,2682001-1,BRAKE CYL MAST,BABE,REC,,PAMA-LS,168.0
2026-09-30,3040263069,453-5060,ELT C406-N,BABE,OS concluída,,,
2026-09-30,3040263283,D145-00-46-2,FLAP ACTUATOR ASSY,PAMALS,REC,,,153.0
2026-09-30,3040263284,D145-00-46-2,FLAP ACTUATOR ASSY,BAFL,REC,,,153.0
2026-09-30,3040263324,069-01033-0101,"RECEIVER-TRANSMITTER,RADIO",PAMALS,REC,EM REPARO,LEAP,153.0
2026-09-30,3040263287,C661065-0237,AIRSPEED INDICATOR,BABR,OS concluída,,,
2026-09-30,3040263288,C661065-0237,AIRSPEED INDICATOR,PAMASP,OS concluída,,,
2026-09-30,3040263314,060-0017-00,FLIGHT DIR HOR,EEAR,REC,EM REPARO,LEAP,153.0
2026-09-30,3040263319,066-1055-00,AUDIO CONTROL PANEL,BABE,OS concluída,,,
2026-09-30,3040263317,060-0017-00,FLIGHT DIR HOR,PAMASP,REC,,BANT,153.0
2026-09-30,3040263316,060-0017-00,FLIGHT DIR HOR,BANT,REC,,BANT,153.0
2026-09-30,3040263320,066-1055-00,AUDIO CONTROL PANEL,PAMALS,REC,EM REPARO,AV AERONAUTICA,153.0
2026-09-30,3040263325,069-01033-0101,"RECEIVER-TRANSMITTER,RADIO",PAMALS,REC,,,153.0
2026-09-30,3040263335,C611008-0101,ALTERNATOR CONTROL UNIT,PAMALS,REC,,BANT,153.0
2026-09-30,3040263336,C611008-0101,ALTERNATOR CONTROL UNIT,PAMALS,REC,,BANT,153.0
2026-09-30,3040263286,C661065-0237,AIRSPEED INDICATOR,BANT,REC,,PAMA-LS,153.0
2026-09-30,3040263322,066-1055-00,AUDIO CONTROL PANEL,ALA 9,REC,EM REPARO,WILLIAM,153.0
2026-09-30,3040263326,069-01033-0101,"RECEIVER-TRANSMITTER,RADIO",PAMALS,REC,,BANT,153.0
2026-09-30,3040263315,060-0017-00,FLIGHT DIR HOR,BACG,OS concluída,,BABR,
2026-09-30,3040263334,011-00916-10,"DISPLAY UNIT,FLIGHT INFORMATION",BACO,REC,,WILLIAM,153.0
2026-09-30,3040263333,011-00916-10,"DISPLAY UNIT,FLIGHT INFORMATION",BACO,OS concluída,,BAMN,
2026-09-30,3040263332,011-00916-10,"DISPLAY UNIT,FLIGHT INFORMATION",BAMN,OS concluída,,,
2026-09-30,3040263331,C661064-0237,AIRSPEED INDICATOR,PAMALS,REC,,PAMA-LS,153.0
2026-09-30,3040263329,C661064-0237,AIRSPEED INDICATOR,PAMALS,REC,,PAMA-LS,153.0
2026-09-30,3040263328,C661064-0237,AIRSPEED INDICATOR,BABR,REC,EM REPARO,WILLIAM,153.0
2026-09-30,3040263327,C661064-0237,AIRSPEED INDICATOR,BABR,REC,EM REPARO,WILLIAM,153.0
2026-09-30,3040263330,C661064-0237,AIRSPEED INDICATOR,PAMALS,REC,,PAMA-LS,153.0
2026-09-30,3040263338,C611008-0101,ALTERNATOR CONTROL UNIT,PAMALS,REC,,V1 PAMA-LS,153.0
2026-09-30,3040263433,066-03064-0005,"ALTIMETER,SERVO CONTROLLED,AUTOMATIC PRESSURE",BACG,REC,,PAMA-LS,147.0
2026-09-30,3040263435,066-03064-0005,"ALTIMETER,SERVO CONTROLLED,AUTOMATIC PRESSURE",BANT,REC,,PAMA-LS,147.0
2026-09-30,3040263434,066-03064-0005,"ALTIMETER,SERVO CONTROLLED,AUTOMATIC PRESSURE",PAMASP,REC,,PAMA-LS,147.0
2026-09-30,3040263417,069-01033-0101,"RECEIVER-TRANSMITTER,RADIO",PAMALS,REC,EM REPARO,WILLIAM,147.0
2026-09-30,3040263416,069-01033-0101,"RECEIVER-TRANSMITTER,RADIO",BASM,REC,EM REPARO,WILLIAM,147.0
2026-09-30,3040263415,069-01033-0101,"RECEIVER-TRANSMITTER,RADIO",BABR,REC,,BANT,147.0
2026-09-30,3040263447,066-3046-07,"CONTROL,INDICATOR",CLA,OS concluída,,BABR,
2026-09-30,3040263443,3244897-4,FUEL CONTROL UNIT,PAMALS,REC,EM REPARO,LEAP,146.0
2026-09-30,3040263444,3244897-4,FUEL CONTROL UNIT,PAMALS,REC,EM REPARO,LEAP,146.0
2026-09-30,3040263577,060-0015-00,"CONTROL,DIRECTIONAL,AUTOMATIC PILOT",ALA 5,REC,,WILLIAM,141.0
2026-09-30,3040263574,066-1072-04,"RECEIVER,RADIO",BABE,REC,EM REPARO,WILLIAM,141.0
2026-09-30,3040263576,066-1072-04,"RECEIVER,RADIO",BAMN,OS concluída,,WILLIAM,
2026-09-30,3040263575,066-1072-04,"RECEIVER,RADIO",BABE,REC,EM REPARO,WILLIAM,141.0
2026-09-30,3040263573,066-3084-32,IND RDR 2000 IN-182A,PAMALS,REC,,BABR,141.0
2026-09-30,3040263571,066-3084-32,IND RDR 2000 IN-182A,PAMALS,REC,,BANT,141.0
2026-09-30,3040263572,066-3084-32,IND RDR 2000 IN-182A,PAMALS,REC,EM REPARO,WILLIAM,141.0
2026-09-30,3040263448,2618510-10,ALTERNATOR CONTROL UNIT ASSY,BABE,REC,EM REPARO,WILLIAM,141.0
2026-09-30,3040263449,2618510-10,ALTERNATOR CONTROL UNIT ASSY,PAMALS,REC,,BANT,141.0
2026-09-30,3040263877,2641011-5,AXLE-MAIN GEAR,CLA,REC,REPARADO,VEE ONE,131.0
2026-09-30,3040263878,2641011-5,AXLE-MAIN GEAR,CLA,REC,,BABE,131.0
2026-09-30,3040264243,069-01033-0101,"RECEIVER-TRANSMITTER,RADIO",PAMALS,REC,EM REPARO,WILLIAM,124.0
2026-09-30,3040264244,069-01033-0101,"RECEIVER-TRANSMITTER,RADIO",PAMASP,REC,EM REPARO,WILLIAM,124.0
2026-09-30,3040264246,060-0017-00,FLIGHT DIR HOR,PAMALS,REC,,BABR,124.0
2026-09-30,3040264237,200SGL119Q-2,STARTER GENERATOR,BAMN,REC,EM REPARO,AV AERONAUTICA,124.0
2026-09-30,3040264236,200SGL119Q-2,STARTER GENERATOR,BABE,OS concluída,,BABE,
2026-09-30,3040264121,3244897-4,FUEL CONTROL UNIT,BABE,OS concluída,EM REPARO,LEAP,
2026-09-30,3040264263,9910338-8,"INDICATOR,FUEL FLOW",PAMALS,OS concluída,,BABR,
2026-09-30,3040264262,9910338-8,"INDICATOR,FUEL FLOW",BABV,REC,,PAMA-LS,124.0
2026-09-30,3040264242,324843-2020,HEADSET-MICROPHONE,BABE,OS concluída,,BAMN,
2026-09-30,3040264264,324843-2020,HEADSET-MICROPHONE,DACTA II,OS concluída,,BAMN,
2026-09-30,3040264238,324843-2020,HEADSET-MICROPHONE,DACTA II,OS concluída,,,
2026-09-30,3040264241,324843-2020,HEADSET-MICROPHONE,DACTA II,OS concluída,,BAMN,
2026-09-30,3040264240,324843-2020,HEADSET-MICROPHONE,DACTA II,OS concluída,,BAMN,
2026-09-30,3040264122,3244809-8,"FUEL CONTROL,MAIN,TURBINE ENGINE",BABE,OS concluída,,BABR,
2026-09-30,3040263797,066-3046-07,"CONTROL,INDICATOR",BABE,REC,EM REPARO,WILLIAM,124.0
2026-09-30,3040263798,066-3046-07,"CONTROL,INDICATOR",PAMASP,OS concluída,,,
2026-09-30,3040263799,066-3046-07,"CONTROL,INDICATOR",PAMASP,REC,EM REPARO,WILLIAM,124.0
2026-09-30,3040263795,071-01519-0101,"RECEIVER-EXCITER,RADAR",PAMALS,REC,,BANT,124.0
2026-09-30,3040263796,071-01519-0101,"RECEIVER-EXCITER,RADAR",PAMALS,REC,EM REPARO,WILLIAM,124.0
2026-09-30,3040264579,060-0017-00,FLIGHT DIR HOR,BABR,OS concluída,,,
2026-09-30,3040264577,060-0017-00,FLIGHT DIR HOR,PAMALS,REC,,,112.0
2026-09-30,3040264573,060-0017-00,FLIGHT DIR HOR,BANT,REC,,,112.0
2026-09-30,3040264574,060-0017-00,FLIGHT DIR HOR,BANT,REC,,,112.0
2026-09-30,3040264576,060-0017-00,FLIGHT DIR HOR,PAMALS,REC,,,112.0
2026-09-30,3040264572,060-0017-00,FLIGHT DIR HOR,PAMASP,REC,,,112.0
2026-09-30,3040264647,1H75-21,PRESSURE REGULATOR,BAMN,REC,,,107.0
2026-09-30,3040264646,1H75-21,PRESSURE REGULATOR,PAMASP,REC,,,107.0
2026-09-30,3040264645,1H75-21,PRESSURE REGULATOR,PAMASP,REC,,,107.0
2026-09-30,3040264643,1H75-21,PRESSURE REGULATOR,PAMASP,OS concluída,,,
2026-09-30,3040264707,3244809-7,"FUEL CONTROL,MAIN,TURBINE ENGINE",BABE,OS concluída,,,
2026-09-30,3040264709,540-1407-4,"VALVE,BLEED,TURBINEENGINE",PAMASP,REC,,,107.0
2026-09-30,3040264710,200SGL153Q,"STARTER-GENERATOR,ENGINE,AIRCRAFT",CLA,OS concluída,,,
2026-09-30,3040264711,200SGL153Q,"STARTER-GENERATOR,ENGINE,AIRCRAFT",PAMASP,OS concluída,,,
2026-09-30,3040264712,200SGL153Q,"STARTER-GENERATOR,ENGINE,AIRCRAFT",BACG,REC,,,107.0
2026-09-30,3040264718,9910338-8,"INDICATOR,FUEL FLOW",PAMALS,REC,,,107.0
2026-09-30,3040264719,S3326-2,"INDICATOR,HORIZONTAL SITUATION",ALA 8,REC,,,107.0
2026-09-30,3040264720,S3326-2,"INDICATOR,HORIZONTAL SITUATION",PAMALS,REC,,,107.0
2026-09-30,3040264721,S3326-2,"INDICATOR,HORIZONTAL SITUATION",PAMASP,REC,,,107.0
2026-09-30,3040264724,2606013-1AM,INDICADOR PERCENTUAL RPM,BABV,REC,,,107.0
2026-09-30,3040264725,2606013-1AM,INDICADOR PERCENTUAL RPM,BABR,REC,,,107.0
2026-09-30,3040264726,2606015-4,INDICATOR-OIL TEMP/OIL PRESS,BANT,REC,,,107.0
2026-09-30,3040264727,C661051-0201,GYRO HORIZON,ALA 10,REC,,,107.0
2026-09-30,3040264728,504-0111-906,GYRO HORIZON,PAMALS,OS concluída,,,
2026-09-30,3040264729,504-0111-906,GYRO HORIZON,BACG,OS concluída,,,
2026-09-30,3040264730,8210-003,"GOVERNOR,FUEL CONTROL",PAMASP,REC,,,107.0
2026-09-30,3040264731,8210-002,"GOVERNOR,CONSTANT SPEED DRIVE",PAMASP,REC,,,107.0
2026-09-30,3040264732,8210-002,"GOVERNOR,CONSTANT SPEED DRIVE",BAMN,REC,,,107.0
2026-09-30,3040264733,030-18200,MAIN WHEEL BRAKE,BAMN,REC,,,107.0
2026-09-30,3040264734,030-18200,MAIN WHEEL BRAKE,BAMN,REC,,,107.0
2026-09-30,3040264735,161-11700,INNER WHEEL HALF ASSY,PAMALS,REC,,,107.0
2026-09-30,3040264736,161-12800,WHEEL HALF ASSY-INNER,BABR,REC,,,107.0
2026-09-30,3040264737,161-12800,WHEEL HALF ASSY-INNER,PAMALS,AUT,,,107.0
2026-09-30,3040264738,162-10700,OUTER WHEEL HALF ASSY,BACO,AUT,,,107.0
2026-09-30,3040264807,011-01105-01,INTEGRATED AVIONICS UNIT GIA63W,ALA 8,REC,,,99.0
2026-09-30,3040264808,011-01105-01,INTEGRATED AVIONICS UNIT GIA63W,BAMN,REC,,,99.0
2026-09-30,3040264907,011-00916-10,"DISPLAY UNIT,FLIGHT INFORMATION",BAMN,REC,,,92.0
2026-09-30,3040264908,011-00916-10,"DISPLAY UNIT,FLIGHT INFORMATION",BABV,OS concluída,,,
2026-09-30,3040264974,3244809-8,"FUEL CONTROL,MAIN,TURBINE ENGINE",BAMN,REC,,,90.0
2026-09-30,3040264961,3244897-4,FUEL CONTROL UNIT,CLA,OS concluída,,,
2026-09-30,3040264960,3034792,BOMBA DE COMBUSTÍVEL,CLA,OS concluída,,,
2026-09-30,3040265144,011-01020-10,AFCS MODE CONTROLLER GMC 710,BABE,REC,,,84.0
2026-09-30,3040265140,011-01020-10,AFCS MODE CONTROLLER GMC 710,BABE,REC,,,84.0
2026-09-30,3040265482,066-3084-32,IND RDR 2000 IN-182A,BABR,REC,,,69.0
2026-09-30,3040265484,066-3084-32,IND RDR 2000 IN-182A,BANT,REC,,,69.0
2026-09-30,3040265485,066-3084-32,IND RDR 2000 IN-182A,BABR,REC,,,69.0
2026-09-30,3040265526,ASG12000-2,ALTERNATOR,PAMALS,REC,,,65.0
2026-09-30,3040265525,ASG12000-2,ALTERNATOR,BABR,REC,,,65.0
2026-09-30,3040265527,9910592-2,ALTERNADOR,BABR,REC,,,65.0
2026-09-30,3040265533,3122678-04,FUEL CONTROL UNIT,BABR,REC,,,65.0
2026-09-30,3040265532,C611505-0201,ALTERNATOR,BANT,REC,,,65.0
2026-09-30,3040265530,C611505-0201,ALTERNATOR,BABV,REC,,,65.0
2026-09-30,3040265528,9910592-2,ALTERNADOR,BABR,REC,,,65.0
2026-09-30,3040265724,3244897-4,FUEL CONTROL UNIT,CLA,REC,,,64.0
2026-09-30,3040265474,C611008-0101,ALTERNATOR CONTROL UNIT,PAMALS,REC,,,62.0
2026-09-30,3040265475,C611008-0101,ALTERNATOR CONTROL UNIT,BABV,REC,,,62.0
2026-09-30,3040265476,C611008-0101,ALTERNATOR CONTROL UNIT,PAMALS,REC,,,62.0
2026-09-30,3040265477,C611008-0101,ALTERNATOR CONTROL UNIT,PAMALS,REC,,,62.0
2026-09-30,3040265576,011-00916-10,"DISPLAY UNIT,FLIGHT INFORMATION",BAMN,REC,,,61.0
2026-09-30,3040265580,011-00916-00,DISPLAY UNIT GDU 1040A,PAMALS,REC,,,65.0
2026-09-30,3040265581,011-00916-00,DISPLAY UNIT GDU 1040A,PAMALS,REC,,,65.0
2026-09-30,3040265589,EA-5175-52-CES,INDICATOR TRUE,BABV,REC,,,65.0
2026-09-30,3040265590,EA-5175-52-CES,INDICATOR TRUE,BASM,REC,,,65.0
2026-09-30,3040265591,EA-5175-52-CES,INDICATOR TRUE,BABV,REC,,,65.0
2026-09-30,3040265592,EA-5175-52-CES,INDICATOR TRUE,BABV,REC,,,65.0
2026-09-30,3040265668,9910592-2,ALTERNADOR,PAMALS,OS concluída,,,
2026-09-30,3040265678,9910592-2,ALTERNADOR,BAMN,REC,,,65.0
2026-09-30,3040265679,C611505-0201,ALTERNATOR,PAMALS,REC,,,65.0
2026-09-30,3040265680,C611505-0201,ALTERNATOR,ALA 8,REC,,,65.0
2026-09-30,3040265726,071-01519-0101,"RECEIVER-EXCITER,RADAR",PAMALS,REC,,,64.0
2026-09-30,3040265727,071-01519-0101,"RECEIVER-EXCITER,RADAR",CLA,REC,,,64.0
2026-09-30,3040265728,C163030-1001,MAIN W BRAKE A,BAMN,REC,,,64.0
2026-09-30,3040265731,066-3046-07,"CONTROL,INDICATOR",BABR,REC,,,64.0
2026-09-30,3040265732,066-3046-07,"CONTROL,INDICATOR",BANT,REC,,,64.0
2026-09-30,3040265734,066-3046-07,"CONTROL,INDICATOR",EEAR,REC,,,64.0
2026-09-30,3040265735,066-3046-07,"CONTROL,INDICATOR",CLA,REC,,,64.0
2026-09-30,3040265736,C611008-0101,ALTERNATOR CONTROL UNIT,BABV,REC,,,64.0
2026-09-30,3040265737,C611008-0101,ALTERNATOR CONTROL UNIT,EEAR,REC,,,64.0
2026-09-30,3040265738,C611008-0101,ALTERNATOR CONTROL UNIT,PAMALS,REC,,,64.0
2026-09-30,3040265739,C611008-0101,ALTERNATOR CONTROL UNIT,BANT,REC,,,64.0
2026-09-30,3040265740,C611008-0101,ALTERNATOR CONTROL UNIT,BABE,REC,,,64.0
2026-09-30,3040265741,C611008-0101,ALTERNATOR CONTROL UNIT,BABR,REC,,,64.0
2026-09-30,3040265742,066-1072-04,"RECEIVER,RADIO",BACG,REC,,,64.0
2026-09-30,3040265743,066-1072-04,"RECEIVER,RADIO",BAMN,REC,,,64.0
2026-09-30,3040265744,066-1072-04,"RECEIVER,RADIO",PAMALS,REC,,,64.0
2026-09-30,3040265745,066-3084-32,IND RDR 2000 IN-182A,PAMALS,REC,,,64.0
2026-09-30,3040265746,066-3084-32,IND RDR 2000 IN-182A,PAMALS,REC,,,64.0
2026-09-30,3040265747,30994-001,BATTERY-MARATHON TSP410 NICAD,PAMALS,AUT,,,64.0
2026-09-30,3040265748,30994-001,BATTERY-MARATHON TSP410 NICAD,PAMALS,AUT,,,64.0
2026-09-30,3040265749,30994-001,BATTERY-MARATHON TSP410 NICAD,PAMALS,AUT,,,64.0
2026-09-30,3040265750,30994-001,BATTERY-MARATHON TSP410 NICAD,PAMALS,AUT,,,64.0
2026-09-30,3040265751,30994-001,BATTERY-MARATHON TSP410 NICAD,PAMALS,AUT,,,64.0
2026-09-30,3040265752,2641011-5,AXLE-MAIN GEAR,BAMN,REC,,,64.0
2026-09-30,3040265753,2641011-5,AXLE-MAIN GEAR,BAMN,REC,,,64.0
2026-09-30,3040265754,161-11700,INNER WHEEL HALF ASSY,BACO,AUT,,,64.0
2026-09-30,3040265755,161-12800,WHEEL HALF ASSY-INNER,BABE,REC,,,64.0
2026-09-30,3040265757,066-01141-0101,"RECEIVER,RADIO",PAMALS,REC,,,64.0
2026-09-30,3040265758,066-01141-0101,"RECEIVER,RADIO",PAMALS,REC,,,64.0
2026-09-30,3040265759,C660501-0103,"COMPASS,SPEC",DACTA II,REC,,,64.0
2026-09-30,3040265769,023694-000,BATTERY NICKEL CADMIUM,BAPV,REC,,,63.0
2026-09-30,3040265771,2651023-23,ENGINE MOUNT ASSEMBLY,PAMALS,REC,,,63.0
2026-09-30,3040265772,2651023-23,ENGINE MOUNT ASSEMBLY,PAMALS,REC,,,63.0
2026-09-30,3040265892,324843-0020,HEADSET-MICROPHONE,PAMALS,REC,,,58.0
2026-09-30,3040265893,324843-0020,HEADSET-MICROPHONE,PAMALS,OS concluída,,,
2026-09-30,3040265894,324843-0020,HEADSET-MICROPHONE,PAMALS,REC,,,58.0
2026-09-30,3040265895,324843-0020,HEADSET-MICROPHONE,PAMALS,REC,,,58.0
2026-09-30,3040265946,011-00870-00,MAGNETOMETER GMU 44,BAMN,REC,,,55.0
2026-09-30,3040265947,011-00870-00,MAGNETOMETER GMU 44,BAMN,REC,,,55.0
2026-09-30,3040266034,C662041-0102,INDICATOR FUEL,BABE,REC,,,51.0
2026-09-30,3040266040,C662041-0102,INDICATOR FUEL,PAMALS,REC,,,51.0
2026-09-30,3040266036,C662041-0102,INDICATOR FUEL,PAMALS,REC,,,51.0
2026-09-30,3040266035,C662041-0102,INDICATOR FUEL,PAMALS,REC,,,43.0
2026-09-30,3040266039,C662041-0102,INDICATOR FUEL,BANT,REC,,,43.0
2026-09-30,3040266041,C662041-0102,INDICATOR FUEL,PAMALS,REC,,,43.0
2026-09-30,3040266307,069-01033-0101,"RECEIVER-TRANSMITTER,RADIO",PAMALS,REC,,,41.0
2026-09-30,3040266308,069-01033-0101,"RECEIVER-TRANSMITTER,RADIO",BANT,REC,,,41.0
2026-09-30,3040266306,069-01033-0101,"RECEIVER-TRANSMITTER,RADIO",BACG,REC,,,41.0
2026-09-30,3040266307,069-01033-0101,"RECEIVER-TRANSMITTER,RADIO",PAMALS,REC,,,41.0
2026-09-30,3040266308,069-01033-0101,"RECEIVER-TRANSMITTER,RADIO",BANT,REC,,,41.0
2026-09-30,3040266568,C662504-0101,GAGE VOLT AMME,PAMALS,REC,,,30.0
2026-09-30,3040266567,C662504-0101,GAGE VOLT AMME,ALA 9,REC,,,30.0
2026-09-30,3040266566,C662504-0101,GAGE VOLT AMME,PAMALS,REC,,,30.0
2026-09-30,3040266569,C662504-0101,GAGE VOLT AMME,BABV,REC,,,30.0
2026-10-01,3040249831,066-01141-5101,"RECEIVER-TRANSMITTER,RADIO (KT71)",PAMALS,REC,EM REPARO,LEAP,598.0
2026-10-01,3040250248,452-0133,"BATTERY,NONRECHARGEABLE",BABR,REC,CONDENADO,VEE ONE,582.0
2026-10-01,3040250249,452-0133,"BATTERY,NONRECHARGEABLE",BAMN,REC,CONDENADO,VEE ONE,582.0
2026-10-01,3040250234,3034792,BOMBA DE COMBUSTÍVEL,PAMALS,REC,,BANT,582.0
2026-10-01,3040250816,453-5060,"BEACON,DISTRESS",BAMN,REC,,PAMA-LS,560.0
2026-10-01,3040250830,799-1,TRANSDUCER,BACO,REC,,BANT,560.0
2026-10-01,3040250829,51539-012N,CONTROL UNIT ASSY-GENERATOR,BAMN,OS concluída,,,
2026-10-01,3040250828,51539-012N,CONTROL UNIT ASSY-GENERATOR,BACG,REC,,BABR,560.0
2026-10-01,3040250827,51539-012N,CONTROL UNIT ASSY-GENERATOR,BANT,REC,,BABR,560.0
2026-10-01,3040250831,799-1,TRANSDUCER,BANT,REC,,BANT,560.0
2026-10-01,3040250833,9910586-4,FLAP ACTUATOR AND MOTOR ASSEMBLY,ALA 3,REC,,BAMN,560.0
2026-10-01,3040250834,9910586-4,FLAP ACTUATOR AND MOTOR ASSEMBLY,ALA 3,OS concluída,,,
2026-10-01,3040250832,9910338-4,FUEL TOTALIZER INDICATOR,EEAR,REC,,PAMA-LS,560.0
2026-10-01,3040250835,ASG12000-2,ALTERNATOR,ALA 5,OS concluída,REPARADO,V1 PAMA-LS,
2026-10-01,3040250841,C661030-0301,TURN BANK,PAMALS,REC,EM REPARO,LEAP,560.0
2026-10-01,3040250842,C662041-0102,INDICATOR FUEL,ALA 5,REC,,PAMA-LS,560.0
2026-10-01,3040250844,C662041-0102,INDICATOR FUEL,ALA 9,REC,,PAMA-LS,560.0
2026-10-01,3040250843,C662041-0102,INDICATOR FUEL,ALA 10,OS concluída,,,
2026-10-01,3040250719,060-0017-00,FLIGHT DIR HOR,PAMALS,REC,,BANT,560.0
2026-10-01,3040250720,060-0017-00,FLIGHT DIR HOR,BABV,OS concluída,,,
2026-10-01,3040250722,066-01141-5101,"RECEIVER-TRANSMITTER,RADIO (KT71)",ALA 9,REC,EM REPARO,WILLIAM,560.0
2026-10-01,3040250723,066-01141-5101,"RECEIVER-TRANSMITTER,RADIO (KT71)",CLA,REC,,BABR,560.0
2026-10-01,3040250721,060-0017-00,FLIGHT DIR HOR,BANT,OS concluída,,,
2026-10-01,3040250725,066-3046-07,"CONTROL,INDICATOR",ALA 10,OS concluída,,,
2026-10-01,3040250724,066-04035-1101,"DISPLAY UNIT,RADAR",PAMALS,REC,,BANT,560.0
2026-10-01,3040250732,069-1025-25,"RECEIVER-TRANSMITTER,RADIO - KX165",PAMALS,REC,EM REPARO,WILLIAM,560.0
2026-10-01,3040250782,2606012-1,INDICATOR-INTER-TURBINE TEMPERATURE,ALA 9,OS concluída,,,
2026-10-01,3040250775,161-11700,INNER WHEEL HALF ASSY,BABE,OS concluída,,,
2026-10-01,3040250773,161-11700,INNER WHEEL HALF ASSY,EEAR,REC,,BACG,560.0
2026-10-01,3040250718,030-18200,MAIN WHEEL BRAKE,BACO,OS concluída,,,
2026-10-01,3040250716,030-18200,MAIN WHEEL BRAKE,BABV,REC,EM REPARO,LEAP,560.0
2026-10-01,3040250717,030-18200,MAIN WHEEL BRAKE,BACO,OS concluída,,,
2026-10-01,3040250780,162-11800,WHEEL HALF ASSY-OUTER,PAMALS,OS concluída,,,
2026-10-01,3040250781,162-11800,WHEEL HALF ASSY-OUTER,BACG,OS concluída,,,
2026-10-01,3040250778,161-12800,WHEEL HALF ASSY-INNER,BACG,OS concluída,,,
2026-10-01,3040250776,161-12800,WHEEL HALF ASSY-INNER,BABE,OS concluída,,,
2026-10-01,3040250790,2643031-7,"FORK ASSY,NOSE GEAR SPRING",BAMN,OS concluída,,,
2026-10-01,3040250791,2643090-1,SHIMMY DAMPENE,BANT,REC,EM REPARO,AV AERONAUTICA,560.0
2026-10-01,3040250792,2643090-1,SHIMMY DAMPENE,BAMN,OS concluída,REPARADO,V1 PAMA-LS,
2026-10-01,3040250789,2641012-14,TRUNNION ASSY-RH-MAIN GEAR,PAMASP,OS concluída,,,
2026-10-01,3040250793,2643099-4,"SUPPORT ASSY FOWARD, NLG SPRING",BAMN,OS concluída,,,
2026-10-01,3040250798,30994-001,BATTERY-MARATHON TSP410 NICAD,BANT,OS concluída,CONDENADO,AMA - VEE ONE,
2026-10-01,3040252191,C611008-0101,ALTERNATOR CONTROL UNIT,PAMALS,REC,,BABR,527.0
2026-10-01,3040252159,011-00916-00,DISPLAY UNIT GDU 1040A,BAMN,REC,,BAMN,527.0
2026-10-01,3040252161,065-0042-03,COMPUTER PA,ALA 10,REC,EM REPARO,WILLIAM,527.0
2026-10-01,3040252162,065-0042-03,COMPUTER PA,EEAR,REC,,BABE,527.0
2026-10-01,3040252164,065-0042-03,COMPUTER PA,EEAR,REC,EM REPARO,WILLIAM,527.0
2026-10-01,3040252165,065-0042-03,COMPUTER PA,PAMALS,OS concluída,,,
2026-10-01,3040252166,065-0059-01,SERVO PITCH,EEAR,REC,EM REPARO,WILLIAM,527.0
2026-10-01,3040252168,066-03064-0005,"ALTIMETER,SERVO CONTROLLED,AUTOMATIC PRESSURE",ALA 9,OS concluída,,,
2026-10-01,3040252173,066-03064-0005,"ALTIMETER,SERVO CONTROLLED,AUTOMATIC PRESSURE",BANT,REC,EM REPARO,LEAP,527.0
2026-10-01,3040252172,066-03064-0005,"ALTIMETER,SERVO CONTROLLED,AUTOMATIC PRESSURE",PAMALS,REC,NO ESTADO,VEE ONE,527.0
2026-10-01,3040252170,066-03064-0005,"ALTIMETER,SERVO CONTROLLED,AUTOMATIC PRESSURE",ALA 7,REC,NO ESTADO,VEE ONE,527.0
2026-10-01,3040252178,066-1072-00,RECEIVER ADF (KING KR87),PAMALS,OS concluída,,,
2026-10-01,3040252182,066-1072-04,"RECEIVER,RADIO",ALA 9,OS concluída,,,
2026-10-01,3040252181,066-1072-04,"RECEIVER,RADIO",PAMASP,OS concluída,EM REPARO,WILLIAM,
2026-10-01,3040252180,066-1072-04,"RECEIVER,RADIO",ALA 8,OS concluída,,,
2026-10-01,3040252185,066-1072-04,"RECEIVER,RADIO",BAMN,OS concluída,,,
2026-10-01,3040252189,9910338-6,"TRANSMITTER,RATE OF FLOW",ALA 8,OS concluída,,,
2026-10-01,3040252190,9910338-6,"TRANSMITTER,RATE OF FLOW",BABR,OS concluída,,,
2026-10-01,3040252160,011-01020-10,AFCS MODE CONTROLLER GMC 710,BAMN,OS concluída,,,
2026-10-01,3040252939,C163030-1001,MAIN W BRAKE A,BABV,REC,,BAMN,497.0
2026-10-01,3040252936,030-18200,MAIN WHEEL BRAKE,BACO,REC,,PAMA-LS,497.0
2026-10-01,3040252935,030-18200,MAIN WHEEL BRAKE,BAMN,OS concluída,,,
2026-10-01,3040252940,30-182,MAIN WHEEL BRAKE,BABV,OS concluída,,,
2026-10-01,3040252942,30-182,MAIN WHEEL BRAKE,BAMN,OS concluída,,,
2026-10-01,3040252943,30-182,MAIN WHEEL BRAKE,BAMN,OS concluída,,,
2026-10-01,3040253170,161-12800,WHEEL HALF ASSY-INNER,BASM,OS concluída,,,
2026-10-01,3040253168,161-12800,WHEEL HALF ASSY-INNER,BASM,OS concluída,,PAMA-LS,
2026-10-01,3040253172,161-12800,WHEEL HALF ASSY-INNER,PAMALS,REC,,PAMA-LS,493.0
2026-10-01,3040253174,161-12800,WHEEL HALF ASSY-INNER,PAMALS,OS concluída,,,
2026-10-01,3040253173,161-12800,WHEEL HALF ASSY-INNER,PAMALS,REC,EM REPARO,LEAP,493.0
2026-10-01,3040253176,162-10700,OUTER WHEEL HALF ASSY,BABE,OS concluída,,,
2026-10-01,3040253177,162-10700,OUTER WHEEL HALF ASSY,BABV,OS concluída,,PAMA-LS,
2026-10-01,3040253178,162-10700,OUTER WHEEL HALF ASSY,PAMALS,REC,,PROCURANDO,493.0
2026-10-01,3040253179,162-11800,WHEEL HALF ASSY-OUTER,CLA,OS concluída,,,
2026-10-01,3040253181,162-11800,WHEEL HALF ASSY-OUTER,PAMALS,OS concluída,,,
2026-10-01,3040253180,162-11800,WHEEL HALF ASSY-OUTER,BASM,REC,,PROCURANDO,493.0
2026-10-01,3040253182,162-11800,WHEEL HALF ASSY-OUTER,PAMALS,OS concluída,,PAMA-LS,
2026-10-01,3040253536,2641012-14,TRUNNION ASSY-RH-MAIN GEAR,PAMALS,OS concluída,,,
2026-10-01,3040253529,066-03064-0005,"ALTIMETER,SERVO CONTROLLED,AUTOMATIC PRESSURE",DSM-MN,REC,DEVOLVIDO NO ESTADO,WILLIAM,483.0
2026-10-01,3040253528,066-03064-0005,"ALTIMETER,SERVO CONTROLLED,AUTOMATIC PRESSURE",BANT,OS concluída,,,
2026-10-01,3040253532,799-1,TRANSDUCER,PAMALS,REC,,BANT,483.0
2026-10-01,3040253535,2643099-4,"SUPPORT ASSY FOWARD, NLG SPRING",BABE,REC,CONDENADO,VEE ONE,483.0
2026-10-01,3040253531,799-1,TRANSDUCER,BAMN,REC,,VEE ONE,483.0
2026-10-01,3040253530,799-1,TRANSDUCER,BAMN,REC,,BANT,483.0
2026-10-01,3040253526,30994-001,BATTERY-MARATHON TSP410 NICAD,PAMALS,OS concluída,,PAMA-LS,
2026-10-01,3040253527,30994-001,BATTERY-MARATHON TSP410 NICAD,BAPV,OS concluída,,PAMA-LS,
2026-10-01,3040254195,540-1407-4,"VALVE,BLEED,TURBINEENGINE",PAMALS,REC,,BANT,465.0
2026-10-01,3040254201,2643090-3,SHIMMY DAMPER-NOSE GEAR,PAMALS,OS concluída,,PAMA-LS,
2026-10-01,3040254203,SE1070-6,SHIMMY DAMPENER ASSY,BACGINAT,OS concluída,,,
2026-10-01,3040254205,C660501-0103,"COMPASS,SPEC",PAMALS,OS concluída,,PAMA-LS,
2026-10-01,3040254206,C660501-0103,"COMPASS,SPEC",ALA 8,REC,EM REPARO EM GARANTIA,WILLIAM,465.0
2026-10-01,3040254208,C660501-0103,"COMPASS,SPEC",BABV,OS concluída,,PAMA-LS,
2026-10-01,3040254210,799-1,TRANSDUCER,BANT,REC,,BANT,465.0
2026-10-01,3040254792,2606013-1RX,INDICATOR-PERCENT RPM,BABR,REC,,BANT,456.0
2026-10-01,3040254770,069-1025-25,"RECEIVER-TRANSMITTER,RADIO - KX165",ALA 9,REC,EM REPARO,WILLIAM,456.0
2026-10-01,3040254799,453-5000-710,EMERGENCY LOCATOR TRANSMITTER MODEL C406-2,PAMASP,OS concluída,,,
2026-10-01,3040254806,C352TS,"EXTINGUISHER,FIRE",PAMALS,OS concluída,,PAMA-LS,
2026-10-01,3040254805,C352TS,"EXTINGUISHER,FIRE",PAMALS,OS concluída,,,
2026-10-01,3040254810,C352TS,"EXTINGUISHER,FIRE",PAMALS,OS concluída,,,
2026-10-01,3040254809,C352TS,"EXTINGUISHER,FIRE",PAMAGL,OS concluída,,,
2026-10-01,3040254803,C352TS,"EXTINGUISHER,FIRE",2 ETA,OS concluída,,PAMA-LS,
2026-10-01,3040254808,C352TS,"EXTINGUISHER,FIRE",BABR,OS concluída,,PAMA-LS,
2026-10-01,3040254795,D145-00-46-2,FLAP ACTUATOR ASSY,BABE,REC,,PAMA-LS,456.0
2026-10-01,3040254793,D145-00-46-2,FLAP ACTUATOR ASSY,PAMALS,REC,,PAMA-LS,456.0
2026-10-01,3040254815,C482001-0402,VACUUM REGULAT,PAMALS,REC,CONDENADO,VEE ONE,456.0
2026-10-01,3040254816,C482001-0402,VACUUM REGULAT,PAMALS,REC,CONDENADO,VEE ONE,456.0
2026-10-01,3040254820,2641011-5,AXLE-MAIN GEAR,BAMN,OS concluída,,,
2026-10-01,3040254817,2641011-5,AXLE-MAIN GEAR,BABE,OS concluída,,,
2026-10-01,3040254818,2641011-5,AXLE-MAIN GEAR,BABE,OS concluída,,,
2026-10-01,3040254819,2641011-5,AXLE-MAIN GEAR,BANT,OS concluída,,,
2026-10-01,3040254796,30994-001,BATTERY-MARATHON TSP410 NICAD,BAMN,OS concluída,,,
2026-10-01,3040254789,452-0133,"BATTERY,NONRECHARGEABLE",BAMN,REC,CONDENADO,VEE ONE,456.0
2026-10-01,3040254788,452-0133,"BATTERY,NONRECHARGEABLE",BAMN,REC,CONDENADO,VEE ONE,456.0
2026-10-01,3040254787,452-0133,"BATTERY PACK,AIRCRAFT",DACTA II,REC,CONDENADO,VEE ONE,456.0
2026-10-01,3040254786,452-0133,"BATTERY PACK,AIRCRAFT",BAMN,REC,CONDENADO,VEE ONE,456.0
2026-10-01,3040254785,452-0133,"BATTERY,NONRECHARGEABLE",BAMN,REC,CONDENADO,VEE ONE,456.0
2026-10-01,3040254784,452-0133,"BATTERY,NONRECHARGEABLE",DACTA II,REC,CONDENADO,VEE ONE,456.0
2026-10-01,3040255326,011-00916-00,DISPLAY UNIT GDU 1040A,BAMN,REC,,BAMN,447.0
2026-10-01,3040255319,702801-5,FUEL PUMP,PAMASP,REC,EM REPARO,VEE ONE,447.0
2026-10-01,3040255321,8210-002,"GOVERNOR,CONSTANT SPEED DRIVE",PAMALS,OS concluída,,,
2026-10-01,3040255461,DAAS-A-010-1,ADAS-D PROCESSOR,PAMALS,REC,EM REPARO,VEE ONE,443.0
2026-10-01,3040255589,071-01519-0101,"RECEIVER-EXCITER,RADAR",BANT,REC,,PROCURANDO,441.0
2026-10-01,3040255590,071-01519-0101,"RECEIVER-EXCITER,RADAR",PAMALS,OS concluída,,,
2026-10-01,3040255706,C661064-0237,AIRSPEED INDICATOR,BAMN,OS concluída,,,
2026-10-01,3040256114,5934PAD-3,"ALTIMETER,PRESSURE",PAMALS,REC,EM REPARO,VEE ONE,427.0
2026-10-01,3040256119,011-00878-10,GSA-81 TORQUE SERVO,BAPV,REC,EM REPARO,LEAP,427.0
2026-10-01,3040256112,011-00883-20,RADAR GWX 68 WEATHER,BABE,REC,,BAMN,427.0
2026-10-01,3040256115,5934PAD-3,"ALTIMETER,PRESSURE",PAMALS,OS concluída,,,
2026-10-01,3040256118,011-00878-10,GSA-81 TORQUE SERVO,BAPV,REC,,BACO,427.0
2026-10-01,3040256120,011-00916-10,"DISPLAY UNIT,FLIGHT INFORMATION",BAMN,OS concluída,,,
2026-10-01,3040256314,066-4010-12,RECEIVER VOR/LOC (KNS81),EEAR,REC,EM REPARO,LEAP,414.0
2026-10-01,3040256311,3121248-03,"VALVE ASSEMBLY,COMPRESSOR BLEED",PAMALS,OS concluída,,,
2026-10-01,3040256704,C661064-0237,AIRSPEED INDICATOR,PAMALS,OS concluída,,,
2026-10-01,3040256707,D210507,"GOVERNOR,OVERSPEED",PAMALS,OS concluída,,,
2026-10-01,3040256708,D210507,"GOVERNOR,OVERSPEED",PAMALS,REC,REPARADO,VEE ONE,405.0
2026-10-01,3040256702,C661064-0237,AIRSPEED INDICATOR,BABR,OS concluída,,,
2026-10-01,3040256703,C661064-0237,AIRSPEED INDICATOR,PAMALS,OS concluída,,,
2026-10-01,3040256662,030-18200,MAIN WHEEL BRAKE,BASM,OS concluída,,,
2026-10-01,3040256665,161-11700,INNER WHEEL HALF ASSY,BABV,OS concluída,,,
2026-10-01,3040256666,161-11700,INNER WHEEL HALF ASSY,PAMALS,OS concluída,,,
2026-10-01,3040256667,161-11700,INNER WHEEL HALF ASSY,PAMALS,OS concluída,,,
2026-10-01,3040256668,161-11700,INNER WHEEL HALF ASSY,PAMALS,OS concluída,,,
2026-10-01,3040256669,161-11700,INNER WHEEL HALF ASSY,PAMALS,OS concluída,,,
2026-10-01,3040256670,161-11700,INNER WHEEL HALF ASSY,PAMALS,OS concluída,,,
2026-10-01,3040256671,161-11700,INNER WHEEL HALF ASSY,PAMALS,OS concluída,,PAMA-LS,
2026-10-01,3040256698,030-18200,MAIN WHEEL BRAKE,PAMASP,OS concluída,,BABE,
2026-10-01,3040256713,030-18200,MAIN WHEEL BRAKE,ALA 3,REC,,BAMN,405.0
2026-10-01,3040256694,162-11800,WHEEL HALF ASSY-OUTER,BANT,OS concluída,,,
2026-10-01,3040256696,162-11800,WHEEL HALF ASSY-OUTER,PAMALS,OS concluída,,PAMA-LS,
2026-10-01,3040256672,161-12800,WHEEL HALF ASSY-INNER,PAMALS,OS concluída,,PAMA-LS,
2026-10-01,3040256675,161-12800,WHEEL HALF ASSY-INNER,BANT,OS concluída,,,
2026-10-01,3040256792,011-00877-00,"GSA-80 SERVO ROL,YAW,SPEC",BAMN,REC,,PROCURANDO,405.0
2026-10-01,3040256787,011-00877-00,"GSA-80 SERVO ROL,YAW,SPEC",PAMALS,REC,EM REPARO,VEE ONE,405.0
2026-10-01,3040256828,011-00883-20,RADAR GWX 68 WEATHER,PAMALS,REC,,PAMA-LS,405.0
2026-10-01,3040256709,3121248-03,"VALVE ASSEMBLY,COMPRESSOR BLEED",PAMASP,REC,,BANT,402.0
2026-10-01,3040256673,161-12800,WHEEL HALF ASSY-INNER,PAMALS,REC,CONDENADO,VEE ONE,402.0
2026-10-01,3040257095,011-01105-01,INTEGRATED AVIONICS UNIT GIA63W,BABE,REC,EM REPARO,VEE ONE,398.0
2026-10-01,3040257096,011-01105-01,INTEGRATED AVIONICS UNIT GIA63W,BABE,REC,,BAMN,398.0
2026-10-01,3040257093,065-00183-0501,AUTOPILOT COMPUTER KFC225,BABE,OS concluída,,BANT,
2026-10-01,3040257094,065-00183-0501,AUTOPILOT COMPUTER KFC225,BABE,OS concluída,,BANT,
2026-10-01,3040257443,161-12800,WHEEL HALF ASSY-INNER,ALA 3,REC,,,386.0
2026-10-01,3040257442,C163030-1001,MAIN W BRAKE A,BAMN,OS concluída,,BAMN,
2026-10-01,3040257452,3244809-8,"FUEL CONTROL,MAIN,TURBINE ENGINE",BAPV,OS concluída,,,
2026-10-01,3040257454,EA-5172-45-CES,"INDICATOR,AIRSPEED",BACG,OS concluída,,,
2026-10-01,3040257453,EA-5172-45-CES,"INDICATOR,AIRSPEED",ALA 7,OS concluída,DEVOLVIDO NO ESTADO,WILLIAM,
2026-10-01,3040257451,3244809-7,"FUEL CONTROL,MAIN,TURBINE ENGINE",PAMASP,REC,,BANT,379.0
2026-10-01,3040257450,3244809-4,"FUEL CONTROL,MAIN,TURBINE ENGINE",PAMASP,OS concluída,EM REPARO,LEAP,
2026-10-01,3040257438,030-18200,MAIN WHEEL BRAKE,BAMN,OS concluída,REPARADO,VEE ONE,
2026-10-01,3040257444,162-10700,OUTER WHEEL HALF ASSY,PAMALS,OS concluída,,,
2026-10-01,3040257447,162-10700,OUTER WHEEL HALF ASSY,PAMALS,OS concluída,,,
2026-10-01,3040257436,30994-001,BATTERY-MARATHON TSP410 NICAD,PAMALS,OS concluída,,PAMA-LS,
2026-10-01,3040257441,030-18200,MAIN WHEEL BRAKE,BAPV,REC,,BAMN,379.0
2026-10-01,3040257440,030-18200,MAIN WHEEL BRAKE,BANT,REC,CONDENADO,VEE ONE,379.0
2026-10-01,3040257439,030-18200,MAIN WHEEL BRAKE,BAMN,REC,,BAMN,379.0
2026-10-01,3040258306,D210507,"GOVERNOR,OVERSPEED",PAMALS,REC,EM REPARO,LEAP,359.0
2026-10-01,3040258310,D210507,"GOVERNOR,OVERSPEED",BACO,OS concluída,,,
2026-10-01,3040258309,D210507,"GOVERNOR,OVERSPEED",BAMN,REC,EM REPARO,LEAP,359.0
2026-10-01,3040258308,D210507,"GOVERNOR,OVERSPEED",BAMN,OS concluída,,,
2026-10-01,3040258307,D210507,"GOVERNOR,OVERSPEED",ALA 5,OS concluída,,,
2026-10-01,3040258303,011-00877-00,"GSA-80 SERVO ROL,YAW,SPEC",DACTA II,REC,EM REPARO,VEE ONE,359.0
2026-10-01,3040258422,2601188-8,COMPRESSOR DRIVE ASSY R134A,PAMASP,REC,,PROCURANDO,357.0
2026-10-01,3040258419,011-00877-00,"GSA-80 SERVO ROL,YAW,SPEC",DACTA II,REC,EM REPARO,VEE ONE,357.0
2026-10-01,3040258420,011-00877-00,"GSA-80 SERVO ROL,YAW,SPEC",BACO,REC,EM REPARO,VEE ONE,357.0
2026-10-01,3040258421,011-00877-00,"GSA-80 SERVO ROL,YAW,SPEC",BABE,REC,,BACO,357.0
2026-10-01,3040258764,069-01034-0102,"NAVIGATION SET,SATELLITE SIGNALS KLN-94",PAMALS,REC,,BANT,350.0
2026-10-01,3040259152,066-01141-5101,"TRANSPONDER,RADAR",BABE,REC,,BANT,331.0
2026-10-01,3040259151,066-01141-5101,"TRANSPONDER,RADAR",BANT,REC,,BANT,331.0
2026-10-01,3040259251,064-1019-05,VHF TRANSCEIVE KY196,EEAR,REC,,EEAR,329.0
2026-10-01,3040259146,1U149-015-15,HORIZ. GYRO-STADBY,PAMALS,REC,EM REPARO,VEE ONE,328.0
2026-10-01,3040259147,162-10700,OUTER WHEEL HALF ASSY,BANT,REC,EM REPARO,AMA - VEE ONE,328.0
2026-10-01,3040259148,3049038-03,"VALVE,COMPRESSOR BLEED",BANT,OS concluída,,,
2026-10-01,3040259316,2606015-4,INDICATOR-OIL TEMP/OIL PRESS,BACG,OS concluída,,PAMA-LS,
2026-10-01,3040259564,C414007-0102,BLOWER ASSY,PAMALS,OS concluída,,,
2026-10-01,3040259568,C414007-0102,BLOWER ASSY,ALA 10,OS concluída,,,
2026-10-01,3040259570,C414007-0102,BLOWER ASSY,ALA 10,OS concluída,,,
2026-10-01,3040259694,025323-150,FUEL PUMP,PAMASP,REC,,BACO,317.0
2026-10-01,3040259922,C414007-0102,BLOWER ASSY,BANT,OS concluída,,PAMA-LS,
2026-10-01,3040259928,C414007-0102,BLOWER ASSY,PAMALS,REC,EM REPARO,VEE ONE,310.0
2026-10-01,3040259924,C414007-0102,BLOWER ASSY,BACG,REC,EM REPARO,VEE ONE,310.0
2026-10-01,3040259918,C414007-0102,BLOWER ASSY,ALA 10,OS concluída,,VEE ONE,
2026-10-01,3040259950,065-0060-01,"CONTROL,SERVO,AUTOMATIC PILOT",PAMALS,REC,EM REPARO,LEAP,310.0
2026-10-01,3040259949,065-0060-01,"CONTROL,SERVO,AUTOMATIC PILOT",PAMALS,REC,EM REPARO,LEAP,310.0
2026-10-01,3040259947,066-3046-07,"CONTROL,INDICATOR",EEAR,OS concluída,,,
2026-10-01,3040259946,066-3046-07,"CONTROL,INDICATOR",BANT,REC,,BANT,310.0
2026-10-01,3040259944,066-3046-07,"CONTROL,INDICATOR",EEAR,REC,,PAMA-LS,310.0
2026-10-01,3040260209,011-00916-00,DISPLAY UNIT GDU 1040A,PAMALS,REC,,BAMN,296.0
2026-10-01,3040260208,324843-W020,HEADSET-MICROPHONE,PAMALS,REC,VAI SER DEVOLVIDO SEM REPARO,WILLIAM,296.0
2026-10-01,3040260204,324843-W020,HEADSET-MICROPHONE,PAMALS,OS concluída,,,
2026-10-01,3040260205,324843-W020,HEADSET-MICROPHONE,PAMALS,OS concluída,,,
2026-10-01,3040260388,SD5H14C4527,AIR COMPRESSOR,PAMALS,REC,EM REPARO,VEE ONE,289.0
2026-10-01,3040260382,065-00183-0501,AUTOPILOT COMPUTER KFC225,BANT,REC,,BANT,289.0
2026-10-01,3040260389,SD5H14C4527,AIR COMPRESSOR,PAMALS,REC,EM REPARO,VEE ONE,289.0
2026-10-01,3040260517,ASG12000-2,ALTERNATOR,PAMALS,OS concluída,,,
2026-10-01,3040260524,51539-012M,CONTROL UNIT ASSY-GENERATOR,BANT,REC,,BACG,286.0
2026-10-01,3040260516,ASG12000-2,ALTERNATOR,PAMALS,REC,,V1 PAMA-LS,286.0
2026-10-01,3040260523,9910592-2,ALTERNADOR,BAMN,OS concluída,,babr,
2026-10-01,3040260522,9910592-2,ALTERNADOR,BAMN,REC,,dacta II,286.0
2026-10-01,3040260547,161-12800,WHEEL HALF ASSY-INNER,EPCAR,OS concluída,,BABE,
2026-10-01,3040260545,161-11700,INNER WHEEL HALF ASSY,BACG,OS concluída,,,
2026-10-01,3040260544,161-11700,INNER WHEEL HALF ASSY,BANT,OS concluída,,,
2026-10-01,3040260546,161-12800,WHEEL HALF ASSY-INNER,PAMALS,OS concluída,,,
2026-10-01,3040260548,161-11700,INNER WHEEL HALF ASSY,CLA,OS concluída,,,
2026-10-01,3040260549,162-10700,OUTER WHEEL HALF ASSY,BACG,OS concluída,,,
2026-10-01,3040260550,162-10700,OUTER WHEEL HALF ASSY,CLA,OS concluída,,,
2026-10-01,3040260551,162-11800,WHEEL HALF ASSY-OUTER,BANT,OS concluída,,,
2026-10-01,3040260552,30994-001,BATTERY-MARATHON TSP410 NICAD,BABE,OS concluída,,PAMA-LS,
2026-10-01,3040260543,324843-W020,HEADSET-MICROPHONE,PAMALS,REC,,PAMA-LS,268.0
2026-10-01,3040260542,324843-W020,HEADSET-MICROPHONE,PAMALS,REC,,BABE,268.0
2026-10-01,3040260541,324843-W020,HEADSET-MICROPHONE,PAMALS,OS concluída,,,
2026-10-01,3040260540,324843-W020,HEADSET-MICROPHONE,PAMALS,OS concluída,,,
2026-10-01,3040260538,324843-W020,HEADSET-MICROPHONE,PAMALS,REC,,BABE,268.0
2026-10-01,3040260539,324843-W020,HEADSET-MICROPHONE,PAMALS,REC,,BABE,268.0
2026-10-01,3040260595,9910586-4,FLAP ACTUATOR AND MOTOR ASSEMBLY,7 ETA,REC,,BAMN,268.0
2026-10-01,3040260597,9910586-4,FLAP ACTUATOR AND MOTOR ASSEMBLY,BAPV,OS concluída,,BABR,
2026-10-01,3040260583,3244897-4,FUEL CONTROL UNIT,PAMALS,OS concluída,,,
2026-10-01,3040260750,3122678-04,FUEL CONTROL UNIT,PAMASP,REC,,BANT,260.0
2026-10-01,3040260752,3244897-4,FUEL CONTROL UNIT,PAMASP,OS concluída,,,
2026-10-01,3040260753,3244809-7,"FUEL CONTROL,MAIN,TURBINE ENGINE",PAMASP,OS concluída,,,
2026-10-01,3040260754,3244809-1,"FUEL CONTROL,MAIN,TURBINE ENGINE",PAMASP,REC,EM QUARENTENA,LEAP,260.0
2026-10-01,3040254794,C145-350,"MOTOR,DIRECT CURRENT",PAMALS,OS concluída,,,
2026-10-01,3040260913,064-1054-30,RECEIVER-TRANSMITTER SUBASSEMBLY,EPCAR,REC,,V1 PAMA-LS,248.0
2026-10-01,3040260915,064-1054-30,RECEIVER-TRANSMITTER SUBASSEMBLY,PAMALS,REC,,BABR,248.0
2026-10-01,3040260811,3034792,BOMBA DE COMBUSTÍVEL,BAPV,OS concluída,,BABR,
2026-10-01,3040260812,3034792,BOMBA DE COMBUSTÍVEL,BACG,OS concluída,,,
2026-10-01,3040260922,162-11800,WHEEL HALF ASSY-OUTER,PAMALS,OS concluída,,,
2026-10-01,3040260923,030-18200,MAIN WHEEL BRAKE,BACO,REC,REPARADO,VEE ONE,246.0
2026-10-01,3040261389,3034792,BOMBA DE COMBUSTÍVEL,PAMASP,OS concluída,REPARADO,V1 PAMA-LS,
2026-10-01,3040261388,3034792,BOMBA DE COMBUSTÍVEL,BABR,OS concluída,,,
2026-10-01,3040261387,3034792,BOMBA DE COMBUSTÍVEL,BABR,OS concluída,,,
2026-10-01,3040261371,TFF2905-13,FUEL FLOW TRANSDUCER,ALA 8,REC,,PAMA-LS,233.0
2026-10-01,3040261375,C661065-0240RX,"INDICATOR, AIRSPEED",BACG,REC,EM REPARO,WILLIAM,233.0
2026-10-01,3040261373,C661065-0240,AIRSPEED INDICATOR,BABE,OS concluída,,PAMA-LS,
2026-10-01,3040261322,011-00831-00,"ENGINE INTERFA,SPEC",BAPV,REC,,VEE ONE,233.0
2026-10-01,3040261326,011-00882-10,"COMPUTER,AIR DATA",BAMN,OS concluída,,,
2026-10-01,3040261324,011-00882-10,"COMPUTER,AIR DATA",BAMN,OS concluída,,,
2026-10-01,3040261327,064-1054-30,RECEIVER-TRANSMITTER SUBASSEMBLY,PAMASP,OS concluída,,PAMA-LS,
2026-10-01,3040261336,066-01141-0101,"RECEIVER,RADIO",BANT,OS concluída,,PAMA-LS,
2026-10-01,3040261334,065-0065-01,SELECTOR ALT,BANT,REC,,PAMA-LS,233.0
2026-10-01,3040261331,065-0061-36,ACTUATOR TRIM (KS272A),PAMASP,OS concluída,,BABR,
2026-10-01,3040261329,065-0061-36,ACTUATOR TRIM (KS272A),ALA 10,OS concluída,,,
2026-10-01,3040261335,065-0065-01,SELECTOR ALT,BANT,OS concluída,,PAMA-LS,
2026-10-01,3040261342,066-3084-02,COLOR RADAR INDICATOR,BABV,REC,,PAMA-LS,233.0
2026-10-01,3040261340,066-1053-00,"RECEIVER,RADIO",BASM,OS concluída,,PAMA-LS,
2026-10-01,3040261377,066-3054-01,INDICATOR RADAR ALTIMETER - TYPE KI250,PAMALS,REC,EM REPARO,WILLIAM,233.0
2026-10-01,3040261376,066-1061-03,RT RADAR ALTIM (KRA10A),PAMALS,REC,PARA REPARO,VEE ONE,233.0
2026-10-01,3040261352,1134380-4,EVAPORATOR MODULE ASSY-RH,BAMN,REC,CONDENADO,VEE ONE,233.0
2026-10-01,3040261347,071-1234-00,ANTENNA ACCESSORY,ALA 1,REC,EM REPARO,WILLIAM,233.0
2026-10-01,3040261344,066-4010-12,RECEIVER VOR/LOC (KNS81),ALA 10,REC,EM REPARO,WILLIAM,233.0
2026-10-01,3040261353,1H75-21,PRESSURE REGULATOR,BAMN,OS concluída,,BAMN,
2026-10-01,3040261357,2682001-1,BRAKE CYL MAST,BABE,OS concluída,,,
2026-10-01,3040261356,2670104-2,ANNUNCIATOR PANEL,PAMALS,OS concluída,,,
2026-10-01,3040261355,2643100-201,NOSE GEAR STRUT ASSY - TALL FORK,BABR,OS concluída,,,
2026-10-01,3040261354,2643100-201,NOSE GEAR STRUT ASSY - TALL FORK,BANT,REC,EM REPARO,AV AERONAUTICA,233.0
2026-10-01,3040261364,8210-002-01,GOVERNOR PROPELLER,PAMASP,REC,REPARADO,VEE ONE,233.0
2026-10-01,3040261627,S3828-1,ALTIMETER,BAMN,REC,,PAMA-LS,219.0
2026-10-01,3040261628,S3828-1,ALTIMETER,BABE,REC,REPARADO,V1 PAMA-LS,219.0
2026-10-01,3040261851,51539-012MRX,CONTROL UNIT ASSY-GENERATOR,BABE,REC,EM REPARO,VEE ONE,211.0
2026-10-01,3040261852,51539-012MRX,CONTROL UNIT ASSY-GENERATOR,BABE,REC,EM REPARO,VEE ONE,211.0
2026-10-01,3040261843,3034792,BOMBA DE COMBUSTÍVEL,PAMALS,REC,EM REPARO,VEE ONE,206.0
2026-10-01,3040262245,200SGL119Q-2,STARTER GENERATOR,BAMN,OS concluída,,,
2026-10-01,3040262246,200SGL119Q-2,STARTER GENERATOR,BAMN,OS concluída,,,
2026-10-01,3040262273,324843-W020,HEADSET-MICROPHONE,BABE,OS concluída,,,
2026-10-01,3040262275,324843-W020,HEADSET-MICROPHONE,BANT,OS concluída,,,
2026-10-01,3040262363,066-1055-00,AUDIO CONTROL PANEL,ALA 5,OS concluída,,,
2026-10-01,3040262367,066-1055-00,AUDIO CONTROL PANEL,ALA 9,OS concluída,,WILLIAM,
2026-10-01,3040262368,066-1055-00,AUDIO CONTROL PANEL,CLA,OS concluída,,,
2026-10-01,3040262372,51539-012M,CONTROL UNIT ASSY-GENERATOR,BANT,OS concluída,,PAMA-LS,
2026-10-01,3040262371,51539-012N,CONTROL UNIT ASSY-GENERATOR,BANT,REC,,PAMA-LS,189.0
2026-10-01,3040262419,065-0061-36,ACTUATOR TRIM (KS272A),ALA 9,REC,EM REPARO,WILLIAM,184.0
2026-10-01,3040262734,C352,PORTABLE HALON FIRE EXTINGUISHERS,ALA 5,REC,EM REPARO,AV AERONAUTICA,171.0
2026-10-01,3040262738,C352TS,"EXTINGUISHER,FIRE",BANT,REC,,AV AERONÁUTICA,171.0
2026-10-01,3040262739,C352TS,"EXTINGUISHER,FIRE",BANT,OS concluída,,AV AERONÁUTICA,
2026-10-01,3040262740,C352TS,"EXTINGUISHER,FIRE",PAMALS,OS concluída,,AV AERONÁUTICA,
2026-10-01,3040262766,011-00883-20,RADAR GWX 68 WEATHER,BAMN,OS concluída,,V1 PAMA-LS,
2026-10-01,3040262765,011-00883-20,RADAR GWX 68 WEATHER,BAMN,REC,,V1 PAMA-LS,171.0
2026-10-01,3040262772,011-01020-10,AFCS MODE CONTROLLER GMC 710,BAMN,OS concluída,,PAMA-LS,
2026-10-01,3040262770,011-01020-10,AFCS MODE CONTROLLER GMC 710,BAMN,OS concluída,,PAMA-LS,
2026-10-01,3040262773,011-01020-10,AFCS MODE CONTROLLER GMC 710,BAMN,OS concluída,,PAMA-LS,
2026-10-01,3040262746,066-1070-01,TRANSCEIVER DME (KN63),BABE,REC,EM REPARO,WILLIAM,171.0
2026-10-01,3040262745,064-1019-05,VHF TRANSCEIVE KY196,EEAR,REC,EM REPARO,VEE ONE,171.0
2026-10-01,3040262747,066-1072-00,RECEIVER ADF (KING KR87),ALA 7,REC,EM REPARO,WILLIAM,171.0
2026-10-01,3040262748,066-3046-07,"CONTROL,INDICATOR",BABR,REC,,BANT,171.0
2026-10-01,3040262769,066-3046-07,"CONTROL,INDICATOR",BABR,REC,,BANT,171.0
2026-10-01,3040262768,066-3046-07,"CONTROL,INDICATOR",EEAR,OS concluída,,BABR,
2026-10-01,3040262767,066-3046-07,"CONTROL,INDICATOR",EEAR,REC,EM REPARO,LEAP,171.0
2026-10-01,3040262791,066-3060-00,IND RMI KNI582,BANT,OS concluída,,,
2026-10-01,3040262630,161-11700,INNER WHEEL HALF ASSY,BANT,OS concluída,,PAMA-LS,
2026-10-01,3040262792,066-3060-00,IND RMI KNI582,BANT,REC,EM REPARO,LEAP,171.0
2026-10-01,3040262634,162-10700,OUTER WHEEL HALF ASSY,BANT,OS concluída,,PAMA-LS,
2026-10-01,3040262632,161-12800,WHEEL HALF ASSY-INNER,BANT,OS concluída,REPARADO,VEE ONE,
2026-10-01,3040262633,161-12800,WHEEL HALF ASSY-INNER,BANT,OS concluída,,,
2026-10-01,3040262635,162-11800,WHEEL HALF ASSY-OUTER,EPCAR,OS concluída,,,
2026-10-01,3040262637,162-11800,WHEEL HALF ASSY-OUTER,BANT,OS concluída,REPARADO,VEE ONE,
2026-10-01,3040262636,162-11800,WHEEL HALF ASSY-OUTER,BANT,OS concluída,REPARADO,VEE ONE,
2026-10-01,3040262646,200SGL119Q,STARTER GENERATOR,PAMASP,OS concluída,,,
2026-10-01,3040262639,200SGL119Q,STARTER GENERATOR,PAMASP,OS concluída,,PAMA-LS,
2026-10-01,3040262638,200SGL119Q,STARTER GENERATOR,PAMALS,REC,EM REPARO,AV AERONAUTICA,171.0
2026-10-01,3040262757,2606015-2,IND OIL TEMP/P,PAMALS,REC,EM REPARO,VEE ONE,171.0
2026-10-01,3040262706,2641011-5,AXLE-MAIN GEAR,BAMN,REC,,BANT,171.0
2026-10-01,3040262707,2641011-5,AXLE-MAIN GEAR,BABV,OS concluída,REPARADO,VEE ONE,
2026-10-01,3040262717,2641011-5,AXLE-MAIN GEAR,BANT,OS concluída,REPARADO,VEE ONE,
2026-10-01,3040262714,2641011-5,AXLE-MAIN GEAR,BAPV,REC,,BANT,171.0
2026-10-01,3040262713,2641011-5,AXLE-MAIN GEAR,BAPV,OS concluída,,,
2026-10-01,3040262712,2641011-5,AXLE-MAIN GEAR,BABR,REC,,BANT,171.0
2026-10-01,3040262711,2641011-5,AXLE-MAIN GEAR,BABR,REC,,BANT,171.0
2026-10-01,3040262709,2641011-5,AXLE-MAIN GEAR,PAMALS,REC,,BANT,171.0
2026-10-01,3040262708,2641011-5,AXLE-MAIN GEAR,PAMALS,REC,,BANT,171.0
2026-10-01,3040262744,3244809-1A,F.C.U,PAMALS,REC,EM REPARO,LEAP,171.0
2026-10-01,3040262758,9910338-4,FUEL TOTALIZER INDICATOR,PAMALS,REC,EM REPARO,VEE ONE,171.0
2026-10-01,3040262759,9910338-6,"TRANSMITTER,RATE OF FLOW",BAMN,REC,,PAMA-LS,171.0
2026-10-01,3040262760,9910338-6,"TRANSMITTER,RATE OF FLOW",BANT,REC,EM REPARO,VEE ONE,171.0
2026-10-01,3040262966,2682001-1,BRAKE CYL MAST,BACO,OS concluída,,PAMA-LS,
2026-10-01,3040262967,2682001-1,BRAKE CYL MAST,PAMALS,OS concluída,,PAMA-LS,
2026-10-01,3040262968,2682001-1,BRAKE CYL MAST,BANT,OS concluída,,PAMA-LS,
2026-10-01,3040262969,2682001-1,BRAKE CYL MAST,BABE,OS concluída,,PAMA-LS,
2026-10-01,3040263069,453-5060,ELT C406-N,BABE,OS concluída,,,
2026-10-01,3040263283,D145-00-46-2,FLAP ACTUATOR ASSY,PAMALS,REC,,,154.0
2026-10-01,3040263284,D145-00-46-2,FLAP ACTUATOR ASSY,BAFL,REC,,,154.0
2026-10-01,3040263324,069-01033-0101,"RECEIVER-TRANSMITTER,RADIO",PAMALS,REC,EM REPARO,LEAP,154.0
2026-10-01,3040263287,C661065-0237,AIRSPEED INDICATOR,BABR,OS concluída,,,
2026-10-01,3040263288,C661065-0237,AIRSPEED INDICATOR,PAMASP,OS concluída,,,
2026-10-01,3040263314,060-0017-00,FLIGHT DIR HOR,EEAR,REC,EM REPARO,LEAP,154.0
2026-10-01,3040263319,066-1055-00,AUDIO CONTROL PANEL,BABE,OS concluída,,,
2026-10-01,3040263317,060-0017-00,FLIGHT DIR HOR,PAMASP,OS concluída,,BANT,
2026-10-01,3040263316,060-0017-00,FLIGHT DIR HOR,BANT,REC,,BANT,154.0
2026-10-01,3040263320,066-1055-00,AUDIO CONTROL PANEL,PAMALS,REC,EM REPARO,AV AERONAUTICA,154.0
2026-10-01,3040263325,069-01033-0101,"RECEIVER-TRANSMITTER,RADIO",PAMALS,REC,,,154.0
2026-10-01,3040263335,C611008-0101,ALTERNATOR CONTROL UNIT,PAMALS,REC,,BANT,154.0
2026-10-01,3040263336,C611008-0101,ALTERNATOR CONTROL UNIT,PAMALS,REC,,BANT,154.0
2026-10-01,3040263286,C661065-0237,AIRSPEED INDICATOR,BANT,REC,,PAMA-LS,154.0
2026-10-01,3040263322,066-1055-00,AUDIO CONTROL PANEL,ALA 9,REC,EM REPARO,WILLIAM,154.0
2026-10-01,3040263326,069-01033-0101,"RECEIVER-TRANSMITTER,RADIO",PAMALS,REC,,BANT,154.0
2026-10-01,3040263315,060-0017-00,FLIGHT DIR HOR,BACG,OS concluída,,BABR,
2026-10-01,3040263334,011-00916-10,"DISPLAY UNIT,FLIGHT INFORMATION",BACO,REC,,WILLIAM,154.0
2026-10-01,3040263333,011-00916-10,"DISPLAY UNIT,FLIGHT INFORMATION",BACO,OS concluída,,BAMN,
2026-10-01,3040263332,011-00916-10,"DISPLAY UNIT,FLIGHT INFORMATION",BAMN,OS concluída,,,
2026-10-01,3040263331,C661064-0237,AIRSPEED INDICATOR,PAMALS,REC,,PAMA-LS,154.0
2026-10-01,3040263329,C661064-0237,AIRSPEED INDICATOR,PAMALS,REC,,PAMA-LS,154.0
2026-10-01,3040263328,C661064-0237,AIRSPEED INDICATOR,BABR,REC,EM REPARO,WILLIAM,154.0
2026-10-01,3040263327,C661064-0237,AIRSPEED INDICATOR,BABR,REC,EM REPARO,WILLIAM,154.0
2026-10-01,3040263330,C661064-0237,AIRSPEED INDICATOR,PAMALS,REC,,PAMA-LS,154.0
2026-10-01,3040263338,C611008-0101,ALTERNATOR CONTROL UNIT,PAMALS,REC,,V1 PAMA-LS,154.0
2026-10-01,3040263433,066-03064-0005,"ALTIMETER,SERVO CONTROLLED,AUTOMATIC PRESSURE",BACG,OS concluída,,PAMA-LS,
2026-10-01,3040263435,066-03064-0005,"ALTIMETER,SERVO CONTROLLED,AUTOMATIC PRESSURE",BANT,OS concluída,,PAMA-LS,
2026-10-01,3040263434,066-03064-0005,"ALTIMETER,SERVO CONTROLLED,AUTOMATIC PRESSURE",PAMASP,REC,,PAMA-LS,148.0
2026-10-01,3040263417,069-01033-0101,"RECEIVER-TRANSMITTER,RADIO",PAMALS,REC,EM REPARO,WILLIAM,148.0
2026-10-01,3040263416,069-01033-0101,"RECEIVER-TRANSMITTER,RADIO",BASM,REC,EM REPARO,WILLIAM,148.0
2026-10-01,3040263415,069-01033-0101,"RECEIVER-TRANSMITTER,RADIO",BABR,REC,,BANT,148.0
2026-10-01,3040263447,066-3046-07,"CONTROL,INDICATOR",CLA,OS concluída,,BABR,
2026-10-01,3040263443,3244897-4,FUEL CONTROL UNIT,PAMALS,REC,EM REPARO,LEAP,147.0
2026-10-01,3040263444,3244897-4,FUEL CONTROL UNIT,PAMALS,REC,EM REPARO,LEAP,147.0
2026-10-01,3040263577,060-0015-00,"CONTROL,DIRECTIONAL,AUTOMATIC PILOT",ALA 5,REC,,WILLIAM,142.0
2026-10-01,3040263574,066-1072-04,"RECEIVER,RADIO",BABE,REC,EM REPARO,WILLIAM,142.0
2026-10-01,3040263576,066-1072-04,"RECEIVER,RADIO",BAMN,OS concluída,,WILLIAM,
2026-10-01,3040263575,066-1072-04,"RECEIVER,RADIO",BABE,REC,EM REPARO,WILLIAM,142.0
2026-10-01,3040263573,066-3084-32,IND RDR 2000 IN-182A,PAMALS,REC,,BABR,142.0
2026-10-01,3040263571,066-3084-32,IND RDR 2000 IN-182A,PAMALS,REC,,BANT,142.0
2026-10-01,3040263572,066-3084-32,IND RDR 2000 IN-182A,PAMALS,REC,EM REPARO,WILLIAM,142.0
2026-10-01,3040263448,2618510-10,ALTERNATOR CONTROL UNIT ASSY,BABE,REC,EM REPARO,WILLIAM,142.0
2026-10-01,3040263449,2618510-10,ALTERNATOR CONTROL UNIT ASSY,PAMALS,REC,,BANT,142.0
2026-10-01,3040263877,2641011-5,AXLE-MAIN GEAR,CLA,REC,REPARADO,VEE ONE,132.0
2026-10-01,3040263878,2641011-5,AXLE-MAIN GEAR,CLA,OS concluída,,BABE,
2026-10-01,3040264243,069-01033-0101,"RECEIVER-TRANSMITTER,RADIO",PAMALS,REC,EM REPARO,WILLIAM,125.0
2026-10-01,3040264244,069-01033-0101,"RECEIVER-TRANSMITTER,RADIO",PAMASP,REC,EM REPARO,WILLIAM,125.0
2026-10-01,3040264246,060-0017-00,FLIGHT DIR HOR,PAMALS,REC,,BABR,125.0
2026-10-01,3040264237,200SGL119Q-2,STARTER GENERATOR,BAMN,REC,EM REPARO,AV AERONAUTICA,125.0
2026-10-01,3040264236,200SGL119Q-2,STARTER GENERATOR,BABE,OS concluída,,BABE,
2026-10-01,3040264121,3244897-4,FUEL CONTROL UNIT,BABE,OS concluída,EM REPARO,LEAP,
2026-10-01,3040264263,9910338-8,"INDICATOR,FUEL FLOW",PAMALS,OS concluída,,BABR,
2026-10-01,3040264262,9910338-8,"INDICATOR,FUEL FLOW",BABV,OS concluída,,PAMA-LS,
2026-10-01,3040264242,324843-2020,HEADSET-MICROPHONE,BABE,OS concluída,,BAMN,
2026-10-01,3040264264,324843-2020,HEADSET-MICROPHONE,DACTA II,OS concluída,,BAMN,
2026-10-01,3040264238,324843-2020,HEADSET-MICROPHONE,DACTA II,OS concluída,,,
2026-10-01,3040264241,324843-2020,HEADSET-MICROPHONE,DACTA II,OS concluída,,BAMN,
2026-10-01,3040264240,324843-2020,HEADSET-MICROPHONE,DACTA II,OS concluída,,BAMN,
2026-10-01,3040264122,3244809-8,"FUEL CONTROL,MAIN,TURBINE ENGINE",BABE,OS concluída,,BABR,
2026-10-01,3040263797,066-3046-07,"CONTROL,INDICATOR",BABE,REC,EM REPARO,WILLIAM,125.0
2026-10-01,3040263798,066-3046-07,"CONTROL,INDICATOR",PAMASP,OS concluída,,,
2026-10-01,3040263799,066-3046-07,"CONTROL,INDICATOR",PAMASP,REC,EM REPARO,WILLIAM,125.0
2026-10-01,3040263795,071-01519-0101,"RECEIVER-EXCITER,RADAR",PAMALS,REC,,BANT,125.0
2026-10-01,3040263796,071-01519-0101,"RECEIVER-EXCITER,RADAR",PAMALS,REC,EM REPARO,WILLIAM,125.0
2026-10-01,3040264579,060-0017-00,FLIGHT DIR HOR,BABR,OS concluída,,,
2026-10-01,3040264577,060-0017-00,FLIGHT DIR HOR,PAMALS,REC,,,113.0
2026-10-01,3040264573,060-0017-00,FLIGHT DIR HOR,BANT,REC,,,113.0
2026-10-01,3040264574,060-0017-00,FLIGHT DIR HOR,BANT,REC,,,113.0
2026-10-01,3040264576,060-0017-00,FLIGHT DIR HOR,PAMALS,REC,,,113.0
2026-10-01,3040264572,060-0017-00,FLIGHT DIR HOR,PAMASP,REC,,,113.0
2026-10-01,3040264647,1H75-21,PRESSURE REGULATOR,BAMN,REC,,,108.0
2026-10-01,3040264646,1H75-21,PRESSURE REGULATOR,PAMASP,REC,,,108.0
2026-10-01,3040264645,1H75-21,PRESSURE REGULATOR,PAMASP,REC,,,108.0
2026-10-01,3040264643,1H75-21,PRESSURE REGULATOR,PAMASP,OS concluída,,,
2026-10-01,3040264707,3244809-7,"FUEL CONTROL,MAIN,TURBINE ENGINE",BABE,OS concluída,,,
2026-10-01,3040264709,540-1407-4,"VALVE,BLEED,TURBINEENGINE",PAMASP,REC,,,108.0
2026-10-01,3040264710,200SGL153Q,"STARTER-GENERATOR,ENGINE,AIRCRAFT",CLA,OS concluída,,,
2026-10-01,3040264711,200SGL153Q,"STARTER-GENERATOR,ENGINE,AIRCRAFT",PAMASP,OS concluída,,,
2026-10-01,3040264712,200SGL153Q,"STARTER-GENERATOR,ENGINE,AIRCRAFT",BACG,REC,,,108.0
2026-10-01,3040264718,9910338-8,"INDICATOR,FUEL FLOW",PAMALS,REC,,,108.0
2026-10-01,3040264719,S3326-2,"INDICATOR,HORIZONTAL SITUATION",ALA 8,REC,,,108.0
2026-10-01,3040264720,S3326-2,"INDICATOR,HORIZONTAL SITUATION",PAMALS,REC,,,108.0
2026-10-01,3040264721,S3326-2,"INDICATOR,HORIZONTAL SITUATION",PAMASP,REC,,,108.0
2026-10-01,3040264724,2606013-1AM,INDICADOR PERCENTUAL RPM,BABV,REC,,,108.0
2026-10-01,3040264725,2606013-1AM,INDICADOR PERCENTUAL RPM,BABR,REC,,,108.0
2026-10-01,3040264726,2606015-4,INDICATOR-OIL TEMP/OIL PRESS,BANT,REC,,,108.0
2026-10-01,3040264727,C661051-0201,GYRO HORIZON,ALA 10,REC,,,108.0
2026-10-01,3040264728,504-0111-906,GYRO HORIZON,PAMALS,OS concluída,,,
2026-10-01,3040264729,504-0111-906,GYRO HORIZON,BACG,OS concluída,,,
2026-10-01,3040264730,8210-003,"GOVERNOR,FUEL CONTROL",PAMASP,REC,,,108.0
2026-10-01,3040264731,8210-002,"GOVERNOR,CONSTANT SPEED DRIVE",PAMASP,REC,,,108.0
2026-10-01,3040264732,8210-002,"GOVERNOR,CONSTANT SPEED DRIVE",BAMN,REC,,,108.0
2026-10-01,3040264733,030-18200,MAIN WHEEL BRAKE,BAMN,REC,,,108.0
2026-10-01,3040264734,030-18200,MAIN WHEEL BRAKE,BAMN,REC,,,108.0
2026-10-01,3040264735,161-11700,INNER WHEEL HALF ASSY,PAMALS,REC,,,108.0
2026-10-01,3040264736,161-12800,WHEEL HALF ASSY-INNER,BABR,REC,,,108.0
2026-10-01,3040264737,161-12800,WHEEL HALF ASSY-INNER,PAMALS,AUT,,,108.0
2026-10-01,3040264738,162-10700,OUTER WHEEL HALF ASSY,BACO,AUT,,,108.0
2026-10-01,3040264807,011-01105-01,INTEGRATED AVIONICS UNIT GIA63W,ALA 8,REC,,,100.0
2026-10-01,3040264808,011-01105-01,INTEGRATED AVIONICS UNIT GIA63W,BAMN,REC,,,100.0
2026-10-01,3040264907,011-00916-10,"DISPLAY UNIT,FLIGHT INFORMATION",BAMN,REC,,,93.0
2026-10-01,3040264908,011-00916-10,"DISPLAY UNIT,FLIGHT INFORMATION",BABV,OS concluída,,,
2026-10-01,3040264974,3244809-8,"FUEL CONTROL,MAIN,TURBINE ENGINE",BAMN,REC,,,91.0
2026-10-01,3040264961,3244897-4,FUEL CONTROL UNIT,CLA,OS concluída,,,
2026-10-01,3040264960,3034792,BOMBA DE COMBUSTÍVEL,CLA,OS concluída,,,
2026-10-01,3040265144,011-01020-10,AFCS MODE CONTROLLER GMC 710,BABE,REC,,,85.0
2026-10-01,3040265140,011-01020-10,AFCS MODE CONTROLLER GMC 710,BABE,REC,,,85.0
2026-10-01,3040265482,066-3084-32,IND RDR 2000 IN-182A,BABR,REC,,,70.0
2026-10-01,3040265484,066-3084-32,IND RDR 2000 IN-182A,BANT,REC,,,70.0
2026-10-01,3040265485,066-3084-32,IND RDR 2000 IN-182A,BABR,REC,,,70.0
2026-10-01,3040265526,ASG12000-2,ALTERNATOR,PAMALS,REC,,,66.0
2026-10-01,3040265525,ASG12000-2,ALTERNATOR,BABR,OS concluída,,,
2026-10-01,3040265527,9910592-2,ALTERNADOR,BABR,REC,,,66.0
2026-10-01,3040265533,3122678-04,FUEL CONTROL UNIT,BABR,REC,,,66.0
2026-10-01,3040265532,C611505-0201,ALTERNATOR,BANT,REC,,,66.0
2026-10-01,3040265530,C611505-0201,ALTERNATOR,BABV,OS concluída,,,
2026-10-01,3040265528,9910592-2,ALTERNADOR,BABR,REC,,,66.0
2026-10-01,3040265724,3244897-4,FUEL CONTROL UNIT,CLA,REC,,,65.0
2026-10-01,3040265474,C611008-0101,ALTERNATOR CONTROL UNIT,PAMALS,REC,,,63.0
2026-10-01,3040265475,C611008-0101,ALTERNATOR CONTROL UNIT,BABV,REC,,,63.0
2026-10-01,3040265476,C611008-0101,ALTERNATOR CONTROL UNIT,PAMALS,REC,,,63.0
2026-10-01,3040265477,C611008-0101,ALTERNATOR CONTROL UNIT,PAMALS,REC,,,63.0
2026-10-01,3040265576,011-00916-10,"DISPLAY UNIT,FLIGHT INFORMATION",BAMN,REC,,,62.0
2026-10-01,3040265580,011-00916-00,DISPLAY UNIT GDU 1040A,PAMALS,REC,,,66.0
2026-10-01,3040265581,011-00916-00,DISPLAY UNIT GDU 1040A,PAMALS,REC,,,66.0
2026-10-01,3040265589,EA-5175-52-CES,INDICATOR TRUE,BABV,REC,,,66.0
2026-10-01,3040265590,EA-5175-52-CES,INDICATOR TRUE,BASM,REC,,,66.0
2026-10-01,3040265591,EA-5175-52-CES,INDICATOR TRUE,BABV,REC,,,66.0
2026-10-01,3040265592,EA-5175-52-CES,INDICATOR TRUE,BABV,REC,,,66.0
2026-10-01,3040265668,9910592-2,ALTERNADOR,PAMALS,OS concluída,,,
2026-10-01,3040265678,9910592-2,ALTERNADOR,BAMN,REC,,,66.0
2026-10-01,3040265679,C611505-0201,ALTERNATOR,PAMALS,REC,,,66.0
2026-10-01,3040265680,C611505-0201,ALTERNATOR,ALA 8,REC,,,66.0
2026-10-01,3040265726,071-01519-0101,"RECEIVER-EXCITER,RADAR",PAMALS,REC,,,65.0
2026-10-01,3040265727,071-01519-0101,"RECEIVER-EXCITER,RADAR",CLA,REC,,,65.0
2026-10-01,3040265728,C163030-1001,MAIN W BRAKE A,BAMN,REC,,,65.0
2026-10-01,3040265731,066-3046-07,"CONTROL,INDICATOR",BABR,REC,,,65.0
2026-10-01,3040265732,066-3046-07,"CONTROL,INDICATOR",BANT,REC,,,65.0
2026-10-01,3040265734,066-3046-07,"CONTROL,INDICATOR",EEAR,REC,,,65.0
2026-10-01,3040265735,066-3046-07,"CONTROL,INDICATOR",CLA,REC,,,65.0
2026-10-01,3040265736,C611008-0101,ALTERNATOR CONTROL UNIT,BABV,REC,,,65.0
2026-10-01,3040265737,C611008-0101,ALTERNATOR CONTROL UNIT,EEAR,REC,,,65.0
2026-10-01,3040265738,C611008-0101,ALTERNATOR CONTROL UNIT,PAMALS,REC,,,65.0
2026-10-01,3040265739,C611008-0101,ALTERNATOR CONTROL UNIT,BANT,REC,,,65.0
2026-10-01,3040265740,C611008-0101,ALTERNATOR CONTROL UNIT,BABE,REC,,,65.0
2026-10-01,3040265741,C611008-0101,ALTERNATOR CONTROL UNIT,BABR,REC,,,65.0
2026-10-01,3040265742,066-1072-04,"RECEIVER,RADIO",BACG,REC,,,65.0
2026-10-01,3040265743,066-1072-04,"RECEIVER,RADIO",BAMN,REC,,,65.0
2026-10-01,3040265744,066-1072-04,"RECEIVER,RADIO",PAMALS,REC,,,65.0
2026-10-01,3040265745,066-3084-32,IND RDR 2000 IN-182A,PAMALS,REC,,,65.0
2026-10-01,3040265746,066-3084-32,IND RDR 2000 IN-182A,PAMALS,REC,,,65.0
2026-10-01,3040265747,30994-001,BATTERY-MARATHON TSP410 NICAD,PAMALS,AUT,,,65.0
2026-10-01,3040265748,30994-001,BATTERY-MARATHON TSP410 NICAD,PAMALS,AUT,,,65.0
2026-10-01,3040265749,30994-001,BATTERY-MARATHON TSP410 NICAD,PAMALS,AUT,,,65.0
2026-10-01,3040265750,30994-001,BATTERY-MARATHON TSP410 NICAD,PAMALS,AUT,,,65.0
2026-10-01,3040265751,30994-001,BATTERY-MARATHON TSP410 NICAD,PAMALS,AUT,,,65.0
2026-10-01,3040265752,2641011-5,AXLE-MAIN GEAR,BAMN,REC,,,65.0
2026-10-01,3040265753,2641011-5,AXLE-MAIN GEAR,BAMN,REC,,,65.0
2026-10-01,3040265754,161-11700,INNER WHEEL HALF ASSY,BACO,AUT,,,65.0
2026-10-01,3040265755,161-12800,WHEEL HALF ASSY-INNER,BABE,REC,,,65.0
2026-10-01,3040265757,066-01141-0101,"RECEIVER,RADIO",PAMALS,REC,,,65.0
2026-10-01,3040265758,066-01141-0101,"RECEIVER,RADIO",PAMALS,REC,,,65.0
2026-10-01,3040265759,C660501-0103,"COMPASS,SPEC",DACTA II,REC,,,65.0
2026-10-01,3040265769,023694-000,BATTERY NICKEL CADMIUM,BAPV,REC,,,64.0
2026-10-01,3040265771,2651023-23,ENGINE MOUNT ASSEMBLY,PAMALS,REC,,,64.0
2026-10-01,3040265772,2651023-23,ENGINE MOUNT ASSEMBLY,PAMALS,REC,,,64.0
2026-10-01,3040265892,324843-0020,HEADSET-MICROPHONE,PAMALS,REC,,,59.0
2026-10-01,3040265893,324843-0020,HEADSET-MICROPHONE,PAMALS,OS concluída,,,
2026-10-01,3040265894,324843-0020,HEADSET-MICROPHONE,PAMALS,REC,,,59.0
2026-10-01,3040265895,324843-0020,HEADSET-MICROPHONE,PAMALS,REC,,,59.0
2026-10-01,3040265946,011-00870-00,MAGNETOMETER GMU 44,BAMN,REC,,,56.0
2026-10-01,3040265947,011-00870-00,MAGNETOMETER GMU 44,BAMN,REC,,,56.0
2026-10-01,3040266034,C662041-0102,INDICATOR FUEL,BABE,REC,,,52.0
2026-10-01,3040266040,C662041-0102,INDICATOR FUEL,PAMALS,OS concluída,,,
2026-10-01,3040266036,C662041-0102,INDICATOR FUEL,PAMALS,REC,,,52.0
2026-10-01,3040266035,C662041-0102,INDICATOR FUEL,PAMALS,REC,,,44.0
2026-10-01,3040266039,C662041-0102,INDICATOR FUEL,BANT,REC,,,44.0
2026-10-01,3040266041,C662041-0102,INDICATOR FUEL,PAMALS,REC,,,44.0
2026-10-01,3040266307,069-01033-0101,"RECEIVER-TRANSMITTER,RADIO",PAMALS,REC,,,42.0
2026-10-01,3040266308,069-01033-0101,"RECEIVER-TRANSMITTER,RADIO",BANT,REC,,,42.0
2026-10-01,3040266306,069-01033-0101,"RECEIVER-TRANSMITTER,RADIO",BACG,REC,,,42.0
2026-10-01,3040266307,069-01033-0101,"RECEIVER-TRANSMITTER,RADIO",PAMALS,REC,,,42.0
2026-10-01,3040266308,069-01033-0101,"RECEIVER-TRANSMITTER,RADIO",BANT,REC,,,42.0
2026-10-01,3040266568,C662504-0101,GAGE VOLT AMME,PAMALS,REC,,,31.0
2026-10-01,3040266567,C662504-0101,GAGE VOLT AMME,ALA 9,REC,,,31.0
2026-10-01,3040266566,C662504-0101,GAGE VOLT AMME,PAMALS,REC,,,31.0
2026-10-01,3040266569,C662504-0101,GAGE VOLT AMME,BABV,REC,,,31.0
2026-10-01,3040266644,2643100-206,NOSE GEAR STRUT ASSY - TALL FORK,BAMN,REC,,,27.0
2026-10-01,3040266685,9910586-4,FLAP ACTUATOR AND MOTOR ASSEMBLY,PAMALS,REC,,,22.0
2026-10-01,3040266684,9910586-4,FLAP ACTUATOR AND MOTOR ASSEMBLY,BANT,REC,,,22.0
2026-10-01,3040266682,161-11700,INNER WHEEL HALF ASSY,DACTA II,REC,,,22.0
2026-10-01,3040266683,162-11800,WHEEL HALF ASSY-OUTER,BAMN,REC,,,22.0
2026-10-01,3040266681,162-10700,OUTER WHEEL HALF ASSY,DACTA II,REC,,,22.0
2026-10-01,3040266667,2641011-5,AXLE-MAIN GEAR,BACO,REC,,,22.0
2026-10-01,3040266666,2641011-5,AXLE-MAIN GEAR,BACO,REC,,,22.0
2026-10-01,3040266664,2641011-5,AXLE-MAIN GEAR,BANT,REC,,,22.0
2026-10-01,3040266665,2641011-5,AXLE-MAIN GEAR,BANT,REC,,,22.0
2026-10-01,3040266660,2643031-7,"FORK ASSY,NOSE GEAR SPRING",PAMALS,REC,,,22.0
2026-10-01,3040266662,2641012-14,TRUNNION ASSY-RH-MAIN GEAR,PAMALS,REC,,,22.0
2026-10-01,3040266663,2641012-14,TRUNNION ASSY-RH-MAIN GEAR,BANT,REC,,,22.0
2026-10-01,3040266661,2643031-7,"FORK ASSY,NOSE GEAR SPRING",PAMALS,REC,,,22.0
2026-10-01,3040266656,2643099-4,"SUPPORT ASSY FOWARD, NLG SPRING",BABE,REC,,,22.0
2026-10-01,3040266657,2643099-4,"SUPPORT ASSY FOWARD, NLG SPRING",PAMASP,REC,,,22.0
2026-10-01,3040266658,2643099-4,"SUPPORT ASSY FOWARD, NLG SPRING",PAMASP,REC,,,22.0
2026-10-01,3040266643,2643100-206,NOSE GEAR STRUT ASSY - TALL FORK,BABE,REC,,,22.0
2026-10-01,3040266737,C661025-0101,ALTIMETER (2P),BANT,REC,,,15.0
2026-10-01,3040266724,065-0065-01,SELECTOR ALT,CLA,REC,,,15.0
2026-10-01,3040266725,C662041-0102,INDICATOR FUEL,BABR,REC,,,15.0
2026-10-01,3040266726,C662041-0102,INDICATOR FUEL,BABR,REC,,,15.0
2026-10-01,3040266727,C662041-0102,INDICATOR FUEL,BABR,REC,,,15.0
2026-10-01,3040266730,060-0015-00,"CONTROL,DIRECTIONAL,AUTOMATIC PILOT",PAMALS,REC,,,15.0
2026-10-01,3040266731,060-0015-00,"CONTROL,DIRECTIONAL,AUTOMATIC PILOT",BABV,REC,,,15.0
2026-10-01,3040266723,065-0065-01,SELECTOR ALT,EEAR,REC,,,15.0
2026-10-01,3040266722,065-0065-01,SELECTOR ALT,BANT,REC,,,15.0
2026-10-01,3040266728,060-0015-00,"CONTROL,DIRECTIONAL,AUTOMATIC PILOT",PAMASP,REC,,,15.0
2026-10-01,3040266732,066-3046-07,"CONTROL,INDICATOR",BANT,REC,,,15.0
2026-10-01,3040266884,D210507,"GOVERNOR,OVERSPEED",PAMALS,REC,,,8.0
2026-10-01,3040266882,D210507,"GOVERNOR,OVERSPEED",BANT,REC,,,8.0
2026-10-02,3040249831,066-01141-5101,"RECEIVER-TRANSMITTER,RADIO (KT71)",PAMALS,REC,EM REPARO,LEAP,599.0
2026-10-02,3040250248,452-0133,"BATTERY,NONRECHARGEABLE",BABR,REC,CONDENADO,VEE ONE,583.0
2026-10-02,3040250249,452-0133,"BATTERY,NONRECHARGEABLE",BAMN,REC,CONDENADO,VEE ONE,583.0
2026-10-02,3040250234,3034792,BOMBA DE COMBUSTÍVEL,PAMALS,REC,,BANT,583.0
2026-10-02,3040250816,453-5060,"BEACON,DISTRESS",BAMN,REC,,PAMA-LS,561.0
2026-10-02,3040250830,799-1,TRANSDUCER,BACO,REC,,BANT,561.0
2026-10-02,3040250829,51539-012N,CONTROL UNIT ASSY-GENERATOR,BAMN,OS concluída,,,
2026-10-02,3040250828,51539-012N,CONTROL UNIT ASSY-GENERATOR,BACG,REC,,BABR,561.0
2026-10-02,3040250827,51539-012N,CONTROL UNIT ASSY-GENERATOR,BANT,REC,,BABR,561.0
2026-10-02,3040250831,799-1,TRANSDUCER,BANT,REC,,BANT,561.0
2026-10-02,3040250833,9910586-4,FLAP ACTUATOR AND MOTOR ASSEMBLY,ALA 3,REC,,BAMN,561.0
2026-10-02,3040250834,9910586-4,FLAP ACTUATOR AND MOTOR ASSEMBLY,ALA 3,OS concluída,,,
2026-10-02,3040250832,9910338-4,FUEL TOTALIZER INDICATOR,EEAR,REC,,PAMA-LS,561.0
2026-10-02,3040250835,ASG12000-2,ALTERNATOR,ALA 5,OS concluída,REPARADO,V1 PAMA-LS,
2026-10-02,3040250841,C661030-0301,TURN BANK,PAMALS,REC,EM REPARO,LEAP,561.0
2026-10-02,3040250842,C662041-0102,INDICATOR FUEL,ALA 5,REC,,PAMA-LS,561.0
2026-10-02,3040250844,C662041-0102,INDICATOR FUEL,ALA 9,REC,,PAMA-LS,561.0
2026-10-02,3040250843,C662041-0102,INDICATOR FUEL,ALA 10,OS concluída,,,
2026-10-02,3040250719,060-0017-00,FLIGHT DIR HOR,PAMALS,REC,,BANT,561.0
2026-10-02,3040250720,060-0017-00,FLIGHT DIR HOR,BABV,OS concluída,,,
2026-10-02,3040250722,066-01141-5101,"RECEIVER-TRANSMITTER,RADIO (KT71)",ALA 9,REC,EM REPARO,WILLIAM,561.0
2026-10-02,3040250723,066-01141-5101,"RECEIVER-TRANSMITTER,RADIO (KT71)",CLA,REC,,BABR,561.0
2026-10-02,3040250721,060-0017-00,FLIGHT DIR HOR,BANT,OS concluída,,,
2026-10-02,3040250725,066-3046-07,"CONTROL,INDICATOR",ALA 10,OS concluída,,,
2026-10-02,3040250724,066-04035-1101,"DISPLAY UNIT,RADAR",PAMALS,REC,,BANT,561.0
2026-10-02,3040250732,069-1025-25,"RECEIVER-TRANSMITTER,RADIO - KX165",PAMALS,REC,EM REPARO,WILLIAM,561.0
2026-10-02,3040250782,2606012-1,INDICATOR-INTER-TURBINE TEMPERATURE,ALA 9,OS concluída,,,
2026-10-02,3040250775,161-11700,INNER WHEEL HALF ASSY,BABE,OS concluída,,,
2026-10-02,3040250773,161-11700,INNER WHEEL HALF ASSY,EEAR,REC,,BACG,561.0
2026-10-02,3040250718,030-18200,MAIN WHEEL BRAKE,BACO,OS concluída,,,
2026-10-02,3040250716,030-18200,MAIN WHEEL BRAKE,BABV,REC,EM REPARO,LEAP,561.0
2026-10-02,3040250717,030-18200,MAIN WHEEL BRAKE,BACO,OS concluída,,,
2026-10-02,3040250780,162-11800,WHEEL HALF ASSY-OUTER,PAMALS,OS concluída,,,
2026-10-02,3040250781,162-11800,WHEEL HALF ASSY-OUTER,BACG,OS concluída,,,
2026-10-02,3040250778,161-12800,WHEEL HALF ASSY-INNER,BACG,OS concluída,,,
2026-10-02,3040250776,161-12800,WHEEL HALF ASSY-INNER,BABE,OS concluída,,,
2026-10-02,3040250790,2643031-7,"FORK ASSY,NOSE GEAR SPRING",BAMN,OS concluída,,,
2026-10-02,3040250791,2643090-1,SHIMMY DAMPENE,BANT,REC,EM REPARO,AV AERONAUTICA,561.0
2026-10-02,3040250792,2643090-1,SHIMMY DAMPENE,BAMN,OS concluída,REPARADO,V1 PAMA-LS,
2026-10-02,3040250789,2641012-14,TRUNNION ASSY-RH-MAIN GEAR,PAMASP,OS concluída,,,
2026-10-02,3040250793,2643099-4,"SUPPORT ASSY FOWARD, NLG SPRING",BAMN,OS concluída,,,
2026-10-02,3040250798,30994-001,BATTERY-MARATHON TSP410 NICAD,BANT,OS concluída,CONDENADO,AMA - VEE ONE,
2026-10-02,3040252191,C611008-0101,ALTERNATOR CONTROL UNIT,PAMALS,REC,,BABR,528.0
2026-10-02,3040252159,011-00916-00,DISPLAY UNIT GDU 1040A,BAMN,REC,,BAMN,528.0
2026-10-02,3040252161,065-0042-03,COMPUTER PA,ALA 10,REC,EM REPARO,WILLIAM,528.0
2026-10-02,3040252162,065-0042-03,COMPUTER PA,EEAR,REC,,BABE,528.0
2026-10-02,3040252164,065-0042-03,COMPUTER PA,EEAR,REC,EM REPARO,WILLIAM,528.0
2026-10-02,3040252165,065-0042-03,COMPUTER PA,PAMALS,OS concluída,,,
2026-10-02,3040252166,065-0059-01,SERVO PITCH,EEAR,REC,EM REPARO,WILLIAM,528.0
2026-10-02,3040252168,066-03064-0005,"ALTIMETER,SERVO CONTROLLED,AUTOMATIC PRESSURE",ALA 9,OS concluída,,,
2026-10-02,3040252173,066-03064-0005,"ALTIMETER,SERVO CONTROLLED,AUTOMATIC PRESSURE",BANT,REC,EM REPARO,LEAP,528.0
2026-10-02,3040252172,066-03064-0005,"ALTIMETER,SERVO CONTROLLED,AUTOMATIC PRESSURE",PAMALS,REC,NO ESTADO,VEE ONE,528.0
2026-10-02,3040252170,066-03064-0005,"ALTIMETER,SERVO CONTROLLED,AUTOMATIC PRESSURE",ALA 7,REC,NO ESTADO,VEE ONE,528.0
2026-10-02,3040252178,066-1072-00,RECEIVER ADF (KING KR87),PAMALS,OS concluída,,,
2026-10-02,3040252182,066-1072-04,"RECEIVER,RADIO",ALA 9,OS concluída,,,
2026-10-02,3040252181,066-1072-04,"RECEIVER,RADIO",PAMASP,OS concluída,EM REPARO,WILLIAM,
2026-10-02,3040252180,066-1072-04,"RECEIVER,RADIO",ALA 8,OS concluída,,,
2026-10-02,3040252185,066-1072-04,"RECEIVER,RADIO",BAMN,OS concluída,,,
2026-10-02,3040252189,9910338-6,"TRANSMITTER,RATE OF FLOW",ALA 8,OS concluída,,,
2026-10-02,3040252190,9910338-6,"TRANSMITTER,RATE OF FLOW",BABR,OS concluída,,,
2026-10-02,3040252160,011-01020-10,AFCS MODE CONTROLLER GMC 710,BAMN,OS concluída,,,
2026-10-02,3040252939,C163030-1001,MAIN W BRAKE A,BABV,REC,,BAMN,498.0
2026-10-02,3040252936,030-18200,MAIN WHEEL BRAKE,BACO,REC,,PAMA-LS,498.0
2026-10-02,3040252935,030-18200,MAIN WHEEL BRAKE,BAMN,OS concluída,,,
2026-10-02,3040252940,30-182,MAIN WHEEL BRAKE,BABV,OS concluída,,,
2026-10-02,3040252942,30-182,MAIN WHEEL BRAKE,BAMN,OS concluída,,,
2026-10-02,3040252943,30-182,MAIN WHEEL BRAKE,BAMN,OS concluída,,,
2026-10-02,3040253170,161-12800,WHEEL HALF ASSY-INNER,BASM,OS concluída,,,
2026-10-02,3040253168,161-12800,WHEEL HALF ASSY-INNER,BASM,OS concluída,,PAMA-LS,
2026-10-02,3040253172,161-12800,WHEEL HALF ASSY-INNER,PAMALS,REC,,PAMA-LS,494.0
2026-10-02,3040253174,161-12800,WHEEL HALF ASSY-INNER,PAMALS,OS concluída,,,
2026-10-02,3040253173,161-12800,WHEEL HALF ASSY-INNER,PAMALS,REC,EM REPARO,LEAP,494.0
2026-10-02,3040253176,162-10700,OUTER WHEEL HALF ASSY,BABE,OS concluída,,,
2026-10-02,3040253177,162-10700,OUTER WHEEL HALF ASSY,BABV,OS concluída,,PAMA-LS,
2026-10-02,3040253178,162-10700,OUTER WHEEL HALF ASSY,PAMALS,REC,,PROCURANDO,494.0
2026-10-02,3040253179,162-11800,WHEEL HALF ASSY-OUTER,CLA,OS concluída,,,
2026-10-02,3040253181,162-11800,WHEEL HALF ASSY-OUTER,PAMALS,OS concluída,,,
2026-10-02,3040253180,162-11800,WHEEL HALF ASSY-OUTER,BASM,REC,,PROCURANDO,494.0
2026-10-02,3040253182,162-11800,WHEEL HALF ASSY-OUTER,PAMALS,OS concluída,,PAMA-LS,
2026-10-02,3040253536,2641012-14,TRUNNION ASSY-RH-MAIN GEAR,PAMALS,OS concluída,,,
2026-10-02,3040253529,066-03064-0005,"ALTIMETER,SERVO CONTROLLED,AUTOMATIC PRESSURE",DSM-MN,REC,DEVOLVIDO NO ESTADO,WILLIAM,484.0
2026-10-02,3040253528,066-03064-0005,"ALTIMETER,SERVO CONTROLLED,AUTOMATIC PRESSURE",BANT,OS concluída,,,
2026-10-02,3040253532,799-1,TRANSDUCER,PAMALS,REC,,BANT,484.0
2026-10-02,3040253535,2643099-4,"SUPPORT ASSY FOWARD, NLG SPRING",BABE,REC,CONDENADO,VEE ONE,484.0
2026-10-02,3040253531,799-1,TRANSDUCER,BAMN,REC,,VEE ONE,484.0
2026-10-02,3040253530,799-1,TRANSDUCER,BAMN,REC,,BANT,484.0
2026-10-02,3040253526,30994-001,BATTERY-MARATHON TSP410 NICAD,PAMALS,OS concluída,,PAMA-LS,
2026-10-02,3040253527,30994-001,BATTERY-MARATHON TSP410 NICAD,BAPV,OS concluída,,PAMA-LS,
2026-10-02,3040254195,540-1407-4,"VALVE,BLEED,TURBINEENGINE",PAMALS,REC,,BANT,466.0
2026-10-02,3040254201,2643090-3,SHIMMY DAMPER-NOSE GEAR,PAMALS,OS concluída,,PAMA-LS,
2026-10-02,3040254203,SE1070-6,SHIMMY DAMPENER ASSY,BACGINAT,OS concluída,,,
2026-10-02,3040254205,C660501-0103,"COMPASS,SPEC",PAMALS,OS concluída,,PAMA-LS,
2026-10-02,3040254206,C660501-0103,"COMPASS,SPEC",ALA 8,REC,EM REPARO EM GARANTIA,WILLIAM,466.0
2026-10-02,3040254208,C660501-0103,"COMPASS,SPEC",BABV,OS concluída,,PAMA-LS,
2026-10-02,3040254210,799-1,TRANSDUCER,BANT,REC,,BANT,466.0
2026-10-02,3040254792,2606013-1RX,INDICATOR-PERCENT RPM,BABR,REC,,BANT,457.0
2026-10-02,3040254770,069-1025-25,"RECEIVER-TRANSMITTER,RADIO - KX165",ALA 9,REC,EM REPARO,WILLIAM,457.0
2026-10-02,3040254799,453-5000-710,EMERGENCY LOCATOR TRANSMITTER MODEL C406-2,PAMASP,OS concluída,,,
2026-10-02,3040254806,C352TS,"EXTINGUISHER,FIRE",PAMALS,OS concluída,,PAMA-LS,
2026-10-02,3040254805,C352TS,"EXTINGUISHER,FIRE",PAMALS,OS concluída,,,
2026-10-02,3040254810,C352TS,"EXTINGUISHER,FIRE",PAMALS,OS concluída,,,
2026-10-02,3040254809,C352TS,"EXTINGUISHER,FIRE",PAMAGL,OS concluída,,,
2026-10-02,3040254803,C352TS,"EXTINGUISHER,FIRE",2 ETA,OS concluída,,PAMA-LS,
2026-10-02,3040254808,C352TS,"EXTINGUISHER,FIRE",BABR,OS concluída,,PAMA-LS,
2026-10-02,3040254795,D145-00-46-2,FLAP ACTUATOR ASSY,BABE,REC,,PAMA-LS,457.0
2026-10-02,3040254793,D145-00-46-2,FLAP ACTUATOR ASSY,PAMALS,REC,,PAMA-LS,457.0
2026-10-02,3040254815,C482001-0402,VACUUM REGULAT,PAMALS,REC,CONDENADO,VEE ONE,457.0
2026-10-02,3040254816,C482001-0402,VACUUM REGULAT,PAMALS,REC,CONDENADO,VEE ONE,457.0
2026-10-02,3040254820,2641011-5,AXLE-MAIN GEAR,BAMN,OS concluída,,,
2026-10-02,3040254817,2641011-5,AXLE-MAIN GEAR,BABE,OS concluída,,,
2026-10-02,3040254818,2641011-5,AXLE-MAIN GEAR,BABE,OS concluída,,,
2026-10-02,3040254819,2641011-5,AXLE-MAIN GEAR,BANT,OS concluída,,,
2026-10-02,3040254796,30994-001,BATTERY-MARATHON TSP410 NICAD,BAMN,OS concluída,,,
2026-10-02,3040254789,452-0133,"BATTERY,NONRECHARGEABLE",BAMN,REC,CONDENADO,VEE ONE,457.0
2026-10-02,3040254788,452-0133,"BATTERY,NONRECHARGEABLE",BAMN,REC,CONDENADO,VEE ONE,457.0
2026-10-02,3040254787,452-0133,"BATTERY PACK,AIRCRAFT",DACTA II,REC,CONDENADO,VEE ONE,457.0
2026-10-02,3040254786,452-0133,"BATTERY PACK,AIRCRAFT",BAMN,REC,CONDENADO,VEE ONE,457.0
2026-10-02,3040254785,452-0133,"BATTERY,NONRECHARGEABLE",BAMN,REC,CONDENADO,VEE ONE,457.0
2026-10-02,3040254784,452-0133,"BATTERY,NONRECHARGEABLE",DACTA II,REC,CONDENADO,VEE ONE,457.0
2026-10-02,3040255326,011-00916-00,DISPLAY UNIT GDU 1040A,BAMN,REC,,BAMN,448.0
2026-10-02,3040255319,702801-5,FUEL PUMP,PAMASP,REC,EM REPARO,VEE ONE,448.0
2026-10-02,3040255321,8210-002,"GOVERNOR,CONSTANT SPEED DRIVE",PAMALS,OS concluída,,,
2026-10-02,3040255461,DAAS-A-010-1,ADAS-D PROCESSOR,PAMALS,REC,EM REPARO,VEE ONE,444.0
2026-10-02,3040255589,071-01519-0101,"RECEIVER-EXCITER,RADAR",BANT,REC,,PROCURANDO,442.0
2026-10-02,3040255590,071-01519-0101,"RECEIVER-EXCITER,RADAR",PAMALS,OS concluída,,,
2026-10-02,3040255706,C661064-0237,AIRSPEED INDICATOR,BAMN,OS concluída,,,
2026-10-02,3040256114,5934PAD-3,"ALTIMETER,PRESSURE",PAMALS,REC,EM REPARO,VEE ONE,428.0
2026-10-02,3040256119,011-00878-10,GSA-81 TORQUE SERVO,BAPV,REC,EM REPARO,LEAP,428.0
2026-10-02,3040256112,011-00883-20,RADAR GWX 68 WEATHER,BABE,REC,,BAMN,428.0
2026-10-02,3040256115,5934PAD-3,"ALTIMETER,PRESSURE",PAMALS,OS concluída,,,
2026-10-02,3040256118,011-00878-10,GSA-81 TORQUE SERVO,BAPV,REC,,BACO,428.0
2026-10-02,3040256120,011-00916-10,"DISPLAY UNIT,FLIGHT INFORMATION",BAMN,OS concluída,,,
2026-10-02,3040256314,066-4010-12,RECEIVER VOR/LOC (KNS81),EEAR,REC,EM REPARO,LEAP,415.0
2026-10-02,3040256311,3121248-03,"VALVE ASSEMBLY,COMPRESSOR BLEED",PAMALS,OS concluída,,,
2026-10-02,3040256704,C661064-0237,AIRSPEED INDICATOR,PAMALS,OS concluída,,,
2026-10-02,3040256707,D210507,"GOVERNOR,OVERSPEED",PAMALS,OS concluída,,,
2026-10-02,3040256708,D210507,"GOVERNOR,OVERSPEED",PAMALS,REC,REPARADO,VEE ONE,406.0
2026-10-02,3040256702,C661064-0237,AIRSPEED INDICATOR,BABR,OS concluída,,,
2026-10-02,3040256703,C661064-0237,AIRSPEED INDICATOR,PAMALS,OS concluída,,,
2026-10-02,3040256662,030-18200,MAIN WHEEL BRAKE,BASM,OS concluída,,,
2026-10-02,3040256665,161-11700,INNER WHEEL HALF ASSY,BABV,OS concluída,,,
2026-10-02,3040256666,161-11700,INNER WHEEL HALF ASSY,PAMALS,OS concluída,,,
2026-10-02,3040256667,161-11700,INNER WHEEL HALF ASSY,PAMALS,OS concluída,,,
2026-10-02,3040256668,161-11700,INNER WHEEL HALF ASSY,PAMALS,OS concluída,,,
2026-10-02,3040256669,161-11700,INNER WHEEL HALF ASSY,PAMALS,OS concluída,,,
2026-10-02,3040256670,161-11700,INNER WHEEL HALF ASSY,PAMALS,OS concluída,,,
2026-10-02,3040256671,161-11700,INNER WHEEL HALF ASSY,PAMALS,OS concluída,,PAMA-LS,
2026-10-02,3040256698,030-18200,MAIN WHEEL BRAKE,PAMASP,OS concluída,,BABE,
2026-10-02,3040256713,030-18200,MAIN WHEEL BRAKE,ALA 3,REC,,BAMN,406.0
2026-10-02,3040256694,162-11800,WHEEL HALF ASSY-OUTER,BANT,OS concluída,,,
2026-10-02,3040256696,162-11800,WHEEL HALF ASSY-OUTER,PAMALS,OS concluída,,PAMA-LS,
2026-10-02,3040256672,161-12800,WHEEL HALF ASSY-INNER,PAMALS,OS concluída,,PAMA-LS,
2026-10-02,3040256675,161-12800,WHEEL HALF ASSY-INNER,BANT,OS concluída,,,
2026-10-02,3040256792,011-00877-00,"GSA-80 SERVO ROL,YAW,SPEC",BAMN,REC,,PROCURANDO,406.0
2026-10-02,3040256787,011-00877-00,"GSA-80 SERVO ROL,YAW,SPEC",PAMALS,REC,EM REPARO,VEE ONE,406.0
2026-10-02,3040256828,011-00883-20,RADAR GWX 68 WEATHER,PAMALS,REC,,PAMA-LS,406.0
2026-10-02,3040256709,3121248-03,"VALVE ASSEMBLY,COMPRESSOR BLEED",PAMASP,REC,,BANT,403.0
2026-10-02,3040256673,161-12800,WHEEL HALF ASSY-INNER,PAMALS,REC,CONDENADO,VEE ONE,403.0
2026-10-02,3040257095,011-01105-01,INTEGRATED AVIONICS UNIT GIA63W,BABE,REC,EM REPARO,VEE ONE,399.0
2026-10-02,3040257096,011-01105-01,INTEGRATED AVIONICS UNIT GIA63W,BABE,REC,,BAMN,399.0
2026-10-02,3040257093,065-00183-0501,AUTOPILOT COMPUTER KFC225,BABE,OS concluída,,BANT,
2026-10-02,3040257094,065-00183-0501,AUTOPILOT COMPUTER KFC225,BABE,OS concluída,,BANT,
2026-10-02,3040257443,161-12800,WHEEL HALF ASSY-INNER,ALA 3,REC,,,387.0
2026-10-02,3040257442,C163030-1001,MAIN W BRAKE A,BAMN,OS concluída,,BAMN,
2026-10-02,3040257452,3244809-8,"FUEL CONTROL,MAIN,TURBINE ENGINE",BAPV,OS concluída,,,
2026-10-02,3040257454,EA-5172-45-CES,"INDICATOR,AIRSPEED",BACG,OS concluída,,,
2026-10-02,3040257453,EA-5172-45-CES,"INDICATOR,AIRSPEED",ALA 7,OS concluída,DEVOLVIDO NO ESTADO,WILLIAM,
2026-10-02,3040257451,3244809-7,"FUEL CONTROL,MAIN,TURBINE ENGINE",PAMASP,REC,,BANT,380.0
2026-10-02,3040257450,3244809-4,"FUEL CONTROL,MAIN,TURBINE ENGINE",PAMASP,OS concluída,EM REPARO,LEAP,
2026-10-02,3040257438,030-18200,MAIN WHEEL BRAKE,BAMN,OS concluída,REPARADO,VEE ONE,
2026-10-02,3040257444,162-10700,OUTER WHEEL HALF ASSY,PAMALS,OS concluída,,,
2026-10-02,3040257447,162-10700,OUTER WHEEL HALF ASSY,PAMALS,OS concluída,,,
2026-10-02,3040257436,30994-001,BATTERY-MARATHON TSP410 NICAD,PAMALS,OS concluída,,PAMA-LS,
2026-10-02,3040257441,030-18200,MAIN WHEEL BRAKE,BAPV,REC,,BAMN,380.0
2026-10-02,3040257440,030-18200,MAIN WHEEL BRAKE,BANT,REC,CONDENADO,VEE ONE,380.0
2026-10-02,3040257439,030-18200,MAIN WHEEL BRAKE,BAMN,REC,,BAMN,380.0
2026-10-02,3040258306,D210507,"GOVERNOR,OVERSPEED",PAMALS,REC,EM REPARO,LEAP,360.0
2026-10-02,3040258310,D210507,"GOVERNOR,OVERSPEED",BACO,OS concluída,,,
2026-10-02,3040258309,D210507,"GOVERNOR,OVERSPEED",BAMN,REC,EM REPARO,LEAP,360.0
2026-10-02,3040258308,D210507,"GOVERNOR,OVERSPEED",BAMN,OS concluída,,,
2026-10-02,3040258307,D210507,"GOVERNOR,OVERSPEED",ALA 5,OS concluída,,,
2026-10-02,3040258303,011-00877-00,"GSA-80 SERVO ROL,YAW,SPEC",DACTA II,REC,EM REPARO,VEE ONE,360.0
2026-10-02,3040258422,2601188-8,COMPRESSOR DRIVE ASSY R134A,PAMASP,REC,,PROCURANDO,358.0
2026-10-02,3040258419,011-00877-00,"GSA-80 SERVO ROL,YAW,SPEC",DACTA II,REC,EM REPARO,VEE ONE,358.0
2026-10-02,3040258420,011-00877-00,"GSA-80 SERVO ROL,YAW,SPEC",BACO,REC,EM REPARO,VEE ONE,358.0
2026-10-02,3040258421,011-00877-00,"GSA-80 SERVO ROL,YAW,SPEC",BABE,REC,,BACO,358.0
2026-10-02,3040258764,069-01034-0102,"NAVIGATION SET,SATELLITE SIGNALS KLN-94",PAMALS,REC,,BANT,351.0
2026-10-02,3040259152,066-01141-5101,"TRANSPONDER,RADAR",BABE,REC,,BANT,332.0
2026-10-02,3040259151,066-01141-5101,"TRANSPONDER,RADAR",BANT,REC,,BANT,332.0
2026-10-02,3040259251,064-1019-05,VHF TRANSCEIVE KY196,EEAR,REC,,EEAR,330.0
2026-10-02,3040259146,1U149-015-15,HORIZ. GYRO-STADBY,PAMALS,REC,EM REPARO,VEE ONE,329.0
2026-10-02,3040259147,162-10700,OUTER WHEEL HALF ASSY,BANT,REC,EM REPARO,AMA - VEE ONE,329.0
2026-10-02,3040259148,3049038-03,"VALVE,COMPRESSOR BLEED",BANT,OS concluída,,,
2026-10-02,3040259316,2606015-4,INDICATOR-OIL TEMP/OIL PRESS,BACG,OS concluída,,PAMA-LS,
2026-10-02,3040259564,C414007-0102,BLOWER ASSY,PAMALS,OS concluída,,,
2026-10-02,3040259568,C414007-0102,BLOWER ASSY,ALA 10,OS concluída,,,
2026-10-02,3040259570,C414007-0102,BLOWER ASSY,ALA 10,OS concluída,,,
2026-10-02,3040259694,025323-150,FUEL PUMP,PAMASP,REC,,BACO,318.0
2026-10-02,3040259922,C414007-0102,BLOWER ASSY,BANT,OS concluída,,PAMA-LS,
2026-10-02,3040259928,C414007-0102,BLOWER ASSY,PAMALS,REC,EM REPARO,VEE ONE,311.0
2026-10-02,3040259924,C414007-0102,BLOWER ASSY,BACG,REC,EM REPARO,VEE ONE,311.0
2026-10-02,3040259918,C414007-0102,BLOWER ASSY,ALA 10,OS concluída,,VEE ONE,
2026-10-02,3040259950,065-0060-01,"CONTROL,SERVO,AUTOMATIC PILOT",PAMALS,REC,EM REPARO,LEAP,311.0
2026-10-02,3040259949,065-0060-01,"CONTROL,SERVO,AUTOMATIC PILOT",PAMALS,REC,EM REPARO,LEAP,311.0
2026-10-02,3040259947,066-3046-07,"CONTROL,INDICATOR",EEAR,OS concluída,,,
2026-10-02,3040259946,066-3046-07,"CONTROL,INDICATOR",BANT,REC,,BANT,311.0
2026-10-02,3040259944,066-3046-07,"CONTROL,INDICATOR",EEAR,REC,,PAMA-LS,311.0
2026-10-02,3040260209,011-00916-00,DISPLAY UNIT GDU 1040A,PAMALS,REC,,BAMN,297.0
2026-10-02,3040260208,324843-W020,HEADSET-MICROPHONE,PAMALS,REC,VAI SER DEVOLVIDO SEM REPARO,WILLIAM,297.0
2026-10-02,3040260204,324843-W020,HEADSET-MICROPHONE,PAMALS,OS concluída,,,
2026-10-02,3040260205,324843-W020,HEADSET-MICROPHONE,PAMALS,OS concluída,,,
2026-10-02,3040260388,SD5H14C4527,AIR COMPRESSOR,PAMALS,REC,EM REPARO,VEE ONE,290.0
2026-10-02,3040260382,065-00183-0501,AUTOPILOT COMPUTER KFC225,BANT,REC,,BANT,290.0
2026-10-02,3040260389,SD5H14C4527,AIR COMPRESSOR,PAMALS,REC,EM REPARO,VEE ONE,290.0
2026-10-02,3040260517,ASG12000-2,ALTERNATOR,PAMALS,OS concluída,,,
2026-10-02,3040260524,51539-012M,CONTROL UNIT ASSY-GENERATOR,BANT,REC,,BACG,287.0
2026-10-02,3040260516,ASG12000-2,ALTERNATOR,PAMALS,REC,,V1 PAMA-LS,287.0
2026-10-02,3040260523,9910592-2,ALTERNADOR,BAMN,OS concluída,,babr,
2026-10-02,3040260522,9910592-2,ALTERNADOR,BAMN,REC,,dacta II,287.0
2026-10-02,3040260547,161-12800,WHEEL HALF ASSY-INNER,EPCAR,OS concluída,,BABE,
2026-10-02,3040260545,161-11700,INNER WHEEL HALF ASSY,BACG,OS concluída,,,
2026-10-02,3040260544,161-11700,INNER WHEEL HALF ASSY,BANT,OS concluída,,,
2026-10-02,3040260546,161-12800,WHEEL HALF ASSY-INNER,PAMALS,OS concluída,,,
2026-10-02,3040260548,161-11700,INNER WHEEL HALF ASSY,CLA,OS concluída,,,
2026-10-02,3040260549,162-10700,OUTER WHEEL HALF ASSY,BACG,OS concluída,,,
2026-10-02,3040260550,162-10700,OUTER WHEEL HALF ASSY,CLA,OS concluída,,,
2026-10-02,3040260551,162-11800,WHEEL HALF ASSY-OUTER,BANT,OS concluída,,,
2026-10-02,3040260552,30994-001,BATTERY-MARATHON TSP410 NICAD,BABE,OS concluída,,PAMA-LS,
2026-10-02,3040260543,324843-W020,HEADSET-MICROPHONE,PAMALS,REC,,PAMA-LS,269.0
2026-10-02,3040260542,324843-W020,HEADSET-MICROPHONE,PAMALS,REC,,BABE,269.0
2026-10-02,3040260541,324843-W020,HEADSET-MICROPHONE,PAMALS,OS concluída,,,
2026-10-02,3040260540,324843-W020,HEADSET-MICROPHONE,PAMALS,OS concluída,,,
2026-10-02,3040260538,324843-W020,HEADSET-MICROPHONE,PAMALS,REC,,BABE,269.0
2026-10-02,3040260539,324843-W020,HEADSET-MICROPHONE,PAMALS,REC,,BABE,269.0
2026-10-02,3040260595,9910586-4,FLAP ACTUATOR AND MOTOR ASSEMBLY,7 ETA,REC,,BAMN,269.0
2026-10-02,3040260597,9910586-4,FLAP ACTUATOR AND MOTOR ASSEMBLY,BAPV,OS concluída,,BABR,
2026-10-02,3040260583,3244897-4,FUEL CONTROL UNIT,PAMALS,OS concluída,,,
2026-10-02,3040260750,3122678-04,FUEL CONTROL UNIT,PAMASP,REC,,BANT,261.0
2026-10-02,3040260752,3244897-4,FUEL CONTROL UNIT,PAMASP,OS concluída,,,
2026-10-02,3040260753,3244809-7,"FUEL CONTROL,MAIN,TURBINE ENGINE",PAMASP,OS concluída,,,
2026-10-02,3040260754,3244809-1,"FUEL CONTROL,MAIN,TURBINE ENGINE",PAMASP,REC,EM QUARENTENA,LEAP,261.0
2026-10-02,3040254794,C145-350,"MOTOR,DIRECT CURRENT",PAMALS,OS concluída,,,
2026-10-02,3040260913,064-1054-30,RECEIVER-TRANSMITTER SUBASSEMBLY,EPCAR,REC,,V1 PAMA-LS,249.0
2026-10-02,3040260915,064-1054-30,RECEIVER-TRANSMITTER SUBASSEMBLY,PAMALS,REC,,BABR,249.0
2026-10-02,3040260811,3034792,BOMBA DE COMBUSTÍVEL,BAPV,OS concluída,,BABR,
2026-10-02,3040260812,3034792,BOMBA DE COMBUSTÍVEL,BACG,OS concluída,,,
2026-10-02,3040260922,162-11800,WHEEL HALF ASSY-OUTER,PAMALS,OS concluída,,,
2026-10-02,3040260923,030-18200,MAIN WHEEL BRAKE,BACO,REC,REPARADO,VEE ONE,247.0
2026-10-02,3040261389,3034792,BOMBA DE COMBUSTÍVEL,PAMASP,OS concluída,REPARADO,V1 PAMA-LS,
2026-10-02,3040261388,3034792,BOMBA DE COMBUSTÍVEL,BABR,OS concluída,,,
2026-10-02,3040261387,3034792,BOMBA DE COMBUSTÍVEL,BABR,OS concluída,,,
2026-10-02,3040261371,TFF2905-13,FUEL FLOW TRANSDUCER,ALA 8,REC,,PAMA-LS,234.0
2026-10-02,3040261375,C661065-0240RX,"INDICATOR, AIRSPEED",BACG,REC,EM REPARO,WILLIAM,234.0
2026-10-02,3040261373,C661065-0240,AIRSPEED INDICATOR,BABE,OS concluída,,PAMA-LS,
2026-10-02,3040261322,011-00831-00,"ENGINE INTERFA,SPEC",BAPV,REC,,VEE ONE,234.0
2026-10-02,3040261326,011-00882-10,"COMPUTER,AIR DATA",BAMN,OS concluída,,,
2026-10-02,3040261324,011-00882-10,"COMPUTER,AIR DATA",BAMN,OS concluída,,,
2026-10-02,3040261327,064-1054-30,RECEIVER-TRANSMITTER SUBASSEMBLY,PAMASP,OS concluída,,PAMA-LS,
2026-10-02,3040261336,066-01141-0101,"RECEIVER,RADIO",BANT,OS concluída,,PAMA-LS,
2026-10-02,3040261334,065-0065-01,SELECTOR ALT,BANT,REC,,PAMA-LS,234.0
2026-10-02,3040261331,065-0061-36,ACTUATOR TRIM (KS272A),PAMASP,OS concluída,,BABR,
2026-10-02,3040261329,065-0061-36,ACTUATOR TRIM (KS272A),ALA 10,OS concluída,,,
2026-10-02,3040261335,065-0065-01,SELECTOR ALT,BANT,OS concluída,,PAMA-LS,
2026-10-02,3040261342,066-3084-02,COLOR RADAR INDICATOR,BABV,REC,,PAMA-LS,234.0
2026-10-02,3040261340,066-1053-00,"RECEIVER,RADIO",BASM,OS concluída,,PAMA-LS,
2026-10-02,3040261377,066-3054-01,INDICATOR RADAR ALTIMETER - TYPE KI250,PAMALS,REC,EM REPARO,WILLIAM,234.0
2026-10-02,3040261376,066-1061-03,RT RADAR ALTIM (KRA10A),PAMALS,REC,PARA REPARO,VEE ONE,234.0
2026-10-02,3040261352,1134380-4,EVAPORATOR MODULE ASSY-RH,BAMN,REC,CONDENADO,VEE ONE,234.0
2026-10-02,3040261347,071-1234-00,ANTENNA ACCESSORY,ALA 1,REC,EM REPARO,WILLIAM,234.0
2026-10-02,3040261344,066-4010-12,RECEIVER VOR/LOC (KNS81),ALA 10,REC,EM REPARO,WILLIAM,234.0
2026-10-02,3040261353,1H75-21,PRESSURE REGULATOR,BAMN,OS concluída,,BAMN,
2026-10-02,3040261357,2682001-1,BRAKE CYL MAST,BABE,OS concluída,,,
2026-10-02,3040261356,2670104-2,ANNUNCIATOR PANEL,PAMALS,OS concluída,,,
2026-10-02,3040261355,2643100-201,NOSE GEAR STRUT ASSY - TALL FORK,BABR,OS concluída,,,
2026-10-02,3040261354,2643100-201,NOSE GEAR STRUT ASSY - TALL FORK,BANT,REC,EM REPARO,AV AERONAUTICA,234.0
2026-10-02,3040261364,8210-002-01,GOVERNOR PROPELLER,PAMASP,REC,REPARADO,VEE ONE,234.0
2026-10-02,3040261627,S3828-1,ALTIMETER,BAMN,REC,,PAMA-LS,220.0
2026-10-02,3040261628,S3828-1,ALTIMETER,BABE,REC,REPARADO,V1 PAMA-LS,220.0
2026-10-02,3040261851,51539-012MRX,CONTROL UNIT ASSY-GENERATOR,BABE,REC,EM REPARO,VEE ONE,212.0
2026-10-02,3040261852,51539-012MRX,CONTROL UNIT ASSY-GENERATOR,BABE,REC,EM REPARO,VEE ONE,212.0
2026-10-02,3040261843,3034792,BOMBA DE COMBUSTÍVEL,PAMALS,REC,EM REPARO,VEE ONE,207.0
2026-10-02,3040262245,200SGL119Q-2,STARTER GENERATOR,BAMN,OS concluída,,,
2026-10-02,3040262246,200SGL119Q-2,STARTER GENERATOR,BAMN,OS concluída,,,
2026-10-02,3040262273,324843-W020,HEADSET-MICROPHONE,BABE,OS concluída,,,
2026-10-02,3040262275,324843-W020,HEADSET-MICROPHONE,BANT,OS concluída,,,
2026-10-02,3040262363,066-1055-00,AUDIO CONTROL PANEL,ALA 5,OS concluída,,,
2026-10-02,3040262367,066-1055-00,AUDIO CONTROL PANEL,ALA 9,OS concluída,,WILLIAM,
2026-10-02,3040262368,066-1055-00,AUDIO CONTROL PANEL,CLA,OS concluída,,,
2026-10-02,3040262372,51539-012M,CONTROL UNIT ASSY-GENERATOR,BANT,OS concluída,,PAMA-LS,
2026-10-02,3040262371,51539-012N,CONTROL UNIT ASSY-GENERATOR,BANT,REC,,PAMA-LS,190.0
2026-10-02,3040262419,065-0061-36,ACTUATOR TRIM (KS272A),ALA 9,REC,EM REPARO,WILLIAM,185.0
2026-10-02,3040262734,C352,PORTABLE HALON FIRE EXTINGUISHERS,ALA 5,REC,EM REPARO,AV AERONAUTICA,172.0
2026-10-02,3040262738,C352TS,"EXTINGUISHER,FIRE",BANT,REC,,AV AERONÁUTICA,172.0
2026-10-02,3040262739,C352TS,"EXTINGUISHER,FIRE",BANT,OS concluída,,AV AERONÁUTICA,
2026-10-02,3040262740,C352TS,"EXTINGUISHER,FIRE",PAMALS,OS concluída,,AV AERONÁUTICA,
2026-10-02,3040262766,011-00883-20,RADAR GWX 68 WEATHER,BAMN,OS concluída,,V1 PAMA-LS,
2026-10-02,3040262765,011-00883-20,RADAR GWX 68 WEATHER,BAMN,REC,,V1 PAMA-LS,172.0
2026-10-02,3040262772,011-01020-10,AFCS MODE CONTROLLER GMC 710,BAMN,OS concluída,,PAMA-LS,
2026-10-02,3040262770,011-01020-10,AFCS MODE CONTROLLER GMC 710,BAMN,OS concluída,,PAMA-LS,
2026-10-02,3040262773,011-01020-10,AFCS MODE CONTROLLER GMC 710,BAMN,OS concluída,,PAMA-LS,
2026-10-02,3040262746,066-1070-01,TRANSCEIVER DME (KN63),BABE,REC,EM REPARO,WILLIAM,172.0
2026-10-02,3040262745,064-1019-05,VHF TRANSCEIVE KY196,EEAR,REC,EM REPARO,VEE ONE,172.0
2026-10-02,3040262747,066-1072-00,RECEIVER ADF (KING KR87),ALA 7,REC,EM REPARO,WILLIAM,172.0
2026-10-02,3040262748,066-3046-07,"CONTROL,INDICATOR",BABR,REC,,BANT,172.0
2026-10-02,3040262769,066-3046-07,"CONTROL,INDICATOR",BABR,REC,,BANT,172.0
2026-10-02,3040262768,066-3046-07,"CONTROL,INDICATOR",EEAR,OS concluída,,BABR,
2026-10-02,3040262767,066-3046-07,"CONTROL,INDICATOR",EEAR,REC,EM REPARO,LEAP,172.0
2026-10-02,3040262791,066-3060-00,IND RMI KNI582,BANT,OS concluída,,,
2026-10-02,3040262630,161-11700,INNER WHEEL HALF ASSY,BANT,OS concluída,,PAMA-LS,
2026-10-02,3040262792,066-3060-00,IND RMI KNI582,BANT,REC,EM REPARO,LEAP,172.0
2026-10-02,3040262634,162-10700,OUTER WHEEL HALF ASSY,BANT,OS concluída,,PAMA-LS,
2026-10-02,3040262632,161-12800,WHEEL HALF ASSY-INNER,BANT,OS concluída,REPARADO,VEE ONE,
2026-10-02,3040262633,161-12800,WHEEL HALF ASSY-INNER,BANT,OS concluída,,,
2026-10-02,3040262635,162-11800,WHEEL HALF ASSY-OUTER,EPCAR,OS concluída,,,
2026-10-02,3040262637,162-11800,WHEEL HALF ASSY-OUTER,BANT,OS concluída,REPARADO,VEE ONE,
2026-10-02,3040262636,162-11800,WHEEL HALF ASSY-OUTER,BANT,OS concluída,REPARADO,VEE ONE,
2026-10-02,3040262646,200SGL119Q,STARTER GENERATOR,PAMASP,OS concluída,,,
2026-10-02,3040262639,200SGL119Q,STARTER GENERATOR,PAMASP,OS concluída,,PAMA-LS,
2026-10-02,3040262638,200SGL119Q,STARTER GENERATOR,PAMALS,REC,EM REPARO,AV AERONAUTICA,172.0
2026-10-02,3040262757,2606015-2,IND OIL TEMP/P,PAMALS,REC,EM REPARO,VEE ONE,172.0
2026-10-02,3040262706,2641011-5,AXLE-MAIN GEAR,BAMN,REC,,BANT,172.0
2026-10-02,3040262707,2641011-5,AXLE-MAIN GEAR,BABV,OS concluída,REPARADO,VEE ONE,
2026-10-02,3040262717,2641011-5,AXLE-MAIN GEAR,BANT,OS concluída,REPARADO,VEE ONE,
2026-10-02,3040262714,2641011-5,AXLE-MAIN GEAR,BAPV,REC,,BANT,172.0
2026-10-02,3040262713,2641011-5,AXLE-MAIN GEAR,BAPV,OS concluída,,,
2026-10-02,3040262712,2641011-5,AXLE-MAIN GEAR,BABR,REC,,BANT,172.0
2026-10-02,3040262711,2641011-5,AXLE-MAIN GEAR,BABR,REC,,BANT,172.0
2026-10-02,3040262709,2641011-5,AXLE-MAIN GEAR,PAMALS,REC,,BANT,172.0
2026-10-02,3040262708,2641011-5,AXLE-MAIN GEAR,PAMALS,REC,,BANT,172.0
2026-10-02,3040262744,3244809-1A,F.C.U,PAMALS,REC,EM REPARO,LEAP,172.0
2026-10-02,3040262758,9910338-4,FUEL TOTALIZER INDICATOR,PAMALS,REC,EM REPARO,VEE ONE,172.0
2026-10-02,3040262759,9910338-6,"TRANSMITTER,RATE OF FLOW",BAMN,REC,,PAMA-LS,172.0
2026-10-02,3040262760,9910338-6,"TRANSMITTER,RATE OF FLOW",BANT,REC,EM REPARO,VEE ONE,172.0
2026-10-02,3040262966,2682001-1,BRAKE CYL MAST,BACO,OS concluída,,PAMA-LS,
2026-10-02,3040262967,2682001-1,BRAKE CYL MAST,PAMALS,OS concluída,,PAMA-LS,
2026-10-02,3040262968,2682001-1,BRAKE CYL MAST,BANT,OS concluída,,PAMA-LS,
2026-10-02,3040262969,2682001-1,BRAKE CYL MAST,BABE,OS concluída,,PAMA-LS,
2026-10-02,3040263069,453-5060,ELT C406-N,BABE,OS concluída,,,
2026-10-02,3040263283,D145-00-46-2,FLAP ACTUATOR ASSY,PAMALS,REC,,,155.0
2026-10-02,3040263284,D145-00-46-2,FLAP ACTUATOR ASSY,BAFL,REC,,,155.0
2026-10-02,3040263324,069-01033-0101,"RECEIVER-TRANSMITTER,RADIO",PAMALS,REC,EM REPARO,LEAP,155.0
2026-10-02,3040263287,C661065-0237,AIRSPEED INDICATOR,BABR,OS concluída,,,
2026-10-02,3040263288,C661065-0237,AIRSPEED INDICATOR,PAMASP,OS concluída,,,
2026-10-02,3040263314,060-0017-00,FLIGHT DIR HOR,EEAR,REC,EM REPARO,LEAP,155.0
2026-10-02,3040263319,066-1055-00,AUDIO CONTROL PANEL,BABE,OS concluída,,,
2026-10-02,3040263317,060-0017-00,FLIGHT DIR HOR,PAMASP,OS concluída,,BANT,
2026-10-02,3040263316,060-0017-00,FLIGHT DIR HOR,BANT,REC,,BANT,155.0
2026-10-02,3040263320,066-1055-00,AUDIO CONTROL PANEL,PAMALS,REC,EM REPARO,AV AERONAUTICA,155.0
2026-10-02,3040263325,069-01033-0101,"RECEIVER-TRANSMITTER,RADIO",PAMALS,REC,,,155.0
2026-10-02,3040263335,C611008-0101,ALTERNATOR CONTROL UNIT,PAMALS,REC,,BANT,155.0
2026-10-02,3040263336,C611008-0101,ALTERNATOR CONTROL UNIT,PAMALS,REC,,BANT,155.0
2026-10-02,3040263286,C661065-0237,AIRSPEED INDICATOR,BANT,REC,,PAMA-LS,155.0
2026-10-02,3040263322,066-1055-00,AUDIO CONTROL PANEL,ALA 9,REC,EM REPARO,WILLIAM,155.0
2026-10-02,3040263326,069-01033-0101,"RECEIVER-TRANSMITTER,RADIO",PAMALS,REC,,BANT,155.0
2026-10-02,3040263315,060-0017-00,FLIGHT DIR HOR,BACG,OS concluída,,BABR,
2026-10-02,3040263334,011-00916-10,"DISPLAY UNIT,FLIGHT INFORMATION",BACO,REC,,WILLIAM,155.0
2026-10-02,3040263333,011-00916-10,"DISPLAY UNIT,FLIGHT INFORMATION",BACO,OS concluída,,BAMN,
2026-10-02,3040263332,011-00916-10,"DISPLAY UNIT,FLIGHT INFORMATION",BAMN,OS concluída,,,
2026-10-02,3040263331,C661064-0237,AIRSPEED INDICATOR,PAMALS,REC,,PAMA-LS,155.0
2026-10-02,3040263329,C661064-0237,AIRSPEED INDICATOR,PAMALS,REC,,PAMA-LS,155.0
2026-10-02,3040263328,C661064-0237,AIRSPEED INDICATOR,BABR,REC,EM REPARO,WILLIAM,155.0
2026-10-02,3040263327,C661064-0237,AIRSPEED INDICATOR,BABR,REC,EM REPARO,WILLIAM,155.0
2026-10-02,3040263330,C661064-0237,AIRSPEED INDICATOR,PAMALS,REC,,PAMA-LS,155.0
2026-10-02,3040263338,C611008-0101,ALTERNATOR CONTROL UNIT,PAMALS,REC,,V1 PAMA-LS,155.0
2026-10-02,3040263433,066-03064-0005,"ALTIMETER,SERVO CONTROLLED,AUTOMATIC PRESSURE",BACG,OS concluída,,PAMA-LS,
2026-10-02,3040263435,066-03064-0005,"ALTIMETER,SERVO CONTROLLED,AUTOMATIC PRESSURE",BANT,OS concluída,,PAMA-LS,
2026-10-02,3040263434,066-03064-0005,"ALTIMETER,SERVO CONTROLLED,AUTOMATIC PRESSURE",PAMASP,REC,,PAMA-LS,149.0
2026-10-02,3040263417,069-01033-0101,"RECEIVER-TRANSMITTER,RADIO",PAMALS,REC,EM REPARO,WILLIAM,149.0
2026-10-02,3040263416,069-01033-0101,"RECEIVER-TRANSMITTER,RADIO",BASM,REC,EM REPARO,WILLIAM,149.0
2026-10-02,3040263415,069-01033-0101,"RECEIVER-TRANSMITTER,RADIO",BABR,REC,,BANT,149.0
2026-10-02,3040263447,066-3046-07,"CONTROL,INDICATOR",CLA,OS concluída,,BABR,
2026-10-02,3040263443,3244897-4,FUEL CONTROL UNIT,PAMALS,REC,EM REPARO,LEAP,148.0
2026-10-02,3040263444,3244897-4,FUEL CONTROL UNIT,PAMALS,REC,EM REPARO,LEAP,148.0
2026-10-02,3040263577,060-0015-00,"CONTROL,DIRECTIONAL,AUTOMATIC PILOT",ALA 5,REC,,WILLIAM,143.0
2026-10-02,3040263574,066-1072-04,"RECEIVER,RADIO",BABE,REC,EM REPARO,WILLIAM,143.0
2026-10-02,3040263576,066-1072-04,"RECEIVER,RADIO",BAMN,OS concluída,,WILLIAM,
2026-10-02,3040263575,066-1072-04,"RECEIVER,RADIO",BABE,REC,EM REPARO,WILLIAM,143.0
2026-10-02,3040263573,066-3084-32,IND RDR 2000 IN-182A,PAMALS,REC,,BABR,143.0
2026-10-02,3040263571,066-3084-32,IND RDR 2000 IN-182A,PAMALS,REC,,BANT,143.0
2026-10-02,3040263572,066-3084-32,IND RDR 2000 IN-182A,PAMALS,REC,EM REPARO,WILLIAM,143.0
2026-10-02,3040263448,2618510-10,ALTERNATOR CONTROL UNIT ASSY,BABE,REC,EM REPARO,WILLIAM,143.0
2026-10-02,3040263449,2618510-10,ALTERNATOR CONTROL UNIT ASSY,PAMALS,REC,,BANT,143.0
2026-10-02,3040263877,2641011-5,AXLE-MAIN GEAR,CLA,REC,REPARADO,VEE ONE,133.0
2026-10-02,3040263878,2641011-5,AXLE-MAIN GEAR,CLA,OS concluída,,BABE,
2026-10-02,3040264243,069-01033-0101,"RECEIVER-TRANSMITTER,RADIO",PAMALS,REC,EM REPARO,WILLIAM,126.0
2026-10-02,3040264244,069-01033-0101,"RECEIVER-TRANSMITTER,RADIO",PAMASP,REC,EM REPARO,WILLIAM,126.0
2026-10-02,3040264246,060-0017-00,FLIGHT DIR HOR,PAMALS,REC,,BABR,126.0
2026-10-02,3040264237,200SGL119Q-2,STARTER GENERATOR,BAMN,REC,EM REPARO,AV AERONAUTICA,126.0
2026-10-02,3040264236,200SGL119Q-2,STARTER GENERATOR,BABE,OS concluída,,BABE,
2026-10-02,3040264121,3244897-4,FUEL CONTROL UNIT,BABE,OS concluída,EM REPARO,LEAP,
2026-10-02,3040264263,9910338-8,"INDICATOR,FUEL FLOW",PAMALS,OS concluída,,BABR,
2026-10-02,3040264262,9910338-8,"INDICATOR,FUEL FLOW",BABV,OS concluída,,PAMA-LS,
2026-10-02,3040264242,324843-2020,HEADSET-MICROPHONE,BABE,OS concluída,,BAMN,
2026-10-02,3040264264,324843-2020,HEADSET-MICROPHONE,DACTA II,OS concluída,,BAMN,
2026-10-02,3040264238,324843-2020,HEADSET-MICROPHONE,DACTA II,OS concluída,,,
2026-10-02,3040264241,324843-2020,HEADSET-MICROPHONE,DACTA II,OS concluída,,BAMN,
2026-10-02,3040264240,324843-2020,HEADSET-MICROPHONE,DACTA II,OS concluída,,BAMN,
2026-10-02,3040264122,3244809-8,"FUEL CONTROL,MAIN,TURBINE ENGINE",BABE,OS concluída,,BABR,
2026-10-02,3040263797,066-3046-07,"CONTROL,INDICATOR",BABE,REC,EM REPARO,WILLIAM,126.0
2026-10-02,3040263798,066-3046-07,"CONTROL,INDICATOR",PAMASP,OS concluída,,,
2026-10-02,3040263799,066-3046-07,"CONTROL,INDICATOR",PAMASP,REC,EM REPARO,WILLIAM,126.0
2026-10-02,3040263795,071-01519-0101,"RECEIVER-EXCITER,RADAR",PAMALS,REC,,BANT,126.0
2026-10-02,3040263796,071-01519-0101,"RECEIVER-EXCITER,RADAR",PAMALS,REC,EM REPARO,WILLIAM,126.0
2026-10-02,3040264579,060-0017-00,FLIGHT DIR HOR,BABR,OS concluída,,,
2026-10-02,3040264577,060-0017-00,FLIGHT DIR HOR,PAMALS,REC,,,114.0
2026-10-02,3040264573,060-0017-00,FLIGHT DIR HOR,BANT,REC,,,114.0
2026-10-02,3040264574,060-0017-00,FLIGHT DIR HOR,BANT,REC,,,114.0
2026-10-02,3040264576,060-0017-00,FLIGHT DIR HOR,PAMALS,REC,,,114.0
2026-10-02,3040264572,060-0017-00,FLIGHT DIR HOR,PAMASP,REC,,,114.0
2026-10-02,3040264647,1H75-21,PRESSURE REGULATOR,BAMN,REC,,,109.0
2026-10-02,3040264646,1H75-21,PRESSURE REGULATOR,PAMASP,REC,,,109.0
2026-10-02,3040264645,1H75-21,PRESSURE REGULATOR,PAMASP,REC,,,109.0
2026-10-02,3040264643,1H75-21,PRESSURE REGULATOR,PAMASP,OS concluída,,,
2026-10-02,3040264707,3244809-7,"FUEL CONTROL,MAIN,TURBINE ENGINE",BABE,OS concluída,,,
2026-10-02,3040264709,540-1407-4,"VALVE,BLEED,TURBINEENGINE",PAMASP,REC,,,109.0
2026-10-02,3040264710,200SGL153Q,"STARTER-GENERATOR,ENGINE,AIRCRAFT",CLA,OS concluída,,,
2026-10-02,3040264711,200SGL153Q,"STARTER-GENERATOR,ENGINE,AIRCRAFT",PAMASP,OS concluída,,,
2026-10-02,3040264712,200SGL153Q,"STARTER-GENERATOR,ENGINE,AIRCRAFT",BACG,REC,,,109.0
2026-10-02,3040264718,9910338-8,"INDICATOR,FUEL FLOW",PAMALS,REC,,,109.0
2026-10-02,3040264719,S3326-2,"INDICATOR,HORIZONTAL SITUATION",ALA 8,REC,,,109.0
2026-10-02,3040264720,S3326-2,"INDICATOR,HORIZONTAL SITUATION",PAMALS,REC,,,109.0
2026-10-02,3040264721,S3326-2,"INDICATOR,HORIZONTAL SITUATION",PAMASP,REC,,,109.0
2026-10-02,3040264724,2606013-1AM,INDICADOR PERCENTUAL RPM,BABV,REC,,,109.0
2026-10-02,3040264725,2606013-1AM,INDICADOR PERCENTUAL RPM,BABR,REC,,,109.0
2026-10-02,3040264726,2606015-4,INDICATOR-OIL TEMP/OIL PRESS,BANT,REC,,,109.0
2026-10-02,3040264727,C661051-0201,GYRO HORIZON,ALA 10,REC,,,109.0
2026-10-02,3040264728,504-0111-906,GYRO HORIZON,PAMALS,OS concluída,,,
2026-10-02,3040264729,504-0111-906,GYRO HORIZON,BACG,OS concluída,,,
2026-10-02,3040264730,8210-003,"GOVERNOR,FUEL CONTROL",PAMASP,REC,,,109.0
2026-10-02,3040264731,8210-002,"GOVERNOR,CONSTANT SPEED DRIVE",PAMASP,REC,,,109.0
2026-10-02,3040264732,8210-002,"GOVERNOR,CONSTANT SPEED DRIVE",BAMN,REC,,,109.0
2026-10-02,3040264733,030-18200,MAIN WHEEL BRAKE,BAMN,REC,,,109.0
2026-10-02,3040264734,030-18200,MAIN WHEEL BRAKE,BAMN,REC,,,109.0
2026-10-02,3040264735,161-11700,INNER WHEEL HALF ASSY,PAMALS,REC,,,109.0
2026-10-02,3040264736,161-12800,WHEEL HALF ASSY-INNER,BABR,REC,,,109.0
2026-10-02,3040264737,161-12800,WHEEL HALF ASSY-INNER,PAMALS,AUT,,,109.0
2026-10-02,3040264738,162-10700,OUTER WHEEL HALF ASSY,BACO,AUT,,,109.0
2026-10-02,3040264807,011-01105-01,INTEGRATED AVIONICS UNIT GIA63W,ALA 8,REC,,,101.0
2026-10-02,3040264808,011-01105-01,INTEGRATED AVIONICS UNIT GIA63W,BAMN,REC,,,101.0
2026-10-02,3040264907,011-00916-10,"DISPLAY UNIT,FLIGHT INFORMATION",BAMN,REC,,,94.0
2026-10-02,3040264908,011-00916-10,"DISPLAY UNIT,FLIGHT INFORMATION",BABV,OS concluída,,,
2026-10-02,3040264974,3244809-8,"FUEL CONTROL,MAIN,TURBINE ENGINE",BAMN,REC,,,92.0
2026-10-02,3040264961,3244897-4,FUEL CONTROL UNIT,CLA,OS concluída,,,
2026-10-02,3040264960,3034792,BOMBA DE COMBUSTÍVEL,CLA,OS concluída,,,
2026-10-02,3040265144,011-01020-10,AFCS MODE CONTROLLER GMC 710,BABE,REC,,,86.0
2026-10-02,3040265140,011-01020-10,AFCS MODE CONTROLLER GMC 710,BABE,REC,,,86.0
2026-10-02,3040265482,066-3084-32,IND RDR 2000 IN-182A,BABR,REC,,,71.0
2026-10-02,3040265484,066-3084-32,IND RDR 2000 IN-182A,BANT,REC,,,71.0
2026-10-02,3040265485,066-3084-32,IND RDR 2000 IN-182A,BABR,REC,,,71.0
2026-10-02,3040265526,ASG12000-2,ALTERNATOR,PAMALS,REC,,,67.0
2026-10-02,3040265525,ASG12000-2,ALTERNATOR,BABR,OS concluída,,,
2026-10-02,3040265527,9910592-2,ALTERNADOR,BABR,REC,,,67.0
2026-10-02,3040265533,3122678-04,FUEL CONTROL UNIT,BABR,REC,,,67.0
2026-10-02,3040265532,C611505-0201,ALTERNATOR,BANT,REC,,,67.0
2026-10-02,3040265530,C611505-0201,ALTERNATOR,BABV,OS concluída,,,
2026-10-02,3040265528,9910592-2,ALTERNADOR,BABR,REC,,,67.0
2026-10-02,3040265724,3244897-4,FUEL CONTROL UNIT,CLA,REC,,,66.0
2026-10-02,3040265474,C611008-0101,ALTERNATOR CONTROL UNIT,PAMALS,REC,,,64.0
2026-10-02,3040265475,C611008-0101,ALTERNATOR CONTROL UNIT,BABV,REC,,,64.0
2026-10-02,3040265476,C611008-0101,ALTERNATOR CONTROL UNIT,PAMALS,REC,,,64.0
2026-10-02,3040265477,C611008-0101,ALTERNATOR CONTROL UNIT,PAMALS,REC,,,64.0
2026-10-02,3040265576,011-00916-10,"DISPLAY UNIT,FLIGHT INFORMATION",BAMN,REC,,,63.0
2026-10-02,3040265580,011-00916-00,DISPLAY UNIT GDU 1040A,PAMALS,REC,,,67.0
2026-10-02,3040265581,011-00916-00,DISPLAY UNIT GDU 1040A,PAMALS,REC,,,67.0
2026-10-02,3040265589,EA-5175-52-CES,INDICATOR TRUE,BABV,REC,,,67.0
2026-10-02,3040265590,EA-5175-52-CES,INDICATOR TRUE,BASM,REC,,,67.0
2026-10-02,3040265591,EA-5175-52-CES,INDICATOR TRUE,BABV,REC,,,67.0
2026-10-02,3040265592,EA-5175-52-CES,INDICATOR TRUE,BABV,REC,,,67.0
2026-10-02,3040265668,9910592-2,ALTERNADOR,PAMALS,OS concluída,,,
2026-10-02,3040265678,9910592-2,ALTERNADOR,BAMN,REC,,,67.0
2026-10-02,3040265679,C611505-0201,ALTERNATOR,PAMALS,REC,,,67.0
2026-10-02,3040265680,C611505-0201,ALTERNATOR,ALA 8,REC,,,67.0
2026-10-02,3040265726,071-01519-0101,"RECEIVER-EXCITER,RADAR",PAMALS,REC,,,66.0
2026-10-02,3040265727,071-01519-0101,"RECEIVER-EXCITER,RADAR",CLA,REC,,,66.0
2026-10-02,3040265728,C163030-1001,MAIN W BRAKE A,BAMN,REC,,,66.0
2026-10-02,3040265731,066-3046-07,"CONTROL,INDICATOR",BABR,REC,,,66.0
2026-10-02,3040265732,066-3046-07,"CONTROL,INDICATOR",BANT,REC,,,66.0
2026-10-02,3040265734,066-3046-07,"CONTROL,INDICATOR",EEAR,REC,,,66.0
2026-10-02,3040265735,066-3046-07,"CONTROL,INDICATOR",CLA,REC,,,66.0
2026-10-02,3040265736,C611008-0101,ALTERNATOR CONTROL UNIT,BABV,REC,,,66.0
2026-10-02,3040265737,C611008-0101,ALTERNATOR CONTROL UNIT,EEAR,REC,,,66.0
2026-10-02,3040265738,C611008-0101,ALTERNATOR CONTROL UNIT,PAMALS,REC,,,66.0
2026-10-02,3040265739,C611008-0101,ALTERNATOR CONTROL UNIT,BANT,REC,,,66.0
2026-10-02,3040265740,C611008-0101,ALTERNATOR CONTROL UNIT,BABE,REC,,,66.0
2026-10-02,3040265741,C611008-0101,ALTERNATOR CONTROL UNIT,BABR,REC,,,66.0
2026-10-02,3040265742,066-1072-04,"RECEIVER,RADIO",BACG,REC,,,66.0
2026-10-02,3040265743,066-1072-04,"RECEIVER,RADIO",BAMN,REC,,,66.0
2026-10-02,3040265744,066-1072-04,"RECEIVER,RADIO",PAMALS,REC,,,66.0
2026-10-02,3040265745,066-3084-32,IND RDR 2000 IN-182A,PAMALS,REC,,,66.0
2026-10-02,3040265746,066-3084-32,IND RDR 2000 IN-182A,PAMALS,REC,,,66.0
2026-10-02,3040265747,30994-001,BATTERY-MARATHON TSP410 NICAD,PAMALS,AUT,,,66.0
2026-10-02,3040265748,30994-001,BATTERY-MARATHON TSP410 NICAD,PAMALS,AUT,,,66.0
2026-10-02,3040265749,30994-001,BATTERY-MARATHON TSP410 NICAD,PAMALS,AUT,,,66.0
2026-10-02,3040265750,30994-001,BATTERY-MARATHON TSP410 NICAD,PAMALS,AUT,,,66.0
2026-10-02,3040265751,30994-001,BATTERY-MARATHON TSP410 NICAD,PAMALS,AUT,,,66.0
2026-10-02,3040265752,2641011-5,AXLE-MAIN GEAR,BAMN,REC,,,66.0
2026-10-02,3040265753,2641011-5,AXLE-MAIN GEAR,BAMN,REC,,,66.0
2026-10-02,3040265754,161-11700,INNER WHEEL HALF ASSY,BACO,AUT,,,66.0
2026-10-02,3040265755,161-12800,WHEEL HALF ASSY-INNER,BABE,REC,,,66.0
2026-10-02,3040265757,066-01141-0101,"RECEIVER,RADIO",PAMALS,REC,,,66.0
2026-10-02,3040265758,066-01141-0101,"RECEIVER,RADIO",PAMALS,REC,,,66.0
2026-10-02,3040265759,C660501-0103,"COMPASS,SPEC",DACTA II,REC,,,66.0
2026-10-02,3040265769,023694-000,BATTERY NICKEL CADMIUM,BAPV,REC,,,65.0
2026-10-02,3040265771,2651023-23,ENGINE MOUNT ASSEMBLY,PAMALS,REC,,,65.0
2026-10-02,3040265772,2651023-23,ENGINE MOUNT ASSEMBLY,PAMALS,REC,,,65.0
2026-10-02,3040265892,324843-0020,HEADSET-MICROPHONE,PAMALS,REC,,,60.0
2026-10-02,3040265893,324843-0020,HEADSET-MICROPHONE,PAMALS,OS concluída,,,
2026-10-02,3040265894,324843-0020,HEADSET-MICROPHONE,PAMALS,REC,,,60.0
2026-10-02,3040265895,324843-0020,HEADSET-MICROPHONE,PAMALS,REC,,,60.0
2026-10-02,3040265946,011-00870-00,MAGNETOMETER GMU 44,BAMN,REC,,,57.0
2026-10-02,3040265947,011-00870-00,MAGNETOMETER GMU 44,BAMN,REC,,,57.0
2026-10-02,3040266034,C662041-0102,INDICATOR FUEL,BABE,REC,,,53.0
2026-10-02,3040266040,C662041-0102,INDICATOR FUEL,PAMALS,OS concluída,,,
2026-10-02,3040266036,C662041-0102,INDICATOR FUEL,PAMALS,REC,,,53.0
2026-10-02,3040266035,C662041-0102,INDICATOR FUEL,PAMALS,REC,,,45.0
2026-10-02,3040266039,C662041-0102,INDICATOR FUEL,BANT,REC,,,45.0
2026-10-02,3040266041,C662041-0102,INDICATOR FUEL,PAMALS,REC,,,45.0
2026-10-02,3040266307,069-01033-0101,"RECEIVER-TRANSMITTER,RADIO",PAMALS,REC,,,43.0
2026-10-02,3040266308,069-01033-0101,"RECEIVER-TRANSMITTER,RADIO",BANT,REC,,,43.0
2026-10-02,3040266306,069-01033-0101,"RECEIVER-TRANSMITTER,RADIO",BACG,REC,,,43.0
2026-10-02,3040266307,069-01033-0101,"RECEIVER-TRANSMITTER,RADIO",PAMALS,REC,,,43.0
2026-10-02,3040266308,069-01033-0101,"RECEIVER-TRANSMITTER,RADIO",BANT,REC,,,43.0
2026-10-02,3040266568,C662504-0101,GAGE VOLT AMME,PAMALS,REC,,,32.0
2026-10-02,3040266567,C662504-0101,GAGE VOLT AMME,ALA 9,REC,,,32.0
2026-10-02,3040266566,C662504-0101,GAGE VOLT AMME,PAMALS,REC,,,32.0
2026-10-02,3040266569,C662504-0101,GAGE VOLT AMME,BABV,REC,,,32.0
2026-10-02,3040266644,2643100-206,NOSE GEAR STRUT ASSY - TALL FORK,BAMN,REC,,,28.0
2026-10-02,3040266685,9910586-4,FLAP ACTUATOR AND MOTOR ASSEMBLY,PAMALS,REC,,,23.0
2026-10-02,3040266684,9910586-4,FLAP ACTUATOR AND MOTOR ASSEMBLY,BANT,REC,,,23.0
2026-10-02,3040266682,161-11700,INNER WHEEL HALF ASSY,DACTA II,REC,,,23.0
2026-10-02,3040266683,162-11800,WHEEL HALF ASSY-OUTER,BAMN,REC,,,23.0
2026-10-02,3040266681,162-10700,OUTER WHEEL HALF ASSY,DACTA II,REC,,,23.0
2026-10-02,3040266667,2641011-5,AXLE-MAIN GEAR,BACO,REC,,,23.0
2026-10-02,3040266666,2641011-5,AXLE-MAIN GEAR,BACO,REC,,,23.0
2026-10-02,3040266664,2641011-5,AXLE-MAIN GEAR,BANT,REC,,,23.0
2026-10-02,3040266665,2641011-5,AXLE-MAIN GEAR,BANT,REC,,,23.0
2026-10-02,3040266660,2643031-7,"FORK ASSY,NOSE GEAR SPRING",PAMALS,REC,,,23.0
2026-10-02,3040266662,2641012-14,TRUNNION ASSY-RH-MAIN GEAR,PAMALS,REC,,,23.0
2026-10-02,3040266663,2641012-14,TRUNNION ASSY-RH-MAIN GEAR,BANT,REC,,,23.0
2026-10-02,3040266661,2643031-7,"FORK ASSY,NOSE GEAR SPRING",PAMALS,REC,,,23.0
2026-10-02,3040266656,2643099-4,"SUPPORT ASSY FOWARD, NLG SPRING",BABE,REC,,,23.0
2026-10-02,3040266657,2643099-4,"SUPPORT ASSY FOWARD, NLG SPRING",PAMASP,REC,,,23.0
2026-10-02,3040266658,2643099-4,"SUPPORT ASSY FOWARD, NLG SPRING",PAMASP,REC,,,23.0
2026-10-02,3040266643,2643100-206,NOSE GEAR STRUT ASSY - TALL FORK,BABE,REC,,,23.0
2026-10-02,3040266737,C661025-0101,ALTIMETER (2P),BANT,REC,,,16.0
2026-10-02,3040266724,065-0065-01,SELECTOR ALT,CLA,REC,,,16.0
2026-10-02,3040266725,C662041-0102,INDICATOR FUEL,BABR,REC,,,16.0
2026-10-02,3040266726,C662041-0102,INDICATOR FUEL,BABR,REC,,,16.0
2026-10-02,3040266727,C662041-0102,INDICATOR FUEL,BABR,REC,,,16.0
2026-10-02,3040266730,060-0015-00,"CONTROL,DIRECTIONAL,AUTOMATIC PILOT",PAMALS,REC,,,16.0
2026-10-02,3040266731,060-0015-00,"CONTROL,DIRECTIONAL,AUTOMATIC PILOT",BABV,REC,,,16.0
2026-10-02,3040266723,065-0065-01,SELECTOR ALT,EEAR,REC,,,16.0
2026-10-02,3040266722,065-0065-01,SELECTOR ALT,BANT,REC,,,16.0
2026-10-02,3040266728,060-0015-00,"CONTROL,DIRECTIONAL,AUTOMATIC PILOT",PAMASP,REC,,,16.0
2026-10-02,3040266732,066-3046-07,"CONTROL,INDICATOR",BANT,REC,,,16.0
2026-10-02,3040266884,D210507,"GOVERNOR,OVERSPEED",PAMALS,REC,,,9.0
2026-10-02,3040266882,D210507,"GOVERNOR,OVERSPEED",BANT,REC,,,9.0
2026-10-05,3040249831,066-01141-5101,"RECEIVER-TRANSMITTER,RADIO (KT71)",PAMALS,REC,EM REPARO,LEAP,602.0
2026-10-05,3040250248,452-0133,"BATTERY,NONRECHARGEABLE",BABR,REC,CONDENADO,VEE ONE,586.0
2026-10-05,3040250249,452-0133,"BATTERY,NONRECHARGEABLE",BAMN,REC,CONDENADO,VEE ONE,586.0
2026-10-05,3040250234,3034792,BOMBA DE COMBUSTÍVEL,PAMALS,REC,,BANT,586.0
2026-10-05,3040250816,453-5060,"BEACON,DISTRESS",BAMN,REC,,PAMA-LS,564.0
2026-10-05,3040250830,799-1,TRANSDUCER,BACO,REC,,BANT,564.0
2026-10-05,3040250829,51539-012N,CONTROL UNIT ASSY-GENERATOR,BAMN,OS concluída,,,
2026-10-05,3040250828,51539-012N,CONTROL UNIT ASSY-GENERATOR,BACG,REC,,BABR,564.0
2026-10-05,3040250827,51539-012N,CONTROL UNIT ASSY-GENERATOR,BANT,REC,,BABR,564.0
2026-10-05,3040250831,799-1,TRANSDUCER,BANT,REC,,BANT,564.0
2026-10-05,3040250833,9910586-4,FLAP ACTUATOR AND MOTOR ASSEMBLY,ALA 3,REC,,BAMN,564.0
2026-10-05,3040250834,9910586-4,FLAP ACTUATOR AND MOTOR ASSEMBLY,ALA 3,OS concluída,,,
2026-10-05,3040250832,9910338-4,FUEL TOTALIZER INDICATOR,EEAR,REC,,PAMA-LS,564.0
2026-10-05,3040250835,ASG12000-2,ALTERNATOR,ALA 5,OS concluída,REPARADO,V1 PAMA-LS,
2026-10-05,3040250841,C661030-0301,TURN BANK,PAMALS,REC,EM REPARO,LEAP,564.0
2026-10-05,3040250842,C662041-0102,INDICATOR FUEL,ALA 5,REC,,PAMA-LS,564.0
2026-10-05,3040250844,C662041-0102,INDICATOR FUEL,ALA 9,REC,,PAMA-LS,564.0
2026-10-05,3040250843,C662041-0102,INDICATOR FUEL,ALA 10,OS concluída,,,
2026-10-05,3040250719,060-0017-00,FLIGHT DIR HOR,PAMALS,REC,,BANT,564.0
2026-10-05,3040250720,060-0017-00,FLIGHT DIR HOR,BABV,OS concluída,,,
2026-10-05,3040250722,066-01141-5101,"RECEIVER-TRANSMITTER,RADIO (KT71)",ALA 9,REC,EM REPARO,WILLIAM,564.0
2026-10-05,3040250723,066-01141-5101,"RECEIVER-TRANSMITTER,RADIO (KT71)",CLA,REC,,BABR,564.0
2026-10-05,3040250721,060-0017-00,FLIGHT DIR HOR,BANT,OS concluída,,,
2026-10-05,3040250725,066-3046-07,"CONTROL,INDICATOR",ALA 10,OS concluída,,,
2026-10-05,3040250724,066-04035-1101,"DISPLAY UNIT,RADAR",PAMALS,REC,,BANT,564.0
2026-10-05,3040250732,069-1025-25,"RECEIVER-TRANSMITTER,RADIO - KX165",PAMALS,REC,EM REPARO,WILLIAM,564.0
2026-10-05,3040250782,2606012-1,INDICATOR-INTER-TURBINE TEMPERATURE,ALA 9,OS concluída,,,
2026-10-05,3040250775,161-11700,INNER WHEEL HALF ASSY,BABE,OS concluída,,,
2026-10-05,3040250773,161-11700,INNER WHEEL HALF ASSY,EEAR,REC,,BACG,564.0
2026-10-05,3040250718,030-18200,MAIN WHEEL BRAKE,BACO,OS concluída,,,
2026-10-05,3040250716,030-18200,MAIN WHEEL BRAKE,BABV,REC,EM REPARO,LEAP,564.0
2026-10-05,3040250717,030-18200,MAIN WHEEL BRAKE,BACO,OS concluída,,,
2026-10-05,3040250780,162-11800,WHEEL HALF ASSY-OUTER,PAMALS,OS concluída,,,
2026-10-05,3040250781,162-11800,WHEEL HALF ASSY-OUTER,BACG,OS concluída,,,
2026-10-05,3040250778,161-12800,WHEEL HALF ASSY-INNER,BACG,OS concluída,,,
2026-10-05,3040250776,161-12800,WHEEL HALF ASSY-INNER,BABE,OS concluída,,,
2026-10-05,3040250790,2643031-7,"FORK ASSY,NOSE GEAR SPRING",BAMN,OS concluída,,,
2026-10-05,3040250791,2643090-1,SHIMMY DAMPENE,BANT,REC,EM REPARO,AV AERONAUTICA,564.0
2026-10-05,3040250792,2643090-1,SHIMMY DAMPENE,BAMN,OS concluída,REPARADO,V1 PAMA-LS,
2026-10-05,3040250789,2641012-14,TRUNNION ASSY-RH-MAIN GEAR,PAMASP,OS concluída,,,
2026-10-05,3040250793,2643099-4,"SUPPORT ASSY FOWARD, NLG SPRING",BAMN,OS concluída,,,
2026-10-05,3040250798,30994-001,BATTERY-MARATHON TSP410 NICAD,BANT,OS concluída,CONDENADO,AMA - VEE ONE,
2026-10-05,3040252191,C611008-0101,ALTERNATOR CONTROL UNIT,PAMALS,REC,,BABR,531.0
2026-10-05,3040252159,011-00916-00,DISPLAY UNIT GDU 1040A,BAMN,REC,,BAMN,531.0
2026-10-05,3040252161,065-0042-03,COMPUTER PA,ALA 10,REC,EM REPARO,WILLIAM,531.0
2026-10-05,3040252162,065-0042-03,COMPUTER PA,EEAR,REC,,BABE,531.0
2026-10-05,3040252164,065-0042-03,COMPUTER PA,EEAR,REC,EM REPARO,WILLIAM,531.0
2026-10-05,3040252165,065-0042-03,COMPUTER PA,PAMALS,OS concluída,,,
2026-10-05,3040252166,065-0059-01,SERVO PITCH,EEAR,REC,EM REPARO,WILLIAM,531.0
2026-10-05,3040252168,066-03064-0005,"ALTIMETER,SERVO CONTROLLED,AUTOMATIC PRESSURE",ALA 9,OS concluída,,,
2026-10-05,3040252173,066-03064-0005,"ALTIMETER,SERVO CONTROLLED,AUTOMATIC PRESSURE",BANT,REC,EM REPARO,LEAP,531.0
2026-10-05,3040252172,066-03064-0005,"ALTIMETER,SERVO CONTROLLED,AUTOMATIC PRESSURE",PAMALS,REC,NO ESTADO,VEE ONE,531.0
2026-10-05,3040252170,066-03064-0005,"ALTIMETER,SERVO CONTROLLED,AUTOMATIC PRESSURE",ALA 7,REC,NO ESTADO,VEE ONE,531.0
2026-10-05,3040252178,066-1072-00,RECEIVER ADF (KING KR87),PAMALS,OS concluída,,,
2026-10-05,3040252182,066-1072-04,"RECEIVER,RADIO",ALA 9,OS concluída,,,
2026-10-05,3040252181,066-1072-04,"RECEIVER,RADIO",PAMASP,OS concluída,EM REPARO,WILLIAM,
2026-10-05,3040252180,066-1072-04,"RECEIVER,RADIO",ALA 8,OS concluída,,,
2026-10-05,3040252185,066-1072-04,"RECEIVER,RADIO",BAMN,OS concluída,,,
2026-10-05,3040252189,9910338-6,"TRANSMITTER,RATE OF FLOW",ALA 8,OS concluída,,,
2026-10-05,3040252190,9910338-6,"TRANSMITTER,RATE OF FLOW",BABR,OS concluída,,,
2026-10-05,3040252160,011-01020-10,AFCS MODE CONTROLLER GMC 710,BAMN,OS concluída,,,
2026-10-05,3040252939,C163030-1001,MAIN W BRAKE A,BABV,REC,,BAMN,501.0
2026-10-05,3040252936,030-18200,MAIN WHEEL BRAKE,BACO,REC,,PAMA-LS,501.0
2026-10-05,3040252935,030-18200,MAIN WHEEL BRAKE,BAMN,OS concluída,,,
2026-10-05,3040252940,30-182,MAIN WHEEL BRAKE,BABV,OS concluída,,,
2026-10-05,3040252942,30-182,MAIN WHEEL BRAKE,BAMN,OS concluída,,,
2026-10-05,3040252943,30-182,MAIN WHEEL BRAKE,BAMN,OS concluída,,,
2026-10-05,3040253170,161-12800,WHEEL HALF ASSY-INNER,BASM,OS concluída,,,
2026-10-05,3040253168,161-12800,WHEEL HALF ASSY-INNER,BASM,OS concluída,,PAMA-LS,
2026-10-05,3040253172,161-12800,WHEEL HALF ASSY-INNER,PAMALS,REC,,PAMA-LS,497.0
2026-10-05,3040253174,161-12800,WHEEL HALF ASSY-INNER,PAMALS,OS concluída,,,
2026-10-05,3040253173,161-12800,WHEEL HALF ASSY-INNER,PAMALS,REC,EM REPARO,LEAP,497.0
2026-10-05,3040253176,162-10700,OUTER WHEEL HALF ASSY,BABE,OS concluída,,,
2026-10-05,3040253177,162-10700,OUTER WHEEL HALF ASSY,BABV,OS concluída,,PAMA-LS,
2026-10-05,3040253178,162-10700,OUTER WHEEL HALF ASSY,PAMALS,REC,,PROCURANDO,497.0
2026-10-05,3040253179,162-11800,WHEEL HALF ASSY-OUTER,CLA,OS concluída,,,
2026-10-05,3040253181,162-11800,WHEEL HALF ASSY-OUTER,PAMALS,OS concluída,,,
2026-10-05,3040253180,162-11800,WHEEL HALF ASSY-OUTER,BASM,REC,,PROCURANDO,497.0
2026-10-05,3040253182,162-11800,WHEEL HALF ASSY-OUTER,PAMALS,OS concluída,,PAMA-LS,
2026-10-05,3040253536,2641012-14,TRUNNION ASSY-RH-MAIN GEAR,PAMALS,OS concluída,,,
2026-10-05,3040253529,066-03064-0005,"ALTIMETER,SERVO CONTROLLED,AUTOMATIC PRESSURE",DSM-MN,REC,DEVOLVIDO NO ESTADO,WILLIAM,487.0
2026-10-05,3040253528,066-03064-0005,"ALTIMETER,SERVO CONTROLLED,AUTOMATIC PRESSURE",BANT,OS concluída,,,
2026-10-05,3040253532,799-1,TRANSDUCER,PAMALS,REC,,BANT,487.0
2026-10-05,3040253535,2643099-4,"SUPPORT ASSY FOWARD, NLG SPRING",BABE,REC,CONDENADO,VEE ONE,487.0
2026-10-05,3040253531,799-1,TRANSDUCER,BAMN,REC,,VEE ONE,487.0
2026-10-05,3040253530,799-1,TRANSDUCER,BAMN,REC,,BANT,487.0
2026-10-05,3040253526,30994-001,BATTERY-MARATHON TSP410 NICAD,PAMALS,OS concluída,,PAMA-LS,
2026-10-05,3040253527,30994-001,BATTERY-MARATHON TSP410 NICAD,BAPV,OS concluída,,PAMA-LS,
2026-10-05,3040254195,540-1407-4,"VALVE,BLEED,TURBINEENGINE",PAMALS,REC,,BANT,469.0
2026-10-05,3040254201,2643090-3,SHIMMY DAMPER-NOSE GEAR,PAMALS,OS concluída,,PAMA-LS,
2026-10-05,3040254203,SE1070-6,SHIMMY DAMPENER ASSY,BACGINAT,OS concluída,,,
2026-10-05,3040254205,C660501-0103,"COMPASS,SPEC",PAMALS,OS concluída,,PAMA-LS,
2026-10-05,3040254206,C660501-0103,"COMPASS,SPEC",ALA 8,REC,EM REPARO EM GARANTIA,WILLIAM,469.0
2026-10-05,3040254208,C660501-0103,"COMPASS,SPEC",BABV,OS concluída,,PAMA-LS,
2026-10-05,3040254210,799-1,TRANSDUCER,BANT,REC,,BANT,469.0
2026-10-05,3040254792,2606013-1RX,INDICATOR-PERCENT RPM,BABR,REC,,BANT,460.0
2026-10-05,3040254770,069-1025-25,"RECEIVER-TRANSMITTER,RADIO - KX165",ALA 9,REC,EM REPARO,WILLIAM,460.0
2026-10-05,3040254799,453-5000-710,EMERGENCY LOCATOR TRANSMITTER MODEL C406-2,PAMASP,OS concluída,,,
2026-10-05,3040254806,C352TS,"EXTINGUISHER,FIRE",PAMALS,OS concluída,,PAMA-LS,
2026-10-05,3040254805,C352TS,"EXTINGUISHER,FIRE",PAMALS,OS concluída,,,
2026-10-05,3040254810,C352TS,"EXTINGUISHER,FIRE",PAMALS,OS concluída,,,
2026-10-05,3040254809,C352TS,"EXTINGUISHER,FIRE",PAMAGL,OS concluída,,,
2026-10-05,3040254803,C352TS,"EXTINGUISHER,FIRE",2 ETA,OS concluída,,PAMA-LS,
2026-10-05,3040254808,C352TS,"EXTINGUISHER,FIRE",BABR,OS concluída,,PAMA-LS,
2026-10-05,3040254795,D145-00-46-2,FLAP ACTUATOR ASSY,BABE,REC,,PAMA-LS,460.0
2026-10-05,3040254793,D145-00-46-2,FLAP ACTUATOR ASSY,PAMALS,REC,,PAMA-LS,460.0
2026-10-05,3040254815,C482001-0402,VACUUM REGULAT,PAMALS,REC,CONDENADO,VEE ONE,460.0
2026-10-05,3040254816,C482001-0402,VACUUM REGULAT,PAMALS,REC,CONDENADO,VEE ONE,460.0
2026-10-05,3040254820,2641011-5,AXLE-MAIN GEAR,BAMN,OS concluída,,,
2026-10-05,3040254817,2641011-5,AXLE-MAIN GEAR,BABE,OS concluída,,,
2026-10-05,3040254818,2641011-5,AXLE-MAIN GEAR,BABE,OS concluída,,,
2026-10-05,3040254819,2641011-5,AXLE-MAIN GEAR,BANT,OS concluída,,,
2026-10-05,3040254796,30994-001,BATTERY-MARATHON TSP410 NICAD,BAMN,OS concluída,,,
2026-10-05,3040254789,452-0133,"BATTERY,NONRECHARGEABLE",BAMN,REC,CONDENADO,VEE ONE,460.0
2026-10-05,3040254788,452-0133,"BATTERY,NONRECHARGEABLE",BAMN,REC,CONDENADO,VEE ONE,460.0
2026-10-05,3040254787,452-0133,"BATTERY PACK,AIRCRAFT",DACTA II,REC,CONDENADO,VEE ONE,460.0
2026-10-05,3040254786,452-0133,"BATTERY PACK,AIRCRAFT",BAMN,REC,CONDENADO,VEE ONE,460.0
2026-10-05,3040254785,452-0133,"BATTERY,NONRECHARGEABLE",BAMN,REC,CONDENADO,VEE ONE,460.0
2026-10-05,3040254784,452-0133,"BATTERY,NONRECHARGEABLE",DACTA II,REC,CONDENADO,VEE ONE,460.0
2026-10-05,3040255326,011-00916-00,DISPLAY UNIT GDU 1040A,BAMN,REC,,BAMN,451.0
2026-10-05,3040255319,702801-5,FUEL PUMP,PAMASP,REC,EM REPARO,VEE ONE,451.0
2026-10-05,3040255321,8210-002,"GOVERNOR,CONSTANT SPEED DRIVE",PAMALS,OS concluída,,,
2026-10-05,3040255461,DAAS-A-010-1,ADAS-D PROCESSOR,PAMALS,REC,EM REPARO,VEE ONE,447.0
2026-10-05,3040255589,071-01519-0101,"RECEIVER-EXCITER,RADAR",BANT,REC,,PROCURANDO,445.0
2026-10-05,3040255590,071-01519-0101,"RECEIVER-EXCITER,RADAR",PAMALS,OS concluída,,,
2026-10-05,3040255706,C661064-0237,AIRSPEED INDICATOR,BAMN,OS concluída,,,
2026-10-05,3040256114,5934PAD-3,"ALTIMETER,PRESSURE",PAMALS,REC,EM REPARO,VEE ONE,431.0
2026-10-05,3040256119,011-00878-10,GSA-81 TORQUE SERVO,BAPV,REC,EM REPARO,LEAP,431.0
2026-10-05,3040256112,011-00883-20,RADAR GWX 68 WEATHER,BABE,REC,,BAMN,431.0
2026-10-05,3040256115,5934PAD-3,"ALTIMETER,PRESSURE",PAMALS,OS concluída,,,
2026-10-05,3040256118,011-00878-10,GSA-81 TORQUE SERVO,BAPV,REC,,BACO,431.0
2026-10-05,3040256120,011-00916-10,"DISPLAY UNIT,FLIGHT INFORMATION",BAMN,OS concluída,,,
2026-10-05,3040256314,066-4010-12,RECEIVER VOR/LOC (KNS81),EEAR,REC,EM REPARO,LEAP,418.0
2026-10-05,3040256311,3121248-03,"VALVE ASSEMBLY,COMPRESSOR BLEED",PAMALS,OS concluída,,,
2026-10-05,3040256704,C661064-0237,AIRSPEED INDICATOR,PAMALS,OS concluída,,,
2026-10-05,3040256707,D210507,"GOVERNOR,OVERSPEED",PAMALS,OS concluída,,,
2026-10-05,3040256708,D210507,"GOVERNOR,OVERSPEED",PAMALS,REC,REPARADO,VEE ONE,409.0
2026-10-05,3040256702,C661064-0237,AIRSPEED INDICATOR,BABR,OS concluída,,,
2026-10-05,3040256703,C661064-0237,AIRSPEED INDICATOR,PAMALS,OS concluída,,,
2026-10-05,3040256662,030-18200,MAIN WHEEL BRAKE,BASM,OS concluída,,,
2026-10-05,3040256665,161-11700,INNER WHEEL HALF ASSY,BABV,OS concluída,,,
2026-10-05,3040256666,161-11700,INNER WHEEL HALF ASSY,PAMALS,OS concluída,,,
2026-10-05,3040256667,161-11700,INNER WHEEL HALF ASSY,PAMALS,OS concluída,,,
2026-10-05,3040256668,161-11700,INNER WHEEL HALF ASSY,PAMALS,OS concluída,,,
2026-10-05,3040256669,161-11700,INNER WHEEL HALF ASSY,PAMALS,OS concluída,,,
2026-10-05,3040256670,161-11700,INNER WHEEL HALF ASSY,PAMALS,OS concluída,,,
2026-10-05,3040256671,161-11700,INNER WHEEL HALF ASSY,PAMALS,OS concluída,,PAMA-LS,
2026-10-05,3040256698,030-18200,MAIN WHEEL BRAKE,PAMASP,OS concluída,,BABE,
2026-10-05,3040256713,030-18200,MAIN WHEEL BRAKE,ALA 3,REC,,BAMN,409.0
2026-10-05,3040256694,162-11800,WHEEL HALF ASSY-OUTER,BANT,OS concluída,,,
2026-10-05,3040256696,162-11800,WHEEL HALF ASSY-OUTER,PAMALS,OS concluída,,PAMA-LS,
2026-10-05,3040256672,161-12800,WHEEL HALF ASSY-INNER,PAMALS,OS concluída,,PAMA-LS,
2026-10-05,3040256675,161-12800,WHEEL HALF ASSY-INNER,BANT,OS concluída,,,
2026-10-05,3040256792,011-00877-00,"GSA-80 SERVO ROL,YAW,SPEC",BAMN,REC,,PROCURANDO,409.0
2026-10-05,3040256787,011-00877-00,"GSA-80 SERVO ROL,YAW,SPEC",PAMALS,REC,EM REPARO,VEE ONE,409.0
2026-10-05,3040256828,011-00883-20,RADAR GWX 68 WEATHER,PAMALS,REC,,PAMA-LS,409.0
2026-10-05,3040256709,3121248-03,"VALVE ASSEMBLY,COMPRESSOR BLEED",PAMASP,REC,,BANT,406.0
2026-10-05,3040256673,161-12800,WHEEL HALF ASSY-INNER,PAMALS,REC,CONDENADO,VEE ONE,406.0
2026-10-05,3040257095,011-01105-01,INTEGRATED AVIONICS UNIT GIA63W,BABE,REC,EM REPARO,VEE ONE,402.0
2026-10-05,3040257096,011-01105-01,INTEGRATED AVIONICS UNIT GIA63W,BABE,REC,,BAMN,402.0
2026-10-05,3040257093,065-00183-0501,AUTOPILOT COMPUTER KFC225,BABE,OS concluída,,BANT,
2026-10-05,3040257094,065-00183-0501,AUTOPILOT COMPUTER KFC225,BABE,OS concluída,,BANT,
2026-10-05,3040257443,161-12800,WHEEL HALF ASSY-INNER,ALA 3,REC,,,390.0
2026-10-05,3040257442,C163030-1001,MAIN W BRAKE A,BAMN,OS concluída,,BAMN,
2026-10-05,3040257452,3244809-8,"FUEL CONTROL,MAIN,TURBINE ENGINE",BAPV,OS concluída,,,
2026-10-05,3040257454,EA-5172-45-CES,"INDICATOR,AIRSPEED",BACG,OS concluída,,,
2026-10-05,3040257453,EA-5172-45-CES,"INDICATOR,AIRSPEED",ALA 7,OS concluída,DEVOLVIDO NO ESTADO,WILLIAM,
2026-10-05,3040257451,3244809-7,"FUEL CONTROL,MAIN,TURBINE ENGINE",PAMASP,REC,,BANT,383.0
2026-10-05,3040257450,3244809-4,"FUEL CONTROL,MAIN,TURBINE ENGINE",PAMASP,OS concluída,EM REPARO,LEAP,
2026-10-05,3040257438,030-18200,MAIN WHEEL BRAKE,BAMN,OS concluída,REPARADO,VEE ONE,
2026-10-05,3040257444,162-10700,OUTER WHEEL HALF ASSY,PAMALS,OS concluída,,,
2026-10-05,3040257447,162-10700,OUTER WHEEL HALF ASSY,PAMALS,OS concluída,,,
2026-10-05,3040257436,30994-001,BATTERY-MARATHON TSP410 NICAD,PAMALS,OS concluída,,PAMA-LS,
2026-10-05,3040257441,030-18200,MAIN WHEEL BRAKE,BAPV,REC,,BAMN,383.0
2026-10-05,3040257440,030-18200,MAIN WHEEL BRAKE,BANT,REC,CONDENADO,VEE ONE,383.0
2026-10-05,3040257439,030-18200,MAIN WHEEL BRAKE,BAMN,REC,,BAMN,383.0
2026-10-05,3040258306,D210507,"GOVERNOR,OVERSPEED",PAMALS,REC,EM REPARO,LEAP,363.0
2026-10-05,3040258310,D210507,"GOVERNOR,OVERSPEED",BACO,OS concluída,,,
2026-10-05,3040258309,D210507,"GOVERNOR,OVERSPEED",BAMN,REC,EM REPARO,LEAP,363.0
2026-10-05,3040258308,D210507,"GOVERNOR,OVERSPEED",BAMN,OS concluída,,,
2026-10-05,3040258307,D210507,"GOVERNOR,OVERSPEED",ALA 5,OS concluída,,,
2026-10-05,3040258303,011-00877-00,"GSA-80 SERVO ROL,YAW,SPEC",DACTA II,REC,EM REPARO,VEE ONE,363.0
2026-10-05,3040258422,2601188-8,COMPRESSOR DRIVE ASSY R134A,PAMASP,REC,,PROCURANDO,361.0
2026-10-05,3040258419,011-00877-00,"GSA-80 SERVO ROL,YAW,SPEC",DACTA II,REC,EM REPARO,VEE ONE,361.0
2026-10-05,3040258420,011-00877-00,"GSA-80 SERVO ROL,YAW,SPEC",BACO,REC,EM REPARO,VEE ONE,361.0
2026-10-05,3040258421,011-00877-00,"GSA-80 SERVO ROL,YAW,SPEC",BABE,REC,,BACO,361.0
2026-10-05,3040258764,069-01034-0102,"NAVIGATION SET,SATELLITE SIGNALS KLN-94",PAMALS,REC,,BANT,354.0
2026-10-05,3040259152,066-01141-5101,"TRANSPONDER,RADAR",BABE,REC,,BANT,335.0
2026-10-05,3040259151,066-01141-5101,"TRANSPONDER,RADAR",BANT,REC,,BANT,335.0
2026-10-05,3040259251,064-1019-05,VHF TRANSCEIVE KY196,EEAR,REC,,EEAR,333.0
2026-10-05,3040259146,1U149-015-15,HORIZ. GYRO-STADBY,PAMALS,REC,EM REPARO,VEE ONE,332.0
2026-10-05,3040259147,162-10700,OUTER WHEEL HALF ASSY,BANT,REC,EM REPARO,AMA - VEE ONE,332.0
2026-10-05,3040259148,3049038-03,"VALVE,COMPRESSOR BLEED",BANT,OS concluída,,,
2026-10-05,3040259316,2606015-4,INDICATOR-OIL TEMP/OIL PRESS,BACG,OS concluída,,PAMA-LS,
2026-10-05,3040259564,C414007-0102,BLOWER ASSY,PAMALS,OS concluída,,,
2026-10-05,3040259568,C414007-0102,BLOWER ASSY,ALA 10,OS concluída,,,
2026-10-05,3040259570,C414007-0102,BLOWER ASSY,ALA 10,OS concluída,,,
2026-10-05,3040259694,025323-150,FUEL PUMP,PAMASP,REC,,BACO,321.0
2026-10-05,3040259922,C414007-0102,BLOWER ASSY,BANT,OS concluída,,PAMA-LS,
2026-10-05,3040259928,C414007-0102,BLOWER ASSY,PAMALS,REC,EM REPARO,VEE ONE,314.0
2026-10-05,3040259924,C414007-0102,BLOWER ASSY,BACG,REC,EM REPARO,VEE ONE,314.0
2026-10-05,3040259918,C414007-0102,BLOWER ASSY,ALA 10,OS concluída,,VEE ONE,
2026-10-05,3040259950,065-0060-01,"CONTROL,SERVO,AUTOMATIC PILOT",PAMALS,REC,EM REPARO,LEAP,314.0
2026-10-05,3040259949,065-0060-01,"CONTROL,SERVO,AUTOMATIC PILOT",PAMALS,REC,EM REPARO,LEAP,314.0
2026-10-05,3040259947,066-3046-07,"CONTROL,INDICATOR",EEAR,OS concluída,,,
2026-10-05,3040259946,066-3046-07,"CONTROL,INDICATOR",BANT,REC,,BANT,314.0
2026-10-05,3040259944,066-3046-07,"CONTROL,INDICATOR",EEAR,REC,,PAMA-LS,314.0
2026-10-05,3040260209,011-00916-00,DISPLAY UNIT GDU 1040A,PAMALS,REC,,BAMN,300.0
2026-10-05,3040260208,324843-W020,HEADSET-MICROPHONE,PAMALS,REC,VAI SER DEVOLVIDO SEM REPARO,WILLIAM,300.0
2026-10-05,3040260204,324843-W020,HEADSET-MICROPHONE,PAMALS,OS concluída,,,
2026-10-05,3040260205,324843-W020,HEADSET-MICROPHONE,PAMALS,OS concluída,,,
2026-10-05,3040260388,SD5H14C4527,AIR COMPRESSOR,PAMALS,REC,EM REPARO,VEE ONE,293.0
2026-10-05,3040260382,065-00183-0501,AUTOPILOT COMPUTER KFC225,BANT,REC,,BANT,293.0
2026-10-05,3040260389,SD5H14C4527,AIR COMPRESSOR,PAMALS,REC,EM REPARO,VEE ONE,293.0
2026-10-05,3040260517,ASG12000-2,ALTERNATOR,PAMALS,OS concluída,,,
2026-10-05,3040260524,51539-012M,CONTROL UNIT ASSY-GENERATOR,BANT,REC,,BACG,290.0
2026-10-05,3040260516,ASG12000-2,ALTERNATOR,PAMALS,REC,,V1 PAMA-LS,290.0
2026-10-05,3040260523,9910592-2,ALTERNADOR,BAMN,OS concluída,,babr,
2026-10-05,3040260522,9910592-2,ALTERNADOR,BAMN,REC,,dacta II,290.0
2026-10-05,3040260547,161-12800,WHEEL HALF ASSY-INNER,EPCAR,OS concluída,,BABE,
2026-10-05,3040260545,161-11700,INNER WHEEL HALF ASSY,BACG,OS concluída,,,
2026-10-05,3040260544,161-11700,INNER WHEEL HALF ASSY,BANT,OS concluída,,,
2026-10-05,3040260546,161-12800,WHEEL HALF ASSY-INNER,PAMALS,OS concluída,,,
2026-10-05,3040260548,161-11700,INNER WHEEL HALF ASSY,CLA,OS concluída,,,
2026-10-05,3040260549,162-10700,OUTER WHEEL HALF ASSY,BACG,OS concluída,,,
2026-10-05,3040260550,162-10700,OUTER WHEEL HALF ASSY,CLA,OS concluída,,,
2026-10-05,3040260551,162-11800,WHEEL HALF ASSY-OUTER,BANT,OS concluída,,,
2026-10-05,3040260552,30994-001,BATTERY-MARATHON TSP410 NICAD,BABE,OS concluída,,PAMA-LS,
2026-10-05,3040260543,324843-W020,HEADSET-MICROPHONE,PAMALS,REC,,PAMA-LS,272.0
2026-10-05,3040260542,324843-W020,HEADSET-MICROPHONE,PAMALS,REC,,BABE,272.0
2026-10-05,3040260541,324843-W020,HEADSET-MICROPHONE,PAMALS,OS concluída,,,
2026-10-05,3040260540,324843-W020,HEADSET-MICROPHONE,PAMALS,OS concluída,,,
2026-10-05,3040260538,324843-W020,HEADSET-MICROPHONE,PAMALS,REC,,BABE,272.0
2026-10-05,3040260539,324843-W020,HEADSET-MICROPHONE,PAMALS,REC,,BABE,272.0
2026-10-05,3040260595,9910586-4,FLAP ACTUATOR AND MOTOR ASSEMBLY,7 ETA,REC,,BAMN,272.0
2026-10-05,3040260597,9910586-4,FLAP ACTUATOR AND MOTOR ASSEMBLY,BAPV,OS concluída,,BABR,
2026-10-05,3040260583,3244897-4,FUEL CONTROL UNIT,PAMALS,OS concluída,,,
2026-10-05,3040260750,3122678-04,FUEL CONTROL UNIT,PAMASP,REC,,BANT,264.0
2026-10-05,3040260752,3244897-4,FUEL CONTROL UNIT,PAMASP,OS concluída,,,
2026-10-05,3040260753,3244809-7,"FUEL CONTROL,MAIN,TURBINE ENGINE",PAMASP,OS concluída,,,
2026-10-05,3040260754,3244809-1,"FUEL CONTROL,MAIN,TURBINE ENGINE",PAMASP,REC,EM QUARENTENA,LEAP,264.0
2026-10-05,3040254794,C145-350,"MOTOR,DIRECT CURRENT",PAMALS,OS concluída,,,
2026-10-05,3040260913,064-1054-30,RECEIVER-TRANSMITTER SUBASSEMBLY,EPCAR,REC,,V1 PAMA-LS,252.0
2026-10-05,3040260915,064-1054-30,RECEIVER-TRANSMITTER SUBASSEMBLY,PAMALS,REC,,BABR,252.0
2026-10-05,3040260811,3034792,BOMBA DE COMBUSTÍVEL,BAPV,OS concluída,,BABR,
2026-10-05,3040260812,3034792,BOMBA DE COMBUSTÍVEL,BACG,OS concluída,,,
2026-10-05,3040260922,162-11800,WHEEL HALF ASSY-OUTER,PAMALS,OS concluída,,,
2026-10-05,3040260923,030-18200,MAIN WHEEL BRAKE,BACO,REC,REPARADO,VEE ONE,250.0
2026-10-05,3040261389,3034792,BOMBA DE COMBUSTÍVEL,PAMASP,OS concluída,REPARADO,V1 PAMA-LS,
2026-10-05,3040261388,3034792,BOMBA DE COMBUSTÍVEL,BABR,OS concluída,,,
2026-10-05,3040261387,3034792,BOMBA DE COMBUSTÍVEL,BABR,OS concluída,,,
2026-10-05,3040261371,TFF2905-13,FUEL FLOW TRANSDUCER,ALA 8,REC,,PAMA-LS,237.0
2026-10-05,3040261375,C661065-0240RX,"INDICATOR, AIRSPEED",BACG,REC,EM REPARO,WILLIAM,237.0
2026-10-05,3040261373,C661065-0240,AIRSPEED INDICATOR,BABE,OS concluída,,PAMA-LS,
2026-10-05,3040261322,011-00831-00,"ENGINE INTERFA,SPEC",BAPV,REC,,VEE ONE,237.0
2026-10-05,3040261326,011-00882-10,"COMPUTER,AIR DATA",BAMN,OS concluída,,,
2026-10-05,3040261324,011-00882-10,"COMPUTER,AIR DATA",BAMN,OS concluída,,,
2026-10-05,3040261327,064-1054-30,RECEIVER-TRANSMITTER SUBASSEMBLY,PAMASP,OS concluída,,PAMA-LS,
2026-10-05,3040261336,066-01141-0101,"RECEIVER,RADIO",BANT,OS concluída,,PAMA-LS,
2026-10-05,3040261334,065-0065-01,SELECTOR ALT,BANT,REC,,PAMA-LS,237.0
2026-10-05,3040261331,065-0061-36,ACTUATOR TRIM (KS272A),PAMASP,OS concluída,,BABR,
2026-10-05,3040261329,065-0061-36,ACTUATOR TRIM (KS272A),ALA 10,OS concluída,,,
2026-10-05,3040261335,065-0065-01,SELECTOR ALT,BANT,OS concluída,,PAMA-LS,
2026-10-05,3040261342,066-3084-02,COLOR RADAR INDICATOR,BABV,REC,,PAMA-LS,237.0
2026-10-05,3040261340,066-1053-00,"RECEIVER,RADIO",BASM,OS concluída,,PAMA-LS,
2026-10-05,3040261377,066-3054-01,INDICATOR RADAR ALTIMETER - TYPE KI250,PAMALS,REC,EM REPARO,WILLIAM,237.0
2026-10-05,3040261376,066-1061-03,RT RADAR ALTIM (KRA10A),PAMALS,REC,PARA REPARO,VEE ONE,237.0
2026-10-05,3040261352,1134380-4,EVAPORATOR MODULE ASSY-RH,BAMN,REC,CONDENADO,VEE ONE,237.0
2026-10-05,3040261347,071-1234-00,ANTENNA ACCESSORY,ALA 1,REC,EM REPARO,WILLIAM,237.0
2026-10-05,3040261344,066-4010-12,RECEIVER VOR/LOC (KNS81),ALA 10,REC,EM REPARO,WILLIAM,237.0
2026-10-05,3040261353,1H75-21,PRESSURE REGULATOR,BAMN,OS concluída,,BAMN,
2026-10-05,3040261357,2682001-1,BRAKE CYL MAST,BABE,OS concluída,,,
2026-10-05,3040261356,2670104-2,ANNUNCIATOR PANEL,PAMALS,OS concluída,,,
2026-10-05,3040261355,2643100-201,NOSE GEAR STRUT ASSY - TALL FORK,BABR,OS concluída,,,
2026-10-05,3040261354,2643100-201,NOSE GEAR STRUT ASSY - TALL FORK,BANT,REC,EM REPARO,AV AERONAUTICA,237.0
2026-10-05,3040261364,8210-002-01,GOVERNOR PROPELLER,PAMASP,REC,REPARADO,VEE ONE,237.0
2026-10-05,3040261627,S3828-1,ALTIMETER,BAMN,REC,,PAMA-LS,223.0
2026-10-05,3040261628,S3828-1,ALTIMETER,BABE,REC,REPARADO,V1 PAMA-LS,223.0
2026-10-05,3040261851,51539-012MRX,CONTROL UNIT ASSY-GENERATOR,BABE,REC,EM REPARO,VEE ONE,215.0
2026-10-05,3040261852,51539-012MRX,CONTROL UNIT ASSY-GENERATOR,BABE,REC,EM REPARO,VEE ONE,215.0
2026-10-05,3040261843,3034792,BOMBA DE COMBUSTÍVEL,PAMALS,REC,EM REPARO,VEE ONE,210.0
2026-10-05,3040262245,200SGL119Q-2,STARTER GENERATOR,BAMN,OS concluída,,,
2026-10-05,3040262246,200SGL119Q-2,STARTER GENERATOR,BAMN,OS concluída,,,
2026-10-05,3040262273,324843-W020,HEADSET-MICROPHONE,BABE,OS concluída,,,
2026-10-05,3040262275,324843-W020,HEADSET-MICROPHONE,BANT,OS concluída,,,
2026-10-05,3040262363,066-1055-00,AUDIO CONTROL PANEL,ALA 5,OS concluída,,,
2026-10-05,3040262367,066-1055-00,AUDIO CONTROL PANEL,ALA 9,OS concluída,,WILLIAM,
2026-10-05,3040262368,066-1055-00,AUDIO CONTROL PANEL,CLA,OS concluída,,,
2026-10-05,3040262372,51539-012M,CONTROL UNIT ASSY-GENERATOR,BANT,OS concluída,,PAMA-LS,
2026-10-05,3040262371,51539-012N,CONTROL UNIT ASSY-GENERATOR,BANT,REC,,PAMA-LS,193.0
2026-10-05,3040262419,065-0061-36,ACTUATOR TRIM (KS272A),ALA 9,REC,EM REPARO,WILLIAM,188.0
2026-10-05,3040262734,C352,PORTABLE HALON FIRE EXTINGUISHERS,ALA 5,REC,EM REPARO,AV AERONAUTICA,175.0
2026-10-05,3040262738,C352TS,"EXTINGUISHER,FIRE",BANT,REC,,AV AERONÁUTICA,175.0
2026-10-05,3040262739,C352TS,"EXTINGUISHER,FIRE",BANT,OS concluída,,AV AERONÁUTICA,
2026-10-05,3040262740,C352TS,"EXTINGUISHER,FIRE",PAMALS,OS concluída,,AV AERONÁUTICA,
2026-10-05,3040262766,011-00883-20,RADAR GWX 68 WEATHER,BAMN,OS concluída,,V1 PAMA-LS,
2026-10-05,3040262765,011-00883-20,RADAR GWX 68 WEATHER,BAMN,REC,,V1 PAMA-LS,175.0
2026-10-05,3040262772,011-01020-10,AFCS MODE CONTROLLER GMC 710,BAMN,OS concluída,,PAMA-LS,
2026-10-05,3040262770,011-01020-10,AFCS MODE CONTROLLER GMC 710,BAMN,OS concluída,,PAMA-LS,
2026-10-05,3040262773,011-01020-10,AFCS MODE CONTROLLER GMC 710,BAMN,OS concluída,,PAMA-LS,
2026-10-05,3040262746,066-1070-01,TRANSCEIVER DME (KN63),BABE,REC,EM REPARO,WILLIAM,175.0
2026-10-05,3040262745,064-1019-05,VHF TRANSCEIVE KY196,EEAR,REC,EM REPARO,VEE ONE,175.0
2026-10-05,3040262747,066-1072-00,RECEIVER ADF (KING KR87),ALA 7,REC,EM REPARO,WILLIAM,175.0
2026-10-05,3040262748,066-3046-07,"CONTROL,INDICATOR",BABR,REC,,BANT,175.0
2026-10-05,3040262769,066-3046-07,"CONTROL,INDICATOR",BABR,REC,,BANT,175.0
2026-10-05,3040262768,066-3046-07,"CONTROL,INDICATOR",EEAR,OS concluída,,BABR,
2026-10-05,3040262767,066-3046-07,"CONTROL,INDICATOR",EEAR,REC,EM REPARO,LEAP,175.0
2026-10-05,3040262791,066-3060-00,IND RMI KNI582,BANT,OS concluída,,,
2026-10-05,3040262630,161-11700,INNER WHEEL HALF ASSY,BANT,OS concluída,,PAMA-LS,
2026-10-05,3040262792,066-3060-00,IND RMI KNI582,BANT,REC,EM REPARO,LEAP,175.0
2026-10-05,3040262634,162-10700,OUTER WHEEL HALF ASSY,BANT,OS concluída,,PAMA-LS,
2026-10-05,3040262632,161-12800,WHEEL HALF ASSY-INNER,BANT,OS concluída,REPARADO,VEE ONE,
2026-10-05,3040262633,161-12800,WHEEL HALF ASSY-INNER,BANT,OS concluída,,,
2026-10-05,3040262635,162-11800,WHEEL HALF ASSY-OUTER,EPCAR,OS concluída,,,
2026-10-05,3040262637,162-11800,WHEEL HALF ASSY-OUTER,BANT,OS concluída,REPARADO,VEE ONE,
2026-10-05,3040262636,162-11800,WHEEL HALF ASSY-OUTER,BANT,OS concluída,REPARADO,VEE ONE,
2026-10-05,3040262646,200SGL119Q,STARTER GENERATOR,PAMASP,OS concluída,,,
2026-10-05,3040262639,200SGL119Q,STARTER GENERATOR,PAMASP,OS concluída,,PAMA-LS,
2026-10-05,3040262638,200SGL119Q,STARTER GENERATOR,PAMALS,REC,EM REPARO,AV AERONAUTICA,175.0
2026-10-05,3040262757,2606015-2,IND OIL TEMP/P,PAMALS,REC,EM REPARO,VEE ONE,175.0
2026-10-05,3040262706,2641011-5,AXLE-MAIN GEAR,BAMN,REC,,BANT,175.0
2026-10-05,3040262707,2641011-5,AXLE-MAIN GEAR,BABV,OS concluída,REPARADO,VEE ONE,
2026-10-05,3040262717,2641011-5,AXLE-MAIN GEAR,BANT,OS concluída,REPARADO,VEE ONE,
2026-10-05,3040262714,2641011-5,AXLE-MAIN GEAR,BAPV,REC,,BANT,175.0
2026-10-05,3040262713,2641011-5,AXLE-MAIN GEAR,BAPV,OS concluída,,,
2026-10-05,3040262712,2641011-5,AXLE-MAIN GEAR,BABR,REC,,BANT,175.0
2026-10-05,3040262711,2641011-5,AXLE-MAIN GEAR,BABR,REC,,BANT,175.0
2026-10-05,3040262709,2641011-5,AXLE-MAIN GEAR,PAMALS,REC,,BANT,175.0
2026-10-05,3040262708,2641011-5,AXLE-MAIN GEAR,PAMALS,REC,,BANT,175.0
2026-10-05,3040262744,3244809-1A,F.C.U,PAMALS,REC,EM REPARO,LEAP,175.0
2026-10-05,3040262758,9910338-4,FUEL TOTALIZER INDICATOR,PAMALS,REC,EM REPARO,VEE ONE,175.0
2026-10-05,3040262759,9910338-6,"TRANSMITTER,RATE OF FLOW",BAMN,REC,,PAMA-LS,175.0
2026-10-05,3040262760,9910338-6,"TRANSMITTER,RATE OF FLOW",BANT,REC,EM REPARO,VEE ONE,175.0
2026-10-05,3040262966,2682001-1,BRAKE CYL MAST,BACO,OS concluída,,PAMA-LS,
2026-10-05,3040262967,2682001-1,BRAKE CYL MAST,PAMALS,OS concluída,,PAMA-LS,
2026-10-05,3040262968,2682001-1,BRAKE CYL MAST,BANT,OS concluída,,PAMA-LS,
2026-10-05,3040262969,2682001-1,BRAKE CYL MAST,BABE,OS concluída,,PAMA-LS,
2026-10-05,3040263069,453-5060,ELT C406-N,BABE,OS concluída,,,
2026-10-05,3040263283,D145-00-46-2,FLAP ACTUATOR ASSY,PAMALS,REC,,,158.0
2026-10-05,3040263284,D145-00-46-2,FLAP ACTUATOR ASSY,BAFL,REC,,,158.0
2026-10-05,3040263324,069-01033-0101,"RECEIVER-TRANSMITTER,RADIO",PAMALS,REC,EM REPARO,LEAP,158.0
2026-10-05,3040263287,C661065-0237,AIRSPEED INDICATOR,BABR,OS concluída,,,
2026-10-05,3040263288,C661065-0237,AIRSPEED INDICATOR,PAMASP,OS concluída,,,
2026-10-05,3040263314,060-0017-00,FLIGHT DIR HOR,EEAR,REC,EM REPARO,LEAP,158.0
2026-10-05,3040263319,066-1055-00,AUDIO CONTROL PANEL,BABE,OS concluída,,,
2026-10-05,3040263317,060-0017-00,FLIGHT DIR HOR,PAMASP,OS concluída,,BANT,
2026-10-05,3040263316,060-0017-00,FLIGHT DIR HOR,BANT,REC,,BANT,158.0
2026-10-05,3040263320,066-1055-00,AUDIO CONTROL PANEL,PAMALS,REC,EM REPARO,AV AERONAUTICA,158.0
2026-10-05,3040263325,069-01033-0101,"RECEIVER-TRANSMITTER,RADIO",PAMALS,REC,,,158.0
2026-10-05,3040263335,C611008-0101,ALTERNATOR CONTROL UNIT,PAMALS,REC,,BANT,158.0
2026-10-05,3040263336,C611008-0101,ALTERNATOR CONTROL UNIT,PAMALS,REC,,BANT,158.0
2026-10-05,3040263286,C661065-0237,AIRSPEED INDICATOR,BANT,REC,,PAMA-LS,158.0
2026-10-05,3040263322,066-1055-00,AUDIO CONTROL PANEL,ALA 9,REC,EM REPARO,WILLIAM,158.0
2026-10-05,3040263326,069-01033-0101,"RECEIVER-TRANSMITTER,RADIO",PAMALS,REC,,BANT,158.0
2026-10-05,3040263315,060-0017-00,FLIGHT DIR HOR,BACG,OS concluída,,BABR,
2026-10-05,3040263334,011-00916-10,"DISPLAY UNIT,FLIGHT INFORMATION",BACO,REC,,WILLIAM,158.0
2026-10-05,3040263333,011-00916-10,"DISPLAY UNIT,FLIGHT INFORMATION",BACO,OS concluída,,BAMN,
2026-10-05,3040263332,011-00916-10,"DISPLAY UNIT,FLIGHT INFORMATION",BAMN,OS concluída,,,
2026-10-05,3040263331,C661064-0237,AIRSPEED INDICATOR,PAMALS,REC,,PAMA-LS,158.0
2026-10-05,3040263329,C661064-0237,AIRSPEED INDICATOR,PAMALS,REC,,PAMA-LS,158.0
2026-10-05,3040263328,C661064-0237,AIRSPEED INDICATOR,BABR,REC,EM REPARO,WILLIAM,158.0
2026-10-05,3040263327,C661064-0237,AIRSPEED INDICATOR,BABR,REC,EM REPARO,WILLIAM,158.0
2026-10-05,3040263330,C661064-0237,AIRSPEED INDICATOR,PAMALS,REC,,PAMA-LS,158.0
2026-10-05,3040263338,C611008-0101,ALTERNATOR CONTROL UNIT,PAMALS,REC,,V1 PAMA-LS,158.0
2026-10-05,3040263433,066-03064-0005,"ALTIMETER,SERVO CONTROLLED,AUTOMATIC PRESSURE",BACG,OS concluída,,PAMA-LS,
2026-10-05,3040263435,066-03064-0005,"ALTIMETER,SERVO CONTROLLED,AUTOMATIC PRESSURE",BANT,OS concluída,,PAMA-LS,
2026-10-05,3040263434,066-03064-0005,"ALTIMETER,SERVO CONTROLLED,AUTOMATIC PRESSURE",PAMASP,REC,,PAMA-LS,152.0
2026-10-05,3040263417,069-01033-0101,"RECEIVER-TRANSMITTER,RADIO",PAMALS,REC,EM REPARO,WILLIAM,152.0
2026-10-05,3040263416,069-01033-0101,"RECEIVER-TRANSMITTER,RADIO",BASM,REC,EM REPARO,WILLIAM,152.0
2026-10-05,3040263415,069-01033-0101,"RECEIVER-TRANSMITTER,RADIO",BABR,REC,,BANT,152.0
2026-10-05,3040263447,066-3046-07,"CONTROL,INDICATOR",CLA,OS concluída,,BABR,
2026-10-05,3040263443,3244897-4,FUEL CONTROL UNIT,PAMALS,REC,EM REPARO,LEAP,151.0
2026-10-05,3040263444,3244897-4,FUEL CONTROL UNIT,PAMALS,REC,EM REPARO,LEAP,151.0
2026-10-05,3040263577,060-0015-00,"CONTROL,DIRECTIONAL,AUTOMATIC PILOT",ALA 5,REC,,WILLIAM,146.0
2026-10-05,3040263574,066-1072-04,"RECEIVER,RADIO",BABE,REC,EM REPARO,WILLIAM,146.0
2026-10-05,3040263576,066-1072-04,"RECEIVER,RADIO",BAMN,OS concluída,,WILLIAM,
2026-10-05,3040263575,066-1072-04,"RECEIVER,RADIO",BABE,REC,EM REPARO,WILLIAM,146.0
2026-10-05,3040263573,066-3084-32,IND RDR 2000 IN-182A,PAMALS,REC,,BABR,146.0
2026-10-05,3040263571,066-3084-32,IND RDR 2000 IN-182A,PAMALS,REC,,BANT,146.0
2026-10-05,3040263572,066-3084-32,IND RDR 2000 IN-182A,PAMALS,REC,EM REPARO,WILLIAM,146.0
2026-10-05,3040263448,2618510-10,ALTERNATOR CONTROL UNIT ASSY,BABE,REC,EM REPARO,WILLIAM,146.0
2026-10-05,3040263449,2618510-10,ALTERNATOR CONTROL UNIT ASSY,PAMALS,REC,,BANT,146.0
2026-10-05,3040263877,2641011-5,AXLE-MAIN GEAR,CLA,REC,REPARADO,VEE ONE,136.0
2026-10-05,3040263878,2641011-5,AXLE-MAIN GEAR,CLA,OS concluída,,BABE,
2026-10-05,3040264243,069-01033-0101,"RECEIVER-TRANSMITTER,RADIO",PAMALS,REC,EM REPARO,WILLIAM,129.0
2026-10-05,3040264244,069-01033-0101,"RECEIVER-TRANSMITTER,RADIO",PAMASP,REC,EM REPARO,WILLIAM,129.0
2026-10-05,3040264246,060-0017-00,FLIGHT DIR HOR,PAMALS,REC,,BABR,129.0
2026-10-05,3040264237,200SGL119Q-2,STARTER GENERATOR,BAMN,REC,EM REPARO,AV AERONAUTICA,129.0
2026-10-05,3040264236,200SGL119Q-2,STARTER GENERATOR,BABE,OS concluída,,BABE,
2026-10-05,3040264121,3244897-4,FUEL CONTROL UNIT,BABE,OS concluída,EM REPARO,LEAP,
2026-10-05,3040264263,9910338-8,"INDICATOR,FUEL FLOW",PAMALS,OS concluída,,BABR,
2026-10-05,3040264262,9910338-8,"INDICATOR,FUEL FLOW",BABV,OS concluída,,PAMA-LS,
2026-10-05,3040264242,324843-2020,HEADSET-MICROPHONE,BABE,OS concluída,,BAMN,
2026-10-05,3040264264,324843-2020,HEADSET-MICROPHONE,DACTA II,OS concluída,,BAMN,
2026-10-05,3040264238,324843-2020,HEADSET-MICROPHONE,DACTA II,OS concluída,,,
2026-10-05,3040264241,324843-2020,HEADSET-MICROPHONE,DACTA II,OS concluída,,BAMN,
2026-10-05,3040264240,324843-2020,HEADSET-MICROPHONE,DACTA II,OS concluída,,BAMN,
2026-10-05,3040264122,3244809-8,"FUEL CONTROL,MAIN,TURBINE ENGINE",BABE,OS concluída,,BABR,
2026-10-05,3040263797,066-3046-07,"CONTROL,INDICATOR",BABE,REC,EM REPARO,WILLIAM,129.0
2026-10-05,3040263798,066-3046-07,"CONTROL,INDICATOR",PAMASP,OS concluída,,,
2026-10-05,3040263799,066-3046-07,"CONTROL,INDICATOR",PAMASP,REC,EM REPARO,WILLIAM,129.0
2026-10-05,3040263795,071-01519-0101,"RECEIVER-EXCITER,RADAR",PAMALS,REC,,BANT,129.0
2026-10-05,3040263796,071-01519-0101,"RECEIVER-EXCITER,RADAR",PAMALS,REC,EM REPARO,WILLIAM,129.0
2026-10-05,3040264579,060-0017-00,FLIGHT DIR HOR,BABR,OS concluída,,,
2026-10-05,3040264577,060-0017-00,FLIGHT DIR HOR,PAMALS,REC,,,117.0
2026-10-05,3040264573,060-0017-00,FLIGHT DIR HOR,BANT,REC,,,117.0
2026-10-05,3040264574,060-0017-00,FLIGHT DIR HOR,BANT,REC,,,117.0
2026-10-05,3040264576,060-0017-00,FLIGHT DIR HOR,PAMALS,REC,,,117.0
2026-10-05,3040264572,060-0017-00,FLIGHT DIR HOR,PAMASP,REC,,,117.0
2026-10-05,3040264647,1H75-21,PRESSURE REGULATOR,BAMN,REC,,,112.0
2026-10-05,3040264646,1H75-21,PRESSURE REGULATOR,PAMASP,REC,,,112.0
2026-10-05,3040264645,1H75-21,PRESSURE REGULATOR,PAMASP,REC,,,112.0
2026-10-05,3040264643,1H75-21,PRESSURE REGULATOR,PAMASP,OS concluída,,,
2026-10-05,3040264707,3244809-7,"FUEL CONTROL,MAIN,TURBINE ENGINE",BABE,OS concluída,,,
2026-10-05,3040264709,540-1407-4,"VALVE,BLEED,TURBINEENGINE",PAMASP,REC,,,112.0
2026-10-05,3040264710,200SGL153Q,"STARTER-GENERATOR,ENGINE,AIRCRAFT",CLA,OS concluída,,,
2026-10-05,3040264711,200SGL153Q,"STARTER-GENERATOR,ENGINE,AIRCRAFT",PAMASP,OS concluída,,,
2026-10-05,3040264712,200SGL153Q,"STARTER-GENERATOR,ENGINE,AIRCRAFT",BACG,REC,,,112.0
2026-10-05,3040264718,9910338-8,"INDICATOR,FUEL FLOW",PAMALS,REC,,,112.0
2026-10-05,3040264719,S3326-2,"INDICATOR,HORIZONTAL SITUATION",ALA 8,REC,,,112.0
2026-10-05,3040264720,S3326-2,"INDICATOR,HORIZONTAL SITUATION",PAMALS,REC,,,112.0
2026-10-05,3040264721,S3326-2,"INDICATOR,HORIZONTAL SITUATION",PAMASP,REC,,,112.0
2026-10-05,3040264724,2606013-1AM,INDICADOR PERCENTUAL RPM,BABV,REC,,,112.0
2026-10-05,3040264725,2606013-1AM,INDICADOR PERCENTUAL RPM,BABR,REC,,,112.0
2026-10-05,3040264726,2606015-4,INDICATOR-OIL TEMP/OIL PRESS,BANT,REC,,,112.0
2026-10-05,3040264727,C661051-0201,GYRO HORIZON,ALA 10,REC,,,112.0
2026-10-05,3040264728,504-0111-906,GYRO HORIZON,PAMALS,OS concluída,,,
2026-10-05,3040264729,504-0111-906,GYRO HORIZON,BACG,OS concluída,,,
2026-10-05,3040264730,8210-003,"GOVERNOR,FUEL CONTROL",PAMASP,REC,,,112.0
2026-10-05,3040264731,8210-002,"GOVERNOR,CONSTANT SPEED DRIVE",PAMASP,REC,,,112.0
2026-10-05,3040264732,8210-002,"GOVERNOR,CONSTANT SPEED DRIVE",BAMN,REC,,,112.0
2026-10-05,3040264733,030-18200,MAIN WHEEL BRAKE,BAMN,REC,,,112.0
2026-10-05,3040264734,030-18200,MAIN WHEEL BRAKE,BAMN,REC,,,112.0
2026-10-05,3040264735,161-11700,INNER WHEEL HALF ASSY,PAMALS,REC,,,112.0
2026-10-05,3040264736,161-12800,WHEEL HALF ASSY-INNER,BABR,REC,,,112.0
2026-10-05,3040264737,161-12800,WHEEL HALF ASSY-INNER,PAMALS,AUT,,,112.0
2026-10-05,3040264738,162-10700,OUTER WHEEL HALF ASSY,BACO,AUT,,,112.0
2026-10-05,3040264807,011-01105-01,INTEGRATED AVIONICS UNIT GIA63W,ALA 8,REC,,,104.0
2026-10-05,3040264808,011-01105-01,INTEGRATED AVIONICS UNIT GIA63W,BAMN,REC,,,104.0
2026-10-05,3040264907,011-00916-10,"DISPLAY UNIT,FLIGHT INFORMATION",BAMN,REC,,,97.0
2026-10-05,3040264908,011-00916-10,"DISPLAY UNIT,FLIGHT INFORMATION",BABV,OS concluída,,,
2026-10-05,3040264974,3244809-8,"FUEL CONTROL,MAIN,TURBINE ENGINE",BAMN,REC,,,95.0
2026-10-05,3040264961,3244897-4,FUEL CONTROL UNIT,CLA,OS concluída,,,
2026-10-05,3040264960,3034792,BOMBA DE COMBUSTÍVEL,CLA,OS concluída,,,
2026-10-05,3040265144,011-01020-10,AFCS MODE CONTROLLER GMC 710,BABE,REC,,,89.0
2026-10-05,3040265140,011-01020-10,AFCS MODE CONTROLLER GMC 710,BABE,REC,,,89.0
2026-10-05,3040265482,066-3084-32,IND RDR 2000 IN-182A,BABR,REC,,,74.0
2026-10-05,3040265484,066-3084-32,IND RDR 2000 IN-182A,BANT,REC,,,74.0
2026-10-05,3040265485,066-3084-32,IND RDR 2000 IN-182A,BABR,REC,,,74.0
2026-10-05,3040265526,ASG12000-2,ALTERNATOR,PAMALS,REC,,,70.0
2026-10-05,3040265525,ASG12000-2,ALTERNATOR,BABR,OS concluída,,,
2026-10-05,3040265527,9910592-2,ALTERNADOR,BABR,REC,,,70.0
2026-10-05,3040265533,3122678-04,FUEL CONTROL UNIT,BABR,REC,,,70.0
2026-10-05,3040265532,C611505-0201,ALTERNATOR,BANT,REC,,,70.0
2026-10-05,3040265530,C611505-0201,ALTERNATOR,BABV,OS concluída,,,
2026-10-05,3040265528,9910592-2,ALTERNADOR,BABR,REC,,,70.0
2026-10-05,3040265724,3244897-4,FUEL CONTROL UNIT,CLA,REC,,,69.0
2026-10-05,3040265474,C611008-0101,ALTERNATOR CONTROL UNIT,PAMALS,REC,,,67.0
2026-10-05,3040265475,C611008-0101,ALTERNATOR CONTROL UNIT,BABV,REC,,,67.0
2026-10-05,3040265476,C611008-0101,ALTERNATOR CONTROL UNIT,PAMALS,REC,,,67.0
2026-10-05,3040265477,C611008-0101,ALTERNATOR CONTROL UNIT,PAMALS,REC,,,67.0
2026-10-05,3040265576,011-00916-10,"DISPLAY UNIT,FLIGHT INFORMATION",BAMN,REC,,,66.0
2026-10-05,3040265580,011-00916-00,DISPLAY UNIT GDU 1040A,PAMALS,REC,,,70.0
2026-10-05,3040265581,011-00916-00,DISPLAY UNIT GDU 1040A,PAMALS,REC,,,70.0
2026-10-05,3040265589,EA-5175-52-CES,INDICATOR TRUE,BABV,REC,,,70.0
2026-10-05,3040265590,EA-5175-52-CES,INDICATOR TRUE,BASM,REC,,,70.0
2026-10-05,3040265591,EA-5175-52-CES,INDICATOR TRUE,BABV,REC,,,70.0
2026-10-05,3040265592,EA-5175-52-CES,INDICATOR TRUE,BABV,REC,,,70.0
2026-10-05,3040265668,9910592-2,ALTERNADOR,PAMALS,OS concluída,,,
2026-10-05,3040265678,9910592-2,ALTERNADOR,BAMN,REC,,,70.0
2026-10-05,3040265679,C611505-0201,ALTERNATOR,PAMALS,REC,,,70.0
2026-10-05,3040265680,C611505-0201,ALTERNATOR,ALA 8,REC,,,70.0
2026-10-05,3040265726,071-01519-0101,"RECEIVER-EXCITER,RADAR",PAMALS,REC,,,69.0
2026-10-05,3040265727,071-01519-0101,"RECEIVER-EXCITER,RADAR",CLA,REC,,,69.0
2026-10-05,3040265728,C163030-1001,MAIN W BRAKE A,BAMN,REC,,,69.0
2026-10-05,3040265731,066-3046-07,"CONTROL,INDICATOR",BABR,REC,,,69.0
2026-10-05,3040265732,066-3046-07,"CONTROL,INDICATOR",BANT,REC,,,69.0
2026-10-05,3040265734,066-3046-07,"CONTROL,INDICATOR",EEAR,REC,,,69.0
2026-10-05,3040265735,066-3046-07,"CONTROL,INDICATOR",CLA,REC,,,69.0
2026-10-05,3040265736,C611008-0101,ALTERNATOR CONTROL UNIT,BABV,REC,,,69.0
2026-10-05,3040265737,C611008-0101,ALTERNATOR CONTROL UNIT,EEAR,REC,,,69.0
2026-10-05,3040265738,C611008-0101,ALTERNATOR CONTROL UNIT,PAMALS,REC,,,69.0
2026-10-05,3040265739,C611008-0101,ALTERNATOR CONTROL UNIT,BANT,REC,,,69.0
2026-10-05,3040265740,C611008-0101,ALTERNATOR CONTROL UNIT,BABE,REC,,,69.0
2026-10-05,3040265741,C611008-0101,ALTERNATOR CONTROL UNIT,BABR,REC,,,69.0
2026-10-05,3040265742,066-1072-04,"RECEIVER,RADIO",BACG,REC,,,69.0
2026-10-05,3040265743,066-1072-04,"RECEIVER,RADIO",BAMN,REC,,,69.0
2026-10-05,3040265744,066-1072-04,"RECEIVER,RADIO",PAMALS,REC,,,69.0
2026-10-05,3040265745,066-3084-32,IND RDR 2000 IN-182A,PAMALS,REC,,,69.0
2026-10-05,3040265746,066-3084-32,IND RDR 2000 IN-182A,PAMALS,REC,,,69.0
2026-10-05,3040265747,30994-001,BATTERY-MARATHON TSP410 NICAD,PAMALS,AUT,,,69.0
2026-10-05,3040265748,30994-001,BATTERY-MARATHON TSP410 NICAD,PAMALS,AUT,,,69.0
2026-10-05,3040265749,30994-001,BATTERY-MARATHON TSP410 NICAD,PAMALS,AUT,,,69.0
2026-10-05,3040265750,30994-001,BATTERY-MARATHON TSP410 NICAD,PAMALS,AUT,,,69.0
2026-10-05,3040265751,30994-001,BATTERY-MARATHON TSP410 NICAD,PAMALS,AUT,,,69.0
2026-10-05,3040265752,2641011-5,AXLE-MAIN GEAR,BAMN,REC,,,69.0
2026-10-05,3040265753,2641011-5,AXLE-MAIN GEAR,BAMN,REC,,,69.0
2026-10-05,3040265754,161-11700,INNER WHEEL HALF ASSY,BACO,AUT,,,69.0
2026-10-05,3040265755,161-12800,WHEEL HALF ASSY-INNER,BABE,REC,,,69.0
2026-10-05,3040265757,066-01141-0101,"RECEIVER,RADIO",PAMALS,REC,,,69.0
2026-10-05,3040265758,066-01141-0101,"RECEIVER,RADIO",PAMALS,REC,,,69.0
2026-10-05,3040265759,C660501-0103,"COMPASS,SPEC",DACTA II,REC,,,69.0
2026-10-05,3040265769,023694-000,BATTERY NICKEL CADMIUM,BAPV,REC,,,68.0
2026-10-05,3040265771,2651023-23,ENGINE MOUNT ASSEMBLY,PAMALS,REC,,,68.0
2026-10-05,3040265772,2651023-23,ENGINE MOUNT ASSEMBLY,PAMALS,REC,,,68.0
2026-10-05,3040265892,324843-0020,HEADSET-MICROPHONE,PAMALS,REC,,,63.0
2026-10-05,3040265893,324843-0020,HEADSET-MICROPHONE,PAMALS,OS concluída,,,
2026-10-05,3040265894,324843-0020,HEADSET-MICROPHONE,PAMALS,REC,,,63.0
2026-10-05,3040265895,324843-0020,HEADSET-MICROPHONE,PAMALS,REC,,,63.0
2026-10-05,3040265946,011-00870-00,MAGNETOMETER GMU 44,BAMN,REC,,,60.0
2026-10-05,3040265947,011-00870-00,MAGNETOMETER GMU 44,BAMN,REC,,,60.0
2026-10-05,3040266034,C662041-0102,INDICATOR FUEL,BABE,REC,,,56.0
2026-10-05,3040266040,C662041-0102,INDICATOR FUEL,PAMALS,OS concluída,,,
2026-10-05,3040266036,C662041-0102,INDICATOR FUEL,PAMALS,REC,,,56.0
2026-10-05,3040266035,C662041-0102,INDICATOR FUEL,PAMALS,REC,,,48.0
2026-10-05,3040266039,C662041-0102,INDICATOR FUEL,BANT,REC,,,48.0
2026-10-05,3040266041,C662041-0102,INDICATOR FUEL,PAMALS,REC,,,48.0
2026-10-05,3040266307,069-01033-0101,"RECEIVER-TRANSMITTER,RADIO",PAMALS,REC,,,46.0
2026-10-05,3040266308,069-01033-0101,"RECEIVER-TRANSMITTER,RADIO",BANT,REC,,,46.0
2026-10-05,3040266306,069-01033-0101,"RECEIVER-TRANSMITTER,RADIO",BACG,REC,,,46.0
2026-10-05,3040266307,069-01033-0101,"RECEIVER-TRANSMITTER,RADIO",PAMALS,REC,,,46.0
2026-10-05,3040266308,069-01033-0101,"RECEIVER-TRANSMITTER,RADIO",BANT,REC,,,46.0
2026-10-05,3040266568,C662504-0101,GAGE VOLT AMME,PAMALS,REC,,,35.0
2026-10-05,3040266567,C662504-0101,GAGE VOLT AMME,ALA 9,REC,,,35.0
2026-10-05,3040266566,C662504-0101,GAGE VOLT AMME,PAMALS,REC,,,35.0
2026-10-05,3040266569,C662504-0101,GAGE VOLT AMME,BABV,REC,,,35.0
2026-10-05,3040266644,2643100-206,NOSE GEAR STRUT ASSY - TALL FORK,BAMN,REC,,,31.0
2026-10-05,3040266685,9910586-4,FLAP ACTUATOR AND MOTOR ASSEMBLY,PAMALS,REC,,,26.0
2026-10-05,3040266684,9910586-4,FLAP ACTUATOR AND MOTOR ASSEMBLY,BANT,REC,,,26.0
2026-10-05,3040266682,161-11700,INNER WHEEL HALF ASSY,DACTA II,REC,,,26.0
2026-10-05,3040266683,162-11800,WHEEL HALF ASSY-OUTER,BAMN,REC,,,26.0
2026-10-05,3040266681,162-10700,OUTER WHEEL HALF ASSY,DACTA II,REC,,,26.0
2026-10-05,3040266667,2641011-5,AXLE-MAIN GEAR,BACO,REC,,,26.0
2026-10-05,3040266666,2641011-5,AXLE-MAIN GEAR,BACO,REC,,,26.0
2026-10-05,3040266664,2641011-5,AXLE-MAIN GEAR,BANT,REC,,,26.0
2026-10-05,3040266665,2641011-5,AXLE-MAIN GEAR,BANT,REC,,,26.0
2026-10-05,3040266660,2643031-7,"FORK ASSY,NOSE GEAR SPRING",PAMALS,REC,,,26.0
2026-10-05,3040266662,2641012-14,TRUNNION ASSY-RH-MAIN GEAR,PAMALS,REC,,,26.0
2026-10-05,3040266663,2641012-14,TRUNNION ASSY-RH-MAIN GEAR,BANT,REC,,,26.0
2026-10-05,3040266661,2643031-7,"FORK ASSY,NOSE GEAR SPRING",PAMALS,REC,,,26.0
2026-10-05,3040266656,2643099-4,"SUPPORT ASSY FOWARD, NLG SPRING",BABE,REC,,,26.0
2026-10-05,3040266657,2643099-4,"SUPPORT ASSY FOWARD, NLG SPRING",PAMASP,REC,,,26.0
2026-10-05,3040266658,2643099-4,"SUPPORT ASSY FOWARD, NLG SPRING",PAMASP,REC,,,26.0
2026-10-05,3040266643,2643100-206,NOSE GEAR STRUT ASSY - TALL FORK,BABE,REC,,,26.0
2026-10-05,3040266737,C661025-0101,ALTIMETER (2P),BANT,REC,,,19.0
2026-10-05,3040266724,065-0065-01,SELECTOR ALT,CLA,REC,,,19.0
2026-10-05,3040266725,C662041-0102,INDICATOR FUEL,BABR,REC,,,19.0
2026-10-05,3040266726,C662041-0102,INDICATOR FUEL,BABR,REC,,,19.0
2026-10-05,3040266727,C662041-0102,INDICATOR FUEL,BABR,REC,,,19.0
2026-10-05,3040266730,060-0015-00,"CONTROL,DIRECTIONAL,AUTOMATIC PILOT",PAMALS,REC,,,19.0
2026-10-05,3040266731,060-0015-00,"CONTROL,DIRECTIONAL,AUTOMATIC PILOT",BABV,REC,,,19.0
2026-10-05,3040266723,065-0065-01,SELECTOR ALT,EEAR,REC,,,19.0
2026-10-05,3040266722,065-0065-01,SELECTOR ALT,BANT,REC,,,19.0
2026-10-05,3040266728,060-0015-00,"CONTROL,DIRECTIONAL,AUTOMATIC PILOT",PAMASP,REC,,,19.0
2026-10-05,3040266732,066-3046-07,"CONTROL,INDICATOR",BANT,REC,,,19.0
2026-10-05,3040266884,D210507,"GOVERNOR,OVERSPEED",PAMALS,REC,,,12.0
2026-10-05,3040266882,D210507,"GOVERNOR,OVERSPEED",BANT,REC,,,12.0
2026-10-06,3040249831,066-01141-5101,"RECEIVER-TRANSMITTER,RADIO (KT71)",PAMALS,REC,EM REPARO,LEAP,603.0
2026-10-06,3040250248,452-0133,"BATTERY,NONRECHARGEABLE",BABR,REC,CONDENADO,VEE ONE,587.0
2026-10-06,3040250249,452-0133,"BATTERY,NONRECHARGEABLE",BAMN,REC,CONDENADO,VEE ONE,587.0
2026-10-06,3040250234,3034792,BOMBA DE COMBUSTÍVEL,PAMALS,REC,,BANT,587.0
2026-10-06,3040250816,453-5060,"BEACON,DISTRESS",BAMN,REC,,PAMA-LS,565.0
2026-10-06,3040250830,799-1,TRANSDUCER,BACO,REC,,BANT,565.0
2026-10-06,3040250829,51539-012N,CONTROL UNIT ASSY-GENERATOR,BAMN,OS concluída,,,
2026-10-06,3040250828,51539-012N,CONTROL UNIT ASSY-GENERATOR,BACG,REC,,BABR,565.0
2026-10-06,3040250827,51539-012N,CONTROL UNIT ASSY-GENERATOR,BANT,REC,,BABR,565.0
2026-10-06,3040250831,799-1,TRANSDUCER,BANT,REC,,BANT,565.0
2026-10-06,3040250833,9910586-4,FLAP ACTUATOR AND MOTOR ASSEMBLY,ALA 3,REC,,BAMN,565.0
2026-10-06,3040250834,9910586-4,FLAP ACTUATOR AND MOTOR ASSEMBLY,ALA 3,OS concluída,,,
2026-10-06,3040250832,9910338-4,FUEL TOTALIZER INDICATOR,EEAR,REC,,PAMA-LS,565.0
2026-10-06,3040250835,ASG12000-2,ALTERNATOR,ALA 5,OS concluída,REPARADO,V1 PAMA-LS,
2026-10-06,3040250841,C661030-0301,TURN BANK,PAMALS,REC,EM REPARO,LEAP,565.0
2026-10-06,3040250842,C662041-0102,INDICATOR FUEL,ALA 5,REC,,PAMA-LS,565.0
2026-10-06,3040250844,C662041-0102,INDICATOR FUEL,ALA 9,REC,,PAMA-LS,565.0
2026-10-06,3040250843,C662041-0102,INDICATOR FUEL,ALA 10,OS concluída,,,
2026-10-06,3040250719,060-0017-00,FLIGHT DIR HOR,PAMALS,REC,,BANT,565.0
2026-10-06,3040250720,060-0017-00,FLIGHT DIR HOR,BABV,OS concluída,,,
2026-10-06,3040250722,066-01141-5101,"RECEIVER-TRANSMITTER,RADIO (KT71)",ALA 9,REC,EM REPARO,WILLIAM,565.0
2026-10-06,3040250723,066-01141-5101,"RECEIVER-TRANSMITTER,RADIO (KT71)",CLA,REC,,BABR,565.0
2026-10-06,3040250721,060-0017-00,FLIGHT DIR HOR,BANT,OS concluída,,,
2026-10-06,3040250725,066-3046-07,"CONTROL,INDICATOR",ALA 10,OS concluída,,,
2026-10-06,3040250724,066-04035-1101,"DISPLAY UNIT,RADAR",PAMALS,REC,,BANT,565.0
2026-10-06,3040250732,069-1025-25,"RECEIVER-TRANSMITTER,RADIO - KX165",PAMALS,REC,EM REPARO,WILLIAM,565.0
2026-10-06,3040250782,2606012-1,INDICATOR-INTER-TURBINE TEMPERATURE,ALA 9,OS concluída,,,
2026-10-06,3040250775,161-11700,INNER WHEEL HALF ASSY,BABE,OS concluída,,,
2026-10-06,3040250773,161-11700,INNER WHEEL HALF ASSY,EEAR,REC,,BACG,565.0
2026-10-06,3040250718,030-18200,MAIN WHEEL BRAKE,BACO,OS concluída,,,
2026-10-06,3040250716,030-18200,MAIN WHEEL BRAKE,BABV,REC,EM REPARO,LEAP,565.0
2026-10-06,3040250717,030-18200,MAIN WHEEL BRAKE,BACO,OS concluída,,,
2026-10-06,3040250780,162-11800,WHEEL HALF ASSY-OUTER,PAMALS,OS concluída,,,
2026-10-06,3040250781,162-11800,WHEEL HALF ASSY-OUTER,BACG,OS concluída,,,
2026-10-06,3040250778,161-12800,WHEEL HALF ASSY-INNER,BACG,OS concluída,,,
2026-10-06,3040250776,161-12800,WHEEL HALF ASSY-INNER,BABE,OS concluída,,,
2026-10-06,3040250790,2643031-7,"FORK ASSY,NOSE GEAR SPRING",BAMN,OS concluída,,,
2026-10-06,3040250791,2643090-1,SHIMMY DAMPENE,BANT,REC,EM REPARO,AV AERONAUTICA,565.0
2026-10-06,3040250792,2643090-1,SHIMMY DAMPENE,BAMN,OS concluída,REPARADO,V1 PAMA-LS,
2026-10-06,3040250789,2641012-14,TRUNNION ASSY-RH-MAIN GEAR,PAMASP,OS concluída,,,
2026-10-06,3040250793,2643099-4,"SUPPORT ASSY FOWARD, NLG SPRING",BAMN,OS concluída,,,
2026-10-06,3040250798,30994-001,BATTERY-MARATHON TSP410 NICAD,BANT,OS concluída,CONDENADO,AMA - VEE ONE,
2026-10-06,3040252191,C611008-0101,ALTERNATOR CONTROL UNIT,PAMALS,REC,,BABR,532.0
2026-10-06,3040252159,011-00916-00,DISPLAY UNIT GDU 1040A,BAMN,REC,,BAMN,532.0
2026-10-06,3040252161,065-0042-03,COMPUTER PA,ALA 10,REC,EM REPARO,WILLIAM,532.0
2026-10-06,3040252162,065-0042-03,COMPUTER PA,EEAR,REC,,BABE,532.0
2026-10-06,3040252164,065-0042-03,COMPUTER PA,EEAR,REC,EM REPARO,WILLIAM,532.0
2026-10-06,3040252165,065-0042-03,COMPUTER PA,PAMALS,OS concluída,,,
2026-10-06,3040252166,065-0059-01,SERVO PITCH,EEAR,REC,EM REPARO,WILLIAM,532.0
2026-10-06,3040252168,066-03064-0005,"ALTIMETER,SERVO CONTROLLED,AUTOMATIC PRESSURE",ALA 9,OS concluída,,,
2026-10-06,3040252173,066-03064-0005,"ALTIMETER,SERVO CONTROLLED,AUTOMATIC PRESSURE",BANT,REC,EM REPARO,LEAP,532.0
2026-10-06,3040252172,066-03064-0005,"ALTIMETER,SERVO CONTROLLED,AUTOMATIC PRESSURE",PAMALS,REC,NO ESTADO,VEE ONE,532.0
2026-10-06,3040252170,066-03064-0005,"ALTIMETER,SERVO CONTROLLED,AUTOMATIC PRESSURE",ALA 7,REC,NO ESTADO,VEE ONE,532.0
2026-10-06,3040252178,066-1072-00,RECEIVER ADF (KING KR87),PAMALS,OS concluída,,,
2026-10-06,3040252182,066-1072-04,"RECEIVER,RADIO",ALA 9,OS concluída,,,
2026-10-06,3040252181,066-1072-04,"RECEIVER,RADIO",PAMASP,OS concluída,EM REPARO,WILLIAM,
2026-10-06,3040252180,066-1072-04,"RECEIVER,RADIO",ALA 8,OS concluída,,,
2026-10-06,3040252185,066-1072-04,"RECEIVER,RADIO",BAMN,OS concluída,,,
2026-10-06,3040252189,9910338-6,"TRANSMITTER,RATE OF FLOW",ALA 8,OS concluída,,,
2026-10-06,3040252190,9910338-6,"TRANSMITTER,RATE OF FLOW",BABR,OS concluída,,,
2026-10-06,3040252160,011-01020-10,AFCS MODE CONTROLLER GMC 710,BAMN,OS concluída,,,
2026-10-06,3040252939,C163030-1001,MAIN W BRAKE A,BABV,REC,,BAMN,502.0
2026-10-06,3040252936,030-18200,MAIN WHEEL BRAKE,BACO,REC,,PAMA-LS,502.0
2026-10-06,3040252935,030-18200,MAIN WHEEL BRAKE,BAMN,OS concluída,,,
2026-10-06,3040252940,30-182,MAIN WHEEL BRAKE,BABV,OS concluída,,,
2026-10-06,3040252942,30-182,MAIN WHEEL BRAKE,BAMN,OS concluída,,,
2026-10-06,3040252943,30-182,MAIN WHEEL BRAKE,BAMN,OS concluída,,,
2026-10-06,3040253170,161-12800,WHEEL HALF ASSY-INNER,BASM,OS concluída,,,
2026-10-06,3040253168,161-12800,WHEEL HALF ASSY-INNER,BASM,OS concluída,,PAMA-LS,
2026-10-06,3040253172,161-12800,WHEEL HALF ASSY-INNER,PAMALS,REC,,PAMA-LS,498.0
2026-10-06,3040253174,161-12800,WHEEL HALF ASSY-INNER,PAMALS,OS concluída,,,
2026-10-06,3040253173,161-12800,WHEEL HALF ASSY-INNER,PAMALS,REC,EM REPARO,LEAP,498.0
2026-10-06,3040253176,162-10700,OUTER WHEEL HALF ASSY,BABE,OS concluída,,,
2026-10-06,3040253177,162-10700,OUTER WHEEL HALF ASSY,BABV,OS concluída,,PAMA-LS,
2026-10-06,3040253178,162-10700,OUTER WHEEL HALF ASSY,PAMALS,REC,,PROCURANDO,498.0
2026-10-06,3040253179,162-11800,WHEEL HALF ASSY-OUTER,CLA,OS concluída,,,
2026-10-06,3040253181,162-11800,WHEEL HALF ASSY-OUTER,PAMALS,OS concluída,,,
2026-10-06,3040253180,162-11800,WHEEL HALF ASSY-OUTER,BASM,REC,,PROCURANDO,498.0
2026-10-06,3040253182,162-11800,WHEEL HALF ASSY-OUTER,PAMALS,OS concluída,,PAMA-LS,
2026-10-06,3040253536,2641012-14,TRUNNION ASSY-RH-MAIN GEAR,PAMALS,OS concluída,,,
2026-10-06,3040253529,066-03064-0005,"ALTIMETER,SERVO CONTROLLED,AUTOMATIC PRESSURE",DSM-MN,REC,DEVOLVIDO NO ESTADO,WILLIAM,488.0
2026-10-06,3040253528,066-03064-0005,"ALTIMETER,SERVO CONTROLLED,AUTOMATIC PRESSURE",BANT,OS concluída,,,
2026-10-06,3040253532,799-1,TRANSDUCER,PAMALS,REC,,BANT,488.0
2026-10-06,3040253535,2643099-4,"SUPPORT ASSY FOWARD, NLG SPRING",BABE,REC,CONDENADO,VEE ONE,488.0
2026-10-06,3040253531,799-1,TRANSDUCER,BAMN,REC,,VEE ONE,488.0
2026-10-06,3040253530,799-1,TRANSDUCER,BAMN,REC,,BANT,488.0
2026-10-06,3040253526,30994-001,BATTERY-MARATHON TSP410 NICAD,PAMALS,OS concluída,,PAMA-LS,
2026-10-06,3040253527,30994-001,BATTERY-MARATHON TSP410 NICAD,BAPV,OS concluída,,PAMA-LS,
2026-10-06,3040254195,540-1407-4,"VALVE,BLEED,TURBINEENGINE",PAMALS,REC,,BANT,470.0
2026-10-06,3040254201,2643090-3,SHIMMY DAMPER-NOSE GEAR,PAMALS,OS concluída,,PAMA-LS,
2026-10-06,3040254203,SE1070-6,SHIMMY DAMPENER ASSY,BACGINAT,OS concluída,,,
2026-10-06,3040254205,C660501-0103,"COMPASS,SPEC",PAMALS,OS concluída,,PAMA-LS,
2026-10-06,3040254206,C660501-0103,"COMPASS,SPEC",ALA 8,REC,EM REPARO EM GARANTIA,WILLIAM,470.0
2026-10-06,3040254208,C660501-0103,"COMPASS,SPEC",BABV,OS concluída,,PAMA-LS,
2026-10-06,3040254210,799-1,TRANSDUCER,BANT,REC,,BANT,470.0
2026-10-06,3040254792,2606013-1RX,INDICATOR-PERCENT RPM,BABR,REC,,BANT,461.0
2026-10-06,3040254770,069-1025-25,"RECEIVER-TRANSMITTER,RADIO - KX165",ALA 9,REC,EM REPARO,WILLIAM,461.0
2026-10-06,3040254799,453-5000-710,EMERGENCY LOCATOR TRANSMITTER MODEL C406-2,PAMASP,OS concluída,,,
2026-10-06,3040254806,C352TS,"EXTINGUISHER,FIRE",PAMALS,OS concluída,,PAMA-LS,
2026-10-06,3040254805,C352TS,"EXTINGUISHER,FIRE",PAMALS,OS concluída,,,
2026-10-06,3040254810,C352TS,"EXTINGUISHER,FIRE",PAMALS,OS concluída,,,
2026-10-06,3040254809,C352TS,"EXTINGUISHER,FIRE",PAMAGL,OS concluída,,,
2026-10-06,3040254803,C352TS,"EXTINGUISHER,FIRE",2 ETA,OS concluída,,PAMA-LS,
2026-10-06,3040254808,C352TS,"EXTINGUISHER,FIRE",BABR,OS concluída,,PAMA-LS,
2026-10-06,3040254795,D145-00-46-2,FLAP ACTUATOR ASSY,BABE,REC,,PAMA-LS,461.0
2026-10-06,3040254793,D145-00-46-2,FLAP ACTUATOR ASSY,PAMALS,REC,,PAMA-LS,461.0
2026-10-06,3040254815,C482001-0402,VACUUM REGULAT,PAMALS,REC,CONDENADO,VEE ONE,461.0
2026-10-06,3040254816,C482001-0402,VACUUM REGULAT,PAMALS,REC,CONDENADO,VEE ONE,461.0
2026-10-06,3040254820,2641011-5,AXLE-MAIN GEAR,BAMN,OS concluída,,,
2026-10-06,3040254817,2641011-5,AXLE-MAIN GEAR,BABE,OS concluída,,,
2026-10-06,3040254818,2641011-5,AXLE-MAIN GEAR,BABE,OS concluída,,,
2026-10-06,3040254819,2641011-5,AXLE-MAIN GEAR,BANT,OS concluída,,,
2026-10-06,3040254796,30994-001,BATTERY-MARATHON TSP410 NICAD,BAMN,OS concluída,,,
2026-10-06,3040254789,452-0133,"BATTERY,NONRECHARGEABLE",BAMN,REC,CONDENADO,VEE ONE,461.0
2026-10-06,3040254788,452-0133,"BATTERY,NONRECHARGEABLE",BAMN,REC,CONDENADO,VEE ONE,461.0
2026-10-06,3040254787,452-0133,"BATTERY PACK,AIRCRAFT",DACTA II,REC,CONDENADO,VEE ONE,461.0
2026-10-06,3040254786,452-0133,"BATTERY PACK,AIRCRAFT",BAMN,REC,CONDENADO,VEE ONE,461.0
2026-10-06,3040254785,452-0133,"BATTERY,NONRECHARGEABLE",BAMN,REC,CONDENADO,VEE ONE,461.0
2026-10-06,3040254784,452-0133,"BATTERY,NONRECHARGEABLE",DACTA II,REC,CONDENADO,VEE ONE,461.0
2026-10-06,3040255326,011-00916-00,DISPLAY UNIT GDU 1040A,BAMN,REC,,BAMN,452.0
2026-10-06,3040255319,702801-5,FUEL PUMP,PAMASP,REC,EM REPARO,VEE ONE,452.0
2026-10-06,3040255321,8210-002,"GOVERNOR,CONSTANT SPEED DRIVE",PAMALS,OS concluída,,,
2026-10-06,3040255461,DAAS-A-010-1,ADAS-D PROCESSOR,PAMALS,REC,EM REPARO,VEE ONE,448.0
2026-10-06,3040255589,071-01519-0101,"RECEIVER-EXCITER,RADAR",BANT,REC,,PROCURANDO,446.0
2026-10-06,3040255590,071-01519-0101,"RECEIVER-EXCITER,RADAR",PAMALS,OS concluída,,,
2026-10-06,3040255706,C661064-0237,AIRSPEED INDICATOR,BAMN,OS concluída,,,
2026-10-06,3040256114,5934PAD-3,"ALTIMETER,PRESSURE",PAMALS,REC,EM REPARO,VEE ONE,432.0
2026-10-06,3040256119,011-00878-10,GSA-81 TORQUE SERVO,BAPV,REC,EM REPARO,LEAP,432.0
2026-10-06,3040256112,011-00883-20,RADAR GWX 68 WEATHER,BABE,REC,,BAMN,432.0
2026-10-06,3040256115,5934PAD-3,"ALTIMETER,PRESSURE",PAMALS,OS concluída,,,
2026-10-06,3040256118,011-00878-10,GSA-81 TORQUE SERVO,BAPV,REC,,BACO,432.0
2026-10-06,3040256120,011-00916-10,"DISPLAY UNIT,FLIGHT INFORMATION",BAMN,OS concluída,,,
2026-10-06,3040256314,066-4010-12,RECEIVER VOR/LOC (KNS81),EEAR,REC,EM REPARO,LEAP,419.0
2026-10-06,3040256311,3121248-03,"VALVE ASSEMBLY,COMPRESSOR BLEED",PAMALS,OS concluída,,,
2026-10-06,3040256704,C661064-0237,AIRSPEED INDICATOR,PAMALS,OS concluída,,,
2026-10-06,3040256707,D210507,"GOVERNOR,OVERSPEED",PAMALS,OS concluída,,,
2026-10-06,3040256708,D210507,"GOVERNOR,OVERSPEED",PAMALS,REC,REPARADO,VEE ONE,410.0
2026-10-06,3040256702,C661064-0237,AIRSPEED INDICATOR,BABR,OS concluída,,,
2026-10-06,3040256703,C661064-0237,AIRSPEED INDICATOR,PAMALS,OS concluída,,,
2026-10-06,3040256662,030-18200,MAIN WHEEL BRAKE,BASM,OS concluída,,,
2026-10-06,3040256665,161-11700,INNER WHEEL HALF ASSY,BABV,OS concluída,,,
2026-10-06,3040256666,161-11700,INNER WHEEL HALF ASSY,PAMALS,OS concluída,,,
2026-10-06,3040256667,161-11700,INNER WHEEL HALF ASSY,PAMALS,OS concluída,,,
2026-10-06,3040256668,161-11700,INNER WHEEL HALF ASSY,PAMALS,OS concluída,,,
2026-10-06,3040256669,161-11700,INNER WHEEL HALF ASSY,PAMALS,OS concluída,,,
2026-10-06,3040256670,161-11700,INNER WHEEL HALF ASSY,PAMALS,OS concluída,,,
2026-10-06,3040256671,161-11700,INNER WHEEL HALF ASSY,PAMALS,OS concluída,,PAMA-LS,
2026-10-06,3040256698,030-18200,MAIN WHEEL BRAKE,PAMASP,OS concluída,,BABE,
2026-10-06,3040256713,030-18200,MAIN WHEEL BRAKE,ALA 3,REC,,BAMN,410.0
2026-10-06,3040256694,162-11800,WHEEL HALF ASSY-OUTER,BANT,OS concluída,,,
2026-10-06,3040256696,162-11800,WHEEL HALF ASSY-OUTER,PAMALS,OS concluída,,PAMA-LS,
2026-10-06,3040256672,161-12800,WHEEL HALF ASSY-INNER,PAMALS,OS concluída,,PAMA-LS,
2026-10-06,3040256675,161-12800,WHEEL HALF ASSY-INNER,BANT,OS concluída,,,
2026-10-06,3040256792,011-00877-00,"GSA-80 SERVO ROL,YAW,SPEC",BAMN,REC,,PROCURANDO,410.0
2026-10-06,3040256787,011-00877-00,"GSA-80 SERVO ROL,YAW,SPEC",PAMALS,REC,EM REPARO,VEE ONE,410.0
2026-10-06,3040256828,011-00883-20,RADAR GWX 68 WEATHER,PAMALS,REC,,PAMA-LS,410.0
2026-10-06,3040256709,3121248-03,"VALVE ASSEMBLY,COMPRESSOR BLEED",PAMASP,REC,,BANT,407.0
2026-10-06,3040256673,161-12800,WHEEL HALF ASSY-INNER,PAMALS,REC,CONDENADO,VEE ONE,407.0
2026-10-06,3040257095,011-01105-01,INTEGRATED AVIONICS UNIT GIA63W,BABE,REC,EM REPARO,VEE ONE,403.0
2026-10-06,3040257096,011-01105-01,INTEGRATED AVIONICS UNIT GIA63W,BABE,REC,,BAMN,403.0
2026-10-06,3040257093,065-00183-0501,AUTOPILOT COMPUTER KFC225,BABE,OS concluída,,BANT,
2026-10-06,3040257094,065-00183-0501,AUTOPILOT COMPUTER KFC225,BABE,OS concluída,,BANT,
2026-10-06,3040257443,161-12800,WHEEL HALF ASSY-INNER,ALA 3,REC,,,391.0
2026-10-06,3040257442,C163030-1001,MAIN W BRAKE A,BAMN,OS concluída,,BAMN,
2026-10-06,3040257452,3244809-8,"FUEL CONTROL,MAIN,TURBINE ENGINE",BAPV,OS concluída,,,
2026-10-06,3040257454,EA-5172-45-CES,"INDICATOR,AIRSPEED",BACG,OS concluída,,,
2026-10-06,3040257453,EA-5172-45-CES,"INDICATOR,AIRSPEED",ALA 7,OS concluída,DEVOLVIDO NO ESTADO,WILLIAM,
2026-10-06,3040257451,3244809-7,"FUEL CONTROL,MAIN,TURBINE ENGINE",PAMASP,REC,,BANT,384.0
2026-10-06,3040257450,3244809-4,"FUEL CONTROL,MAIN,TURBINE ENGINE",PAMASP,OS concluída,EM REPARO,LEAP,
2026-10-06,3040257438,030-18200,MAIN WHEEL BRAKE,BAMN,OS concluída,REPARADO,VEE ONE,
2026-10-06,3040257444,162-10700,OUTER WHEEL HALF ASSY,PAMALS,OS concluída,,,
2026-10-06,3040257447,162-10700,OUTER WHEEL HALF ASSY,PAMALS,OS concluída,,,
2026-10-06,3040257436,30994-001,BATTERY-MARATHON TSP410 NICAD,PAMALS,OS concluída,,PAMA-LS,
2026-10-06,3040257441,030-18200,MAIN WHEEL BRAKE,BAPV,REC,,BAMN,384.0
2026-10-06,3040257440,030-18200,MAIN WHEEL BRAKE,BANT,REC,CONDENADO,VEE ONE,384.0
2026-10-06,3040257439,030-18200,MAIN WHEEL BRAKE,BAMN,REC,,BAMN,384.0
2026-10-06,3040258306,D210507,"GOVERNOR,OVERSPEED",PAMALS,REC,EM REPARO,LEAP,364.0
2026-10-06,3040258310,D210507,"GOVERNOR,OVERSPEED",BACO,OS concluída,,,
2026-10-06,3040258309,D210507,"GOVERNOR,OVERSPEED",BAMN,REC,EM REPARO,LEAP,364.0
2026-10-06,3040258308,D210507,"GOVERNOR,OVERSPEED",BAMN,OS concluída,,,
2026-10-06,3040258307,D210507,"GOVERNOR,OVERSPEED",ALA 5,OS concluída,,,
2026-10-06,3040258303,011-00877-00,"GSA-80 SERVO ROL,YAW,SPEC",DACTA II,REC,EM REPARO,VEE ONE,364.0
2026-10-06,3040258422,2601188-8,COMPRESSOR DRIVE ASSY R134A,PAMASP,REC,,PROCURANDO,362.0
2026-10-06,3040258419,011-00877-00,"GSA-80 SERVO ROL,YAW,SPEC",DACTA II,REC,EM REPARO,VEE ONE,362.0
2026-10-06,3040258420,011-00877-00,"GSA-80 SERVO ROL,YAW,SPEC",BACO,REC,EM REPARO,VEE ONE,362.0
2026-10-06,3040258421,011-00877-00,"GSA-80 SERVO ROL,YAW,SPEC",BABE,REC,,BACO,362.0
2026-10-06,3040258764,069-01034-0102,"NAVIGATION SET,SATELLITE SIGNALS KLN-94",PAMALS,REC,,BANT,355.0
2026-10-06,3040259152,066-01141-5101,"TRANSPONDER,RADAR",BABE,REC,,BANT,336.0
2026-10-06,3040259151,066-01141-5101,"TRANSPONDER,RADAR",BANT,REC,,BANT,336.0
2026-10-06,3040259251,064-1019-05,VHF TRANSCEIVE KY196,EEAR,REC,,EEAR,334.0
2026-10-06,3040259146,1U149-015-15,HORIZ. GYRO-STADBY,PAMALS,REC,EM REPARO,VEE ONE,333.0
2026-10-06,3040259147,162-10700,OUTER WHEEL HALF ASSY,BANT,REC,EM REPARO,AMA - VEE ONE,333.0
2026-10-06,3040259148,3049038-03,"VALVE,COMPRESSOR BLEED",BANT,OS concluída,,,
2026-10-06,3040259316,2606015-4,INDICATOR-OIL TEMP/OIL PRESS,BACG,OS concluída,,PAMA-LS,
2026-10-06,3040259564,C414007-0102,BLOWER ASSY,PAMALS,OS concluída,,,
2026-10-06,3040259568,C414007-0102,BLOWER ASSY,ALA 10,OS concluída,,,
2026-10-06,3040259570,C414007-0102,BLOWER ASSY,ALA 10,OS concluída,,,
2026-10-06,3040259694,025323-150,FUEL PUMP,PAMASP,REC,,BACO,322.0
2026-10-06,3040259922,C414007-0102,BLOWER ASSY,BANT,OS concluída,,PAMA-LS,
2026-10-06,3040259928,C414007-0102,BLOWER ASSY,PAMALS,REC,EM REPARO,VEE ONE,315.0
2026-10-06,3040259924,C414007-0102,BLOWER ASSY,BACG,REC,EM REPARO,VEE ONE,315.0
2026-10-06,3040259918,C414007-0102,BLOWER ASSY,ALA 10,OS concluída,,VEE ONE,
2026-10-06,3040259950,065-0060-01,"CONTROL,SERVO,AUTOMATIC PILOT",PAMALS,REC,EM REPARO,LEAP,315.0
2026-10-06,3040259949,065-0060-01,"CONTROL,SERVO,AUTOMATIC PILOT",PAMALS,REC,EM REPARO,LEAP,315.0
2026-10-06,3040259947,066-3046-07,"CONTROL,INDICATOR",EEAR,OS concluída,,,
2026-10-06,3040259946,066-3046-07,"CONTROL,INDICATOR",BANT,REC,,BANT,315.0
2026-10-06,3040259944,066-3046-07,"CONTROL,INDICATOR",EEAR,REC,,PAMA-LS,315.0
2026-10-06,3040260209,011-00916-00,DISPLAY UNIT GDU 1040A,PAMALS,REC,,BAMN,301.0
2026-10-06,3040260208,324843-W020,HEADSET-MICROPHONE,PAMALS,REC,VAI SER DEVOLVIDO SEM REPARO,WILLIAM,301.0
2026-10-06,3040260204,324843-W020,HEADSET-MICROPHONE,PAMALS,OS concluída,,,
2026-10-06,3040260205,324843-W020,HEADSET-MICROPHONE,PAMALS,OS concluída,,,
2026-10-06,3040260388,SD5H14C4527,AIR COMPRESSOR,PAMALS,REC,EM REPARO,VEE ONE,294.0
2026-10-06,3040260382,065-00183-0501,AUTOPILOT COMPUTER KFC225,BANT,REC,,BANT,294.0
2026-10-06,3040260389,SD5H14C4527,AIR COMPRESSOR,PAMALS,REC,EM REPARO,VEE ONE,294.0
2026-10-06,3040260517,ASG12000-2,ALTERNATOR,PAMALS,OS concluída,,,
2026-10-06,3040260524,51539-012M,CONTROL UNIT ASSY-GENERATOR,BANT,REC,,BACG,291.0
2026-10-06,3040260516,ASG12000-2,ALTERNATOR,PAMALS,REC,,V1 PAMA-LS,291.0
2026-10-06,3040260523,9910592-2,ALTERNADOR,BAMN,OS concluída,,babr,
2026-10-06,3040260522,9910592-2,ALTERNADOR,BAMN,REC,,dacta II,291.0
2026-10-06,3040260547,161-12800,WHEEL HALF ASSY-INNER,EPCAR,OS concluída,,BABE,
2026-10-06,3040260545,161-11700,INNER WHEEL HALF ASSY,BACG,OS concluída,,,
2026-10-06,3040260544,161-11700,INNER WHEEL HALF ASSY,BANT,OS concluída,,,
2026-10-06,3040260546,161-12800,WHEEL HALF ASSY-INNER,PAMALS,OS concluída,,,
2026-10-06,3040260548,161-11700,INNER WHEEL HALF ASSY,CLA,OS concluída,,,
2026-10-06,3040260549,162-10700,OUTER WHEEL HALF ASSY,BACG,OS concluída,,,
2026-10-06,3040260550,162-10700,OUTER WHEEL HALF ASSY,CLA,OS concluída,,,
2026-10-06,3040260551,162-11800,WHEEL HALF ASSY-OUTER,BANT,OS concluída,,,
2026-10-06,3040260552,30994-001,BATTERY-MARATHON TSP410 NICAD,BABE,OS concluída,,PAMA-LS,
2026-10-06,3040260543,324843-W020,HEADSET-MICROPHONE,PAMALS,REC,,PAMA-LS,273.0
2026-10-06,3040260542,324843-W020,HEADSET-MICROPHONE,PAMALS,REC,,BABE,273.0
2026-10-06,3040260541,324843-W020,HEADSET-MICROPHONE,PAMALS,OS concluída,,,
2026-10-06,3040260540,324843-W020,HEADSET-MICROPHONE,PAMALS,OS concluída,,,
2026-10-06,3040260538,324843-W020,HEADSET-MICROPHONE,PAMALS,REC,,BABE,273.0
2026-10-06,3040260539,324843-W020,HEADSET-MICROPHONE,PAMALS,REC,,BABE,273.0
2026-10-06,3040260595,9910586-4,FLAP ACTUATOR AND MOTOR ASSEMBLY,7 ETA,REC,,BAMN,273.0
2026-10-06,3040260597,9910586-4,FLAP ACTUATOR AND MOTOR ASSEMBLY,BAPV,OS concluída,,BABR,
2026-10-06,3040260583,3244897-4,FUEL CONTROL UNIT,PAMALS,OS concluída,,,
2026-10-06,3040260750,3122678-04,FUEL CONTROL UNIT,PAMASP,REC,,BANT,265.0
2026-10-06,3040260752,3244897-4,FUEL CONTROL UNIT,PAMASP,OS concluída,,,
2026-10-06,3040260753,3244809-7,"FUEL CONTROL,MAIN,TURBINE ENGINE",PAMASP,OS concluída,,,
2026-10-06,3040260754,3244809-1,"FUEL CONTROL,MAIN,TURBINE ENGINE",PAMASP,REC,EM QUARENTENA,LEAP,265.0
2026-10-06,3040254794,C145-350,"MOTOR,DIRECT CURRENT",PAMALS,OS concluída,,,
2026-10-06,3040260913,064-1054-30,RECEIVER-TRANSMITTER SUBASSEMBLY,EPCAR,REC,,V1 PAMA-LS,253.0
2026-10-06,3040260915,064-1054-30,RECEIVER-TRANSMITTER SUBASSEMBLY,PAMALS,REC,,BABR,253.0
2026-10-06,3040260811,3034792,BOMBA DE COMBUSTÍVEL,BAPV,OS concluída,,BABR,
2026-10-06,3040260812,3034792,BOMBA DE COMBUSTÍVEL,BACG,OS concluída,,,
2026-10-06,3040260922,162-11800,WHEEL HALF ASSY-OUTER,PAMALS,OS concluída,,,
2026-10-06,3040260923,030-18200,MAIN WHEEL BRAKE,BACO,REC,REPARADO,VEE ONE,251.0
2026-10-06,3040261389,3034792,BOMBA DE COMBUSTÍVEL,PAMASP,OS concluída,REPARADO,V1 PAMA-LS,
2026-10-06,3040261388,3034792,BOMBA DE COMBUSTÍVEL,BABR,OS concluída,,,
2026-10-06,3040261387,3034792,BOMBA DE COMBUSTÍVEL,BABR,OS concluída,,,
2026-10-06,3040261371,TFF2905-13,FUEL FLOW TRANSDUCER,ALA 8,REC,,PAMA-LS,238.0
2026-10-06,3040261375,C661065-0240RX,"INDICATOR, AIRSPEED",BACG,REC,EM REPARO,WILLIAM,238.0
2026-10-06,3040261373,C661065-0240,AIRSPEED INDICATOR,BABE,OS concluída,,PAMA-LS,
2026-10-06,3040261322,011-00831-00,"ENGINE INTERFA,SPEC",BAPV,REC,,VEE ONE,238.0
2026-10-06,3040261326,011-00882-10,"COMPUTER,AIR DATA",BAMN,OS concluída,,,
2026-10-06,3040261324,011-00882-10,"COMPUTER,AIR DATA",BAMN,OS concluída,,,
2026-10-06,3040261327,064-1054-30,RECEIVER-TRANSMITTER SUBASSEMBLY,PAMASP,OS concluída,,PAMA-LS,
2026-10-06,3040261336,066-01141-0101,"RECEIVER,RADIO",BANT,OS concluída,,PAMA-LS,
2026-10-06,3040261334,065-0065-01,SELECTOR ALT,BANT,REC,,PAMA-LS,238.0
2026-10-06,3040261331,065-0061-36,ACTUATOR TRIM (KS272A),PAMASP,OS concluída,,BABR,
2026-10-06,3040261329,065-0061-36,ACTUATOR TRIM (KS272A),ALA 10,OS concluída,,,
2026-10-06,3040261335,065-0065-01,SELECTOR ALT,BANT,OS concluída,,PAMA-LS,
2026-10-06,3040261342,066-3084-02,COLOR RADAR INDICATOR,BABV,REC,,PAMA-LS,238.0
2026-10-06,3040261340,066-1053-00,"RECEIVER,RADIO",BASM,OS concluída,,PAMA-LS,
2026-10-06,3040261377,066-3054-01,INDICATOR RADAR ALTIMETER - TYPE KI250,PAMALS,REC,EM REPARO,WILLIAM,238.0
2026-10-06,3040261376,066-1061-03,RT RADAR ALTIM (KRA10A),PAMALS,REC,PARA REPARO,VEE ONE,238.0
2026-10-06,3040261352,1134380-4,EVAPORATOR MODULE ASSY-RH,BAMN,REC,CONDENADO,VEE ONE,238.0
2026-10-06,3040261347,071-1234-00,ANTENNA ACCESSORY,ALA 1,REC,EM REPARO,WILLIAM,238.0
2026-10-06,3040261344,066-4010-12,RECEIVER VOR/LOC (KNS81),ALA 10,REC,EM REPARO,WILLIAM,238.0
2026-10-06,3040261353,1H75-21,PRESSURE REGULATOR,BAMN,OS concluída,,BAMN,
2026-10-06,3040261357,2682001-1,BRAKE CYL MAST,BABE,OS concluída,,,
2026-10-06,3040261356,2670104-2,ANNUNCIATOR PANEL,PAMALS,OS concluída,,,
2026-10-06,3040261355,2643100-201,NOSE GEAR STRUT ASSY - TALL FORK,BABR,OS concluída,,,
2026-10-06,3040261354,2643100-201,NOSE GEAR STRUT ASSY - TALL FORK,BANT,REC,EM REPARO,AV AERONAUTICA,238.0
2026-10-06,3040261364,8210-002-01,GOVERNOR PROPELLER,PAMASP,REC,REPARADO,VEE ONE,238.0
2026-10-06,3040261627,S3828-1,ALTIMETER,BAMN,REC,,PAMA-LS,224.0
2026-10-06,3040261628,S3828-1,ALTIMETER,BABE,REC,REPARADO,V1 PAMA-LS,224.0
2026-10-06,3040261851,51539-012MRX,CONTROL UNIT ASSY-GENERATOR,BABE,REC,EM REPARO,VEE ONE,216.0
2026-10-06,3040261852,51539-012MRX,CONTROL UNIT ASSY-GENERATOR,BABE,REC,EM REPARO,VEE ONE,216.0
2026-10-06,3040261843,3034792,BOMBA DE COMBUSTÍVEL,PAMALS,REC,EM REPARO,VEE ONE,211.0
2026-10-06,3040262245,200SGL119Q-2,STARTER GENERATOR,BAMN,OS concluída,,,
2026-10-06,3040262246,200SGL119Q-2,STARTER GENERATOR,BAMN,OS concluída,,,
2026-10-06,3040262273,324843-W020,HEADSET-MICROPHONE,BABE,OS concluída,,,
2026-10-06,3040262275,324843-W020,HEADSET-MICROPHONE,BANT,OS concluída,,,
2026-10-06,3040262363,066-1055-00,AUDIO CONTROL PANEL,ALA 5,OS concluída,,,
2026-10-06,3040262367,066-1055-00,AUDIO CONTROL PANEL,ALA 9,OS concluída,,WILLIAM,
2026-10-06,3040262368,066-1055-00,AUDIO CONTROL PANEL,CLA,OS concluída,,,
2026-10-06,3040262372,51539-012M,CONTROL UNIT ASSY-GENERATOR,BANT,OS concluída,,PAMA-LS,
2026-10-06,3040262371,51539-012N,CONTROL UNIT ASSY-GENERATOR,BANT,REC,,PAMA-LS,194.0
2026-10-06,3040262419,065-0061-36,ACTUATOR TRIM (KS272A),ALA 9,REC,EM REPARO,WILLIAM,189.0
2026-10-06,3040262734,C352,PORTABLE HALON FIRE EXTINGUISHERS,ALA 5,REC,EM REPARO,AV AERONAUTICA,176.0
2026-10-06,3040262738,C352TS,"EXTINGUISHER,FIRE",BANT,REC,,AV AERONÁUTICA,176.0
2026-10-06,3040262739,C352TS,"EXTINGUISHER,FIRE",BANT,OS concluída,,AV AERONÁUTICA,
2026-10-06,3040262740,C352TS,"EXTINGUISHER,FIRE",PAMALS,OS concluída,,AV AERONÁUTICA,
2026-10-06,3040262766,011-00883-20,RADAR GWX 68 WEATHER,BAMN,OS concluída,,V1 PAMA-LS,
2026-10-06,3040262765,011-00883-20,RADAR GWX 68 WEATHER,BAMN,REC,,V1 PAMA-LS,176.0
2026-10-06,3040262772,011-01020-10,AFCS MODE CONTROLLER GMC 710,BAMN,OS concluída,,PAMA-LS,
2026-10-06,3040262770,011-01020-10,AFCS MODE CONTROLLER GMC 710,BAMN,OS concluída,,PAMA-LS,
2026-10-06,3040262773,011-01020-10,AFCS MODE CONTROLLER GMC 710,BAMN,OS concluída,,PAMA-LS,
2026-10-06,3040262746,066-1070-01,TRANSCEIVER DME (KN63),BABE,REC,EM REPARO,WILLIAM,176.0
2026-10-06,3040262745,064-1019-05,VHF TRANSCEIVE KY196,EEAR,REC,EM REPARO,VEE ONE,176.0
2026-10-06,3040262747,066-1072-00,RECEIVER ADF (KING KR87),ALA 7,REC,EM REPARO,WILLIAM,176.0
2026-10-06,3040262748,066-3046-07,"CONTROL,INDICATOR",BABR,REC,,BANT,176.0
2026-10-06,3040262769,066-3046-07,"CONTROL,INDICATOR",BABR,REC,,BANT,176.0
2026-10-06,3040262768,066-3046-07,"CONTROL,INDICATOR",EEAR,OS concluída,,BABR,
2026-10-06,3040262767,066-3046-07,"CONTROL,INDICATOR",EEAR,REC,EM REPARO,LEAP,176.0
2026-10-06,3040262791,066-3060-00,IND RMI KNI582,BANT,OS concluída,,,
2026-10-06,3040262630,161-11700,INNER WHEEL HALF ASSY,BANT,OS concluída,,PAMA-LS,
2026-10-06,3040262792,066-3060-00,IND RMI KNI582,BANT,REC,EM REPARO,LEAP,176.0
2026-10-06,3040262634,162-10700,OUTER WHEEL HALF ASSY,BANT,OS concluída,,PAMA-LS,
2026-10-06,3040262632,161-12800,WHEEL HALF ASSY-INNER,BANT,OS concluída,REPARADO,VEE ONE,
2026-10-06,3040262633,161-12800,WHEEL HALF ASSY-INNER,BANT,OS concluída,,,
2026-10-06,3040262635,162-11800,WHEEL HALF ASSY-OUTER,EPCAR,OS concluída,,,
2026-10-06,3040262637,162-11800,WHEEL HALF ASSY-OUTER,BANT,OS concluída,REPARADO,VEE ONE,
2026-10-06,3040262636,162-11800,WHEEL HALF ASSY-OUTER,BANT,OS concluída,REPARADO,VEE ONE,
2026-10-06,3040262646,200SGL119Q,STARTER GENERATOR,PAMASP,OS concluída,,,
2026-10-06,3040262639,200SGL119Q,STARTER GENERATOR,PAMASP,OS concluída,,PAMA-LS,
2026-10-06,3040262638,200SGL119Q,STARTER GENERATOR,PAMALS,REC,EM REPARO,AV AERONAUTICA,176.0
2026-10-06,3040262757,2606015-2,IND OIL TEMP/P,PAMALS,REC,EM REPARO,VEE ONE,176.0
2026-10-06,3040262706,2641011-5,AXLE-MAIN GEAR,BAMN,REC,,BANT,176.0
2026-10-06,3040262707,2641011-5,AXLE-MAIN GEAR,BABV,OS concluída,REPARADO,VEE ONE,
2026-10-06,3040262717,2641011-5,AXLE-MAIN GEAR,BANT,OS concluída,REPARADO,VEE ONE,
2026-10-06,3040262714,2641011-5,AXLE-MAIN GEAR,BAPV,REC,,BANT,176.0
2026-10-06,3040262713,2641011-5,AXLE-MAIN GEAR,BAPV,OS concluída,,,
2026-10-06,3040262712,2641011-5,AXLE-MAIN GEAR,BABR,REC,,BANT,176.0
2026-10-06,3040262711,2641011-5,AXLE-MAIN GEAR,BABR,REC,,BANT,176.0
2026-10-06,3040262709,2641011-5,AXLE-MAIN GEAR,PAMALS,REC,,BANT,176.0
2026-10-06,3040262708,2641011-5,AXLE-MAIN GEAR,PAMALS,REC,,BANT,176.0
2026-10-06,3040262744,3244809-1A,F.C.U,PAMALS,REC,EM REPARO,LEAP,176.0
2026-10-06,3040262758,9910338-4,FUEL TOTALIZER INDICATOR,PAMALS,REC,EM REPARO,VEE ONE,176.0
2026-10-06,3040262759,9910338-6,"TRANSMITTER,RATE OF FLOW",BAMN,REC,,PAMA-LS,176.0
2026-10-06,3040262760,9910338-6,"TRANSMITTER,RATE OF FLOW",BANT,REC,EM REPARO,VEE ONE,176.0
2026-10-06,3040262966,2682001-1,BRAKE CYL MAST,BACO,OS concluída,,PAMA-LS,
2026-10-06,3040262967,2682001-1,BRAKE CYL MAST,PAMALS,OS concluída,,PAMA-LS,
2026-10-06,3040262968,2682001-1,BRAKE CYL MAST,BANT,OS concluída,,PAMA-LS,
2026-10-06,3040262969,2682001-1,BRAKE CYL MAST,BABE,OS concluída,,PAMA-LS,
2026-10-06,3040263069,453-5060,ELT C406-N,BABE,OS concluída,,,
2026-10-06,3040263283,D145-00-46-2,FLAP ACTUATOR ASSY,PAMALS,REC,,,159.0
2026-10-06,3040263284,D145-00-46-2,FLAP ACTUATOR ASSY,BAFL,REC,,,159.0
2026-10-06,3040263324,069-01033-0101,"RECEIVER-TRANSMITTER,RADIO",PAMALS,REC,EM REPARO,LEAP,159.0
2026-10-06,3040263287,C661065-0237,AIRSPEED INDICATOR,BABR,OS concluída,,,
2026-10-06,3040263288,C661065-0237,AIRSPEED INDICATOR,PAMASP,OS concluída,,,
2026-10-06,3040263314,060-0017-00,FLIGHT DIR HOR,EEAR,REC,EM REPARO,LEAP,159.0
2026-10-06,3040263319,066-1055-00,AUDIO CONTROL PANEL,BABE,OS concluída,,,
2026-10-06,3040263317,060-0017-00,FLIGHT DIR HOR,PAMASP,OS concluída,,BANT,
2026-10-06,3040263316,060-0017-00,FLIGHT DIR HOR,BANT,REC,,BANT,159.0
2026-10-06,3040263320,066-1055-00,AUDIO CONTROL PANEL,PAMALS,REC,EM REPARO,AV AERONAUTICA,159.0
2026-10-06,3040263325,069-01033-0101,"RECEIVER-TRANSMITTER,RADIO",PAMALS,REC,,,159.0
2026-10-06,3040263335,C611008-0101,ALTERNATOR CONTROL UNIT,PAMALS,REC,,BANT,159.0
2026-10-06,3040263336,C611008-0101,ALTERNATOR CONTROL UNIT,PAMALS,REC,,BANT,159.0
2026-10-06,3040263286,C661065-0237,AIRSPEED INDICATOR,BANT,REC,,PAMA-LS,159.0
2026-10-06,3040263322,066-1055-00,AUDIO CONTROL PANEL,ALA 9,REC,EM REPARO,WILLIAM,159.0
2026-10-06,3040263326,069-01033-0101,"RECEIVER-TRANSMITTER,RADIO",PAMALS,REC,,BANT,159.0
2026-10-06,3040263315,060-0017-00,FLIGHT DIR HOR,BACG,OS concluída,,BABR,
2026-10-06,3040263334,011-00916-10,"DISPLAY UNIT,FLIGHT INFORMATION",BACO,REC,,WILLIAM,159.0
2026-10-06,3040263333,011-00916-10,"DISPLAY UNIT,FLIGHT INFORMATION",BACO,OS concluída,,BAMN,
2026-10-06,3040263332,011-00916-10,"DISPLAY UNIT,FLIGHT INFORMATION",BAMN,OS concluída,,,
2026-10-06,3040263331,C661064-0237,AIRSPEED INDICATOR,PAMALS,REC,,PAMA-LS,159.0
2026-10-06,3040263329,C661064-0237,AIRSPEED INDICATOR,PAMALS,REC,,PAMA-LS,159.0
2026-10-06,3040263328,C661064-0237,AIRSPEED INDICATOR,BABR,REC,EM REPARO,WILLIAM,159.0
2026-10-06,3040263327,C661064-0237,AIRSPEED INDICATOR,BABR,REC,EM REPARO,WILLIAM,159.0
2026-10-06,3040263330,C661064-0237,AIRSPEED INDICATOR,PAMALS,REC,,PAMA-LS,159.0
2026-10-06,3040263338,C611008-0101,ALTERNATOR CONTROL UNIT,PAMALS,REC,,V1 PAMA-LS,159.0
2026-10-06,3040263433,066-03064-0005,"ALTIMETER,SERVO CONTROLLED,AUTOMATIC PRESSURE",BACG,OS concluída,,PAMA-LS,
2026-10-06,3040263435,066-03064-0005,"ALTIMETER,SERVO CONTROLLED,AUTOMATIC PRESSURE",BANT,OS concluída,,PAMA-LS,
2026-10-06,3040263434,066-03064-0005,"ALTIMETER,SERVO CONTROLLED,AUTOMATIC PRESSURE",PAMASP,REC,,PAMA-LS,153.0
2026-10-06,3040263417,069-01033-0101,"RECEIVER-TRANSMITTER,RADIO",PAMALS,REC,EM REPARO,WILLIAM,153.0
2026-10-06,3040263416,069-01033-0101,"RECEIVER-TRANSMITTER,RADIO",BASM,REC,EM REPARO,WILLIAM,153.0
2026-10-06,3040263415,069-01033-0101,"RECEIVER-TRANSMITTER,RADIO",BABR,REC,,BANT,153.0
2026-10-06,3040263447,066-3046-07,"CONTROL,INDICATOR",CLA,OS concluída,,BABR,
2026-10-06,3040263443,3244897-4,FUEL CONTROL UNIT,PAMALS,REC,EM REPARO,LEAP,152.0
2026-10-06,3040263444,3244897-4,FUEL CONTROL UNIT,PAMALS,REC,EM REPARO,LEAP,152.0
2026-10-06,3040263577,060-0015-00,"CONTROL,DIRECTIONAL,AUTOMATIC PILOT",ALA 5,REC,,WILLIAM,147.0
2026-10-06,3040263574,066-1072-04,"RECEIVER,RADIO",BABE,REC,EM REPARO,WILLIAM,147.0
2026-10-06,3040263576,066-1072-04,"RECEIVER,RADIO",BAMN,OS concluída,,WILLIAM,
2026-10-06,3040263575,066-1072-04,"RECEIVER,RADIO",BABE,REC,EM REPARO,WILLIAM,147.0
2026-10-06,3040263573,066-3084-32,IND RDR 2000 IN-182A,PAMALS,REC,,BABR,147.0
2026-10-06,3040263571,066-3084-32,IND RDR 2000 IN-182A,PAMALS,REC,,BANT,147.0
2026-10-06,3040263572,066-3084-32,IND RDR 2000 IN-182A,PAMALS,REC,EM REPARO,WILLIAM,147.0
2026-10-06,3040263448,2618510-10,ALTERNATOR CONTROL UNIT ASSY,BABE,REC,EM REPARO,WILLIAM,147.0
2026-10-06,3040263449,2618510-10,ALTERNATOR CONTROL UNIT ASSY,PAMALS,REC,,BANT,147.0
2026-10-06,3040263877,2641011-5,AXLE-MAIN GEAR,CLA,REC,REPARADO,VEE ONE,137.0
2026-10-06,3040263878,2641011-5,AXLE-MAIN GEAR,CLA,OS concluída,,BABE,
2026-10-06,3040264243,069-01033-0101,"RECEIVER-TRANSMITTER,RADIO",PAMALS,REC,EM REPARO,WILLIAM,130.0
2026-10-06,3040264244,069-01033-0101,"RECEIVER-TRANSMITTER,RADIO",PAMASP,REC,EM REPARO,WILLIAM,130.0
2026-10-06,3040264246,060-0017-00,FLIGHT DIR HOR,PAMALS,REC,,BABR,130.0
2026-10-06,3040264237,200SGL119Q-2,STARTER GENERATOR,BAMN,REC,EM REPARO,AV AERONAUTICA,130.0
2026-10-06,3040264236,200SGL119Q-2,STARTER GENERATOR,BABE,OS concluída,,BABE,
2026-10-06,3040264121,3244897-4,FUEL CONTROL UNIT,BABE,OS concluída,EM REPARO,LEAP,
2026-10-06,3040264263,9910338-8,"INDICATOR,FUEL FLOW",PAMALS,OS concluída,,BABR,
2026-10-06,3040264262,9910338-8,"INDICATOR,FUEL FLOW",BABV,OS concluída,,PAMA-LS,
2026-10-06,3040264242,324843-2020,HEADSET-MICROPHONE,BABE,OS concluída,,BAMN,
2026-10-06,3040264264,324843-2020,HEADSET-MICROPHONE,DACTA II,OS concluída,,BAMN,
2026-10-06,3040264238,324843-2020,HEADSET-MICROPHONE,DACTA II,OS concluída,,,
2026-10-06,3040264241,324843-2020,HEADSET-MICROPHONE,DACTA II,OS concluída,,BAMN,
2026-10-06,3040264240,324843-2020,HEADSET-MICROPHONE,DACTA II,OS concluída,,BAMN,
2026-10-06,3040264122,3244809-8,"FUEL CONTROL,MAIN,TURBINE ENGINE",BABE,OS concluída,,BABR,
2026-10-06,3040263797,066-3046-07,"CONTROL,INDICATOR",BABE,REC,EM REPARO,WILLIAM,130.0
2026-10-06,3040263798,066-3046-07,"CONTROL,INDICATOR",PAMASP,OS concluída,,,
2026-10-06,3040263799,066-3046-07,"CONTROL,INDICATOR",PAMASP,REC,EM REPARO,WILLIAM,130.0
2026-10-06,3040263795,071-01519-0101,"RECEIVER-EXCITER,RADAR",PAMALS,REC,,BANT,130.0
2026-10-06,3040263796,071-01519-0101,"RECEIVER-EXCITER,RADAR",PAMALS,REC,EM REPARO,WILLIAM,130.0
2026-10-06,3040264579,060-0017-00,FLIGHT DIR HOR,BABR,OS concluída,,,
2026-10-06,3040264577,060-0017-00,FLIGHT DIR HOR,PAMALS,REC,,,118.0
2026-10-06,3040264573,060-0017-00,FLIGHT DIR HOR,BANT,REC,,,118.0
2026-10-06,3040264574,060-0017-00,FLIGHT DIR HOR,BANT,REC,,,118.0
2026-10-06,3040264576,060-0017-00,FLIGHT DIR HOR,PAMALS,REC,,,118.0
2026-10-06,3040264572,060-0017-00,FLIGHT DIR HOR,PAMASP,REC,,,118.0
2026-10-06,3040264647,1H75-21,PRESSURE REGULATOR,BAMN,REC,,,113.0
2026-10-06,3040264646,1H75-21,PRESSURE REGULATOR,PAMASP,REC,,,113.0
2026-10-06,3040264645,1H75-21,PRESSURE REGULATOR,PAMASP,REC,,,113.0
2026-10-06,3040264643,1H75-21,PRESSURE REGULATOR,PAMASP,OS concluída,,,
2026-10-06,3040264707,3244809-7,"FUEL CONTROL,MAIN,TURBINE ENGINE",BABE,OS concluída,,,
2026-10-06,3040264709,540-1407-4,"VALVE,BLEED,TURBINEENGINE",PAMASP,REC,,,113.0
2026-10-06,3040264710,200SGL153Q,"STARTER-GENERATOR,ENGINE,AIRCRAFT",CLA,OS concluída,,,
2026-10-06,3040264711,200SGL153Q,"STARTER-GENERATOR,ENGINE,AIRCRAFT",PAMASP,OS concluída,,,
2026-10-06,3040264712,200SGL153Q,"STARTER-GENERATOR,ENGINE,AIRCRAFT",BACG,REC,,,113.0
2026-10-06,3040264718,9910338-8,"INDICATOR,FUEL FLOW",PAMALS,REC,,,113.0
2026-10-06,3040264719,S3326-2,"INDICATOR,HORIZONTAL SITUATION",ALA 8,REC,,,113.0
2026-10-06,3040264720,S3326-2,"INDICATOR,HORIZONTAL SITUATION",PAMALS,REC,,,113.0
2026-10-06,3040264721,S3326-2,"INDICATOR,HORIZONTAL SITUATION",PAMASP,REC,,,113.0
2026-10-06,3040264724,2606013-1AM,INDICADOR PERCENTUAL RPM,BABV,REC,,,113.0
2026-10-06,3040264725,2606013-1AM,INDICADOR PERCENTUAL RPM,BABR,REC,,,113.0
2026-10-06,3040264726,2606015-4,INDICATOR-OIL TEMP/OIL PRESS,BANT,REC,,,113.0
2026-10-06,3040264727,C661051-0201,GYRO HORIZON,ALA 10,REC,,,113.0
2026-10-06,3040264728,504-0111-906,GYRO HORIZON,PAMALS,OS concluída,,,
2026-10-06,3040264729,504-0111-906,GYRO HORIZON,BACG,OS concluída,,,
2026-10-06,3040264730,8210-003,"GOVERNOR,FUEL CONTROL",PAMASP,REC,,,113.0
2026-10-06,3040264731,8210-002,"GOVERNOR,CONSTANT SPEED DRIVE",PAMASP,REC,,,113.0
2026-10-06,3040264732,8210-002,"GOVERNOR,CONSTANT SPEED DRIVE",BAMN,REC,,,113.0
2026-10-06,3040264733,030-18200,MAIN WHEEL BRAKE,BAMN,REC,,,113.0
2026-10-06,3040264734,030-18200,MAIN WHEEL BRAKE,BAMN,REC,,,113.0
2026-10-06,3040264735,161-11700,INNER WHEEL HALF ASSY,PAMALS,REC,,,113.0
2026-10-06,3040264736,161-12800,WHEEL HALF ASSY-INNER,BABR,REC,,,113.0
2026-10-06,3040264737,161-12800,WHEEL HALF ASSY-INNER,PAMALS,AUT,,,113.0
2026-10-06,3040264738,162-10700,OUTER WHEEL HALF ASSY,BACO,AUT,,,113.0
2026-10-06,3040264807,011-01105-01,INTEGRATED AVIONICS UNIT GIA63W,ALA 8,REC,,,105.0
2026-10-06,3040264808,011-01105-01,INTEGRATED AVIONICS UNIT GIA63W,BAMN,REC,,,105.0
2026-10-06,3040264907,011-00916-10,"DISPLAY UNIT,FLIGHT INFORMATION",BAMN,REC,,,98.0
2026-10-06,3040264908,011-00916-10,"DISPLAY UNIT,FLIGHT INFORMATION",BABV,OS concluída,,,
2026-10-06,3040264974,3244809-8,"FUEL CONTROL,MAIN,TURBINE ENGINE",BAMN,REC,,,96.0
2026-10-06,3040264961,3244897-4,FUEL CONTROL UNIT,CLA,OS concluída,,,
2026-10-06,3040264960,3034792,BOMBA DE COMBUSTÍVEL,CLA,OS concluída,,,
2026-10-06,3040265144,011-01020-10,AFCS MODE CONTROLLER GMC 710,BABE,REC,,,90.0
2026-10-06,3040265140,011-01020-10,AFCS MODE CONTROLLER GMC 710,BABE,REC,,,90.0
2026-10-06,3040265482,066-3084-32,IND RDR 2000 IN-182A,BABR,REC,,,75.0
2026-10-06,3040265484,066-3084-32,IND RDR 2000 IN-182A,BANT,REC,,,75.0
2026-10-06,3040265485,066-3084-32,IND RDR 2000 IN-182A,BABR,REC,,,75.0
2026-10-06,3040265526,ASG12000-2,ALTERNATOR,PAMALS,REC,,,71.0
2026-10-06,3040265525,ASG12000-2,ALTERNATOR,BABR,OS concluída,,,
2026-10-06,3040265527,9910592-2,ALTERNADOR,BABR,REC,,,71.0
2026-10-06,3040265533,3122678-04,FUEL CONTROL UNIT,BABR,REC,,,71.0
2026-10-06,3040265532,C611505-0201,ALTERNATOR,BANT,REC,,,71.0
2026-10-06,3040265530,C611505-0201,ALTERNATOR,BABV,OS concluída,,,
2026-10-06,3040265528,9910592-2,ALTERNADOR,BABR,REC,,,71.0
2026-10-06,3040265724,3244897-4,FUEL CONTROL UNIT,CLA,REC,,,70.0
2026-10-06,3040265474,C611008-0101,ALTERNATOR CONTROL UNIT,PAMALS,REC,,,68.0
2026-10-06,3040265475,C611008-0101,ALTERNATOR CONTROL UNIT,BABV,REC,,,68.0
2026-10-06,3040265476,C611008-0101,ALTERNATOR CONTROL UNIT,PAMALS,REC,,,68.0
2026-10-06,3040265477,C611008-0101,ALTERNATOR CONTROL UNIT,PAMALS,REC,,,68.0
2026-10-06,3040265576,011-00916-10,"DISPLAY UNIT,FLIGHT INFORMATION",BAMN,REC,,,67.0
2026-10-06,3040265580,011-00916-00,DISPLAY UNIT GDU 1040A,PAMALS,REC,,,71.0
2026-10-06,3040265581,011-00916-00,DISPLAY UNIT GDU 1040A,PAMALS,REC,,,71.0
2026-10-06,3040265589,EA-5175-52-CES,INDICATOR TRUE,BABV,REC,,,71.0
2026-10-06,3040265590,EA-5175-52-CES,INDICATOR TRUE,BASM,REC,,,71.0
2026-10-06,3040265591,EA-5175-52-CES,INDICATOR TRUE,BABV,REC,,,71.0
2026-10-06,3040265592,EA-5175-52-CES,INDICATOR TRUE,BABV,REC,,,71.0
2026-10-06,3040265668,9910592-2,ALTERNADOR,PAMALS,OS concluída,,,
2026-10-06,3040265678,9910592-2,ALTERNADOR,BAMN,REC,,,71.0
2026-10-06,3040265679,C611505-0201,ALTERNATOR,PAMALS,REC,,,71.0
2026-10-06,3040265680,C611505-0201,ALTERNATOR,ALA 8,REC,,,71.0
2026-10-06,3040265726,071-01519-0101,"RECEIVER-EXCITER,RADAR",PAMALS,REC,,,70.0
2026-10-06,3040265727,071-01519-0101,"RECEIVER-EXCITER,RADAR",CLA,REC,,,70.0
2026-10-06,3040265728,C163030-1001,MAIN W BRAKE A,BAMN,REC,,,70.0
2026-10-06,3040265731,066-3046-07,"CONTROL,INDICATOR",BABR,REC,,,70.0
2026-10-06,3040265732,066-3046-07,"CONTROL,INDICATOR",BANT,REC,,,70.0
2026-10-06,3040265734,066-3046-07,"CONTROL,INDICATOR",EEAR,REC,,,70.0
2026-10-06,3040265735,066-3046-07,"CONTROL,INDICATOR",CLA,REC,,,70.0
2026-10-06,3040265736,C611008-0101,ALTERNATOR CONTROL UNIT,BABV,REC,,,70.0
2026-10-06,3040265737,C611008-0101,ALTERNATOR CONTROL UNIT,EEAR,REC,,,70.0
2026-10-06,3040265738,C611008-0101,ALTERNATOR CONTROL UNIT,PAMALS,REC,,,70.0
2026-10-06,3040265739,C611008-0101,ALTERNATOR CONTROL UNIT,BANT,REC,,,70.0
2026-10-06,3040265740,C611008-0101,ALTERNATOR CONTROL UNIT,BABE,REC,,,70.0
2026-10-06,3040265741,C611008-0101,ALTERNATOR CONTROL UNIT,BABR,REC,,,70.0
2026-10-06,3040265742,066-1072-04,"RECEIVER,RADIO",BACG,REC,,,70.0
2026-10-06,3040265743,066-1072-04,"RECEIVER,RADIO",BAMN,REC,,,70.0
2026-10-06,3040265744,066-1072-04,"RECEIVER,RADIO",PAMALS,REC,,,70.0
2026-10-06,3040265745,066-3084-32,IND RDR 2000 IN-182A,PAMALS,REC,,,70.0
2026-10-06,3040265746,066-3084-32,IND RDR 2000 IN-182A,PAMALS,REC,,,70.0
2026-10-06,3040265747,30994-001,BATTERY-MARATHON TSP410 NICAD,PAMALS,AUT,,,70.0
2026-10-06,3040265748,30994-001,BATTERY-MARATHON TSP410 NICAD,PAMALS,AUT,,,70.0
2026-10-06,3040265749,30994-001,BATTERY-MARATHON TSP410 NICAD,PAMALS,AUT,,,70.0
2026-10-06,3040265750,30994-001,BATTERY-MARATHON TSP410 NICAD,PAMALS,AUT,,,70.0
2026-10-06,3040265751,30994-001,BATTERY-MARATHON TSP410 NICAD,PAMALS,AUT,,,70.0
2026-10-06,3040265752,2641011-5,AXLE-MAIN GEAR,BAMN,REC,,,70.0
2026-10-06,3040265753,2641011-5,AXLE-MAIN GEAR,BAMN,REC,,,70.0
2026-10-06,3040265754,161-11700,INNER WHEEL HALF ASSY,BACO,AUT,,,70.0
2026-10-06,3040265755,161-12800,WHEEL HALF ASSY-INNER,BABE,REC,,,70.0
2026-10-06,3040265757,066-01141-0101,"RECEIVER,RADIO",PAMALS,REC,,,70.0
2026-10-06,3040265758,066-01141-0101,"RECEIVER,RADIO",PAMALS,REC,,,70.0
2026-10-06,3040265759,C660501-0103,"COMPASS,SPEC",DACTA II,REC,,,70.0
2026-10-06,3040265769,023694-000,BATTERY NICKEL CADMIUM,BAPV,REC,,,69.0
2026-10-06,3040265771,2651023-23,ENGINE MOUNT ASSEMBLY,PAMALS,REC,,,69.0
2026-10-06,3040265772,2651023-23,ENGINE MOUNT ASSEMBLY,PAMALS,REC,,,69.0
2026-10-06,3040265892,324843-0020,HEADSET-MICROPHONE,PAMALS,REC,,,64.0
2026-10-06,3040265893,324843-0020,HEADSET-MICROPHONE,PAMALS,OS concluída,,,
2026-10-06,3040265894,324843-0020,HEADSET-MICROPHONE,PAMALS,REC,,,64.0
2026-10-06,3040265895,324843-0020,HEADSET-MICROPHONE,PAMALS,REC,,,64.0
2026-10-06,3040265946,011-00870-00,MAGNETOMETER GMU 44,BAMN,REC,,,61.0
2026-10-06,3040265947,011-00870-00,MAGNETOMETER GMU 44,BAMN,REC,,,61.0
2026-10-06,3040266034,C662041-0102,INDICATOR FUEL,BABE,REC,,,57.0
2026-10-06,3040266040,C662041-0102,INDICATOR FUEL,PAMALS,OS concluída,,,
2026-10-06,3040266036,C662041-0102,INDICATOR FUEL,PAMALS,REC,,,57.0
2026-10-06,3040266035,C662041-0102,INDICATOR FUEL,PAMALS,REC,,,49.0
2026-10-06,3040266039,C662041-0102,INDICATOR FUEL,BANT,REC,,,49.0
2026-10-06,3040266041,C662041-0102,INDICATOR FUEL,PAMALS,REC,,,49.0
2026-10-06,3040266307,069-01033-0101,"RECEIVER-TRANSMITTER,RADIO",PAMALS,REC,,,47.0
2026-10-06,3040266308,069-01033-0101,"RECEIVER-TRANSMITTER,RADIO",BANT,REC,,,47.0
2026-10-06,3040266306,069-01033-0101,"RECEIVER-TRANSMITTER,RADIO",BACG,REC,,,47.0
2026-10-06,3040266307,069-01033-0101,"RECEIVER-TRANSMITTER,RADIO",PAMALS,REC,,,47.0
2026-10-06,3040266308,069-01033-0101,"RECEIVER-TRANSMITTER,RADIO",BANT,REC,,,47.0
2026-10-06,3040266568,C662504-0101,GAGE VOLT AMME,PAMALS,REC,,,36.0
2026-10-06,3040266567,C662504-0101,GAGE VOLT AMME,ALA 9,REC,,,36.0
2026-10-06,3040266566,C662504-0101,GAGE VOLT AMME,PAMALS,REC,,,36.0
2026-10-06,3040266569,C662504-0101,GAGE VOLT AMME,BABV,REC,,,36.0
2026-10-06,3040266644,2643100-206,NOSE GEAR STRUT ASSY - TALL FORK,BAMN,REC,,,32.0
2026-10-06,3040266685,9910586-4,FLAP ACTUATOR AND MOTOR ASSEMBLY,PAMALS,REC,,,27.0
2026-10-06,3040266684,9910586-4,FLAP ACTUATOR AND MOTOR ASSEMBLY,BANT,REC,,,27.0
2026-10-06,3040266682,161-11700,INNER WHEEL HALF ASSY,DACTA II,REC,,,27.0
2026-10-06,3040266683,162-11800,WHEEL HALF ASSY-OUTER,BAMN,REC,,,27.0
2026-10-06,3040266681,162-10700,OUTER WHEEL HALF ASSY,DACTA II,REC,,,27.0
2026-10-06,3040266667,2641011-5,AXLE-MAIN GEAR,BACO,REC,,,27.0
2026-10-06,3040266666,2641011-5,AXLE-MAIN GEAR,BACO,REC,,,27.0
2026-10-06,3040266664,2641011-5,AXLE-MAIN GEAR,BANT,REC,,,27.0
2026-10-06,3040266665,2641011-5,AXLE-MAIN GEAR,BANT,REC,,,27.0
2026-10-06,3040266660,2643031-7,"FORK ASSY,NOSE GEAR SPRING",PAMALS,REC,,,27.0
2026-10-06,3040266662,2641012-14,TRUNNION ASSY-RH-MAIN GEAR,PAMALS,REC,,,27.0
2026-10-06,3040266663,2641012-14,TRUNNION ASSY-RH-MAIN GEAR,BANT,REC,,,27.0
2026-10-06,3040266661,2643031-7,"FORK ASSY,NOSE GEAR SPRING",PAMALS,REC,,,27.0
2026-10-06,3040266656,2643099-4,"SUPPORT ASSY FOWARD, NLG SPRING",BABE,REC,,,27.0
2026-10-06,3040266657,2643099-4,"SUPPORT ASSY FOWARD, NLG SPRING",PAMASP,REC,,,27.0
2026-10-06,3040266658,2643099-4,"SUPPORT ASSY FOWARD, NLG SPRING",PAMASP,REC,,,27.0
2026-10-06,3040266643,2643100-206,NOSE GEAR STRUT ASSY - TALL FORK,BABE,REC,,,27.0
2026-10-06,3040266737,C661025-0101,ALTIMETER (2P),BANT,REC,,,20.0
2026-10-06,3040266724,065-0065-01,SELECTOR ALT,CLA,REC,,,20.0
2026-10-06,3040266725,C662041-0102,INDICATOR FUEL,BABR,REC,,,20.0
2026-10-06,3040266726,C662041-0102,INDICATOR FUEL,BABR,REC,,,20.0
2026-10-06,3040266727,C662041-0102,INDICATOR FUEL,BABR,REC,,,20.0
2026-10-06,3040266730,060-0015-00,"CONTROL,DIRECTIONAL,AUTOMATIC PILOT",PAMALS,REC,,,20.0
2026-10-06,3040266731,060-0015-00,"CONTROL,DIRECTIONAL,AUTOMATIC PILOT",BABV,REC,,,20.0
2026-10-06,3040266723,065-0065-01,SELECTOR ALT,EEAR,REC,,,20.0
2026-10-06,3040266722,065-0065-01,SELECTOR ALT,BANT,REC,,,20.0
2026-10-06,3040266728,060-0015-00,"CONTROL,DIRECTIONAL,AUTOMATIC PILOT",PAMASP,REC,,,20.0
2026-10-06,3040266732,066-3046-07,"CONTROL,INDICATOR",BANT,REC,,,20.0
2026-10-06,3040266884,D210507,"GOVERNOR,OVERSPEED",PAMALS,REC,,,13.0
2026-10-06,3040266882,D210507,"GOVERNOR,OVERSPEED",BANT,REC,,,13.0
2026-10-07,3040249831,066-01141-5101,"RECEIVER-TRANSMITTER,RADIO (KT71)",PAMALS,REC,EM REPARO,LEAP,604.0
2026-10-07,3040250248,452-0133,"BATTERY,NONRECHARGEABLE",BABR,REC,CONDENADO,VEE ONE,588.0
2026-10-07,3040250249,452-0133,"BATTERY,NONRECHARGEABLE",BAMN,REC,CONDENADO,VEE ONE,588.0
2026-10-07,3040250234,3034792,BOMBA DE COMBUSTÍVEL,PAMALS,REC,,BANT,588.0
2026-10-07,3040250816,453-5060,"BEACON,DISTRESS",BAMN,REC,,PAMA-LS,566.0
2026-10-07,3040250830,799-1,TRANSDUCER,BACO,REC,,BANT,566.0
2026-10-07,3040250829,51539-012N,CONTROL UNIT ASSY-GENERATOR,BAMN,OS concluída,,,
2026-10-07,3040250828,51539-012N,CONTROL UNIT ASSY-GENERATOR,BACG,REC,,BABR,566.0
2026-10-07,3040250827,51539-012N,CONTROL UNIT ASSY-GENERATOR,BANT,REC,,BABR,566.0
2026-10-07,3040250831,799-1,TRANSDUCER,BANT,REC,,BANT,566.0
2026-10-07,3040250833,9910586-4,FLAP ACTUATOR AND MOTOR ASSEMBLY,ALA 3,REC,,BAMN,566.0
2026-10-07,3040250834,9910586-4,FLAP ACTUATOR AND MOTOR ASSEMBLY,ALA 3,OS concluída,,,
2026-10-07,3040250832,9910338-4,FUEL TOTALIZER INDICATOR,EEAR,REC,,PAMA-LS,566.0
2026-10-07,3040250835,ASG12000-2,ALTERNATOR,ALA 5,OS concluída,REPARADO,V1 PAMA-LS,
2026-10-07,3040250841,C661030-0301,TURN BANK,PAMALS,REC,EM REPARO,LEAP,566.0
2026-10-07,3040250842,C662041-0102,INDICATOR FUEL,ALA 5,REC,,PAMA-LS,566.0
2026-10-07,3040250844,C662041-0102,INDICATOR FUEL,ALA 9,REC,,PAMA-LS,566.0
2026-10-07,3040250843,C662041-0102,INDICATOR FUEL,ALA 10,OS concluída,,,
2026-10-07,3040250719,060-0017-00,FLIGHT DIR HOR,PAMALS,REC,,BANT,566.0
2026-10-07,3040250720,060-0017-00,FLIGHT DIR HOR,BABV,OS concluída,,,
2026-10-07,3040250722,066-01141-5101,"RECEIVER-TRANSMITTER,RADIO (KT71)",ALA 9,REC,EM REPARO,WILLIAM,566.0
2026-10-07,3040250723,066-01141-5101,"RECEIVER-TRANSMITTER,RADIO (KT71)",CLA,REC,,BABR,566.0
2026-10-07,3040250721,060-0017-00,FLIGHT DIR HOR,BANT,OS concluída,,,
2026-10-07,3040250725,066-3046-07,"CONTROL,INDICATOR",ALA 10,OS concluída,,,
2026-10-07,3040250724,066-04035-1101,"DISPLAY UNIT,RADAR",PAMALS,REC,,BANT,566.0
2026-10-07,3040250732,069-1025-25,"RECEIVER-TRANSMITTER,RADIO - KX165",PAMALS,REC,EM REPARO,WILLIAM,566.0
2026-10-07,3040250782,2606012-1,INDICATOR-INTER-TURBINE TEMPERATURE,ALA 9,OS concluída,,,
2026-10-07,3040250775,161-11700,INNER WHEEL HALF ASSY,BABE,OS concluída,,,
2026-10-07,3040250773,161-11700,INNER WHEEL HALF ASSY,EEAR,REC,,BACG,566.0
2026-10-07,3040250718,030-18200,MAIN WHEEL BRAKE,BACO,OS concluída,,,
2026-10-07,3040250716,030-18200,MAIN WHEEL BRAKE,BABV,REC,EM REPARO,LEAP,566.0
2026-10-07,3040250717,030-18200,MAIN WHEEL BRAKE,BACO,OS concluída,,,
2026-10-07,3040250780,162-11800,WHEEL HALF ASSY-OUTER,PAMALS,OS concluída,,,
2026-10-07,3040250781,162-11800,WHEEL HALF ASSY-OUTER,BACG,OS concluída,,,
2026-10-07,3040250778,161-12800,WHEEL HALF ASSY-INNER,BACG,OS concluída,,,
2026-10-07,3040250776,161-12800,WHEEL HALF ASSY-INNER,BABE,OS concluída,,,
2026-10-07,3040250790,2643031-7,"FORK ASSY,NOSE GEAR SPRING",BAMN,OS concluída,,,
2026-10-07,3040250791,2643090-1,SHIMMY DAMPENE,BANT,REC,EM REPARO,AV AERONAUTICA,566.0
2026-10-07,3040250792,2643090-1,SHIMMY DAMPENE,BAMN,OS concluída,REPARADO,V1 PAMA-LS,
2026-10-07,3040250789,2641012-14,TRUNNION ASSY-RH-MAIN GEAR,PAMASP,OS concluída,,,
2026-10-07,3040250793,2643099-4,"SUPPORT ASSY FOWARD, NLG SPRING",BAMN,OS concluída,,,
2026-10-07,3040250798,30994-001,BATTERY-MARATHON TSP410 NICAD,BANT,OS concluída,CONDENADO,AMA - VEE ONE,
2026-10-07,3040252191,C611008-0101,ALTERNATOR CONTROL UNIT,PAMALS,REC,,BABR,533.0
2026-10-07,3040252159,011-00916-00,DISPLAY UNIT GDU 1040A,BAMN,REC,,BAMN,533.0
2026-10-07,3040252161,065-0042-03,COMPUTER PA,ALA 10,REC,EM REPARO,WILLIAM,533.0
2026-10-07,3040252162,065-0042-03,COMPUTER PA,EEAR,REC,,BABE,533.0
2026-10-07,3040252164,065-0042-03,COMPUTER PA,EEAR,REC,EM REPARO,WILLIAM,533.0
2026-10-07,3040252165,065-0042-03,COMPUTER PA,PAMALS,OS concluída,,,
2026-10-07,3040252166,065-0059-01,SERVO PITCH,EEAR,REC,EM REPARO,WILLIAM,533.0
2026-10-07,3040252168,066-03064-0005,"ALTIMETER,SERVO CONTROLLED,AUTOMATIC PRESSURE",ALA 9,OS concluída,,,
2026-10-07,3040252173,066-03064-0005,"ALTIMETER,SERVO CONTROLLED,AUTOMATIC PRESSURE",BANT,REC,EM REPARO,LEAP,533.0
2026-10-07,3040252172,066-03064-0005,"ALTIMETER,SERVO CONTROLLED,AUTOMATIC PRESSURE",PAMALS,REC,NO ESTADO,VEE ONE,533.0
2026-10-07,3040252170,066-03064-0005,"ALTIMETER,SERVO CONTROLLED,AUTOMATIC PRESSURE",ALA 7,REC,NO ESTADO,VEE ONE,533.0
2026-10-07,3040252178,066-1072-00,RECEIVER ADF (KING KR87),PAMALS,OS concluída,,,
2026-10-07,3040252182,066-1072-04,"RECEIVER,RADIO",ALA 9,OS concluída,,,
2026-10-07,3040252181,066-1072-04,"RECEIVER,RADIO",PAMASP,OS concluída,EM REPARO,WILLIAM,
2026-10-07,3040252180,066-1072-04,"RECEIVER,RADIO",ALA 8,OS concluída,,,
2026-10-07,3040252185,066-1072-04,"RECEIVER,RADIO",BAMN,OS concluída,,,
2026-10-07,3040252189,9910338-6,"TRANSMITTER,RATE OF FLOW",ALA 8,OS concluída,,,
2026-10-07,3040252190,9910338-6,"TRANSMITTER,RATE OF FLOW",BABR,OS concluída,,,
2026-10-07,3040252160,011-01020-10,AFCS MODE CONTROLLER GMC 710,BAMN,OS concluída,,,
2026-10-07,3040252939,C163030-1001,MAIN W BRAKE A,BABV,REC,,BAMN,503.0
2026-10-07,3040252936,030-18200,MAIN WHEEL BRAKE,BACO,REC,,PAMA-LS,503.0
2026-10-07,3040252935,030-18200,MAIN WHEEL BRAKE,BAMN,OS concluída,,,
2026-10-07,3040252940,30-182,MAIN WHEEL BRAKE,BABV,OS concluída,,,
2026-10-07,3040252942,30-182,MAIN WHEEL BRAKE,BAMN,OS concluída,,,
2026-10-07,3040252943,30-182,MAIN WHEEL BRAKE,BAMN,OS concluída,,,
2026-10-07,3040253170,161-12800,WHEEL HALF ASSY-INNER,BASM,OS concluída,,,
2026-10-07,3040253168,161-12800,WHEEL HALF ASSY-INNER,BASM,OS concluída,,PAMA-LS,
2026-10-07,3040253172,161-12800,WHEEL HALF ASSY-INNER,PAMALS,REC,,PAMA-LS,499.0
2026-10-07,3040253174,161-12800,WHEEL HALF ASSY-INNER,PAMALS,OS concluída,,,
2026-10-07,3040253173,161-12800,WHEEL HALF ASSY-INNER,PAMALS,REC,EM REPARO,LEAP,499.0
2026-10-07,3040253176,162-10700,OUTER WHEEL HALF ASSY,BABE,OS concluída,,,
2026-10-07,3040253177,162-10700,OUTER WHEEL HALF ASSY,BABV,OS concluída,,PAMA-LS,
2026-10-07,3040253178,162-10700,OUTER WHEEL HALF ASSY,PAMALS,REC,,PROCURANDO,499.0
2026-10-07,3040253179,162-11800,WHEEL HALF ASSY-OUTER,CLA,OS concluída,,,
2026-10-07,3040253181,162-11800,WHEEL HALF ASSY-OUTER,PAMALS,OS concluída,,,
2026-10-07,3040253180,162-11800,WHEEL HALF ASSY-OUTER,BASM,REC,,PROCURANDO,499.0
2026-10-07,3040253182,162-11800,WHEEL HALF ASSY-OUTER,PAMALS,OS concluída,,PAMA-LS,
2026-10-07,3040253536,2641012-14,TRUNNION ASSY-RH-MAIN GEAR,PAMALS,OS concluída,,,
2026-10-07,3040253529,066-03064-0005,"ALTIMETER,SERVO CONTROLLED,AUTOMATIC PRESSURE",DSM-MN,REC,DEVOLVIDO NO ESTADO,WILLIAM,489.0
2026-10-07,3040253528,066-03064-0005,"ALTIMETER,SERVO CONTROLLED,AUTOMATIC PRESSURE",BANT,OS concluída,,,
2026-10-07,3040253532,799-1,TRANSDUCER,PAMALS,REC,,BANT,489.0
2026-10-07,3040253535,2643099-4,"SUPPORT ASSY FOWARD, NLG SPRING",BABE,REC,CONDENADO,VEE ONE,489.0
2026-10-07,3040253531,799-1,TRANSDUCER,BAMN,REC,,VEE ONE,489.0
2026-10-07,3040253530,799-1,TRANSDUCER,BAMN,REC,,BANT,489.0
2026-10-07,3040253526,30994-001,BATTERY-MARATHON TSP410 NICAD,PAMALS,OS concluída,,PAMA-LS,
2026-10-07,3040253527,30994-001,BATTERY-MARATHON TSP410 NICAD,BAPV,OS concluída,,PAMA-LS,
2026-10-07,3040254195,540-1407-4,"VALVE,BLEED,TURBINEENGINE",PAMALS,REC,,BANT,471.0
2026-10-07,3040254201,2643090-3,SHIMMY DAMPER-NOSE GEAR,PAMALS,OS concluída,,PAMA-LS,
2026-10-07,3040254203,SE1070-6,SHIMMY DAMPENER ASSY,BACGINAT,OS concluída,,,
2026-10-07,3040254205,C660501-0103,"COMPASS,SPEC",PAMALS,OS concluída,,PAMA-LS,
2026-10-07,3040254206,C660501-0103,"COMPASS,SPEC",ALA 8,REC,EM REPARO EM GARANTIA,WILLIAM,471.0
2026-10-07,3040254208,C660501-0103,"COMPASS,SPEC",BABV,OS concluída,,PAMA-LS,
2026-10-07,3040254210,799-1,TRANSDUCER,BANT,REC,,BANT,471.0
2026-10-07,3040254792,2606013-1RX,INDICATOR-PERCENT RPM,BABR,REC,,BANT,462.0
2026-10-07,3040254770,069-1025-25,"RECEIVER-TRANSMITTER,RADIO - KX165",ALA 9,REC,EM REPARO,WILLIAM,462.0
2026-10-07,3040254799,453-5000-710,EMERGENCY LOCATOR TRANSMITTER MODEL C406-2,PAMASP,OS concluída,,,
2026-10-07,3040254806,C352TS,"EXTINGUISHER,FIRE",PAMALS,OS concluída,,PAMA-LS,
2026-10-07,3040254805,C352TS,"EXTINGUISHER,FIRE",PAMALS,OS concluída,,,
2026-10-07,3040254810,C352TS,"EXTINGUISHER,FIRE",PAMALS,OS concluída,,,
2026-10-07,3040254809,C352TS,"EXTINGUISHER,FIRE",PAMAGL,OS concluída,,,
2026-10-07,3040254803,C352TS,"EXTINGUISHER,FIRE",2 ETA,OS concluída,,PAMA-LS,
2026-10-07,3040254808,C352TS,"EXTINGUISHER,FIRE",BABR,OS concluída,,PAMA-LS,
2026-10-07,3040254795,D145-00-46-2,FLAP ACTUATOR ASSY,BABE,REC,,PAMA-LS,462.0
2026-10-07,3040254793,D145-00-46-2,FLAP ACTUATOR ASSY,PAMALS,REC,,PAMA-LS,462.0
2026-10-07,3040254815,C482001-0402,VACUUM REGULAT,PAMALS,REC,CONDENADO,VEE ONE,462.0
2026-10-07,3040254816,C482001-0402,VACUUM REGULAT,PAMALS,REC,CONDENADO,VEE ONE,462.0
2026-10-07,3040254820,2641011-5,AXLE-MAIN GEAR,BAMN,OS concluída,,,
2026-10-07,3040254817,2641011-5,AXLE-MAIN GEAR,BABE,OS concluída,,,
2026-10-07,3040254818,2641011-5,AXLE-MAIN GEAR,BABE,OS concluída,,,
2026-10-07,3040254819,2641011-5,AXLE-MAIN GEAR,BANT,OS concluída,,,
2026-10-07,3040254796,30994-001,BATTERY-MARATHON TSP410 NICAD,BAMN,OS concluída,,,
2026-10-07,3040254789,452-0133,"BATTERY,NONRECHARGEABLE",BAMN,REC,CONDENADO,VEE ONE,462.0
2026-10-07,3040254788,452-0133,"BATTERY,NONRECHARGEABLE",BAMN,REC,CONDENADO,VEE ONE,462.0
2026-10-07,3040254787,452-0133,"BATTERY PACK,AIRCRAFT",DACTA II,REC,CONDENADO,VEE ONE,462.0
2026-10-07,3040254786,452-0133,"BATTERY PACK,AIRCRAFT",BAMN,REC,CONDENADO,VEE ONE,462.0
2026-10-07,3040254785,452-0133,"BATTERY,NONRECHARGEABLE",BAMN,REC,CONDENADO,VEE ONE,462.0
2026-10-07,3040254784,452-0133,"BATTERY,NONRECHARGEABLE",DACTA II,REC,CONDENADO,VEE ONE,462.0
2026-10-07,3040255326,011-00916-00,DISPLAY UNIT GDU 1040A,BAMN,REC,,BAMN,453.0
2026-10-07,3040255319,702801-5,FUEL PUMP,PAMASP,REC,EM REPARO,VEE ONE,453.0
2026-10-07,3040255321,8210-002,"GOVERNOR,CONSTANT SPEED DRIVE",PAMALS,OS concluída,,,
2026-10-07,3040255461,DAAS-A-010-1,ADAS-D PROCESSOR,PAMALS,REC,EM REPARO,VEE ONE,449.0
2026-10-07,3040255589,071-01519-0101,"RECEIVER-EXCITER,RADAR",BANT,REC,,PROCURANDO,447.0
2026-10-07,3040255590,071-01519-0101,"RECEIVER-EXCITER,RADAR",PAMALS,OS concluída,,,
2026-10-07,3040255706,C661064-0237,AIRSPEED INDICATOR,BAMN,OS concluída,,,
2026-10-07,3040256114,5934PAD-3,"ALTIMETER,PRESSURE",PAMALS,REC,EM REPARO,VEE ONE,433.0
2026-10-07,3040256119,011-00878-10,GSA-81 TORQUE SERVO,BAPV,REC,EM REPARO,LEAP,433.0
2026-10-07,3040256112,011-00883-20,RADAR GWX 68 WEATHER,BABE,REC,,BAMN,433.0
2026-10-07,3040256115,5934PAD-3,"ALTIMETER,PRESSURE",PAMALS,OS concluída,,,
2026-10-07,3040256118,011-00878-10,GSA-81 TORQUE SERVO,BAPV,REC,,BACO,433.0
2026-10-07,3040256120,011-00916-10,"DISPLAY UNIT,FLIGHT INFORMATION",BAMN,OS concluída,,,
2026-10-07,3040256314,066-4010-12,RECEIVER VOR/LOC (KNS81),EEAR,REC,EM REPARO,LEAP,420.0
2026-10-07,3040256311,3121248-03,"VALVE ASSEMBLY,COMPRESSOR BLEED",PAMALS,OS concluída,,,
2026-10-07,3040256704,C661064-0237,AIRSPEED INDICATOR,PAMALS,OS concluída,,,
2026-10-07,3040256707,D210507,"GOVERNOR,OVERSPEED",PAMALS,OS concluída,,,
2026-10-07,3040256708,D210507,"GOVERNOR,OVERSPEED",PAMALS,REC,REPARADO,VEE ONE,411.0
2026-10-07,3040256702,C661064-0237,AIRSPEED INDICATOR,BABR,OS concluída,,,
2026-10-07,3040256703,C661064-0237,AIRSPEED INDICATOR,PAMALS,OS concluída,,,
2026-10-07,3040256662,030-18200,MAIN WHEEL BRAKE,BASM,OS concluída,,,
2026-10-07,3040256665,161-11700,INNER WHEEL HALF ASSY,BABV,OS concluída,,,
2026-10-07,3040256666,161-11700,INNER WHEEL HALF ASSY,PAMALS,OS concluída,,,
2026-10-07,3040256667,161-11700,INNER WHEEL HALF ASSY,PAMALS,OS concluída,,,
2026-10-07,3040256668,161-11700,INNER WHEEL HALF ASSY,PAMALS,OS concluída,,,
2026-10-07,3040256669,161-11700,INNER WHEEL HALF ASSY,PAMALS,OS concluída,,,
2026-10-07,3040256670,161-11700,INNER WHEEL HALF ASSY,PAMALS,OS concluída,,,
2026-10-07,3040256671,161-11700,INNER WHEEL HALF ASSY,PAMALS,OS concluída,,PAMA-LS,
2026-10-07,3040256698,030-18200,MAIN WHEEL BRAKE,PAMASP,OS concluída,,BABE,
2026-10-07,3040256713,030-18200,MAIN WHEEL BRAKE,ALA 3,REC,,BAMN,411.0
2026-10-07,3040256694,162-11800,WHEEL HALF ASSY-OUTER,BANT,OS concluída,,,
2026-10-07,3040256696,162-11800,WHEEL HALF ASSY-OUTER,PAMALS,OS concluída,,PAMA-LS,
2026-10-07,3040256672,161-12800,WHEEL HALF ASSY-INNER,PAMALS,OS concluída,,PAMA-LS,
2026-10-07,3040256675,161-12800,WHEEL HALF ASSY-INNER,BANT,OS concluída,,,
2026-10-07,3040256792,011-00877-00,"GSA-80 SERVO ROL,YAW,SPEC",BAMN,REC,,PROCURANDO,411.0
2026-10-07,3040256787,011-00877-00,"GSA-80 SERVO ROL,YAW,SPEC",PAMALS,REC,EM REPARO,VEE ONE,411.0
2026-10-07,3040256828,011-00883-20,RADAR GWX 68 WEATHER,PAMALS,REC,,PAMA-LS,411.0
2026-10-07,3040256709,3121248-03,"VALVE ASSEMBLY,COMPRESSOR BLEED",PAMASP,REC,,BANT,408.0
2026-10-07,3040256673,161-12800,WHEEL HALF ASSY-INNER,PAMALS,REC,CONDENADO,VEE ONE,408.0
2026-10-07,3040257095,011-01105-01,INTEGRATED AVIONICS UNIT GIA63W,BABE,REC,EM REPARO,VEE ONE,404.0
2026-10-07,3040257096,011-01105-01,INTEGRATED AVIONICS UNIT GIA63W,BABE,REC,,BAMN,404.0
2026-10-07,3040257093,065-00183-0501,AUTOPILOT COMPUTER KFC225,BABE,OS concluída,,BANT,
2026-10-07,3040257094,065-00183-0501,AUTOPILOT COMPUTER KFC225,BABE,OS concluída,,BANT,
2026-10-07,3040257443,161-12800,WHEEL HALF ASSY-INNER,ALA 3,REC,,,392.0
2026-10-07,3040257442,C163030-1001,MAIN W BRAKE A,BAMN,OS concluída,,BAMN,
2026-10-07,3040257452,3244809-8,"FUEL CONTROL,MAIN,TURBINE ENGINE",BAPV,OS concluída,,,
2026-10-07,3040257454,EA-5172-45-CES,"INDICATOR,AIRSPEED",BACG,OS concluída,,,
2026-10-07,3040257453,EA-5172-45-CES,"INDICATOR,AIRSPEED",ALA 7,OS concluída,DEVOLVIDO NO ESTADO,WILLIAM,
2026-10-07,3040257451,3244809-7,"FUEL CONTROL,MAIN,TURBINE ENGINE",PAMASP,REC,,BANT,385.0
2026-10-07,3040257450,3244809-4,"FUEL CONTROL,MAIN,TURBINE ENGINE",PAMASP,OS concluída,EM REPARO,LEAP,
2026-10-07,3040257438,030-18200,MAIN WHEEL BRAKE,BAMN,OS concluída,REPARADO,VEE ONE,
2026-10-07,3040257444,162-10700,OUTER WHEEL HALF ASSY,PAMALS,OS concluída,,,
2026-10-07,3040257447,162-10700,OUTER WHEEL HALF ASSY,PAMALS,OS concluída,,,
2026-10-07,3040257436,30994-001,BATTERY-MARATHON TSP410 NICAD,PAMALS,OS concluída,,PAMA-LS,
2026-10-07,3040257441,030-18200,MAIN WHEEL BRAKE,BAPV,REC,,BAMN,385.0
2026-10-07,3040257440,030-18200,MAIN WHEEL BRAKE,BANT,REC,CONDENADO,VEE ONE,385.0
2026-10-07,3040257439,030-18200,MAIN WHEEL BRAKE,BAMN,REC,,BAMN,385.0
2026-10-07,3040258306,D210507,"GOVERNOR,OVERSPEED",PAMALS,REC,EM REPARO,LEAP,365.0
2026-10-07,3040258310,D210507,"GOVERNOR,OVERSPEED",BACO,OS concluída,,,
2026-10-07,3040258309,D210507,"GOVERNOR,OVERSPEED",BAMN,REC,EM REPARO,LEAP,365.0
2026-10-07,3040258308,D210507,"GOVERNOR,OVERSPEED",BAMN,OS concluída,,,
2026-10-07,3040258307,D210507,"GOVERNOR,OVERSPEED",ALA 5,OS concluída,,,
2026-10-07,3040258303,011-00877-00,"GSA-80 SERVO ROL,YAW,SPEC",DACTA II,REC,EM REPARO,VEE ONE,365.0
2026-10-07,3040258422,2601188-8,COMPRESSOR DRIVE ASSY R134A,PAMASP,REC,,PROCURANDO,363.0
2026-10-07,3040258419,011-00877-00,"GSA-80 SERVO ROL,YAW,SPEC",DACTA II,REC,EM REPARO,VEE ONE,363.0
2026-10-07,3040258420,011-00877-00,"GSA-80 SERVO ROL,YAW,SPEC",BACO,REC,EM REPARO,VEE ONE,363.0
2026-10-07,3040258421,011-00877-00,"GSA-80 SERVO ROL,YAW,SPEC",BABE,REC,,BACO,363.0
2026-10-07,3040258764,069-01034-0102,"NAVIGATION SET,SATELLITE SIGNALS KLN-94",PAMALS,REC,,BANT,356.0
2026-10-07,3040259152,066-01141-5101,"TRANSPONDER,RADAR",BABE,REC,,BANT,337.0
2026-10-07,3040259151,066-01141-5101,"TRANSPONDER,RADAR",BANT,REC,,BANT,337.0
2026-10-07,3040259251,064-1019-05,VHF TRANSCEIVE KY196,EEAR,REC,,EEAR,335.0
2026-10-07,3040259146,1U149-015-15,HORIZ. GYRO-STADBY,PAMALS,REC,EM REPARO,VEE ONE,334.0
2026-10-07,3040259147,162-10700,OUTER WHEEL HALF ASSY,BANT,REC,EM REPARO,AMA - VEE ONE,334.0
2026-10-07,3040259148,3049038-03,"VALVE,COMPRESSOR BLEED",BANT,OS concluída,,,
2026-10-07,3040259316,2606015-4,INDICATOR-OIL TEMP/OIL PRESS,BACG,OS concluída,,PAMA-LS,
2026-10-07,3040259564,C414007-0102,BLOWER ASSY,PAMALS,OS concluída,,,
2026-10-07,3040259568,C414007-0102,BLOWER ASSY,ALA 10,OS concluída,,,
2026-10-07,3040259570,C414007-0102,BLOWER ASSY,ALA 10,OS concluída,,,
2026-10-07,3040259694,025323-150,FUEL PUMP,PAMASP,REC,,BACO,323.0
2026-10-07,3040259922,C414007-0102,BLOWER ASSY,BANT,OS concluída,,PAMA-LS,
2026-10-07,3040259928,C414007-0102,BLOWER ASSY,PAMALS,REC,EM REPARO,VEE ONE,316.0
2026-10-07,3040259924,C414007-0102,BLOWER ASSY,BACG,REC,EM REPARO,VEE ONE,316.0
2026-10-07,3040259918,C414007-0102,BLOWER ASSY,ALA 10,OS concluída,,VEE ONE,
2026-10-07,3040259950,065-0060-01,"CONTROL,SERVO,AUTOMATIC PILOT",PAMALS,REC,EM REPARO,LEAP,316.0
2026-10-07,3040259949,065-0060-01,"CONTROL,SERVO,AUTOMATIC PILOT",PAMALS,REC,EM REPARO,LEAP,316.0
2026-10-07,3040259947,066-3046-07,"CONTROL,INDICATOR",EEAR,OS concluída,,,
2026-10-07,3040259946,066-3046-07,"CONTROL,INDICATOR",BANT,REC,,BANT,316.0
2026-10-07,3040259944,066-3046-07,"CONTROL,INDICATOR",EEAR,REC,,PAMA-LS,316.0
2026-10-07,3040260209,011-00916-00,DISPLAY UNIT GDU 1040A,PAMALS,REC,,BAMN,302.0
2026-10-07,3040260208,324843-W020,HEADSET-MICROPHONE,PAMALS,REC,VAI SER DEVOLVIDO SEM REPARO,WILLIAM,302.0
2026-10-07,3040260204,324843-W020,HEADSET-MICROPHONE,PAMALS,OS concluída,,,
2026-10-07,3040260205,324843-W020,HEADSET-MICROPHONE,PAMALS,OS concluída,,,
2026-10-07,3040260388,SD5H14C4527,AIR COMPRESSOR,PAMALS,REC,EM REPARO,VEE ONE,295.0
2026-10-07,3040260382,065-00183-0501,AUTOPILOT COMPUTER KFC225,BANT,REC,,BANT,295.0
2026-10-07,3040260389,SD5H14C4527,AIR COMPRESSOR,PAMALS,REC,EM REPARO,VEE ONE,295.0
2026-10-07,3040260517,ASG12000-2,ALTERNATOR,PAMALS,OS concluída,,,
2026-10-07,3040260524,51539-012M,CONTROL UNIT ASSY-GENERATOR,BANT,REC,,BACG,292.0
2026-10-07,3040260516,ASG12000-2,ALTERNATOR,PAMALS,REC,,V1 PAMA-LS,292.0
2026-10-07,3040260523,9910592-2,ALTERNADOR,BAMN,OS concluída,,babr,
2026-10-07,3040260522,9910592-2,ALTERNADOR,BAMN,REC,,dacta II,292.0
2026-10-07,3040260547,161-12800,WHEEL HALF ASSY-INNER,EPCAR,OS concluída,,BABE,
2026-10-07,3040260545,161-11700,INNER WHEEL HALF ASSY,BACG,OS concluída,,,
2026-10-07,3040260544,161-11700,INNER WHEEL HALF ASSY,BANT,OS concluída,,,
2026-10-07,3040260546,161-12800,WHEEL HALF ASSY-INNER,PAMALS,OS concluída,,,
2026-10-07,3040260548,161-11700,INNER WHEEL HALF ASSY,CLA,OS concluída,,,
2026-10-07,3040260549,162-10700,OUTER WHEEL HALF ASSY,BACG,OS concluída,,,
2026-10-07,3040260550,162-10700,OUTER WHEEL HALF ASSY,CLA,OS concluída,,,
2026-10-07,3040260551,162-11800,WHEEL HALF ASSY-OUTER,BANT,OS concluída,,,
2026-10-07,3040260552,30994-001,BATTERY-MARATHON TSP410 NICAD,BABE,OS concluída,,PAMA-LS,
2026-10-07,3040260543,324843-W020,HEADSET-MICROPHONE,PAMALS,REC,,PAMA-LS,274.0
2026-10-07,3040260542,324843-W020,HEADSET-MICROPHONE,PAMALS,REC,,BABE,274.0
2026-10-07,3040260541,324843-W020,HEADSET-MICROPHONE,PAMALS,OS concluída,,,
2026-10-07,3040260540,324843-W020,HEADSET-MICROPHONE,PAMALS,OS concluída,,,
2026-10-07,3040260538,324843-W020,HEADSET-MICROPHONE,PAMALS,REC,,BABE,274.0
2026-10-07,3040260539,324843-W020,HEADSET-MICROPHONE,PAMALS,REC,,BABE,274.0
2026-10-07,3040260595,9910586-4,FLAP ACTUATOR AND MOTOR ASSEMBLY,7 ETA,REC,,BAMN,274.0
2026-10-07,3040260597,9910586-4,FLAP ACTUATOR AND MOTOR ASSEMBLY,BAPV,OS concluída,,BABR,
2026-10-07,3040260583,3244897-4,FUEL CONTROL UNIT,PAMALS,OS concluída,,,
2026-10-07,3040260750,3122678-04,FUEL CONTROL UNIT,PAMASP,REC,,BANT,266.0
2026-10-07,3040260752,3244897-4,FUEL CONTROL UNIT,PAMASP,OS concluída,,,
2026-10-07,3040260753,3244809-7,"FUEL CONTROL,MAIN,TURBINE ENGINE",PAMASP,OS concluída,,,
2026-10-07,3040260754,3244809-1,"FUEL CONTROL,MAIN,TURBINE ENGINE",PAMASP,REC,EM QUARENTENA,LEAP,266.0
2026-10-07,3040254794,C145-350,"MOTOR,DIRECT CURRENT",PAMALS,OS concluída,,,
2026-10-07,3040260913,064-1054-30,RECEIVER-TRANSMITTER SUBASSEMBLY,EPCAR,REC,,V1 PAMA-LS,254.0
2026-10-07,3040260915,064-1054-30,RECEIVER-TRANSMITTER SUBASSEMBLY,PAMALS,REC,,BABR,254.0
2026-10-07,3040260811,3034792,BOMBA DE COMBUSTÍVEL,BAPV,OS concluída,,BABR,
2026-10-07,3040260812,3034792,BOMBA DE COMBUSTÍVEL,BACG,OS concluída,,,
2026-10-07,3040260922,162-11800,WHEEL HALF ASSY-OUTER,PAMALS,OS concluída,,,
2026-10-07,3040260923,030-18200,MAIN WHEEL BRAKE,BACO,REC,REPARADO,VEE ONE,252.0
2026-10-07,3040261389,3034792,BOMBA DE COMBUSTÍVEL,PAMASP,OS concluída,REPARADO,V1 PAMA-LS,
2026-10-07,3040261388,3034792,BOMBA DE COMBUSTÍVEL,BABR,OS concluída,,,
2026-10-07,3040261387,3034792,BOMBA DE COMBUSTÍVEL,BABR,OS concluída,,,
2026-10-07,3040261371,TFF2905-13,FUEL FLOW TRANSDUCER,ALA 8,REC,,PAMA-LS,239.0
2026-10-07,3040261375,C661065-0240RX,"INDICATOR, AIRSPEED",BACG,REC,EM REPARO,WILLIAM,239.0
2026-10-07,3040261373,C661065-0240,AIRSPEED INDICATOR,BABE,OS concluída,,PAMA-LS,
2026-10-07,3040261322,011-00831-00,"ENGINE INTERFA,SPEC",BAPV,REC,,VEE ONE,239.0
2026-10-07,3040261326,011-00882-10,"COMPUTER,AIR DATA",BAMN,OS concluída,,,
2026-10-07,3040261324,011-00882-10,"COMPUTER,AIR DATA",BAMN,OS concluída,,,
2026-10-07,3040261327,064-1054-30,RECEIVER-TRANSMITTER SUBASSEMBLY,PAMASP,OS concluída,,PAMA-LS,
2026-10-07,3040261336,066-01141-0101,"RECEIVER,RADIO",BANT,OS concluída,,PAMA-LS,
2026-10-07,3040261334,065-0065-01,SELECTOR ALT,BANT,REC,,PAMA-LS,239.0
2026-10-07,3040261331,065-0061-36,ACTUATOR TRIM (KS272A),PAMASP,OS concluída,,BABR,
2026-10-07,3040261329,065-0061-36,ACTUATOR TRIM (KS272A),ALA 10,OS concluída,,,
2026-10-07,3040261335,065-0065-01,SELECTOR ALT,BANT,OS concluída,,PAMA-LS,
2026-10-07,3040261342,066-3084-02,COLOR RADAR INDICATOR,BABV,REC,,PAMA-LS,239.0
2026-10-07,3040261340,066-1053-00,"RECEIVER,RADIO",BASM,OS concluída,,PAMA-LS,
2026-10-07,3040261377,066-3054-01,INDICATOR RADAR ALTIMETER - TYPE KI250,PAMALS,REC,EM REPARO,WILLIAM,239.0
2026-10-07,3040261376,066-1061-03,RT RADAR ALTIM (KRA10A),PAMALS,REC,PARA REPARO,VEE ONE,239.0
2026-10-07,3040261352,1134380-4,EVAPORATOR MODULE ASSY-RH,BAMN,REC,CONDENADO,VEE ONE,239.0
2026-10-07,3040261347,071-1234-00,ANTENNA ACCESSORY,ALA 1,REC,EM REPARO,WILLIAM,239.0
2026-10-07,3040261344,066-4010-12,RECEIVER VOR/LOC (KNS81),ALA 10,REC,EM REPARO,WILLIAM,239.0
2026-10-07,3040261353,1H75-21,PRESSURE REGULATOR,BAMN,OS concluída,,BAMN,
2026-10-07,3040261357,2682001-1,BRAKE CYL MAST,BABE,OS concluída,,,
2026-10-07,3040261356,2670104-2,ANNUNCIATOR PANEL,PAMALS,OS concluída,,,
2026-10-07,3040261355,2643100-201,NOSE GEAR STRUT ASSY - TALL FORK,BABR,OS concluída,,,
2026-10-07,3040261354,2643100-201,NOSE GEAR STRUT ASSY - TALL FORK,BANT,REC,EM REPARO,AV AERONAUTICA,239.0
2026-10-07,3040261364,8210-002-01,GOVERNOR PROPELLER,PAMASP,REC,REPARADO,VEE ONE,239.0
2026-10-07,3040261627,S3828-1,ALTIMETER,BAMN,REC,,PAMA-LS,225.0
2026-10-07,3040261628,S3828-1,ALTIMETER,BABE,REC,REPARADO,V1 PAMA-LS,225.0
2026-10-07,3040261851,51539-012MRX,CONTROL UNIT ASSY-GENERATOR,BABE,REC,EM REPARO,VEE ONE,217.0
2026-10-07,3040261852,51539-012MRX,CONTROL UNIT ASSY-GENERATOR,BABE,REC,EM REPARO,VEE ONE,217.0
2026-10-07,3040261843,3034792,BOMBA DE COMBUSTÍVEL,PAMALS,REC,EM REPARO,VEE ONE,212.0
2026-10-07,3040262245,200SGL119Q-2,STARTER GENERATOR,BAMN,OS concluída,,,
2026-10-07,3040262246,200SGL119Q-2,STARTER GENERATOR,BAMN,OS concluída,,,
2026-10-07,3040262273,324843-W020,HEADSET-MICROPHONE,BABE,OS concluída,,,
2026-10-07,3040262275,324843-W020,HEADSET-MICROPHONE,BANT,OS concluída,,,
2026-10-07,3040262363,066-1055-00,AUDIO CONTROL PANEL,ALA 5,OS concluída,,,
2026-10-07,3040262367,066-1055-00,AUDIO CONTROL PANEL,ALA 9,OS concluída,,WILLIAM,
2026-10-07,3040262368,066-1055-00,AUDIO CONTROL PANEL,CLA,OS concluída,,,
2026-10-07,3040262372,51539-012M,CONTROL UNIT ASSY-GENERATOR,BANT,OS concluída,,PAMA-LS,
2026-10-07,3040262371,51539-012N,CONTROL UNIT ASSY-GENERATOR,BANT,REC,,PAMA-LS,195.0
2026-10-07,3040262419,065-0061-36,ACTUATOR TRIM (KS272A),ALA 9,REC,EM REPARO,WILLIAM,190.0
2026-10-07,3040262734,C352,PORTABLE HALON FIRE EXTINGUISHERS,ALA 5,REC,EM REPARO,AV AERONAUTICA,177.0
2026-10-07,3040262738,C352TS,"EXTINGUISHER,FIRE",BANT,REC,,AV AERONÁUTICA,177.0
2026-10-07,3040262739,C352TS,"EXTINGUISHER,FIRE",BANT,OS concluída,,AV AERONÁUTICA,
2026-10-07,3040262740,C352TS,"EXTINGUISHER,FIRE",PAMALS,OS concluída,,AV AERONÁUTICA,
2026-10-07,3040262766,011-00883-20,RADAR GWX 68 WEATHER,BAMN,OS concluída,,V1 PAMA-LS,
2026-10-07,3040262765,011-00883-20,RADAR GWX 68 WEATHER,BAMN,REC,,V1 PAMA-LS,177.0
2026-10-07,3040262772,011-01020-10,AFCS MODE CONTROLLER GMC 710,BAMN,OS concluída,,PAMA-LS,
2026-10-07,3040262770,011-01020-10,AFCS MODE CONTROLLER GMC 710,BAMN,OS concluída,,PAMA-LS,
2026-10-07,3040262773,011-01020-10,AFCS MODE CONTROLLER GMC 710,BAMN,OS concluída,,PAMA-LS,
2026-10-07,3040262746,066-1070-01,TRANSCEIVER DME (KN63),BABE,REC,EM REPARO,WILLIAM,177.0
2026-10-07,3040262745,064-1019-05,VHF TRANSCEIVE KY196,EEAR,REC,EM REPARO,VEE ONE,177.0
2026-10-07,3040262747,066-1072-00,RECEIVER ADF (KING KR87),ALA 7,REC,EM REPARO,WILLIAM,177.0
2026-10-07,3040262748,066-3046-07,"CONTROL,INDICATOR",BABR,REC,,BANT,177.0
2026-10-07,3040262769,066-3046-07,"CONTROL,INDICATOR",BABR,REC,,BANT,177.0
2026-10-07,3040262768,066-3046-07,"CONTROL,INDICATOR",EEAR,OS concluída,,BABR,
2026-10-07,3040262767,066-3046-07,"CONTROL,INDICATOR",EEAR,REC,EM REPARO,LEAP,177.0
2026-10-07,3040262791,066-3060-00,IND RMI KNI582,BANT,OS concluída,,,
2026-10-07,3040262630,161-11700,INNER WHEEL HALF ASSY,BANT,OS concluída,,PAMA-LS,
2026-10-07,3040262792,066-3060-00,IND RMI KNI582,BANT,REC,EM REPARO,LEAP,177.0
2026-10-07,3040262634,162-10700,OUTER WHEEL HALF ASSY,BANT,OS concluída,,PAMA-LS,
2026-10-07,3040262632,161-12800,WHEEL HALF ASSY-INNER,BANT,OS concluída,REPARADO,VEE ONE,
2026-10-07,3040262633,161-12800,WHEEL HALF ASSY-INNER,BANT,OS concluída,,,
2026-10-07,3040262635,162-11800,WHEEL HALF ASSY-OUTER,EPCAR,OS concluída,,,
2026-10-07,3040262637,162-11800,WHEEL HALF ASSY-OUTER,BANT,OS concluída,REPARADO,VEE ONE,
2026-10-07,3040262636,162-11800,WHEEL HALF ASSY-OUTER,BANT,OS concluída,REPARADO,VEE ONE,
2026-10-07,3040262646,200SGL119Q,STARTER GENERATOR,PAMASP,OS concluída,,,
2026-10-07,3040262639,200SGL119Q,STARTER GENERATOR,PAMASP,OS concluída,,PAMA-LS,
2026-10-07,3040262638,200SGL119Q,STARTER GENERATOR,PAMALS,REC,EM REPARO,AV AERONAUTICA,177.0
2026-10-07,3040262757,2606015-2,IND OIL TEMP/P,PAMALS,REC,EM REPARO,VEE ONE,177.0
2026-10-07,3040262706,2641011-5,AXLE-MAIN GEAR,BAMN,REC,,BANT,177.0
2026-10-07,3040262707,2641011-5,AXLE-MAIN GEAR,BABV,OS concluída,REPARADO,VEE ONE,
2026-10-07,3040262717,2641011-5,AXLE-MAIN GEAR,BANT,OS concluída,REPARADO,VEE ONE,
2026-10-07,3040262714,2641011-5,AXLE-MAIN GEAR,BAPV,REC,,BANT,177.0
2026-10-07,3040262713,2641011-5,AXLE-MAIN GEAR,BAPV,OS concluída,,,
2026-10-07,3040262712,2641011-5,AXLE-MAIN GEAR,BABR,REC,,BANT,177.0
2026-10-07,3040262711,2641011-5,AXLE-MAIN GEAR,BABR,REC,,BANT,177.0
2026-10-07,3040262709,2641011-5,AXLE-MAIN GEAR,PAMALS,REC,,BANT,177.0
2026-10-07,3040262708,2641011-5,AXLE-MAIN GEAR,PAMALS,REC,,BANT,177.0
2026-10-07,3040262744,3244809-1A,F.C.U,PAMALS,REC,EM REPARO,LEAP,177.0
2026-10-07,3040262758,9910338-4,FUEL TOTALIZER INDICATOR,PAMALS,REC,EM REPARO,VEE ONE,177.0
2026-10-07,3040262759,9910338-6,"TRANSMITTER,RATE OF FLOW",BAMN,REC,,PAMA-LS,177.0
2026-10-07,3040262760,9910338-6,"TRANSMITTER,RATE OF FLOW",BANT,REC,EM REPARO,VEE ONE,177.0
2026-10-07,3040262966,2682001-1,BRAKE CYL MAST,BACO,OS concluída,,PAMA-LS,
2026-10-07,3040262967,2682001-1,BRAKE CYL MAST,PAMALS,OS concluída,,PAMA-LS,
2026-10-07,3040262968,2682001-1,BRAKE CYL MAST,BANT,OS concluída,,PAMA-LS,
2026-10-07,3040262969,2682001-1,BRAKE CYL MAST,BABE,OS concluída,,PAMA-LS,
2026-10-07,3040263069,453-5060,ELT C406-N,BABE,OS concluída,,,
2026-10-07,3040263283,D145-00-46-2,FLAP ACTUATOR ASSY,PAMALS,REC,,,160.0
2026-10-07,3040263284,D145-00-46-2,FLAP ACTUATOR ASSY,BAFL,REC,,,160.0
2026-10-07,3040263324,069-01033-0101,"RECEIVER-TRANSMITTER,RADIO",PAMALS,REC,EM REPARO,LEAP,160.0
2026-10-07,3040263287,C661065-0237,AIRSPEED INDICATOR,BABR,OS concluída,,,
2026-10-07,3040263288,C661065-0237,AIRSPEED INDICATOR,PAMASP,OS concluída,,,
2026-10-07,3040263314,060-0017-00,FLIGHT DIR HOR,EEAR,REC,EM REPARO,LEAP,160.0
2026-10-07,3040263319,066-1055-00,AUDIO CONTROL PANEL,BABE,OS concluída,,,
2026-10-07,3040263317,060-0017-00,FLIGHT DIR HOR,PAMASP,OS concluída,,BANT,
2026-10-07,3040263316,060-0017-00,FLIGHT DIR HOR,BANT,REC,,BANT,160.0
2026-10-07,3040263320,066-1055-00,AUDIO CONTROL PANEL,PAMALS,REC,EM REPARO,AV AERONAUTICA,160.0
2026-10-07,3040263325,069-01033-0101,"RECEIVER-TRANSMITTER,RADIO",PAMALS,REC,,,160.0
2026-10-07,3040263335,C611008-0101,ALTERNATOR CONTROL UNIT,PAMALS,REC,,BANT,160.0
2026-10-07,3040263336,C611008-0101,ALTERNATOR CONTROL UNIT,PAMALS,REC,,BANT,160.0
2026-10-07,3040263286,C661065-0237,AIRSPEED INDICATOR,BANT,REC,,PAMA-LS,160.0
2026-10-07,3040263322,066-1055-00,AUDIO CONTROL PANEL,ALA 9,REC,EM REPARO,WILLIAM,160.0
2026-10-07,3040263326,069-01033-0101,"RECEIVER-TRANSMITTER,RADIO",PAMALS,REC,,BANT,160.0
2026-10-07,3040263315,060-0017-00,FLIGHT DIR HOR,BACG,OS concluída,,BABR,
2026-10-07,3040263334,011-00916-10,"DISPLAY UNIT,FLIGHT INFORMATION",BACO,REC,,WILLIAM,160.0
2026-10-07,3040263333,011-00916-10,"DISPLAY UNIT,FLIGHT INFORMATION",BACO,OS concluída,,BAMN,
2026-10-07,3040263332,011-00916-10,"DISPLAY UNIT,FLIGHT INFORMATION",BAMN,OS concluída,,,
2026-10-07,3040263331,C661064-0237,AIRSPEED INDICATOR,PAMALS,REC,,PAMA-LS,160.0
2026-10-07,3040263329,C661064-0237,AIRSPEED INDICATOR,PAMALS,REC,,PAMA-LS,160.0
2026-10-07,3040263328,C661064-0237,AIRSPEED INDICATOR,BABR,REC,EM REPARO,WILLIAM,160.0
2026-10-07,3040263327,C661064-0237,AIRSPEED INDICATOR,BABR,REC,EM REPARO,WILLIAM,160.0
2026-10-07,3040263330,C661064-0237,AIRSPEED INDICATOR,PAMALS,REC,,PAMA-LS,160.0
2026-10-07,3040263338,C611008-0101,ALTERNATOR CONTROL UNIT,PAMALS,REC,,V1 PAMA-LS,160.0
2026-10-07,3040263433,066-03064-0005,"ALTIMETER,SERVO CONTROLLED,AUTOMATIC PRESSURE",BACG,OS concluída,,PAMA-LS,
2026-10-07,3040263435,066-03064-0005,"ALTIMETER,SERVO CONTROLLED,AUTOMATIC PRESSURE",BANT,OS concluída,,PAMA-LS,
2026-10-07,3040263434,066-03064-0005,"ALTIMETER,SERVO CONTROLLED,AUTOMATIC PRESSURE",PAMASP,REC,,PAMA-LS,154.0
2026-10-07,3040263417,069-01033-0101,"RECEIVER-TRANSMITTER,RADIO",PAMALS,REC,EM REPARO,WILLIAM,154.0
2026-10-07,3040263416,069-01033-0101,"RECEIVER-TRANSMITTER,RADIO",BASM,REC,EM REPARO,WILLIAM,154.0
2026-10-07,3040263415,069-01033-0101,"RECEIVER-TRANSMITTER,RADIO",BABR,REC,,BANT,154.0
2026-10-07,3040263447,066-3046-07,"CONTROL,INDICATOR",CLA,OS concluída,,BABR,
2026-10-07,3040263443,3244897-4,FUEL CONTROL UNIT,PAMALS,REC,EM REPARO,LEAP,153.0
2026-10-07,3040263444,3244897-4,FUEL CONTROL UNIT,PAMALS,REC,EM REPARO,LEAP,153.0
2026-10-07,3040263577,060-0015-00,"CONTROL,DIRECTIONAL,AUTOMATIC PILOT",ALA 5,REC,,WILLIAM,148.0
2026-10-07,3040263574,066-1072-04,"RECEIVER,RADIO",BABE,REC,EM REPARO,WILLIAM,148.0
2026-10-07,3040263576,066-1072-04,"RECEIVER,RADIO",BAMN,OS concluída,,WILLIAM,
2026-10-07,3040263575,066-1072-04,"RECEIVER,RADIO",BABE,REC,EM REPARO,WILLIAM,148.0
2026-10-07,3040263573,066-3084-32,IND RDR 2000 IN-182A,PAMALS,REC,,BABR,148.0
2026-10-07,3040263571,066-3084-32,IND RDR 2000 IN-182A,PAMALS,REC,,BANT,148.0
2026-10-07,3040263572,066-3084-32,IND RDR 2000 IN-182A,PAMALS,REC,EM REPARO,WILLIAM,148.0
2026-10-07,3040263448,2618510-10,ALTERNATOR CONTROL UNIT ASSY,BABE,REC,EM REPARO,WILLIAM,148.0
2026-10-07,3040263449,2618510-10,ALTERNATOR CONTROL UNIT ASSY,PAMALS,REC,,BANT,148.0
2026-10-07,3040263877,2641011-5,AXLE-MAIN GEAR,CLA,REC,REPARADO,VEE ONE,138.0
2026-10-07,3040263878,2641011-5,AXLE-MAIN GEAR,CLA,OS concluída,,BABE,
2026-10-07,3040264243,069-01033-0101,"RECEIVER-TRANSMITTER,RADIO",PAMALS,REC,EM REPARO,WILLIAM,131.0
2026-10-07,3040264244,069-01033-0101,"RECEIVER-TRANSMITTER,RADIO",PAMASP,REC,EM REPARO,WILLIAM,131.0
2026-10-07,3040264246,060-0017-00,FLIGHT DIR HOR,PAMALS,REC,,BABR,131.0
2026-10-07,3040264237,200SGL119Q-2,STARTER GENERATOR,BAMN,REC,EM REPARO,AV AERONAUTICA,131.0
2026-10-07,3040264236,200SGL119Q-2,STARTER GENERATOR,BABE,OS concluída,,BABE,
2026-10-07,3040264121,3244897-4,FUEL CONTROL UNIT,BABE,OS concluída,EM REPARO,LEAP,
2026-10-07,3040264263,9910338-8,"INDICATOR,FUEL FLOW",PAMALS,OS concluída,,BABR,
2026-10-07,3040264262,9910338-8,"INDICATOR,FUEL FLOW",BABV,OS concluída,,PAMA-LS,
2026-10-07,3040264242,324843-2020,HEADSET-MICROPHONE,BABE,OS concluída,,BAMN,
2026-10-07,3040264264,324843-2020,HEADSET-MICROPHONE,DACTA II,OS concluída,,BAMN,
2026-10-07,3040264238,324843-2020,HEADSET-MICROPHONE,DACTA II,OS concluída,,,
2026-10-07,3040264241,324843-2020,HEADSET-MICROPHONE,DACTA II,OS concluída,,BAMN,
2026-10-07,3040264240,324843-2020,HEADSET-MICROPHONE,DACTA II,OS concluída,,BAMN,
2026-10-07,3040264122,3244809-8,"FUEL CONTROL,MAIN,TURBINE ENGINE",BABE,OS concluída,,BABR,
2026-10-07,3040263797,066-3046-07,"CONTROL,INDICATOR",BABE,REC,EM REPARO,WILLIAM,131.0
2026-10-07,3040263798,066-3046-07,"CONTROL,INDICATOR",PAMASP,OS concluída,,,
2026-10-07,3040263799,066-3046-07,"CONTROL,INDICATOR",PAMASP,REC,EM REPARO,WILLIAM,131.0
2026-10-07,3040263795,071-01519-0101,"RECEIVER-EXCITER,RADAR",PAMALS,REC,,BANT,131.0
2026-10-07,3040263796,071-01519-0101,"RECEIVER-EXCITER,RADAR",PAMALS,REC,EM REPARO,WILLIAM,131.0
2026-10-07,3040264579,060-0017-00,FLIGHT DIR HOR,BABR,OS concluída,,,
2026-10-07,3040264577,060-0017-00,FLIGHT DIR HOR,PAMALS,REC,,,119.0
2026-10-07,3040264573,060-0017-00,FLIGHT DIR HOR,BANT,REC,,,119.0
2026-10-07,3040264574,060-0017-00,FLIGHT DIR HOR,BANT,REC,,,119.0
2026-10-07,3040264576,060-0017-00,FLIGHT DIR HOR,PAMALS,REC,,,119.0
2026-10-07,3040264572,060-0017-00,FLIGHT DIR HOR,PAMASP,REC,,,119.0
2026-10-07,3040264647,1H75-21,PRESSURE REGULATOR,BAMN,REC,,,114.0
2026-10-07,3040264646,1H75-21,PRESSURE REGULATOR,PAMASP,REC,,,114.0
2026-10-07,3040264645,1H75-21,PRESSURE REGULATOR,PAMASP,REC,,,114.0
2026-10-07,3040264643,1H75-21,PRESSURE REGULATOR,PAMASP,OS concluída,,,
2026-10-07,3040264707,3244809-7,"FUEL CONTROL,MAIN,TURBINE ENGINE",BABE,OS concluída,,,
2026-10-07,3040264709,540-1407-4,"VALVE,BLEED,TURBINEENGINE",PAMASP,REC,,,114.0
2026-10-07,3040264710,200SGL153Q,"STARTER-GENERATOR,ENGINE,AIRCRAFT",CLA,OS concluída,,,
2026-10-07,3040264711,200SGL153Q,"STARTER-GENERATOR,ENGINE,AIRCRAFT",PAMASP,OS concluída,,,
2026-10-07,3040264712,200SGL153Q,"STARTER-GENERATOR,ENGINE,AIRCRAFT",BACG,REC,,,114.0
2026-10-07,3040264718,9910338-8,"INDICATOR,FUEL FLOW",PAMALS,REC,,,114.0
2026-10-07,3040264719,S3326-2,"INDICATOR,HORIZONTAL SITUATION",ALA 8,REC,,,114.0
2026-10-07,3040264720,S3326-2,"INDICATOR,HORIZONTAL SITUATION",PAMALS,REC,,,114.0
2026-10-07,3040264721,S3326-2,"INDICATOR,HORIZONTAL SITUATION",PAMASP,REC,,,114.0
2026-10-07,3040264724,2606013-1AM,INDICADOR PERCENTUAL RPM,BABV,REC,,,114.0
2026-10-07,3040264725,2606013-1AM,INDICADOR PERCENTUAL RPM,BABR,REC,,,114.0
2026-10-07,3040264726,2606015-4,INDICATOR-OIL TEMP/OIL PRESS,BANT,REC,,,114.0
2026-10-07,3040264727,C661051-0201,GYRO HORIZON,ALA 10,REC,,,114.0
2026-10-07,3040264728,504-0111-906,GYRO HORIZON,PAMALS,OS concluída,,,
2026-10-07,3040264729,504-0111-906,GYRO HORIZON,BACG,OS concluída,,,
2026-10-07,3040264730,8210-003,"GOVERNOR,FUEL CONTROL",PAMASP,REC,,,114.0
2026-10-07,3040264731,8210-002,"GOVERNOR,CONSTANT SPEED DRIVE",PAMASP,REC,,,114.0
2026-10-07,3040264732,8210-002,"GOVERNOR,CONSTANT SPEED DRIVE",BAMN,REC,,,114.0
2026-10-07,3040264733,030-18200,MAIN WHEEL BRAKE,BAMN,REC,,,114.0
2026-10-07,3040264734,030-18200,MAIN WHEEL BRAKE,BAMN,REC,,,114.0
2026-10-07,3040264735,161-11700,INNER WHEEL HALF ASSY,PAMALS,REC,,,114.0
2026-10-07,3040264736,161-12800,WHEEL HALF ASSY-INNER,BABR,REC,,,114.0
2026-10-07,3040264737,161-12800,WHEEL HALF ASSY-INNER,PAMALS,AUT,,,114.0
2026-10-07,3040264738,162-10700,OUTER WHEEL HALF ASSY,BACO,AUT,,,114.0
2026-10-07,3040264807,011-01105-01,INTEGRATED AVIONICS UNIT GIA63W,ALA 8,REC,,,106.0
2026-10-07,3040264808,011-01105-01,INTEGRATED AVIONICS UNIT GIA63W,BAMN,REC,,,106.0
2026-10-07,3040264907,011-00916-10,"DISPLAY UNIT,FLIGHT INFORMATION",BAMN,REC,,,99.0
2026-10-07,3040264908,011-00916-10,"DISPLAY UNIT,FLIGHT INFORMATION",BABV,OS concluída,,,
2026-10-07,3040264974,3244809-8,"FUEL CONTROL,MAIN,TURBINE ENGINE",BAMN,REC,,,97.0
2026-10-07,3040264961,3244897-4,FUEL CONTROL UNIT,CLA,OS concluída,,,
2026-10-07,3040264960,3034792,BOMBA DE COMBUSTÍVEL,CLA,OS concluída,,,
2026-10-07,3040265144,011-01020-10,AFCS MODE CONTROLLER GMC 710,BABE,REC,,,91.0
2026-10-07,3040265140,011-01020-10,AFCS MODE CONTROLLER GMC 710,BABE,REC,,,91.0
2026-10-07,3040265482,066-3084-32,IND RDR 2000 IN-182A,BABR,REC,,,76.0
2026-10-07,3040265484,066-3084-32,IND RDR 2000 IN-182A,BANT,REC,,,76.0
2026-10-07,3040265485,066-3084-32,IND RDR 2000 IN-182A,BABR,REC,,,76.0
2026-10-07,3040265526,ASG12000-2,ALTERNATOR,PAMALS,REC,,,72.0
2026-10-07,3040265525,ASG12000-2,ALTERNATOR,BABR,OS concluída,,,
2026-10-07,3040265527,9910592-2,ALTERNADOR,BABR,REC,,,72.0
2026-10-07,3040265533,3122678-04,FUEL CONTROL UNIT,BABR,REC,,,72.0
2026-10-07,3040265532,C611505-0201,ALTERNATOR,BANT,REC,,,72.0
2026-10-07,3040265530,C611505-0201,ALTERNATOR,BABV,OS concluída,,,
2026-10-07,3040265528,9910592-2,ALTERNADOR,BABR,REC,,,72.0
2026-10-07,3040265724,3244897-4,FUEL CONTROL UNIT,CLA,REC,,,71.0
2026-10-07,3040265474,C611008-0101,ALTERNATOR CONTROL UNIT,PAMALS,REC,,,69.0
2026-10-07,3040265475,C611008-0101,ALTERNATOR CONTROL UNIT,BABV,REC,,,69.0
2026-10-07,3040265476,C611008-0101,ALTERNATOR CONTROL UNIT,PAMALS,REC,,,69.0
2026-10-07,3040265477,C611008-0101,ALTERNATOR CONTROL UNIT,PAMALS,REC,,,69.0
2026-10-07,3040265576,011-00916-10,"DISPLAY UNIT,FLIGHT INFORMATION",BAMN,REC,,,68.0
2026-10-07,3040265580,011-00916-00,DISPLAY UNIT GDU 1040A,PAMALS,REC,,,72.0
2026-10-07,3040265581,011-00916-00,DISPLAY UNIT GDU 1040A,PAMALS,REC,,,72.0
2026-10-07,3040265589,EA-5175-52-CES,INDICATOR TRUE,BABV,REC,,,72.0
2026-10-07,3040265590,EA-5175-52-CES,INDICATOR TRUE,BASM,REC,,,72.0
2026-10-07,3040265591,EA-5175-52-CES,INDICATOR TRUE,BABV,REC,,,72.0
2026-10-07,3040265592,EA-5175-52-CES,INDICATOR TRUE,BABV,REC,,,72.0
2026-10-07,3040265668,9910592-2,ALTERNADOR,PAMALS,OS concluída,,,
2026-10-07,3040265678,9910592-2,ALTERNADOR,BAMN,REC,,,72.0
2026-10-07,3040265679,C611505-0201,ALTERNATOR,PAMALS,REC,,,72.0
2026-10-07,3040265680,C611505-0201,ALTERNATOR,ALA 8,REC,,,72.0
2026-10-07,3040265726,071-01519-0101,"RECEIVER-EXCITER,RADAR",PAMALS,REC,,,71.0
2026-10-07,3040265727,071-01519-0101,"RECEIVER-EXCITER,RADAR",CLA,REC,,,71.0
2026-10-07,3040265728,C163030-1001,MAIN W BRAKE A,BAMN,REC,,,71.0
2026-10-07,3040265731,066-3046-07,"CONTROL,INDICATOR",BABR,REC,,,71.0
2026-10-07,3040265732,066-3046-07,"CONTROL,INDICATOR",BANT,REC,,,71.0
2026-10-07,3040265734,066-3046-07,"CONTROL,INDICATOR",EEAR,REC,,,71.0
2026-10-07,3040265735,066-3046-07,"CONTROL,INDICATOR",CLA,REC,,,71.0
2026-10-07,3040265736,C611008-0101,ALTERNATOR CONTROL UNIT,BABV,REC,,,71.0
2026-10-07,3040265737,C611008-0101,ALTERNATOR CONTROL UNIT,EEAR,REC,,,71.0
2026-10-07,3040265738,C611008-0101,ALTERNATOR CONTROL UNIT,PAMALS,REC,,,71.0
2026-10-07,3040265739,C611008-0101,ALTERNATOR CONTROL UNIT,BANT,REC,,,71.0
2026-10-07,3040265740,C611008-0101,ALTERNATOR CONTROL UNIT,BABE,REC,,,71.0
2026-10-07,3040265741,C611008-0101,ALTERNATOR CONTROL UNIT,BABR,REC,,,71.0
2026-10-07,3040265742,066-1072-04,"RECEIVER,RADIO",BACG,REC,,,71.0
2026-10-07,3040265743,066-1072-04,"RECEIVER,RADIO",BAMN,REC,,,71.0
2026-10-07,3040265744,066-1072-04,"RECEIVER,RADIO",PAMALS,REC,,,71.0
2026-10-07,3040265745,066-3084-32,IND RDR 2000 IN-182A,PAMALS,REC,,,71.0
2026-10-07,3040265746,066-3084-32,IND RDR 2000 IN-182A,PAMALS,REC,,,71.0
2026-10-07,3040265747,30994-001,BATTERY-MARATHON TSP410 NICAD,PAMALS,AUT,,,71.0
2026-10-07,3040265748,30994-001,BATTERY-MARATHON TSP410 NICAD,PAMALS,AUT,,,71.0
2026-10-07,3040265749,30994-001,BATTERY-MARATHON TSP410 NICAD,PAMALS,AUT,,,71.0
2026-10-07,3040265750,30994-001,BATTERY-MARATHON TSP410 NICAD,PAMALS,AUT,,,71.0
2026-10-07,3040265751,30994-001,BATTERY-MARATHON TSP410 NICAD,PAMALS,AUT,,,71.0
2026-10-07,3040265752,2641011-5,AXLE-MAIN GEAR,BAMN,REC,,,71.0
2026-10-07,3040265753,2641011-5,AXLE-MAIN GEAR,BAMN,REC,,,71.0
2026-10-07,3040265754,161-11700,INNER WHEEL HALF ASSY,BACO,AUT,,,71.0
2026-10-07,3040265755,161-12800,WHEEL HALF ASSY-INNER,BABE,REC,,,71.0
2026-10-07,3040265757,066-01141-0101,"RECEIVER,RADIO",PAMALS,REC,,,71.0
2026-10-07,3040265758,066-01141-0101,"RECEIVER,RADIO",PAMALS,REC,,,71.0
2026-10-07,3040265759,C660501-0103,"COMPASS,SPEC",DACTA II,REC,,,71.0
2026-10-07,3040265769,023694-000,BATTERY NICKEL CADMIUM,BAPV,REC,,,70.0
2026-10-07,3040265771,2651023-23,ENGINE MOUNT ASSEMBLY,PAMALS,REC,,,70.0
2026-10-07,3040265772,2651023-23,ENGINE MOUNT ASSEMBLY,PAMALS,REC,,,70.0
2026-10-07,3040265892,324843-0020,HEADSET-MICROPHONE,PAMALS,REC,,,65.0
2026-10-07,3040265893,324843-0020,HEADSET-MICROPHONE,PAMALS,OS concluída,,,
2026-10-07,3040265894,324843-0020,HEADSET-MICROPHONE,PAMALS,REC,,,65.0
2026-10-07,3040265895,324843-0020,HEADSET-MICROPHONE,PAMALS,REC,,,65.0
2026-10-07,3040265946,011-00870-00,MAGNETOMETER GMU 44,BAMN,REC,,,62.0
2026-10-07,3040265947,011-00870-00,MAGNETOMETER GMU 44,BAMN,REC,,,62.0
2026-10-07,3040266034,C662041-0102,INDICATOR FUEL,BABE,REC,,,58.0
2026-10-07,3040266040,C662041-0102,INDICATOR FUEL,PAMALS,OS concluída,,,
2026-10-07,3040266036,C662041-0102,INDICATOR FUEL,PAMALS,REC,,,58.0
2026-10-07,3040266035,C662041-0102,INDICATOR FUEL,PAMALS,REC,,,50.0
2026-10-07,3040266039,C662041-0102,INDICATOR FUEL,BANT,REC,,,50.0
2026-10-07,3040266041,C662041-0102,INDICATOR FUEL,PAMALS,REC,,,50.0
2026-10-07,3040266307,069-01033-0101,"RECEIVER-TRANSMITTER,RADIO",PAMALS,REC,,,48.0
2026-10-07,3040266308,069-01033-0101,"RECEIVER-TRANSMITTER,RADIO",BANT,REC,,,48.0
2026-10-07,3040266306,069-01033-0101,"RECEIVER-TRANSMITTER,RADIO",BACG,REC,,,48.0
2026-10-07,3040266307,069-01033-0101,"RECEIVER-TRANSMITTER,RADIO",PAMALS,REC,,,48.0
2026-10-07,3040266308,069-01033-0101,"RECEIVER-TRANSMITTER,RADIO",BANT,REC,,,48.0
2026-10-07,3040266568,C662504-0101,GAGE VOLT AMME,PAMALS,REC,,,37.0
2026-10-07,3040266567,C662504-0101,GAGE VOLT AMME,ALA 9,REC,,,37.0
2026-10-07,3040266566,C662504-0101,GAGE VOLT AMME,PAMALS,REC,,,37.0
2026-10-07,3040266569,C662504-0101,GAGE VOLT AMME,BABV,REC,,,37.0
2026-10-07,3040266644,2643100-206,NOSE GEAR STRUT ASSY - TALL FORK,BAMN,REC,,,33.0
2026-10-07,3040266685,9910586-4,FLAP ACTUATOR AND MOTOR ASSEMBLY,PAMALS,REC,,,28.0
2026-10-07,3040266684,9910586-4,FLAP ACTUATOR AND MOTOR ASSEMBLY,BANT,REC,,,28.0
2026-10-07,3040266682,161-11700,INNER WHEEL HALF ASSY,DACTA II,REC,,,28.0
2026-10-07,3040266683,162-11800,WHEEL HALF ASSY-OUTER,BAMN,REC,,,28.0
2026-10-07,3040266681,162-10700,OUTER WHEEL HALF ASSY,DACTA II,REC,,,28.0
2026-10-07,3040266667,2641011-5,AXLE-MAIN GEAR,BACO,REC,,,28.0
2026-10-07,3040266666,2641011-5,AXLE-MAIN GEAR,BACO,REC,,,28.0
2026-10-07,3040266664,2641011-5,AXLE-MAIN GEAR,BANT,REC,,,28.0
2026-10-07,3040266665,2641011-5,AXLE-MAIN GEAR,BANT,REC,,,28.0
2026-10-07,3040266660,2643031-7,"FORK ASSY,NOSE GEAR SPRING",PAMALS,REC,,,28.0
2026-10-07,3040266662,2641012-14,TRUNNION ASSY-RH-MAIN GEAR,PAMALS,REC,,,28.0
2026-10-07,3040266663,2641012-14,TRUNNION ASSY-RH-MAIN GEAR,BANT,REC,,,28.0
2026-10-07,3040266661,2643031-7,"FORK ASSY,NOSE GEAR SPRING",PAMALS,REC,,,28.0
2026-10-07,3040266656,2643099-4,"SUPPORT ASSY FOWARD, NLG SPRING",BABE,REC,,,28.0
2026-10-07,3040266657,2643099-4,"SUPPORT ASSY FOWARD, NLG SPRING",PAMASP,REC,,,28.0
2026-10-07,3040266658,2643099-4,"SUPPORT ASSY FOWARD, NLG SPRING",PAMASP,REC,,,28.0
2026-10-07,3040266643,2643100-206,NOSE GEAR STRUT ASSY - TALL FORK,BABE,REC,,,28.0
2026-10-07,3040266737,C661025-0101,ALTIMETER (2P),BANT,REC,,,21.0
2026-10-07,3040266724,065-0065-01,SELECTOR ALT,CLA,REC,,,21.0
2026-10-07,3040266725,C662041-0102,INDICATOR FUEL,BABR,REC,,,21.0
2026-10-07,3040266726,C662041-0102,INDICATOR FUEL,BABR,REC,,,21.0
2026-10-07,3040266727,C662041-0102,INDICATOR FUEL,BABR,REC,,,21.0
2026-10-07,3040266730,060-0015-00,"CONTROL,DIRECTIONAL,AUTOMATIC PILOT",PAMALS,REC,,,21.0
2026-10-07,3040266731,060-0015-00,"CONTROL,DIRECTIONAL,AUTOMATIC PILOT",BABV,REC,,,21.0
2026-10-07,3040266723,065-0065-01,SELECTOR ALT,EEAR,REC,,,21.0
2026-10-07,3040266722,065-0065-01,SELECTOR ALT,BANT,REC,,,21.0
2026-10-07,3040266728,060-0015-00,"CONTROL,DIRECTIONAL,AUTOMATIC PILOT",PAMASP,REC,,,21.0
2026-10-07,3040266732,066-3046-07,"CONTROL,INDICATOR",BANT,REC,,,21.0
2026-10-07,3040266884,D210507,"GOVERNOR,OVERSPEED",PAMALS,REC,,,14.0
2026-10-07,3040266882,D210507,"GOVERNOR,OVERSPEED",BANT,REC,,,14.0
2026-10-08,3040249831,066-01141-5101,"RECEIVER-TRANSMITTER,RADIO (KT71)",PAMALS,REC,EM REPARO,LEAP,605.0
2026-10-08,3040250248,452-0133,"BATTERY,NONRECHARGEABLE",BABR,REC,CONDENADO,VEE ONE,589.0
2026-10-08,3040250249,452-0133,"BATTERY,NONRECHARGEABLE",BAMN,REC,CONDENADO,VEE ONE,589.0
2026-10-08,3040250234,3034792,BOMBA DE COMBUSTÍVEL,PAMALS,REC,,BANT,589.0
2026-10-08,3040250816,453-5060,"BEACON,DISTRESS",BAMN,REC,,PAMA-LS,567.0
2026-10-08,3040250830,799-1,TRANSDUCER,BACO,REC,,BANT,567.0
2026-10-08,3040250829,51539-012N,CONTROL UNIT ASSY-GENERATOR,BAMN,OS concluída,,,
2026-10-08,3040250828,51539-012N,CONTROL UNIT ASSY-GENERATOR,BACG,REC,,BABR,567.0
2026-10-08,3040250827,51539-012N,CONTROL UNIT ASSY-GENERATOR,BANT,REC,,BABR,567.0
2026-10-08,3040250831,799-1,TRANSDUCER,BANT,REC,,BANT,567.0
2026-10-08,3040250833,9910586-4,FLAP ACTUATOR AND MOTOR ASSEMBLY,ALA 3,REC,,BAMN,567.0
2026-10-08,3040250834,9910586-4,FLAP ACTUATOR AND MOTOR ASSEMBLY,ALA 3,OS concluída,,,
2026-10-08,3040250832,9910338-4,FUEL TOTALIZER INDICATOR,EEAR,REC,,PAMA-LS,567.0
2026-10-08,3040250835,ASG12000-2,ALTERNATOR,ALA 5,OS concluída,REPARADO,V1 PAMA-LS,
2026-10-08,3040250841,C661030-0301,TURN BANK,PAMALS,REC,EM REPARO,LEAP,567.0
2026-10-08,3040250842,C662041-0102,INDICATOR FUEL,ALA 5,REC,,PAMA-LS,567.0
2026-10-08,3040250844,C662041-0102,INDICATOR FUEL,ALA 9,REC,,PAMA-LS,567.0
2026-10-08,3040250843,C662041-0102,INDICATOR FUEL,ALA 10,OS concluída,,,
2026-10-08,3040250719,060-0017-00,FLIGHT DIR HOR,PAMALS,REC,,BANT,567.0
2026-10-08,3040250720,060-0017-00,FLIGHT DIR HOR,BABV,OS concluída,,,
2026-10-08,3040250722,066-01141-5101,"RECEIVER-TRANSMITTER,RADIO (KT71)",ALA 9,REC,EM REPARO,WILLIAM,567.0
2026-10-08,3040250723,066-01141-5101,"RECEIVER-TRANSMITTER,RADIO (KT71)",CLA,REC,,BABR,567.0
2026-10-08,3040250721,060-0017-00,FLIGHT DIR HOR,BANT,OS concluída,,,
2026-10-08,3040250725,066-3046-07,"CONTROL,INDICATOR",ALA 10,OS concluída,,,
2026-10-08,3040250724,066-04035-1101,"DISPLAY UNIT,RADAR",PAMALS,REC,,BANT,567.0
2026-10-08,3040250732,069-1025-25,"RECEIVER-TRANSMITTER,RADIO - KX165",PAMALS,REC,EM REPARO,WILLIAM,567.0
2026-10-08,3040250782,2606012-1,INDICATOR-INTER-TURBINE TEMPERATURE,ALA 9,OS concluída,,,
2026-10-08,3040250775,161-11700,INNER WHEEL HALF ASSY,BABE,OS concluída,,,
2026-10-08,3040250773,161-11700,INNER WHEEL HALF ASSY,EEAR,REC,,BACG,567.0
2026-10-08,3040250718,030-18200,MAIN WHEEL BRAKE,BACO,OS concluída,,,
2026-10-08,3040250716,030-18200,MAIN WHEEL BRAKE,BABV,REC,EM REPARO,LEAP,567.0
2026-10-08,3040250717,030-18200,MAIN WHEEL BRAKE,BACO,OS concluída,,,
2026-10-08,3040250780,162-11800,WHEEL HALF ASSY-OUTER,PAMALS,OS concluída,,,
2026-10-08,3040250781,162-11800,WHEEL HALF ASSY-OUTER,BACG,OS concluída,,,
2026-10-08,3040250778,161-12800,WHEEL HALF ASSY-INNER,BACG,OS concluída,,,
2026-10-08,3040250776,161-12800,WHEEL HALF ASSY-INNER,BABE,OS concluída,,,
2026-10-08,3040250790,2643031-7,"FORK ASSY,NOSE GEAR SPRING",BAMN,OS concluída,,,
2026-10-08,3040250791,2643090-1,SHIMMY DAMPENE,BANT,REC,EM REPARO,AV AERONAUTICA,567.0
2026-10-08,3040250792,2643090-1,SHIMMY DAMPENE,BAMN,OS concluída,REPARADO,V1 PAMA-LS,
2026-10-08,3040250789,2641012-14,TRUNNION ASSY-RH-MAIN GEAR,PAMASP,OS concluída,,,
2026-10-08,3040250793,2643099-4,"SUPPORT ASSY FOWARD, NLG SPRING",BAMN,OS concluída,,,
2026-10-08,3040250798,30994-001,BATTERY-MARATHON TSP410 NICAD,BANT,OS concluída,CONDENADO,AMA - VEE ONE,
2026-10-08,3040252191,C611008-0101,ALTERNATOR CONTROL UNIT,PAMALS,REC,,BABR,534.0
2026-10-08,3040252159,011-00916-00,DISPLAY UNIT GDU 1040A,BAMN,REC,,BAMN,534.0
2026-10-08,3040252161,065-0042-03,COMPUTER PA,ALA 10,REC,EM REPARO,WILLIAM,534.0
2026-10-08,3040252162,065-0042-03,COMPUTER PA,EEAR,REC,,BABE,534.0
2026-10-08,3040252164,065-0042-03,COMPUTER PA,EEAR,REC,EM REPARO,WILLIAM,534.0
2026-10-08,3040252165,065-0042-03,COMPUTER PA,PAMALS,OS concluída,,,
2026-10-08,3040252166,065-0059-01,SERVO PITCH,EEAR,REC,EM REPARO,WILLIAM,534.0
2026-10-08,3040252168,066-03064-0005,"ALTIMETER,SERVO CONTROLLED,AUTOMATIC PRESSURE",ALA 9,OS concluída,,,
2026-10-08,3040252173,066-03064-0005,"ALTIMETER,SERVO CONTROLLED,AUTOMATIC PRESSURE",BANT,REC,EM REPARO,LEAP,534.0
2026-10-08,3040252172,066-03064-0005,"ALTIMETER,SERVO CONTROLLED,AUTOMATIC PRESSURE",PAMALS,REC,NO ESTADO,VEE ONE,534.0
2026-10-08,3040252170,066-03064-0005,"ALTIMETER,SERVO CONTROLLED,AUTOMATIC PRESSURE",ALA 7,REC,NO ESTADO,VEE ONE,534.0
2026-10-08,3040252178,066-1072-00,RECEIVER ADF (KING KR87),PAMALS,OS concluída,,,
2026-10-08,3040252182,066-1072-04,"RECEIVER,RADIO",ALA 9,OS concluída,,,
2026-10-08,3040252181,066-1072-04,"RECEIVER,RADIO",PAMASP,OS concluída,EM REPARO,WILLIAM,
2026-10-08,3040252180,066-1072-04,"RECEIVER,RADIO",ALA 8,OS concluída,,,
2026-10-08,3040252185,066-1072-04,"RECEIVER,RADIO",BAMN,OS concluída,,,
2026-10-08,3040252189,9910338-6,"TRANSMITTER,RATE OF FLOW",ALA 8,OS concluída,,,
2026-10-08,3040252190,9910338-6,"TRANSMITTER,RATE OF FLOW",BABR,OS concluída,,,
2026-10-08,3040252160,011-01020-10,AFCS MODE CONTROLLER GMC 710,BAMN,OS concluída,,,
2026-10-08,3040252939,C163030-1001,MAIN W BRAKE A,BABV,REC,,BAMN,504.0
2026-10-08,3040252936,030-18200,MAIN WHEEL BRAKE,BACO,REC,,PAMA-LS,504.0
2026-10-08,3040252935,030-18200,MAIN WHEEL BRAKE,BAMN,OS concluída,,,
2026-10-08,3040252940,30-182,MAIN WHEEL BRAKE,BABV,OS concluída,,,
2026-10-08,3040252942,30-182,MAIN WHEEL BRAKE,BAMN,OS concluída,,,
2026-10-08,3040252943,30-182,MAIN WHEEL BRAKE,BAMN,OS concluída,,,
2026-10-08,3040253170,161-12800,WHEEL HALF ASSY-INNER,BASM,OS concluída,,,
2026-10-08,3040253168,161-12800,WHEEL HALF ASSY-INNER,BASM,OS concluída,,PAMA-LS,
2026-10-08,3040253172,161-12800,WHEEL HALF ASSY-INNER,PAMALS,REC,,PAMA-LS,500.0
2026-10-08,3040253174,161-12800,WHEEL HALF ASSY-INNER,PAMALS,OS concluída,,,
2026-10-08,3040253173,161-12800,WHEEL HALF ASSY-INNER,PAMALS,REC,EM REPARO,LEAP,500.0
2026-10-08,3040253176,162-10700,OUTER WHEEL HALF ASSY,BABE,OS concluída,,,
2026-10-08,3040253177,162-10700,OUTER WHEEL HALF ASSY,BABV,OS concluída,,PAMA-LS,
2026-10-08,3040253178,162-10700,OUTER WHEEL HALF ASSY,PAMALS,REC,,PROCURANDO,500.0
2026-10-08,3040253179,162-11800,WHEEL HALF ASSY-OUTER,CLA,OS concluída,,,
2026-10-08,3040253181,162-11800,WHEEL HALF ASSY-OUTER,PAMALS,OS concluída,,,
2026-10-08,3040253180,162-11800,WHEEL HALF ASSY-OUTER,BASM,REC,,PROCURANDO,500.0
2026-10-08,3040253182,162-11800,WHEEL HALF ASSY-OUTER,PAMALS,OS concluída,,PAMA-LS,
2026-10-08,3040253536,2641012-14,TRUNNION ASSY-RH-MAIN GEAR,PAMALS,OS concluída,,,
2026-10-08,3040253529,066-03064-0005,"ALTIMETER,SERVO CONTROLLED,AUTOMATIC PRESSURE",DSM-MN,REC,DEVOLVIDO NO ESTADO,WILLIAM,490.0
2026-10-08,3040253528,066-03064-0005,"ALTIMETER,SERVO CONTROLLED,AUTOMATIC PRESSURE",BANT,OS concluída,,,
2026-10-08,3040253532,799-1,TRANSDUCER,PAMALS,REC,,BANT,490.0
2026-10-08,3040253535,2643099-4,"SUPPORT ASSY FOWARD, NLG SPRING",BABE,REC,CONDENADO,VEE ONE,490.0
2026-10-08,3040253531,799-1,TRANSDUCER,BAMN,REC,,VEE ONE,490.0
2026-10-08,3040253530,799-1,TRANSDUCER,BAMN,REC,,BANT,490.0
2026-10-08,3040253526,30994-001,BATTERY-MARATHON TSP410 NICAD,PAMALS,OS concluída,,PAMA-LS,
2026-10-08,3040253527,30994-001,BATTERY-MARATHON TSP410 NICAD,BAPV,OS concluída,,PAMA-LS,
2026-10-08,3040254195,540-1407-4,"VALVE,BLEED,TURBINEENGINE",PAMALS,REC,,BANT,472.0
2026-10-08,3040254201,2643090-3,SHIMMY DAMPER-NOSE GEAR,PAMALS,OS concluída,,PAMA-LS,
2026-10-08,3040254203,SE1070-6,SHIMMY DAMPENER ASSY,BACGINAT,OS concluída,,,
2026-10-08,3040254205,C660501-0103,"COMPASS,SPEC",PAMALS,OS concluída,,PAMA-LS,
2026-10-08,3040254206,C660501-0103,"COMPASS,SPEC",ALA 8,REC,EM REPARO EM GARANTIA,WILLIAM,472.0
2026-10-08,3040254208,C660501-0103,"COMPASS,SPEC",BABV,OS concluída,,PAMA-LS,
2026-10-08,3040254210,799-1,TRANSDUCER,BANT,REC,,BANT,472.0
2026-10-08,3040254792,2606013-1RX,INDICATOR-PERCENT RPM,BABR,REC,,BANT,463.0
2026-10-08,3040254770,069-1025-25,"RECEIVER-TRANSMITTER,RADIO - KX165",ALA 9,REC,EM REPARO,WILLIAM,463.0
2026-10-08,3040254799,453-5000-710,EMERGENCY LOCATOR TRANSMITTER MODEL C406-2,PAMASP,OS concluída,,,
2026-10-08,3040254806,C352TS,"EXTINGUISHER,FIRE",PAMALS,OS concluída,,PAMA-LS,
2026-10-08,3040254805,C352TS,"EXTINGUISHER,FIRE",PAMALS,OS concluída,,,
2026-10-08,3040254810,C352TS,"EXTINGUISHER,FIRE",PAMALS,OS concluída,,,
2026-10-08,3040254809,C352TS,"EXTINGUISHER,FIRE",PAMAGL,OS concluída,,,
2026-10-08,3040254803,C352TS,"EXTINGUISHER,FIRE",2 ETA,OS concluída,,PAMA-LS,
2026-10-08,3040254808,C352TS,"EXTINGUISHER,FIRE",BABR,OS concluída,,PAMA-LS,
2026-10-08,3040254795,D145-00-46-2,FLAP ACTUATOR ASSY,BABE,REC,,PAMA-LS,463.0
2026-10-08,3040254793,D145-00-46-2,FLAP ACTUATOR ASSY,PAMALS,REC,,PAMA-LS,463.0
2026-10-08,3040254815,C482001-0402,VACUUM REGULAT,PAMALS,REC,CONDENADO,VEE ONE,463.0
2026-10-08,3040254816,C482001-0402,VACUUM REGULAT,PAMALS,REC,CONDENADO,VEE ONE,463.0
2026-10-08,3040254820,2641011-5,AXLE-MAIN GEAR,BAMN,OS concluída,,,
2026-10-08,3040254817,2641011-5,AXLE-MAIN GEAR,BABE,OS concluída,,,
2026-10-08,3040254818,2641011-5,AXLE-MAIN GEAR,BABE,OS concluída,,,
2026-10-08,3040254819,2641011-5,AXLE-MAIN GEAR,BANT,OS concluída,,,
2026-10-08,3040254796,30994-001,BATTERY-MARATHON TSP410 NICAD,BAMN,OS concluída,,,
2026-10-08,3040254789,452-0133,"BATTERY,NONRECHARGEABLE",BAMN,REC,CONDENADO,VEE ONE,463.0
2026-10-08,3040254788,452-0133,"BATTERY,NONRECHARGEABLE",BAMN,REC,CONDENADO,VEE ONE,463.0
2026-10-08,3040254787,452-0133,"BATTERY PACK,AIRCRAFT",DACTA II,REC,CONDENADO,VEE ONE,463.0
2026-10-08,3040254786,452-0133,"BATTERY PACK,AIRCRAFT",BAMN,REC,CONDENADO,VEE ONE,463.0
2026-10-08,3040254785,452-0133,"BATTERY,NONRECHARGEABLE",BAMN,REC,CONDENADO,VEE ONE,463.0
2026-10-08,3040254784,452-0133,"BATTERY,NONRECHARGEABLE",DACTA II,REC,CONDENADO,VEE ONE,463.0
2026-10-08,3040255326,011-00916-00,DISPLAY UNIT GDU 1040A,BAMN,REC,,BAMN,454.0
2026-10-08,3040255319,702801-5,FUEL PUMP,PAMASP,REC,EM REPARO,VEE ONE,454.0
2026-10-08,3040255321,8210-002,"GOVERNOR,CONSTANT SPEED DRIVE",PAMALS,OS concluída,,,
2026-10-08,3040255461,DAAS-A-010-1,ADAS-D PROCESSOR,PAMALS,REC,EM REPARO,VEE ONE,450.0
2026-10-08,3040255589,071-01519-0101,"RECEIVER-EXCITER,RADAR",BANT,REC,,PROCURANDO,448.0
2026-10-08,3040255590,071-01519-0101,"RECEIVER-EXCITER,RADAR",PAMALS,OS concluída,,,
2026-10-08,3040255706,C661064-0237,AIRSPEED INDICATOR,BAMN,OS concluída,,,
2026-10-08,3040256114,5934PAD-3,"ALTIMETER,PRESSURE",PAMALS,REC,EM REPARO,VEE ONE,434.0
2026-10-08,3040256119,011-00878-10,GSA-81 TORQUE SERVO,BAPV,REC,EM REPARO,LEAP,434.0
2026-10-08,3040256112,011-00883-20,RADAR GWX 68 WEATHER,BABE,REC,,BAMN,434.0
2026-10-08,3040256115,5934PAD-3,"ALTIMETER,PRESSURE",PAMALS,OS concluída,,,
2026-10-08,3040256118,011-00878-10,GSA-81 TORQUE SERVO,BAPV,REC,,BACO,434.0
2026-10-08,3040256120,011-00916-10,"DISPLAY UNIT,FLIGHT INFORMATION",BAMN,OS concluída,,,
2026-10-08,3040256314,066-4010-12,RECEIVER VOR/LOC (KNS81),EEAR,REC,EM REPARO,LEAP,421.0
2026-10-08,3040256311,3121248-03,"VALVE ASSEMBLY,COMPRESSOR BLEED",PAMALS,OS concluída,,,
2026-10-08,3040256704,C661064-0237,AIRSPEED INDICATOR,PAMALS,OS concluída,,,
2026-10-08,3040256707,D210507,"GOVERNOR,OVERSPEED",PAMALS,OS concluída,,,
2026-10-08,3040256708,D210507,"GOVERNOR,OVERSPEED",PAMALS,REC,REPARADO,VEE ONE,412.0
2026-10-08,3040256702,C661064-0237,AIRSPEED INDICATOR,BABR,OS concluída,,,
2026-10-08,3040256703,C661064-0237,AIRSPEED INDICATOR,PAMALS,OS concluída,,,
2026-10-08,3040256662,030-18200,MAIN WHEEL BRAKE,BASM,OS concluída,,,
2026-10-08,3040256665,161-11700,INNER WHEEL HALF ASSY,BABV,OS concluída,,,
2026-10-08,3040256666,161-11700,INNER WHEEL HALF ASSY,PAMALS,OS concluída,,,
2026-10-08,3040256667,161-11700,INNER WHEEL HALF ASSY,PAMALS,OS concluída,,,
2026-10-08,3040256668,161-11700,INNER WHEEL HALF ASSY,PAMALS,OS concluída,,,
2026-10-08,3040256669,161-11700,INNER WHEEL HALF ASSY,PAMALS,OS concluída,,,
2026-10-08,3040256670,161-11700,INNER WHEEL HALF ASSY,PAMALS,OS concluída,,,
2026-10-08,3040256671,161-11700,INNER WHEEL HALF ASSY,PAMALS,OS concluída,,PAMA-LS,
2026-10-08,3040256698,030-18200,MAIN WHEEL BRAKE,PAMASP,OS concluída,,BABE,
2026-10-08,3040256713,030-18200,MAIN WHEEL BRAKE,ALA 3,REC,,BAMN,412.0
2026-10-08,3040256694,162-11800,WHEEL HALF ASSY-OUTER,BANT,OS concluída,,,
2026-10-08,3040256696,162-11800,WHEEL HALF ASSY-OUTER,PAMALS,OS concluída,,PAMA-LS,
2026-10-08,3040256672,161-12800,WHEEL HALF ASSY-INNER,PAMALS,OS concluída,,PAMA-LS,
2026-10-08,3040256675,161-12800,WHEEL HALF ASSY-INNER,BANT,OS concluída,,,
2026-10-08,3040256792,011-00877-00,"GSA-80 SERVO ROL,YAW,SPEC",BAMN,REC,,PROCURANDO,412.0
2026-10-08,3040256787,011-00877-00,"GSA-80 SERVO ROL,YAW,SPEC",PAMALS,REC,EM REPARO,VEE ONE,412.0
2026-10-08,3040256828,011-00883-20,RADAR GWX 68 WEATHER,PAMALS,REC,,PAMA-LS,412.0
2026-10-08,3040256709,3121248-03,"VALVE ASSEMBLY,COMPRESSOR BLEED",PAMASP,REC,,BANT,409.0
2026-10-08,3040256673,161-12800,WHEEL HALF ASSY-INNER,PAMALS,REC,CONDENADO,VEE ONE,409.0
2026-10-08,3040257095,011-01105-01,INTEGRATED AVIONICS UNIT GIA63W,BABE,REC,EM REPARO,VEE ONE,405.0
2026-10-08,3040257096,011-01105-01,INTEGRATED AVIONICS UNIT GIA63W,BABE,REC,,BAMN,405.0
2026-10-08,3040257093,065-00183-0501,AUTOPILOT COMPUTER KFC225,BABE,OS concluída,,BANT,
2026-10-08,3040257094,065-00183-0501,AUTOPILOT COMPUTER KFC225,BABE,OS concluída,,BANT,
2026-10-08,3040257443,161-12800,WHEEL HALF ASSY-INNER,ALA 3,REC,,,393.0
2026-10-08,3040257442,C163030-1001,MAIN W BRAKE A,BAMN,OS concluída,,BAMN,
2026-10-08,3040257452,3244809-8,"FUEL CONTROL,MAIN,TURBINE ENGINE",BAPV,OS concluída,,,
2026-10-08,3040257454,EA-5172-45-CES,"INDICATOR,AIRSPEED",BACG,OS concluída,,,
2026-10-08,3040257453,EA-5172-45-CES,"INDICATOR,AIRSPEED",ALA 7,OS concluída,DEVOLVIDO NO ESTADO,WILLIAM,
2026-10-08,3040257451,3244809-7,"FUEL CONTROL,MAIN,TURBINE ENGINE",PAMASP,REC,,BANT,386.0
2026-10-08,3040257450,3244809-4,"FUEL CONTROL,MAIN,TURBINE ENGINE",PAMASP,OS concluída,EM REPARO,LEAP,
2026-10-08,3040257438,030-18200,MAIN WHEEL BRAKE,BAMN,OS concluída,REPARADO,VEE ONE,
2026-10-08,3040257444,162-10700,OUTER WHEEL HALF ASSY,PAMALS,OS concluída,,,
2026-10-08,3040257447,162-10700,OUTER WHEEL HALF ASSY,PAMALS,OS concluída,,,
2026-10-08,3040257436,30994-001,BATTERY-MARATHON TSP410 NICAD,PAMALS,OS concluída,,PAMA-LS,
2026-10-08,3040257441,030-18200,MAIN WHEEL BRAKE,BAPV,REC,,BAMN,386.0
2026-10-08,3040257440,030-18200,MAIN WHEEL BRAKE,BANT,REC,CONDENADO,VEE ONE,386.0
2026-10-08,3040257439,030-18200,MAIN WHEEL BRAKE,BAMN,REC,,BAMN,386.0
2026-10-08,3040258306,D210507,"GOVERNOR,OVERSPEED",PAMALS,REC,EM REPARO,LEAP,366.0
2026-10-08,3040258310,D210507,"GOVERNOR,OVERSPEED",BACO,OS concluída,,,
2026-10-08,3040258309,D210507,"GOVERNOR,OVERSPEED",BAMN,REC,EM REPARO,LEAP,366.0
2026-10-08,3040258308,D210507,"GOVERNOR,OVERSPEED",BAMN,OS concluída,,,
2026-10-08,3040258307,D210507,"GOVERNOR,OVERSPEED",ALA 5,OS concluída,,,
2026-10-08,3040258303,011-00877-00,"GSA-80 SERVO ROL,YAW,SPEC",DACTA II,REC,EM REPARO,VEE ONE,366.0
2026-10-08,3040258422,2601188-8,COMPRESSOR DRIVE ASSY R134A,PAMASP,REC,,PROCURANDO,364.0
2026-10-08,3040258419,011-00877-00,"GSA-80 SERVO ROL,YAW,SPEC",DACTA II,REC,EM REPARO,VEE ONE,364.0
2026-10-08,3040258420,011-00877-00,"GSA-80 SERVO ROL,YAW,SPEC",BACO,REC,EM REPARO,VEE ONE,364.0
2026-10-08,3040258421,011-00877-00,"GSA-80 SERVO ROL,YAW,SPEC",BABE,REC,,BACO,364.0
2026-10-08,3040258764,069-01034-0102,"NAVIGATION SET,SATELLITE SIGNALS KLN-94",PAMALS,REC,,BANT,357.0
2026-10-08,3040259152,066-01141-5101,"TRANSPONDER,RADAR",BABE,REC,,BANT,338.0
2026-10-08,3040259151,066-01141-5101,"TRANSPONDER,RADAR",BANT,REC,,BANT,338.0
2026-10-08,3040259251,064-1019-05,VHF TRANSCEIVE KY196,EEAR,REC,,EEAR,336.0
2026-10-08,3040259146,1U149-015-15,HORIZ. GYRO-STADBY,PAMALS,REC,EM REPARO,VEE ONE,335.0
2026-10-08,3040259147,162-10700,OUTER WHEEL HALF ASSY,BANT,REC,EM REPARO,AMA - VEE ONE,335.0
2026-10-08,3040259148,3049038-03,"VALVE,COMPRESSOR BLEED",BANT,OS concluída,,,
2026-10-08,3040259316,2606015-4,INDICATOR-OIL TEMP/OIL PRESS,BACG,OS concluída,,PAMA-LS,
2026-10-08,3040259564,C414007-0102,BLOWER ASSY,PAMALS,OS concluída,,,
2026-10-08,3040259568,C414007-0102,BLOWER ASSY,ALA 10,OS concluída,,,
2026-10-08,3040259570,C414007-0102,BLOWER ASSY,ALA 10,OS concluída,,,
2026-10-08,3040259694,025323-150,FUEL PUMP,PAMASP,REC,,BACO,324.0
2026-10-08,3040259922,C414007-0102,BLOWER ASSY,BANT,OS concluída,,PAMA-LS,
2026-10-08,3040259928,C414007-0102,BLOWER ASSY,PAMALS,REC,EM REPARO,VEE ONE,317.0
2026-10-08,3040259924,C414007-0102,BLOWER ASSY,BACG,REC,EM REPARO,VEE ONE,317.0
2026-10-08,3040259918,C414007-0102,BLOWER ASSY,ALA 10,OS concluída,,VEE ONE,
2026-10-08,3040259950,065-0060-01,"CONTROL,SERVO,AUTOMATIC PILOT",PAMALS,REC,EM REPARO,LEAP,317.0
2026-10-08,3040259949,065-0060-01,"CONTROL,SERVO,AUTOMATIC PILOT",PAMALS,REC,EM REPARO,LEAP,317.0
2026-10-08,3040259947,066-3046-07,"CONTROL,INDICATOR",EEAR,OS concluída,,,
2026-10-08,3040259946,066-3046-07,"CONTROL,INDICATOR",BANT,REC,,BANT,317.0
2026-10-08,3040259944,066-3046-07,"CONTROL,INDICATOR",EEAR,REC,,PAMA-LS,317.0
2026-10-08,3040260209,011-00916-00,DISPLAY UNIT GDU 1040A,PAMALS,REC,,BAMN,303.0
2026-10-08,3040260208,324843-W020,HEADSET-MICROPHONE,PAMALS,REC,VAI SER DEVOLVIDO SEM REPARO,WILLIAM,303.0
2026-10-08,3040260204,324843-W020,HEADSET-MICROPHONE,PAMALS,OS concluída,,,
2026-10-08,3040260205,324843-W020,HEADSET-MICROPHONE,PAMALS,OS concluída,,,
2026-10-08,3040260388,SD5H14C4527,AIR COMPRESSOR,PAMALS,REC,EM REPARO,VEE ONE,296.0
2026-10-08,3040260382,065-00183-0501,AUTOPILOT COMPUTER KFC225,BANT,REC,,BANT,296.0
2026-10-08,3040260389,SD5H14C4527,AIR COMPRESSOR,PAMALS,REC,EM REPARO,VEE ONE,296.0
2026-10-08,3040260517,ASG12000-2,ALTERNATOR,PAMALS,OS concluída,,,
2026-10-08,3040260524,51539-012M,CONTROL UNIT ASSY-GENERATOR,BANT,REC,,BACG,293.0
2026-10-08,3040260516,ASG12000-2,ALTERNATOR,PAMALS,REC,,V1 PAMA-LS,293.0
2026-10-08,3040260523,9910592-2,ALTERNADOR,BAMN,OS concluída,,babr,
2026-10-08,3040260522,9910592-2,ALTERNADOR,BAMN,REC,,dacta II,293.0
2026-10-08,3040260547,161-12800,WHEEL HALF ASSY-INNER,EPCAR,OS concluída,,BABE,
2026-10-08,3040260545,161-11700,INNER WHEEL HALF ASSY,BACG,OS concluída,,,
2026-10-08,3040260544,161-11700,INNER WHEEL HALF ASSY,BANT,OS concluída,,,
2026-10-08,3040260546,161-12800,WHEEL HALF ASSY-INNER,PAMALS,OS concluída,,,
2026-10-08,3040260548,161-11700,INNER WHEEL HALF ASSY,CLA,OS concluída,,,
2026-10-08,3040260549,162-10700,OUTER WHEEL HALF ASSY,BACG,OS concluída,,,
2026-10-08,3040260550,162-10700,OUTER WHEEL HALF ASSY,CLA,OS concluída,,,
2026-10-08,3040260551,162-11800,WHEEL HALF ASSY-OUTER,BANT,OS concluída,,,
2026-10-08,3040260552,30994-001,BATTERY-MARATHON TSP410 NICAD,BABE,OS concluída,,PAMA-LS,
2026-10-08,3040260543,324843-W020,HEADSET-MICROPHONE,PAMALS,REC,,PAMA-LS,275.0
2026-10-08,3040260542,324843-W020,HEADSET-MICROPHONE,PAMALS,REC,,BABE,275.0
2026-10-08,3040260541,324843-W020,HEADSET-MICROPHONE,PAMALS,OS concluída,,,
2026-10-08,3040260540,324843-W020,HEADSET-MICROPHONE,PAMALS,OS concluída,,,
2026-10-08,3040260538,324843-W020,HEADSET-MICROPHONE,PAMALS,REC,,BABE,275.0
2026-10-08,3040260539,324843-W020,HEADSET-MICROPHONE,PAMALS,REC,,BABE,275.0
2026-10-08,3040260595,9910586-4,FLAP ACTUATOR AND MOTOR ASSEMBLY,7 ETA,REC,,BAMN,275.0
2026-10-08,3040260597,9910586-4,FLAP ACTUATOR AND MOTOR ASSEMBLY,BAPV,OS concluída,,BABR,
2026-10-08,3040260583,3244897-4,FUEL CONTROL UNIT,PAMALS,OS concluída,,,
2026-10-08,3040260750,3122678-04,FUEL CONTROL UNIT,PAMASP,REC,,BANT,267.0
2026-10-08,3040260752,3244897-4,FUEL CONTROL UNIT,PAMASP,OS concluída,,,
2026-10-08,3040260753,3244809-7,"FUEL CONTROL,MAIN,TURBINE ENGINE",PAMASP,OS concluída,,,
2026-10-08,3040260754,3244809-1,"FUEL CONTROL,MAIN,TURBINE ENGINE",PAMASP,REC,EM QUARENTENA,LEAP,267.0
2026-10-08,3040254794,C145-350,"MOTOR,DIRECT CURRENT",PAMALS,OS concluída,,,
2026-10-08,3040260913,064-1054-30,RECEIVER-TRANSMITTER SUBASSEMBLY,EPCAR,REC,,V1 PAMA-LS,255.0
2026-10-08,3040260915,064-1054-30,RECEIVER-TRANSMITTER SUBASSEMBLY,PAMALS,REC,,BABR,255.0
2026-10-08,3040260811,3034792,BOMBA DE COMBUSTÍVEL,BAPV,OS concluída,,BABR,
2026-10-08,3040260812,3034792,BOMBA DE COMBUSTÍVEL,BACG,OS concluída,,,
2026-10-08,3040260922,162-11800,WHEEL HALF ASSY-OUTER,PAMALS,OS concluída,,,
2026-10-08,3040260923,030-18200,MAIN WHEEL BRAKE,BACO,REC,REPARADO,VEE ONE,253.0
2026-10-08,3040261389,3034792,BOMBA DE COMBUSTÍVEL,PAMASP,OS concluída,REPARADO,V1 PAMA-LS,
2026-10-08,3040261388,3034792,BOMBA DE COMBUSTÍVEL,BABR,OS concluída,,,
2026-10-08,3040261387,3034792,BOMBA DE COMBUSTÍVEL,BABR,OS concluída,,,
2026-10-08,3040261371,TFF2905-13,FUEL FLOW TRANSDUCER,ALA 8,REC,,PAMA-LS,240.0
2026-10-08,3040261375,C661065-0240RX,"INDICATOR, AIRSPEED",BACG,REC,EM REPARO,WILLIAM,240.0
2026-10-08,3040261373,C661065-0240,AIRSPEED INDICATOR,BABE,OS concluída,,PAMA-LS,
2026-10-08,3040261322,011-00831-00,"ENGINE INTERFA,SPEC",BAPV,REC,,VEE ONE,240.0
2026-10-08,3040261326,011-00882-10,"COMPUTER,AIR DATA",BAMN,OS concluída,,,
2026-10-08,3040261324,011-00882-10,"COMPUTER,AIR DATA",BAMN,OS concluída,,,
2026-10-08,3040261327,064-1054-30,RECEIVER-TRANSMITTER SUBASSEMBLY,PAMASP,OS concluída,,PAMA-LS,
2026-10-08,3040261336,066-01141-0101,"RECEIVER,RADIO",BANT,OS concluída,,PAMA-LS,
2026-10-08,3040261334,065-0065-01,SELECTOR ALT,BANT,REC,,PAMA-LS,240.0
2026-10-08,3040261331,065-0061-36,ACTUATOR TRIM (KS272A),PAMASP,OS concluída,,BABR,
2026-10-08,3040261329,065-0061-36,ACTUATOR TRIM (KS272A),ALA 10,OS concluída,,,
2026-10-08,3040261335,065-0065-01,SELECTOR ALT,BANT,OS concluída,,PAMA-LS,
2026-10-08,3040261342,066-3084-02,COLOR RADAR INDICATOR,BABV,REC,,PAMA-LS,240.0
2026-10-08,3040261340,066-1053-00,"RECEIVER,RADIO",BASM,OS concluída,,PAMA-LS,
2026-10-08,3040261377,066-3054-01,INDICATOR RADAR ALTIMETER - TYPE KI250,PAMALS,REC,EM REPARO,WILLIAM,240.0
2026-10-08,3040261376,066-1061-03,RT RADAR ALTIM (KRA10A),PAMALS,REC,PARA REPARO,VEE ONE,240.0
2026-10-08,3040261352,1134380-4,EVAPORATOR MODULE ASSY-RH,BAMN,REC,CONDENADO,VEE ONE,240.0
2026-10-08,3040261347,071-1234-00,ANTENNA ACCESSORY,ALA 1,REC,EM REPARO,WILLIAM,240.0
2026-10-08,3040261344,066-4010-12,RECEIVER VOR/LOC (KNS81),ALA 10,REC,EM REPARO,WILLIAM,240.0
2026-10-08,3040261353,1H75-21,PRESSURE REGULATOR,BAMN,OS concluída,,BAMN,
2026-10-08,3040261357,2682001-1,BRAKE CYL MAST,BABE,OS concluída,,,
2026-10-08,3040261356,2670104-2,ANNUNCIATOR PANEL,PAMALS,OS concluída,,,
2026-10-08,3040261355,2643100-201,NOSE GEAR STRUT ASSY - TALL FORK,BABR,OS concluída,,,
2026-10-08,3040261354,2643100-201,NOSE GEAR STRUT ASSY - TALL FORK,BANT,REC,EM REPARO,AV AERONAUTICA,240.0
2026-10-08,3040261364,8210-002-01,GOVERNOR PROPELLER,PAMASP,REC,REPARADO,VEE ONE,240.0
2026-10-08,3040261627,S3828-1,ALTIMETER,BAMN,REC,,PAMA-LS,226.0
2026-10-08,3040261628,S3828-1,ALTIMETER,BABE,REC,REPARADO,V1 PAMA-LS,226.0
2026-10-08,3040261851,51539-012MRX,CONTROL UNIT ASSY-GENERATOR,BABE,REC,EM REPARO,VEE ONE,218.0
2026-10-08,3040261852,51539-012MRX,CONTROL UNIT ASSY-GENERATOR,BABE,REC,EM REPARO,VEE ONE,218.0
2026-10-08,3040261843,3034792,BOMBA DE COMBUSTÍVEL,PAMALS,REC,EM REPARO,VEE ONE,213.0
2026-10-08,3040262245,200SGL119Q-2,STARTER GENERATOR,BAMN,OS concluída,,,
2026-10-08,3040262246,200SGL119Q-2,STARTER GENERATOR,BAMN,OS concluída,,,
2026-10-08,3040262273,324843-W020,HEADSET-MICROPHONE,BABE,OS concluída,,,
2026-10-08,3040262275,324843-W020,HEADSET-MICROPHONE,BANT,OS concluída,,,
2026-10-08,3040262363,066-1055-00,AUDIO CONTROL PANEL,ALA 5,OS concluída,,,
2026-10-08,3040262367,066-1055-00,AUDIO CONTROL PANEL,ALA 9,OS concluída,,WILLIAM,
2026-10-08,3040262368,066-1055-00,AUDIO CONTROL PANEL,CLA,OS concluída,,,
2026-10-08,3040262372,51539-012M,CONTROL UNIT ASSY-GENERATOR,BANT,OS concluída,,PAMA-LS,
2026-10-08,3040262371,51539-012N,CONTROL UNIT ASSY-GENERATOR,BANT,REC,,PAMA-LS,196.0
2026-10-08,3040262419,065-0061-36,ACTUATOR TRIM (KS272A),ALA 9,REC,EM REPARO,WILLIAM,191.0
2026-10-08,3040262734,C352,PORTABLE HALON FIRE EXTINGUISHERS,ALA 5,REC,EM REPARO,AV AERONAUTICA,178.0
2026-10-08,3040262738,C352TS,"EXTINGUISHER,FIRE",BANT,REC,,AV AERONÁUTICA,178.0
2026-10-08,3040262739,C352TS,"EXTINGUISHER,FIRE",BANT,OS concluída,,AV AERONÁUTICA,
2026-10-08,3040262740,C352TS,"EXTINGUISHER,FIRE",PAMALS,OS concluída,,AV AERONÁUTICA,
2026-10-08,3040262766,011-00883-20,RADAR GWX 68 WEATHER,BAMN,OS concluída,,V1 PAMA-LS,
2026-10-08,3040262765,011-00883-20,RADAR GWX 68 WEATHER,BAMN,REC,,V1 PAMA-LS,178.0
2026-10-08,3040262772,011-01020-10,AFCS MODE CONTROLLER GMC 710,BAMN,OS concluída,,PAMA-LS,
2026-10-08,3040262770,011-01020-10,AFCS MODE CONTROLLER GMC 710,BAMN,OS concluída,,PAMA-LS,
2026-10-08,3040262773,011-01020-10,AFCS MODE CONTROLLER GMC 710,BAMN,OS concluída,,PAMA-LS,
2026-10-08,3040262746,066-1070-01,TRANSCEIVER DME (KN63),BABE,REC,EM REPARO,WILLIAM,178.0
2026-10-08,3040262745,064-1019-05,VHF TRANSCEIVE KY196,EEAR,REC,EM REPARO,VEE ONE,178.0
2026-10-08,3040262747,066-1072-00,RECEIVER ADF (KING KR87),ALA 7,REC,EM REPARO,WILLIAM,178.0
2026-10-08,3040262748,066-3046-07,"CONTROL,INDICATOR",BABR,REC,,BANT,178.0
2026-10-08,3040262769,066-3046-07,"CONTROL,INDICATOR",BABR,REC,,BANT,178.0
2026-10-08,3040262768,066-3046-07,"CONTROL,INDICATOR",EEAR,OS concluída,,BABR,
2026-10-08,3040262767,066-3046-07,"CONTROL,INDICATOR",EEAR,REC,EM REPARO,LEAP,178.0
2026-10-08,3040262791,066-3060-00,IND RMI KNI582,BANT,OS concluída,,,
2026-10-08,3040262630,161-11700,INNER WHEEL HALF ASSY,BANT,OS concluída,,PAMA-LS,
2026-10-08,3040262792,066-3060-00,IND RMI KNI582,BANT,REC,EM REPARO,LEAP,178.0
2026-10-08,3040262634,162-10700,OUTER WHEEL HALF ASSY,BANT,OS concluída,,PAMA-LS,
2026-10-08,3040262632,161-12800,WHEEL HALF ASSY-INNER,BANT,OS concluída,REPARADO,VEE ONE,
2026-10-08,3040262633,161-12800,WHEEL HALF ASSY-INNER,BANT,OS concluída,,,
2026-10-08,3040262635,162-11800,WHEEL HALF ASSY-OUTER,EPCAR,OS concluída,,,
2026-10-08,3040262637,162-11800,WHEEL HALF ASSY-OUTER,BANT,OS concluída,REPARADO,VEE ONE,
2026-10-08,3040262636,162-11800,WHEEL HALF ASSY-OUTER,BANT,OS concluída,REPARADO,VEE ONE,
2026-10-08,3040262646,200SGL119Q,STARTER GENERATOR,PAMASP,OS concluída,,,
2026-10-08,3040262639,200SGL119Q,STARTER GENERATOR,PAMASP,OS concluída,,PAMA-LS,
2026-10-08,3040262638,200SGL119Q,STARTER GENERATOR,PAMALS,REC,EM REPARO,AV AERONAUTICA,178.0
2026-10-08,3040262757,2606015-2,IND OIL TEMP/P,PAMALS,REC,EM REPARO,VEE ONE,178.0
2026-10-08,3040262706,2641011-5,AXLE-MAIN GEAR,BAMN,REC,,BANT,178.0
2026-10-08,3040262707,2641011-5,AXLE-MAIN GEAR,BABV,OS concluída,REPARADO,VEE ONE,
2026-10-08,3040262717,2641011-5,AXLE-MAIN GEAR,BANT,OS concluída,REPARADO,VEE ONE,
2026-10-08,3040262714,2641011-5,AXLE-MAIN GEAR,BAPV,REC,,BANT,178.0
2026-10-08,3040262713,2641011-5,AXLE-MAIN GEAR,BAPV,OS concluída,,,
2026-10-08,3040262712,2641011-5,AXLE-MAIN GEAR,BABR,REC,,BANT,178.0
2026-10-08,3040262711,2641011-5,AXLE-MAIN GEAR,BABR,REC,,BANT,178.0
2026-10-08,3040262709,2641011-5,AXLE-MAIN GEAR,PAMALS,REC,,BANT,178.0
2026-10-08,3040262708,2641011-5,AXLE-MAIN GEAR,PAMALS,REC,,BANT,178.0
2026-10-08,3040262744,3244809-1A,F.C.U,PAMALS,REC,EM REPARO,LEAP,178.0
2026-10-08,3040262758,9910338-4,FUEL TOTALIZER INDICATOR,PAMALS,REC,EM REPARO,VEE ONE,178.0
2026-10-08,3040262759,9910338-6,"TRANSMITTER,RATE OF FLOW",BAMN,REC,,PAMA-LS,178.0
2026-10-08,3040262760,9910338-6,"TRANSMITTER,RATE OF FLOW",BANT,REC,EM REPARO,VEE ONE,178.0
2026-10-08,3040262966,2682001-1,BRAKE CYL MAST,BACO,OS concluída,,PAMA-LS,
2026-10-08,3040262967,2682001-1,BRAKE CYL MAST,PAMALS,OS concluída,,PAMA-LS,
2026-10-08,3040262968,2682001-1,BRAKE CYL MAST,BANT,OS concluída,,PAMA-LS,
2026-10-08,3040262969,2682001-1,BRAKE CYL MAST,BABE,OS concluída,,PAMA-LS,
2026-10-08,3040263069,453-5060,ELT C406-N,BABE,OS concluída,,,
2026-10-08,3040263283,D145-00-46-2,FLAP ACTUATOR ASSY,PAMALS,REC,,,161.0
2026-10-08,3040263284,D145-00-46-2,FLAP ACTUATOR ASSY,BAFL,REC,,,161.0
2026-10-08,3040263324,069-01033-0101,"RECEIVER-TRANSMITTER,RADIO",PAMALS,REC,EM REPARO,LEAP,161.0
2026-10-08,3040263287,C661065-0237,AIRSPEED INDICATOR,BABR,OS concluída,,,
2026-10-08,3040263288,C661065-0237,AIRSPEED INDICATOR,PAMASP,OS concluída,,,
2026-10-08,3040263314,060-0017-00,FLIGHT DIR HOR,EEAR,REC,EM REPARO,LEAP,161.0
2026-10-08,3040263319,066-1055-00,AUDIO CONTROL PANEL,BABE,OS concluída,,,
2026-10-08,3040263317,060-0017-00,FLIGHT DIR HOR,PAMASP,OS concluída,,BANT,
2026-10-08,3040263316,060-0017-00,FLIGHT DIR HOR,BANT,REC,,BANT,161.0
2026-10-08,3040263320,066-1055-00,AUDIO CONTROL PANEL,PAMALS,REC,EM REPARO,AV AERONAUTICA,161.0
2026-10-08,3040263325,069-01033-0101,"RECEIVER-TRANSMITTER,RADIO",PAMALS,REC,,,161.0
2026-10-08,3040263335,C611008-0101,ALTERNATOR CONTROL UNIT,PAMALS,REC,,BANT,161.0
2026-10-08,3040263336,C611008-0101,ALTERNATOR CONTROL UNIT,PAMALS,REC,,BANT,161.0
2026-10-08,3040263286,C661065-0237,AIRSPEED INDICATOR,BANT,REC,,PAMA-LS,161.0
2026-10-08,3040263322,066-1055-00,AUDIO CONTROL PANEL,ALA 9,REC,EM REPARO,WILLIAM,161.0
2026-10-08,3040263326,069-01033-0101,"RECEIVER-TRANSMITTER,RADIO",PAMALS,REC,,BANT,161.0
2026-10-08,3040263315,060-0017-00,FLIGHT DIR HOR,BACG,OS concluída,,BABR,
2026-10-08,3040263334,011-00916-10,"DISPLAY UNIT,FLIGHT INFORMATION",BACO,REC,,WILLIAM,161.0
2026-10-08,3040263333,011-00916-10,"DISPLAY UNIT,FLIGHT INFORMATION",BACO,OS concluída,,BAMN,
2026-10-08,3040263332,011-00916-10,"DISPLAY UNIT,FLIGHT INFORMATION",BAMN,OS concluída,,,
2026-10-08,3040263331,C661064-0237,AIRSPEED INDICATOR,PAMALS,REC,,PAMA-LS,161.0
2026-10-08,3040263329,C661064-0237,AIRSPEED INDICATOR,PAMALS,REC,,PAMA-LS,161.0
2026-10-08,3040263328,C661064-0237,AIRSPEED INDICATOR,BABR,REC,EM REPARO,WILLIAM,161.0
2026-10-08,3040263327,C661064-0237,AIRSPEED INDICATOR,BABR,REC,EM REPARO,WILLIAM,161.0
2026-10-08,3040263330,C661064-0237,AIRSPEED INDICATOR,PAMALS,REC,,PAMA-LS,161.0
2026-10-08,3040263338,C611008-0101,ALTERNATOR CONTROL UNIT,PAMALS,REC,,V1 PAMA-LS,161.0
2026-10-08,3040263433,066-03064-0005,"ALTIMETER,SERVO CONTROLLED,AUTOMATIC PRESSURE",BACG,OS concluída,,PAMA-LS,
2026-10-08,3040263435,066-03064-0005,"ALTIMETER,SERVO CONTROLLED,AUTOMATIC PRESSURE",BANT,OS concluída,,PAMA-LS,
2026-10-08,3040263434,066-03064-0005,"ALTIMETER,SERVO CONTROLLED,AUTOMATIC PRESSURE",PAMASP,REC,,PAMA-LS,155.0
2026-10-08,3040263417,069-01033-0101,"RECEIVER-TRANSMITTER,RADIO",PAMALS,REC,EM REPARO,WILLIAM,155.0
2026-10-08,3040263416,069-01033-0101,"RECEIVER-TRANSMITTER,RADIO",BASM,REC,EM REPARO,WILLIAM,155.0
2026-10-08,3040263415,069-01033-0101,"RECEIVER-TRANSMITTER,RADIO",BABR,REC,,BANT,155.0
2026-10-08,3040263447,066-3046-07,"CONTROL,INDICATOR",CLA,OS concluída,,BABR,
2026-10-08,3040263443,3244897-4,FUEL CONTROL UNIT,PAMALS,REC,EM REPARO,LEAP,154.0
2026-10-08,3040263444,3244897-4,FUEL CONTROL UNIT,PAMALS,REC,EM REPARO,LEAP,154.0
2026-10-08,3040263577,060-0015-00,"CONTROL,DIRECTIONAL,AUTOMATIC PILOT",ALA 5,REC,,WILLIAM,149.0
2026-10-08,3040263574,066-1072-04,"RECEIVER,RADIO",BABE,REC,EM REPARO,WILLIAM,149.0
2026-10-08,3040263576,066-1072-04,"RECEIVER,RADIO",BAMN,OS concluída,,WILLIAM,
2026-10-08,3040263575,066-1072-04,"RECEIVER,RADIO",BABE,REC,EM REPARO,WILLIAM,149.0
2026-10-08,3040263573,066-3084-32,IND RDR 2000 IN-182A,PAMALS,REC,,BABR,149.0
2026-10-08,3040263571,066-3084-32,IND RDR 2000 IN-182A,PAMALS,REC,,BANT,149.0
2026-10-08,3040263572,066-3084-32,IND RDR 2000 IN-182A,PAMALS,REC,EM REPARO,WILLIAM,149.0
2026-10-08,3040263448,2618510-10,ALTERNATOR CONTROL UNIT ASSY,BABE,REC,EM REPARO,WILLIAM,149.0
2026-10-08,3040263449,2618510-10,ALTERNATOR CONTROL UNIT ASSY,PAMALS,REC,,BANT,149.0
2026-10-08,3040263877,2641011-5,AXLE-MAIN GEAR,CLA,REC,REPARADO,VEE ONE,139.0
2026-10-08,3040263878,2641011-5,AXLE-MAIN GEAR,CLA,OS concluída,,BABE,
2026-10-08,3040264243,069-01033-0101,"RECEIVER-TRANSMITTER,RADIO",PAMALS,REC,EM REPARO,WILLIAM,132.0
2026-10-08,3040264244,069-01033-0101,"RECEIVER-TRANSMITTER,RADIO",PAMASP,REC,EM REPARO,WILLIAM,132.0
2026-10-08,3040264246,060-0017-00,FLIGHT DIR HOR,PAMALS,REC,,BABR,132.0
2026-10-08,3040264237,200SGL119Q-2,STARTER GENERATOR,BAMN,REC,EM REPARO,AV AERONAUTICA,132.0
2026-10-08,3040264236,200SGL119Q-2,STARTER GENERATOR,BABE,OS concluída,,BABE,
2026-10-08,3040264121,3244897-4,FUEL CONTROL UNIT,BABE,OS concluída,EM REPARO,LEAP,
2026-10-08,3040264263,9910338-8,"INDICATOR,FUEL FLOW",PAMALS,OS concluída,,BABR,
2026-10-08,3040264262,9910338-8,"INDICATOR,FUEL FLOW",BABV,OS concluída,,PAMA-LS,
2026-10-08,3040264242,324843-2020,HEADSET-MICROPHONE,BABE,OS concluída,,BAMN,
2026-10-08,3040264264,324843-2020,HEADSET-MICROPHONE,DACTA II,OS concluída,,BAMN,
2026-10-08,3040264238,324843-2020,HEADSET-MICROPHONE,DACTA II,OS concluída,,,
2026-10-08,3040264241,324843-2020,HEADSET-MICROPHONE,DACTA II,OS concluída,,BAMN,
2026-10-08,3040264240,324843-2020,HEADSET-MICROPHONE,DACTA II,OS concluída,,BAMN,
2026-10-08,3040264122,3244809-8,"FUEL CONTROL,MAIN,TURBINE ENGINE",BABE,OS concluída,,BABR,
2026-10-08,3040263797,066-3046-07,"CONTROL,INDICATOR",BABE,REC,EM REPARO,WILLIAM,132.0
2026-10-08,3040263798,066-3046-07,"CONTROL,INDICATOR",PAMASP,OS concluída,,,
2026-10-08,3040263799,066-3046-07,"CONTROL,INDICATOR",PAMASP,REC,EM REPARO,WILLIAM,132.0
2026-10-08,3040263795,071-01519-0101,"RECEIVER-EXCITER,RADAR",PAMALS,REC,,BANT,132.0
2026-10-08,3040263796,071-01519-0101,"RECEIVER-EXCITER,RADAR",PAMALS,REC,EM REPARO,WILLIAM,132.0
2026-10-08,3040264579,060-0017-00,FLIGHT DIR HOR,BABR,OS concluída,,,
2026-10-08,3040264577,060-0017-00,FLIGHT DIR HOR,PAMALS,REC,,,120.0
2026-10-08,3040264573,060-0017-00,FLIGHT DIR HOR,BANT,REC,,,120.0
2026-10-08,3040264574,060-0017-00,FLIGHT DIR HOR,BANT,REC,,,120.0
2026-10-08,3040264576,060-0017-00,FLIGHT DIR HOR,PAMALS,REC,,,120.0
2026-10-08,3040264572,060-0017-00,FLIGHT DIR HOR,PAMASP,REC,,,120.0
2026-10-08,3040264647,1H75-21,PRESSURE REGULATOR,BAMN,REC,,,115.0
2026-10-08,3040264646,1H75-21,PRESSURE REGULATOR,PAMASP,REC,,,115.0
2026-10-08,3040264645,1H75-21,PRESSURE REGULATOR,PAMASP,REC,,,115.0
2026-10-08,3040264643,1H75-21,PRESSURE REGULATOR,PAMASP,OS concluída,,,
2026-10-08,3040264707,3244809-7,"FUEL CONTROL,MAIN,TURBINE ENGINE",BABE,OS concluída,,,
2026-10-08,3040264709,540-1407-4,"VALVE,BLEED,TURBINEENGINE",PAMASP,REC,,,115.0
2026-10-08,3040264710,200SGL153Q,"STARTER-GENERATOR,ENGINE,AIRCRAFT",CLA,OS concluída,,,
2026-10-08,3040264711,200SGL153Q,"STARTER-GENERATOR,ENGINE,AIRCRAFT",PAMASP,OS concluída,,,
2026-10-08,3040264712,200SGL153Q,"STARTER-GENERATOR,ENGINE,AIRCRAFT",BACG,REC,,,115.0
2026-10-08,3040264718,9910338-8,"INDICATOR,FUEL FLOW",PAMALS,REC,,,115.0
2026-10-08,3040264719,S3326-2,"INDICATOR,HORIZONTAL SITUATION",ALA 8,REC,,,115.0
2026-10-08,3040264720,S3326-2,"INDICATOR,HORIZONTAL SITUATION",PAMALS,REC,,,115.0
2026-10-08,3040264721,S3326-2,"INDICATOR,HORIZONTAL SITUATION",PAMASP,REC,,,115.0
2026-10-08,3040264724,2606013-1AM,INDICADOR PERCENTUAL RPM,BABV,REC,,,115.0
2026-10-08,3040264725,2606013-1AM,INDICADOR PERCENTUAL RPM,BABR,REC,,,115.0
2026-10-08,3040264726,2606015-4,INDICATOR-OIL TEMP/OIL PRESS,BANT,REC,,,115.0
2026-10-08,3040264727,C661051-0201,GYRO HORIZON,ALA 10,REC,,,115.0
2026-10-08,3040264728,504-0111-906,GYRO HORIZON,PAMALS,OS concluída,,,
2026-10-08,3040264729,504-0111-906,GYRO HORIZON,BACG,OS concluída,,,
2026-10-08,3040264730,8210-003,"GOVERNOR,FUEL CONTROL",PAMASP,REC,,,115.0
2026-10-08,3040264731,8210-002,"GOVERNOR,CONSTANT SPEED DRIVE",PAMASP,REC,,,115.0
2026-10-08,3040264732,8210-002,"GOVERNOR,CONSTANT SPEED DRIVE",BAMN,REC,,,115.0
2026-10-08,3040264733,030-18200,MAIN WHEEL BRAKE,BAMN,REC,,,115.0
2026-10-08,3040264734,030-18200,MAIN WHEEL BRAKE,BAMN,REC,,,115.0
2026-10-08,3040264735,161-11700,INNER WHEEL HALF ASSY,PAMALS,REC,,,115.0
2026-10-08,3040264736,161-12800,WHEEL HALF ASSY-INNER,BABR,REC,,,115.0
2026-10-08,3040264737,161-12800,WHEEL HALF ASSY-INNER,PAMALS,AUT,,,115.0
2026-10-08,3040264738,162-10700,OUTER WHEEL HALF ASSY,BACO,AUT,,,115.0
2026-10-08,3040264807,011-01105-01,INTEGRATED AVIONICS UNIT GIA63W,ALA 8,REC,,,107.0
2026-10-08,3040264808,011-01105-01,INTEGRATED AVIONICS UNIT GIA63W,BAMN,REC,,,107.0
2026-10-08,3040264907,011-00916-10,"DISPLAY UNIT,FLIGHT INFORMATION",BAMN,REC,,,100.0
2026-10-08,3040264908,011-00916-10,"DISPLAY UNIT,FLIGHT INFORMATION",BABV,OS concluída,,,
2026-10-08,3040264974,3244809-8,"FUEL CONTROL,MAIN,TURBINE ENGINE",BAMN,REC,,,98.0
2026-10-08,3040264961,3244897-4,FUEL CONTROL UNIT,CLA,OS concluída,,,
2026-10-08,3040264960,3034792,BOMBA DE COMBUSTÍVEL,CLA,OS concluída,,,
2026-10-08,3040265144,011-01020-10,AFCS MODE CONTROLLER GMC 710,BABE,REC,,,92.0
2026-10-08,3040265140,011-01020-10,AFCS MODE CONTROLLER GMC 710,BABE,REC,,,92.0
2026-10-08,3040265482,066-3084-32,IND RDR 2000 IN-182A,BABR,REC,,,77.0
2026-10-08,3040265484,066-3084-32,IND RDR 2000 IN-182A,BANT,REC,,,77.0
2026-10-08,3040265485,066-3084-32,IND RDR 2000 IN-182A,BABR,REC,,,77.0
2026-10-08,3040265526,ASG12000-2,ALTERNATOR,PAMALS,REC,,,73.0
2026-10-08,3040265525,ASG12000-2,ALTERNATOR,BABR,OS concluída,,,
2026-10-08,3040265527,9910592-2,ALTERNADOR,BABR,REC,,,73.0
2026-10-08,3040265533,3122678-04,FUEL CONTROL UNIT,BABR,REC,,,73.0
2026-10-08,3040265532,C611505-0201,ALTERNATOR,BANT,REC,,,73.0
2026-10-08,3040265530,C611505-0201,ALTERNATOR,BABV,OS concluída,,,
2026-10-08,3040265528,9910592-2,ALTERNADOR,BABR,REC,,,73.0
2026-10-08,3040265724,3244897-4,FUEL CONTROL UNIT,CLA,REC,,,72.0
2026-10-08,3040265474,C611008-0101,ALTERNATOR CONTROL UNIT,PAMALS,REC,,,70.0
2026-10-08,3040265475,C611008-0101,ALTERNATOR CONTROL UNIT,BABV,REC,,,70.0
2026-10-08,3040265476,C611008-0101,ALTERNATOR CONTROL UNIT,PAMALS,REC,,,70.0
2026-10-08,3040265477,C611008-0101,ALTERNATOR CONTROL UNIT,PAMALS,REC,,,70.0
2026-10-08,3040265576,011-00916-10,"DISPLAY UNIT,FLIGHT INFORMATION",BAMN,REC,,,69.0
2026-10-08,3040265580,011-00916-00,DISPLAY UNIT GDU 1040A,PAMALS,REC,,,73.0
2026-10-08,3040265581,011-00916-00,DISPLAY UNIT GDU 1040A,PAMALS,REC,,,73.0
2026-10-08,3040265589,EA-5175-52-CES,INDICATOR TRUE,BABV,REC,,,73.0
2026-10-08,3040265590,EA-5175-52-CES,INDICATOR TRUE,BASM,REC,,,73.0
2026-10-08,3040265591,EA-5175-52-CES,INDICATOR TRUE,BABV,REC,,,73.0
2026-10-08,3040265592,EA-5175-52-CES,INDICATOR TRUE,BABV,REC,,,73.0
2026-10-08,3040265668,9910592-2,ALTERNADOR,PAMALS,OS concluída,,,
2026-10-08,3040265678,9910592-2,ALTERNADOR,BAMN,REC,,,73.0
2026-10-08,3040265679,C611505-0201,ALTERNATOR,PAMALS,REC,,,73.0
2026-10-08,3040265680,C611505-0201,ALTERNATOR,ALA 8,REC,,,73.0
2026-10-08,3040265726,071-01519-0101,"RECEIVER-EXCITER,RADAR",PAMALS,REC,,,72.0
2026-10-08,3040265727,071-01519-0101,"RECEIVER-EXCITER,RADAR",CLA,REC,,,72.0
2026-10-08,3040265728,C163030-1001,MAIN W BRAKE A,BAMN,REC,,,72.0
2026-10-08,3040265731,066-3046-07,"CONTROL,INDICATOR",BABR,REC,,,72.0
2026-10-08,3040265732,066-3046-07,"CONTROL,INDICATOR",BANT,REC,,,72.0
2026-10-08,3040265734,066-3046-07,"CONTROL,INDICATOR",EEAR,REC,,,72.0
2026-10-08,3040265735,066-3046-07,"CONTROL,INDICATOR",CLA,REC,,,72.0
2026-10-08,3040265736,C611008-0101,ALTERNATOR CONTROL UNIT,BABV,REC,,,72.0
2026-10-08,3040265737,C611008-0101,ALTERNATOR CONTROL UNIT,EEAR,REC,,,72.0
2026-10-08,3040265738,C611008-0101,ALTERNATOR CONTROL UNIT,PAMALS,REC,,,72.0
2026-10-08,3040265739,C611008-0101,ALTERNATOR CONTROL UNIT,BANT,REC,,,72.0
2026-10-08,3040265740,C611008-0101,ALTERNATOR CONTROL UNIT,BABE,REC,,,72.0
2026-10-08,3040265741,C611008-0101,ALTERNATOR CONTROL UNIT,BABR,REC,,,72.0
2026-10-08,3040265742,066-1072-04,"RECEIVER,RADIO",BACG,REC,,,72.0
2026-10-08,3040265743,066-1072-04,"RECEIVER,RADIO",BAMN,REC,,,72.0
2026-10-08,3040265744,066-1072-04,"RECEIVER,RADIO",PAMALS,REC,,,72.0
2026-10-08,3040265745,066-3084-32,IND RDR 2000 IN-182A,PAMALS,REC,,,72.0
2026-10-08,3040265746,066-3084-32,IND RDR 2000 IN-182A,PAMALS,REC,,,72.0
2026-10-08,3040265747,30994-001,BATTERY-MARATHON TSP410 NICAD,PAMALS,AUT,,,72.0
2026-10-08,3040265748,30994-001,BATTERY-MARATHON TSP410 NICAD,PAMALS,AUT,,,72.0
2026-10-08,3040265749,30994-001,BATTERY-MARATHON TSP410 NICAD,PAMALS,AUT,,,72.0
2026-10-08,3040265750,30994-001,BATTERY-MARATHON TSP410 NICAD,PAMALS,AUT,,,72.0
2026-10-08,3040265751,30994-001,BATTERY-MARATHON TSP410 NICAD,PAMALS,AUT,,,72.0
2026-10-08,3040265752,2641011-5,AXLE-MAIN GEAR,BAMN,REC,,,72.0
2026-10-08,3040265753,2641011-5,AXLE-MAIN GEAR,BAMN,REC,,,72.0
2026-10-08,3040265754,161-11700,INNER WHEEL HALF ASSY,BACO,AUT,,,72.0
2026-10-08,3040265755,161-12800,WHEEL HALF ASSY-INNER,BABE,REC,,,72.0
2026-10-08,3040265757,066-01141-0101,"RECEIVER,RADIO",PAMALS,REC,,,72.0
2026-10-08,3040265758,066-01141-0101,"RECEIVER,RADIO",PAMALS,REC,,,72.0
2026-10-08,3040265759,C660501-0103,"COMPASS,SPEC",DACTA II,REC,,,72.0
2026-10-08,3040265769,023694-000,BATTERY NICKEL CADMIUM,BAPV,REC,,,71.0
2026-10-08,3040265771,2651023-23,ENGINE MOUNT ASSEMBLY,PAMALS,REC,,,71.0
2026-10-08,3040265772,2651023-23,ENGINE MOUNT ASSEMBLY,PAMALS,REC,,,71.0
2026-10-08,3040265892,324843-0020,HEADSET-MICROPHONE,PAMALS,REC,,,66.0
2026-10-08,3040265893,324843-0020,HEADSET-MICROPHONE,PAMALS,OS concluída,,,
2026-10-08,3040265894,324843-0020,HEADSET-MICROPHONE,PAMALS,REC,,,66.0
2026-10-08,3040265895,324843-0020,HEADSET-MICROPHONE,PAMALS,REC,,,66.0
2026-10-08,3040265946,011-00870-00,MAGNETOMETER GMU 44,BAMN,REC,,,63.0
2026-10-08,3040265947,011-00870-00,MAGNETOMETER GMU 44,BAMN,REC,,,63.0
2026-10-08,3040266034,C662041-0102,INDICATOR FUEL,BABE,REC,,,59.0
2026-10-08,3040266040,C662041-0102,INDICATOR FUEL,PAMALS,OS concluída,,,
2026-10-08,3040266036,C662041-0102,INDICATOR FUEL,PAMALS,REC,,,59.0
2026-10-08,3040266035,C662041-0102,INDICATOR FUEL,PAMALS,REC,,,51.0
2026-10-08,3040266039,C662041-0102,INDICATOR FUEL,BANT,REC,,,51.0
2026-10-08,3040266041,C662041-0102,INDICATOR FUEL,PAMALS,REC,,,51.0
2026-10-08,3040266307,069-01033-0101,"RECEIVER-TRANSMITTER,RADIO",PAMALS,REC,,,49.0
2026-10-08,3040266308,069-01033-0101,"RECEIVER-TRANSMITTER,RADIO",BANT,REC,,,49.0
2026-10-08,3040266306,069-01033-0101,"RECEIVER-TRANSMITTER,RADIO",BACG,REC,,,49.0
2026-10-08,3040266307,069-01033-0101,"RECEIVER-TRANSMITTER,RADIO",PAMALS,REC,,,49.0
2026-10-08,3040266308,069-01033-0101,"RECEIVER-TRANSMITTER,RADIO",BANT,REC,,,49.0
2026-10-08,3040266568,C662504-0101,GAGE VOLT AMME,PAMALS,REC,,,38.0
2026-10-08,3040266567,C662504-0101,GAGE VOLT AMME,ALA 9,REC,,,38.0
2026-10-08,3040266566,C662504-0101,GAGE VOLT AMME,PAMALS,REC,,,38.0
2026-10-08,3040266569,C662504-0101,GAGE VOLT AMME,BABV,REC,,,38.0
2026-10-08,3040266644,2643100-206,NOSE GEAR STRUT ASSY - TALL FORK,BAMN,REC,,,34.0
2026-10-08,3040266685,9910586-4,FLAP ACTUATOR AND MOTOR ASSEMBLY,PAMALS,REC,,,29.0
2026-10-08,3040266684,9910586-4,FLAP ACTUATOR AND MOTOR ASSEMBLY,BANT,REC,,,29.0
2026-10-08,3040266682,161-11700,INNER WHEEL HALF ASSY,DACTA II,REC,,,29.0
2026-10-08,3040266683,162-11800,WHEEL HALF ASSY-OUTER,BAMN,REC,,,29.0
2026-10-08,3040266681,162-10700,OUTER WHEEL HALF ASSY,DACTA II,REC,,,29.0
2026-10-08,3040266667,2641011-5,AXLE-MAIN GEAR,BACO,REC,,,29.0
2026-10-08,3040266666,2641011-5,AXLE-MAIN GEAR,BACO,REC,,,29.0
2026-10-08,3040266664,2641011-5,AXLE-MAIN GEAR,BANT,REC,,,29.0
2026-10-08,3040266665,2641011-5,AXLE-MAIN GEAR,BANT,REC,,,29.0
2026-10-08,3040266660,2643031-7,"FORK ASSY,NOSE GEAR SPRING",PAMALS,REC,,,29.0
2026-10-08,3040266662,2641012-14,TRUNNION ASSY-RH-MAIN GEAR,PAMALS,REC,,,29.0
2026-10-08,3040266663,2641012-14,TRUNNION ASSY-RH-MAIN GEAR,BANT,REC,,,29.0
2026-10-08,3040266661,2643031-7,"FORK ASSY,NOSE GEAR SPRING",PAMALS,REC,,,29.0
2026-10-08,3040266656,2643099-4,"SUPPORT ASSY FOWARD, NLG SPRING",BABE,REC,,,29.0
2026-10-08,3040266657,2643099-4,"SUPPORT ASSY FOWARD, NLG SPRING",PAMASP,REC,,,29.0
2026-10-08,3040266658,2643099-4,"SUPPORT ASSY FOWARD, NLG SPRING",PAMASP,REC,,,29.0
2026-10-08,3040266643,2643100-206,NOSE GEAR STRUT ASSY - TALL FORK,BABE,REC,,,29.0
2026-10-08,3040266737,C661025-0101,ALTIMETER (2P),BANT,REC,,,22.0
2026-10-08,3040266724,065-0065-01,SELECTOR ALT,CLA,REC,,,22.0
2026-10-08,3040266725,C662041-0102,INDICATOR FUEL,BABR,REC,,,22.0
2026-10-08,3040266726,C662041-0102,INDICATOR FUEL,BABR,REC,,,22.0
2026-10-08,3040266727,C662041-0102,INDICATOR FUEL,BABR,REC,,,22.0
2026-10-08,3040266730,060-0015-00,"CONTROL,DIRECTIONAL,AUTOMATIC PILOT",PAMALS,REC,,,22.0
2026-10-08,3040266731,060-0015-00,"CONTROL,DIRECTIONAL,AUTOMATIC PILOT",BABV,REC,,,22.0
2026-10-08,3040266723,065-0065-01,SELECTOR ALT,EEAR,REC,,,22.0
2026-10-08,3040266722,065-0065-01,SELECTOR ALT,BANT,REC,,,22.0
2026-10-08,3040266728,060-0015-00,"CONTROL,DIRECTIONAL,AUTOMATIC PILOT",PAMASP,REC,,,22.0
2026-10-08,3040266732,066-3046-07,"CONTROL,INDICATOR",BANT,REC,,,22.0
2026-10-08,3040266884,D210507,"GOVERNOR,OVERSPEED",PAMALS,REC,,,15.0
2026-10-08,3040266882,D210507,"GOVERNOR,OVERSPEED",BANT,REC,,,15.0
2026-10-09,3040249831,066-01141-5101,"RECEIVER-TRANSMITTER,RADIO (KT71)",PAMALS,REC,EM REPARO,LEAP,606.0
2026-10-09,3040250248,452-0133,"BATTERY,NONRECHARGEABLE",BABR,REC,CONDENADO,VEE ONE,590.0
2026-10-09,3040250249,452-0133,"BATTERY,NONRECHARGEABLE",BAMN,REC,CONDENADO,VEE ONE,590.0
2026-10-09,3040250234,3034792,BOMBA DE COMBUSTÍVEL,PAMALS,REC,,BANT,590.0
2026-10-09,3040250816,453-5060,"BEACON,DISTRESS",BAMN,REC,,PAMA-LS,568.0
2026-10-09,3040250830,799-1,TRANSDUCER,BACO,REC,,BANT,568.0
2026-10-09,3040250829,51539-012N,CONTROL UNIT ASSY-GENERATOR,BAMN,OS concluída,,,
2026-10-09,3040250828,51539-012N,CONTROL UNIT ASSY-GENERATOR,BACG,REC,,BABR,568.0
2026-10-09,3040250827,51539-012N,CONTROL UNIT ASSY-GENERATOR,BANT,REC,,BABR,568.0
2026-10-09,3040250831,799-1,TRANSDUCER,BANT,REC,,BANT,568.0
2026-10-09,3040250833,9910586-4,FLAP ACTUATOR AND MOTOR ASSEMBLY,ALA 3,REC,,BAMN,568.0
2026-10-09,3040250834,9910586-4,FLAP ACTUATOR AND MOTOR ASSEMBLY,ALA 3,OS concluída,,,
2026-10-09,3040250832,9910338-4,FUEL TOTALIZER INDICATOR,EEAR,REC,,PAMA-LS,568.0
2026-10-09,3040250835,ASG12000-2,ALTERNATOR,ALA 5,OS concluída,REPARADO,V1 PAMA-LS,
2026-10-09,3040250841,C661030-0301,TURN BANK,PAMALS,REC,EM REPARO,LEAP,568.0
2026-10-09,3040250842,C662041-0102,INDICATOR FUEL,ALA 5,REC,,PAMA-LS,568.0
2026-10-09,3040250844,C662041-0102,INDICATOR FUEL,ALA 9,REC,,PAMA-LS,568.0
2026-10-09,3040250843,C662041-0102,INDICATOR FUEL,ALA 10,OS concluída,,,
2026-10-09,3040250719,060-0017-00,FLIGHT DIR HOR,PAMALS,REC,,BANT,568.0
2026-10-09,3040250720,060-0017-00,FLIGHT DIR HOR,BABV,OS concluída,,,
2026-10-09,3040250722,066-01141-5101,"RECEIVER-TRANSMITTER,RADIO (KT71)",ALA 9,REC,EM REPARO,WILLIAM,568.0
2026-10-09,3040250723,066-01141-5101,"RECEIVER-TRANSMITTER,RADIO (KT71)",CLA,REC,,BABR,568.0
2026-10-09,3040250721,060-0017-00,FLIGHT DIR HOR,BANT,OS concluída,,,
2026-10-09,3040250725,066-3046-07,"CONTROL,INDICATOR",ALA 10,OS concluída,,,
2026-10-09,3040250724,066-04035-1101,"DISPLAY UNIT,RADAR",PAMALS,REC,,BANT,568.0
2026-10-09,3040250732,069-1025-25,"RECEIVER-TRANSMITTER,RADIO - KX165",PAMALS,REC,EM REPARO,WILLIAM,568.0
2026-10-09,3040250782,2606012-1,INDICATOR-INTER-TURBINE TEMPERATURE,ALA 9,OS concluída,,,
2026-10-09,3040250775,161-11700,INNER WHEEL HALF ASSY,BABE,OS concluída,,,
2026-10-09,3040250773,161-11700,INNER WHEEL HALF ASSY,EEAR,REC,,BACG,568.0
2026-10-09,3040250718,030-18200,MAIN WHEEL BRAKE,BACO,OS concluída,,,
2026-10-09,3040250716,030-18200,MAIN WHEEL BRAKE,BABV,REC,EM REPARO,LEAP,568.0
2026-10-09,3040250717,030-18200,MAIN WHEEL BRAKE,BACO,OS concluída,,,
2026-10-09,3040250780,162-11800,WHEEL HALF ASSY-OUTER,PAMALS,OS concluída,,,
2026-10-09,3040250781,162-11800,WHEEL HALF ASSY-OUTER,BACG,OS concluída,,,
2026-10-09,3040250778,161-12800,WHEEL HALF ASSY-INNER,BACG,OS concluída,,,
2026-10-09,3040250776,161-12800,WHEEL HALF ASSY-INNER,BABE,OS concluída,,,
2026-10-09,3040250790,2643031-7,"FORK ASSY,NOSE GEAR SPRING",BAMN,OS concluída,,,
2026-10-09,3040250791,2643090-1,SHIMMY DAMPENE,BANT,REC,EM REPARO,AV AERONAUTICA,568.0
2026-10-09,3040250792,2643090-1,SHIMMY DAMPENE,BAMN,OS concluída,REPARADO,V1 PAMA-LS,
2026-10-09,3040250789,2641012-14,TRUNNION ASSY-RH-MAIN GEAR,PAMASP,OS concluída,,,
2026-10-09,3040250793,2643099-4,"SUPPORT ASSY FOWARD, NLG SPRING",BAMN,OS concluída,,,
2026-10-09,3040250798,30994-001,BATTERY-MARATHON TSP410 NICAD,BANT,OS concluída,CONDENADO,AMA - VEE ONE,
2026-10-09,3040252191,C611008-0101,ALTERNATOR CONTROL UNIT,PAMALS,REC,,BABR,535.0
2026-10-09,3040252159,011-00916-00,DISPLAY UNIT GDU 1040A,BAMN,REC,,BAMN,535.0
2026-10-09,3040252161,065-0042-03,COMPUTER PA,ALA 10,REC,EM REPARO,WILLIAM,535.0
2026-10-09,3040252162,065-0042-03,COMPUTER PA,EEAR,REC,,BABE,535.0
2026-10-09,3040252164,065-0042-03,COMPUTER PA,EEAR,REC,EM REPARO,WILLIAM,535.0
2026-10-09,3040252165,065-0042-03,COMPUTER PA,PAMALS,OS concluída,,,
2026-10-09,3040252166,065-0059-01,SERVO PITCH,EEAR,REC,EM REPARO,WILLIAM,535.0
2026-10-09,3040252168,066-03064-0005,"ALTIMETER,SERVO CONTROLLED,AUTOMATIC PRESSURE",ALA 9,OS concluída,,,
2026-10-09,3040252173,066-03064-0005,"ALTIMETER,SERVO CONTROLLED,AUTOMATIC PRESSURE",BANT,REC,EM REPARO,LEAP,535.0
2026-10-09,3040252172,066-03064-0005,"ALTIMETER,SERVO CONTROLLED,AUTOMATIC PRESSURE",PAMALS,REC,NO ESTADO,VEE ONE,535.0
2026-10-09,3040252170,066-03064-0005,"ALTIMETER,SERVO CONTROLLED,AUTOMATIC PRESSURE",ALA 7,REC,NO ESTADO,VEE ONE,535.0
2026-10-09,3040252178,066-1072-00,RECEIVER ADF (KING KR87),PAMALS,OS concluída,,,
2026-10-09,3040252182,066-1072-04,"RECEIVER,RADIO",ALA 9,OS concluída,,,
2026-10-09,3040252181,066-1072-04,"RECEIVER,RADIO",PAMASP,OS concluída,EM REPARO,WILLIAM,
2026-10-09,3040252180,066-1072-04,"RECEIVER,RADIO",ALA 8,OS concluída,,,
2026-10-09,3040252185,066-1072-04,"RECEIVER,RADIO",BAMN,OS concluída,,,
2026-10-09,3040252189,9910338-6,"TRANSMITTER,RATE OF FLOW",ALA 8,OS concluída,,,
2026-10-09,3040252190,9910338-6,"TRANSMITTER,RATE OF FLOW",BABR,OS concluída,,,
2026-10-09,3040252160,011-01020-10,AFCS MODE CONTROLLER GMC 710,BAMN,OS concluída,,,
2026-10-09,3040252939,C163030-1001,MAIN W BRAKE A,BABV,REC,,BAMN,505.0
2026-10-09,3040252936,030-18200,MAIN WHEEL BRAKE,BACO,REC,,PAMA-LS,505.0
2026-10-09,3040252935,030-18200,MAIN WHEEL BRAKE,BAMN,OS concluída,,,
2026-10-09,3040252940,30-182,MAIN WHEEL BRAKE,BABV,OS concluída,,,
2026-10-09,3040252942,30-182,MAIN WHEEL BRAKE,BAMN,OS concluída,,,
2026-10-09,3040252943,30-182,MAIN WHEEL BRAKE,BAMN,OS concluída,,,
2026-10-09,3040253170,161-12800,WHEEL HALF ASSY-INNER,BASM,OS concluída,,,
2026-10-09,3040253168,161-12800,WHEEL HALF ASSY-INNER,BASM,OS concluída,,PAMA-LS,
2026-10-09,3040253172,161-12800,WHEEL HALF ASSY-INNER,PAMALS,REC,,PAMA-LS,501.0
2026-10-09,3040253174,161-12800,WHEEL HALF ASSY-INNER,PAMALS,OS concluída,,,
2026-10-09,3040253173,161-12800,WHEEL HALF ASSY-INNER,PAMALS,REC,EM REPARO,LEAP,501.0
2026-10-09,3040253176,162-10700,OUTER WHEEL HALF ASSY,BABE,OS concluída,,,
2026-10-09,3040253177,162-10700,OUTER WHEEL HALF ASSY,BABV,OS concluída,,PAMA-LS,
2026-10-09,3040253178,162-10700,OUTER WHEEL HALF ASSY,PAMALS,REC,,PROCURANDO,501.0
2026-10-09,3040253179,162-11800,WHEEL HALF ASSY-OUTER,CLA,OS concluída,,,
2026-10-09,3040253181,162-11800,WHEEL HALF ASSY-OUTER,PAMALS,OS concluída,,,
2026-10-09,3040253180,162-11800,WHEEL HALF ASSY-OUTER,BASM,REC,,PROCURANDO,501.0
2026-10-09,3040253182,162-11800,WHEEL HALF ASSY-OUTER,PAMALS,OS concluída,,PAMA-LS,
2026-10-09,3040253536,2641012-14,TRUNNION ASSY-RH-MAIN GEAR,PAMALS,OS concluída,,,
2026-10-09,3040253529,066-03064-0005,"ALTIMETER,SERVO CONTROLLED,AUTOMATIC PRESSURE",DSM-MN,REC,DEVOLVIDO NO ESTADO,WILLIAM,491.0
2026-10-09,3040253528,066-03064-0005,"ALTIMETER,SERVO CONTROLLED,AUTOMATIC PRESSURE",BANT,OS concluída,,,
2026-10-09,3040253532,799-1,TRANSDUCER,PAMALS,REC,,BANT,491.0
2026-10-09,3040253535,2643099-4,"SUPPORT ASSY FOWARD, NLG SPRING",BABE,REC,CONDENADO,VEE ONE,491.0
2026-10-09,3040253531,799-1,TRANSDUCER,BAMN,REC,,VEE ONE,491.0
2026-10-09,3040253530,799-1,TRANSDUCER,BAMN,REC,,BANT,491.0
2026-10-09,3040253526,30994-001,BATTERY-MARATHON TSP410 NICAD,PAMALS,OS concluída,,PAMA-LS,
2026-10-09,3040253527,30994-001,BATTERY-MARATHON TSP410 NICAD,BAPV,OS concluída,,PAMA-LS,
2026-10-09,3040254195,540-1407-4,"VALVE,BLEED,TURBINEENGINE",PAMALS,REC,,BANT,473.0
2026-10-09,3040254201,2643090-3,SHIMMY DAMPER-NOSE GEAR,PAMALS,OS concluída,,PAMA-LS,
2026-10-09,3040254203,SE1070-6,SHIMMY DAMPENER ASSY,BACGINAT,OS concluída,,,
2026-10-09,3040254205,C660501-0103,"COMPASS,SPEC",PAMALS,OS concluída,,PAMA-LS,
2026-10-09,3040254206,C660501-0103,"COMPASS,SPEC",ALA 8,REC,EM REPARO EM GARANTIA,WILLIAM,473.0
2026-10-09,3040254208,C660501-0103,"COMPASS,SPEC",BABV,OS concluída,,PAMA-LS,
2026-10-09,3040254210,799-1,TRANSDUCER,BANT,REC,,BANT,473.0
2026-10-09,3040254792,2606013-1RX,INDICATOR-PERCENT RPM,BABR,REC,,BANT,464.0
2026-10-09,3040254770,069-1025-25,"RECEIVER-TRANSMITTER,RADIO - KX165",ALA 9,REC,EM REPARO,WILLIAM,464.0
2026-10-09,3040254799,453-5000-710,EMERGENCY LOCATOR TRANSMITTER MODEL C406-2,PAMASP,OS concluída,,,
2026-10-09,3040254806,C352TS,"EXTINGUISHER,FIRE",PAMALS,OS concluída,,PAMA-LS,
2026-10-09,3040254805,C352TS,"EXTINGUISHER,FIRE",PAMALS,OS concluída,,,
2026-10-09,3040254810,C352TS,"EXTINGUISHER,FIRE",PAMALS,OS concluída,,,
2026-10-09,3040254809,C352TS,"EXTINGUISHER,FIRE",PAMAGL,OS concluída,,,
2026-10-09,3040254803,C352TS,"EXTINGUISHER,FIRE",2 ETA,OS concluída,,PAMA-LS,
2026-10-09,3040254808,C352TS,"EXTINGUISHER,FIRE",BABR,OS concluída,,PAMA-LS,
2026-10-09,3040254795,D145-00-46-2,FLAP ACTUATOR ASSY,BABE,REC,,PAMA-LS,464.0
2026-10-09,3040254793,D145-00-46-2,FLAP ACTUATOR ASSY,PAMALS,REC,,PAMA-LS,464.0
2026-10-09,3040254815,C482001-0402,VACUUM REGULAT,PAMALS,REC,CONDENADO,VEE ONE,464.0
2026-10-09,3040254816,C482001-0402,VACUUM REGULAT,PAMALS,REC,CONDENADO,VEE ONE,464.0
2026-10-09,3040254820,2641011-5,AXLE-MAIN GEAR,BAMN,OS concluída,,,
2026-10-09,3040254817,2641011-5,AXLE-MAIN GEAR,BABE,OS concluída,,,
2026-10-09,3040254818,2641011-5,AXLE-MAIN GEAR,BABE,OS concluída,,,
2026-10-09,3040254819,2641011-5,AXLE-MAIN GEAR,BANT,OS concluída,,,
2026-10-09,3040254796,30994-001,BATTERY-MARATHON TSP410 NICAD,BAMN,OS concluída,,,
2026-10-09,3040254789,452-0133,"BATTERY,NONRECHARGEABLE",BAMN,REC,CONDENADO,VEE ONE,464.0
2026-10-09,3040254788,452-0133,"BATTERY,NONRECHARGEABLE",BAMN,REC,CONDENADO,VEE ONE,464.0
2026-10-09,3040254787,452-0133,"BATTERY PACK,AIRCRAFT",DACTA II,REC,CONDENADO,VEE ONE,464.0
2026-10-09,3040254786,452-0133,"BATTERY PACK,AIRCRAFT",BAMN,REC,CONDENADO,VEE ONE,464.0
2026-10-09,3040254785,452-0133,"BATTERY,NONRECHARGEABLE",BAMN,REC,CONDENADO,VEE ONE,464.0
2026-10-09,3040254784,452-0133,"BATTERY,NONRECHARGEABLE",DACTA II,REC,CONDENADO,VEE ONE,464.0
2026-10-09,3040255326,011-00916-00,DISPLAY UNIT GDU 1040A,BAMN,REC,,BAMN,455.0
2026-10-09,3040255319,702801-5,FUEL PUMP,PAMASP,REC,EM REPARO,VEE ONE,455.0
2026-10-09,3040255321,8210-002,"GOVERNOR,CONSTANT SPEED DRIVE",PAMALS,OS concluída,,,
2026-10-09,3040255461,DAAS-A-010-1,ADAS-D PROCESSOR,PAMALS,REC,EM REPARO,VEE ONE,451.0
2026-10-09,3040255589,071-01519-0101,"RECEIVER-EXCITER,RADAR",BANT,REC,,PROCURANDO,449.0
2026-10-09,3040255590,071-01519-0101,"RECEIVER-EXCITER,RADAR",PAMALS,OS concluída,,,
2026-10-09,3040255706,C661064-0237,AIRSPEED INDICATOR,BAMN,OS concluída,,,
2026-10-09,3040256114,5934PAD-3,"ALTIMETER,PRESSURE",PAMALS,REC,EM REPARO,VEE ONE,435.0
2026-10-09,3040256119,011-00878-10,GSA-81 TORQUE SERVO,BAPV,REC,EM REPARO,LEAP,435.0
2026-10-09,3040256112,011-00883-20,RADAR GWX 68 WEATHER,BABE,REC,,BAMN,435.0
2026-10-09,3040256115,5934PAD-3,"ALTIMETER,PRESSURE",PAMALS,OS concluída,,,
2026-10-09,3040256118,011-00878-10,GSA-81 TORQUE SERVO,BAPV,REC,,BACO,435.0
2026-10-09,3040256120,011-00916-10,"DISPLAY UNIT,FLIGHT INFORMATION",BAMN,OS concluída,,,
2026-10-09,3040256314,066-4010-12,RECEIVER VOR/LOC (KNS81),EEAR,REC,EM REPARO,LEAP,422.0
2026-10-09,3040256311,3121248-03,"VALVE ASSEMBLY,COMPRESSOR BLEED",PAMALS,OS concluída,,,
2026-10-09,3040256704,C661064-0237,AIRSPEED INDICATOR,PAMALS,OS concluída,,,
2026-10-09,3040256707,D210507,"GOVERNOR,OVERSPEED",PAMALS,OS concluída,,,
2026-10-09,3040256708,D210507,"GOVERNOR,OVERSPEED",PAMALS,REC,REPARADO,VEE ONE,413.0
2026-10-09,3040256702,C661064-0237,AIRSPEED INDICATOR,BABR,OS concluída,,,
2026-10-09,3040256703,C661064-0237,AIRSPEED INDICATOR,PAMALS,OS concluída,,,
2026-10-09,3040256662,030-18200,MAIN WHEEL BRAKE,BASM,OS concluída,,,
2026-10-09,3040256665,161-11700,INNER WHEEL HALF ASSY,BABV,OS concluída,,,
2026-10-09,3040256666,161-11700,INNER WHEEL HALF ASSY,PAMALS,OS concluída,,,
2026-10-09,3040256667,161-11700,INNER WHEEL HALF ASSY,PAMALS,OS concluída,,,
2026-10-09,3040256668,161-11700,INNER WHEEL HALF ASSY,PAMALS,OS concluída,,,
2026-10-09,3040256669,161-11700,INNER WHEEL HALF ASSY,PAMALS,OS concluída,,,
2026-10-09,3040256670,161-11700,INNER WHEEL HALF ASSY,PAMALS,OS concluída,,,
2026-10-09,3040256671,161-11700,INNER WHEEL HALF ASSY,PAMALS,OS concluída,,PAMA-LS,
2026-10-09,3040256698,030-18200,MAIN WHEEL BRAKE,PAMASP,OS concluída,,BABE,
2026-10-09,3040256713,030-18200,MAIN WHEEL BRAKE,ALA 3,REC,,BAMN,413.0
2026-10-09,3040256694,162-11800,WHEEL HALF ASSY-OUTER,BANT,OS concluída,,,
2026-10-09,3040256696,162-11800,WHEEL HALF ASSY-OUTER,PAMALS,OS concluída,,PAMA-LS,
2026-10-09,3040256672,161-12800,WHEEL HALF ASSY-INNER,PAMALS,OS concluída,,PAMA-LS,
2026-10-09,3040256675,161-12800,WHEEL HALF ASSY-INNER,BANT,OS concluída,,,
2026-10-09,3040256792,011-00877-00,"GSA-80 SERVO ROL,YAW,SPEC",BAMN,REC,,PROCURANDO,413.0
2026-10-09,3040256787,011-00877-00,"GSA-80 SERVO ROL,YAW,SPEC",PAMALS,REC,EM REPARO,VEE ONE,413.0
2026-10-09,3040256828,011-00883-20,RADAR GWX 68 WEATHER,PAMALS,REC,,PAMA-LS,413.0
2026-10-09,3040256709,3121248-03,"VALVE ASSEMBLY,COMPRESSOR BLEED",PAMASP,REC,,BANT,410.0
2026-10-09,3040256673,161-12800,WHEEL HALF ASSY-INNER,PAMALS,REC,CONDENADO,VEE ONE,410.0
2026-10-09,3040257095,011-01105-01,INTEGRATED AVIONICS UNIT GIA63W,BABE,REC,EM REPARO,VEE ONE,406.0
2026-10-09,3040257096,011-01105-01,INTEGRATED AVIONICS UNIT GIA63W,BABE,REC,,BAMN,406.0
2026-10-09,3040257093,065-00183-0501,AUTOPILOT COMPUTER KFC225,BABE,OS concluída,,BANT,
2026-10-09,3040257094,065-00183-0501,AUTOPILOT COMPUTER KFC225,BABE,OS concluída,,BANT,
2026-10-09,3040257443,161-12800,WHEEL HALF ASSY-INNER,ALA 3,REC,,,394.0
2026-10-09,3040257442,C163030-1001,MAIN W BRAKE A,BAMN,OS concluída,,BAMN,
2026-10-09,3040257452,3244809-8,"FUEL CONTROL,MAIN,TURBINE ENGINE",BAPV,OS concluída,,,
2026-10-09,3040257454,EA-5172-45-CES,"INDICATOR,AIRSPEED",BACG,OS concluída,,,
2026-10-09,3040257453,EA-5172-45-CES,"INDICATOR,AIRSPEED",ALA 7,OS concluída,DEVOLVIDO NO ESTADO,WILLIAM,
2026-10-09,3040257451,3244809-7,"FUEL CONTROL,MAIN,TURBINE ENGINE",PAMASP,REC,,BANT,387.0
2026-10-09,3040257450,3244809-4,"FUEL CONTROL,MAIN,TURBINE ENGINE",PAMASP,OS concluída,EM REPARO,LEAP,
2026-10-09,3040257438,030-18200,MAIN WHEEL BRAKE,BAMN,OS concluída,REPARADO,VEE ONE,
2026-10-09,3040257444,162-10700,OUTER WHEEL HALF ASSY,PAMALS,OS concluída,,,
2026-10-09,3040257447,162-10700,OUTER WHEEL HALF ASSY,PAMALS,OS concluída,,,
2026-10-09,3040257436,30994-001,BATTERY-MARATHON TSP410 NICAD,PAMALS,OS concluída,,PAMA-LS,
2026-10-09,3040257441,030-18200,MAIN WHEEL BRAKE,BAPV,REC,,BAMN,387.0
2026-10-09,3040257440,030-18200,MAIN WHEEL BRAKE,BANT,REC,CONDENADO,VEE ONE,387.0
2026-10-09,3040257439,030-18200,MAIN WHEEL BRAKE,BAMN,REC,,BAMN,387.0
2026-10-09,3040258306,D210507,"GOVERNOR,OVERSPEED",PAMALS,REC,EM REPARO,LEAP,367.0
2026-10-09,3040258310,D210507,"GOVERNOR,OVERSPEED",BACO,OS concluída,,,
2026-10-09,3040258309,D210507,"GOVERNOR,OVERSPEED",BAMN,REC,EM REPARO,LEAP,367.0
2026-10-09,3040258308,D210507,"GOVERNOR,OVERSPEED",BAMN,OS concluída,,,
2026-10-09,3040258307,D210507,"GOVERNOR,OVERSPEED",ALA 5,OS concluída,,,
2026-10-09,3040258303,011-00877-00,"GSA-80 SERVO ROL,YAW,SPEC",DACTA II,REC,EM REPARO,VEE ONE,367.0
2026-10-09,3040258422,2601188-8,COMPRESSOR DRIVE ASSY R134A,PAMASP,REC,,PROCURANDO,365.0
2026-10-09,3040258419,011-00877-00,"GSA-80 SERVO ROL,YAW,SPEC",DACTA II,REC,EM REPARO,VEE ONE,365.0
2026-10-09,3040258420,011-00877-00,"GSA-80 SERVO ROL,YAW,SPEC",BACO,REC,EM REPARO,VEE ONE,365.0
2026-10-09,3040258421,011-00877-00,"GSA-80 SERVO ROL,YAW,SPEC",BABE,REC,,BACO,365.0
2026-10-09,3040258764,069-01034-0102,"NAVIGATION SET,SATELLITE SIGNALS KLN-94",PAMALS,REC,,BANT,358.0
2026-10-09,3040259152,066-01141-5101,"TRANSPONDER,RADAR",BABE,REC,,BANT,339.0
2026-10-09,3040259151,066-01141-5101,"TRANSPONDER,RADAR",BANT,REC,,BANT,339.0
2026-10-09,3040259251,064-1019-05,VHF TRANSCEIVE KY196,EEAR,REC,,EEAR,337.0
2026-10-09,3040259146,1U149-015-15,HORIZ. GYRO-STADBY,PAMALS,REC,EM REPARO,VEE ONE,336.0
2026-10-09,3040259147,162-10700,OUTER WHEEL HALF ASSY,BANT,REC,EM REPARO,AMA - VEE ONE,336.0
2026-10-09,3040259148,3049038-03,"VALVE,COMPRESSOR BLEED",BANT,OS concluída,,,
2026-10-09,3040259316,2606015-4,INDICATOR-OIL TEMP/OIL PRESS,BACG,OS concluída,,PAMA-LS,
2026-10-09,3040259564,C414007-0102,BLOWER ASSY,PAMALS,OS concluída,,,
2026-10-09,3040259568,C414007-0102,BLOWER ASSY,ALA 10,OS concluída,,,
2026-10-09,3040259570,C414007-0102,BLOWER ASSY,ALA 10,OS concluída,,,
2026-10-09,3040259694,025323-150,FUEL PUMP,PAMASP,REC,,BACO,325.0
2026-10-09,3040259922,C414007-0102,BLOWER ASSY,BANT,OS concluída,,PAMA-LS,
2026-10-09,3040259928,C414007-0102,BLOWER ASSY,PAMALS,REC,EM REPARO,VEE ONE,318.0
2026-10-09,3040259924,C414007-0102,BLOWER ASSY,BACG,REC,EM REPARO,VEE ONE,318.0
2026-10-09,3040259918,C414007-0102,BLOWER ASSY,ALA 10,OS concluída,,VEE ONE,
2026-10-09,3040259950,065-0060-01,"CONTROL,SERVO,AUTOMATIC PILOT",PAMALS,REC,EM REPARO,LEAP,318.0
2026-10-09,3040259949,065-0060-01,"CONTROL,SERVO,AUTOMATIC PILOT",PAMALS,REC,EM REPARO,LEAP,318.0
2026-10-09,3040259947,066-3046-07,"CONTROL,INDICATOR",EEAR,OS concluída,,,
2026-10-09,3040259946,066-3046-07,"CONTROL,INDICATOR",BANT,REC,,BANT,318.0
2026-10-09,3040259944,066-3046-07,"CONTROL,INDICATOR",EEAR,REC,,PAMA-LS,318.0
2026-10-09,3040260209,011-00916-00,DISPLAY UNIT GDU 1040A,PAMALS,REC,,BAMN,304.0
2026-10-09,3040260208,324843-W020,HEADSET-MICROPHONE,PAMALS,REC,VAI SER DEVOLVIDO SEM REPARO,WILLIAM,304.0
2026-10-09,3040260204,324843-W020,HEADSET-MICROPHONE,PAMALS,OS concluída,,,
2026-10-09,3040260205,324843-W020,HEADSET-MICROPHONE,PAMALS,OS concluída,,,
2026-10-09,3040260388,SD5H14C4527,AIR COMPRESSOR,PAMALS,REC,EM REPARO,VEE ONE,297.0
2026-10-09,3040260382,065-00183-0501,AUTOPILOT COMPUTER KFC225,BANT,REC,,BANT,297.0
2026-10-09,3040260389,SD5H14C4527,AIR COMPRESSOR,PAMALS,REC,EM REPARO,VEE ONE,297.0
2026-10-09,3040260517,ASG12000-2,ALTERNATOR,PAMALS,OS concluída,,,
2026-10-09,3040260524,51539-012M,CONTROL UNIT ASSY-GENERATOR,BANT,REC,,BACG,294.0
2026-10-09,3040260516,ASG12000-2,ALTERNATOR,PAMALS,REC,,V1 PAMA-LS,294.0
2026-10-09,3040260523,9910592-2,ALTERNADOR,BAMN,OS concluída,,babr,
2026-10-09,3040260522,9910592-2,ALTERNADOR,BAMN,REC,,dacta II,294.0
2026-10-09,3040260547,161-12800,WHEEL HALF ASSY-INNER,EPCAR,OS concluída,,BABE,
2026-10-09,3040260545,161-11700,INNER WHEEL HALF ASSY,BACG,OS concluída,,,
2026-10-09,3040260544,161-11700,INNER WHEEL HALF ASSY,BANT,OS concluída,,,
2026-10-09,3040260546,161-12800,WHEEL HALF ASSY-INNER,PAMALS,OS concluída,,,
2026-10-09,3040260548,161-11700,INNER WHEEL HALF ASSY,CLA,OS concluída,,,
2026-10-09,3040260549,162-10700,OUTER WHEEL HALF ASSY,BACG,OS concluída,,,
2026-10-09,3040260550,162-10700,OUTER WHEEL HALF ASSY,CLA,OS concluída,,,
2026-10-09,3040260551,162-11800,WHEEL HALF ASSY-OUTER,BANT,OS concluída,,,
2026-10-09,3040260552,30994-001,BATTERY-MARATHON TSP410 NICAD,BABE,OS concluída,,PAMA-LS,
2026-10-09,3040260543,324843-W020,HEADSET-MICROPHONE,PAMALS,REC,,PAMA-LS,276.0
2026-10-09,3040260542,324843-W020,HEADSET-MICROPHONE,PAMALS,REC,,BABE,276.0
2026-10-09,3040260541,324843-W020,HEADSET-MICROPHONE,PAMALS,OS concluída,,,
2026-10-09,3040260540,324843-W020,HEADSET-MICROPHONE,PAMALS,OS concluída,,,
2026-10-09,3040260538,324843-W020,HEADSET-MICROPHONE,PAMALS,REC,,BABE,276.0
2026-10-09,3040260539,324843-W020,HEADSET-MICROPHONE,PAMALS,REC,,BABE,276.0
2026-10-09,3040260595,9910586-4,FLAP ACTUATOR AND MOTOR ASSEMBLY,7 ETA,REC,,BAMN,276.0
2026-10-09,3040260597,9910586-4,FLAP ACTUATOR AND MOTOR ASSEMBLY,BAPV,OS concluída,,BABR,
2026-10-09,3040260583,3244897-4,FUEL CONTROL UNIT,PAMALS,OS concluída,,,
2026-10-09,3040260750,3122678-04,FUEL CONTROL UNIT,PAMASP,REC,,BANT,268.0
2026-10-09,3040260752,3244897-4,FUEL CONTROL UNIT,PAMASP,OS concluída,,,
2026-10-09,3040260753,3244809-7,"FUEL CONTROL,MAIN,TURBINE ENGINE",PAMASP,OS concluída,,,
2026-10-09,3040260754,3244809-1,"FUEL CONTROL,MAIN,TURBINE ENGINE",PAMASP,REC,EM QUARENTENA,LEAP,268.0
2026-10-09,3040254794,C145-350,"MOTOR,DIRECT CURRENT",PAMALS,OS concluída,,,
2026-10-09,3040260913,064-1054-30,RECEIVER-TRANSMITTER SUBASSEMBLY,EPCAR,REC,,V1 PAMA-LS,256.0
2026-10-09,3040260915,064-1054-30,RECEIVER-TRANSMITTER SUBASSEMBLY,PAMALS,REC,,BABR,256.0
2026-10-09,3040260811,3034792,BOMBA DE COMBUSTÍVEL,BAPV,OS concluída,,BABR,
2026-10-09,3040260812,3034792,BOMBA DE COMBUSTÍVEL,BACG,OS concluída,,,
2026-10-09,3040260922,162-11800,WHEEL HALF ASSY-OUTER,PAMALS,OS concluída,,,
2026-10-09,3040260923,030-18200,MAIN WHEEL BRAKE,BACO,REC,REPARADO,VEE ONE,254.0
2026-10-09,3040261389,3034792,BOMBA DE COMBUSTÍVEL,PAMASP,OS concluída,REPARADO,V1 PAMA-LS,
2026-10-09,3040261388,3034792,BOMBA DE COMBUSTÍVEL,BABR,OS concluída,,,
2026-10-09,3040261387,3034792,BOMBA DE COMBUSTÍVEL,BABR,OS concluída,,,
2026-10-09,3040261371,TFF2905-13,FUEL FLOW TRANSDUCER,ALA 8,REC,,PAMA-LS,241.0
2026-10-09,3040261375,C661065-0240RX,"INDICATOR, AIRSPEED",BACG,REC,EM REPARO,WILLIAM,241.0
2026-10-09,3040261373,C661065-0240,AIRSPEED INDICATOR,BABE,OS concluída,,PAMA-LS,
2026-10-09,3040261322,011-00831-00,"ENGINE INTERFA,SPEC",BAPV,REC,,VEE ONE,241.0
2026-10-09,3040261326,011-00882-10,"COMPUTER,AIR DATA",BAMN,OS concluída,,,
2026-10-09,3040261324,011-00882-10,"COMPUTER,AIR DATA",BAMN,OS concluída,,,
2026-10-09,3040261327,064-1054-30,RECEIVER-TRANSMITTER SUBASSEMBLY,PAMASP,OS concluída,,PAMA-LS,
2026-10-09,3040261336,066-01141-0101,"RECEIVER,RADIO",BANT,OS concluída,,PAMA-LS,
2026-10-09,3040261334,065-0065-01,SELECTOR ALT,BANT,REC,,PAMA-LS,241.0
2026-10-09,3040261331,065-0061-36,ACTUATOR TRIM (KS272A),PAMASP,OS concluída,,BABR,
2026-10-09,3040261329,065-0061-36,ACTUATOR TRIM (KS272A),ALA 10,OS concluída,,,
2026-10-09,3040261335,065-0065-01,SELECTOR ALT,BANT,OS concluída,,PAMA-LS,
2026-10-09,3040261342,066-3084-02,COLOR RADAR INDICATOR,BABV,REC,,PAMA-LS,241.0
2026-10-09,3040261340,066-1053-00,"RECEIVER,RADIO",BASM,OS concluída,,PAMA-LS,
2026-10-09,3040261377,066-3054-01,INDICATOR RADAR ALTIMETER - TYPE KI250,PAMALS,REC,EM REPARO,WILLIAM,241.0
2026-10-09,3040261376,066-1061-03,RT RADAR ALTIM (KRA10A),PAMALS,REC,PARA REPARO,VEE ONE,241.0
2026-10-09,3040261352,1134380-4,EVAPORATOR MODULE ASSY-RH,BAMN,REC,CONDENADO,VEE ONE,241.0
2026-10-09,3040261347,071-1234-00,ANTENNA ACCESSORY,ALA 1,REC,EM REPARO,WILLIAM,241.0
2026-10-09,3040261344,066-4010-12,RECEIVER VOR/LOC (KNS81),ALA 10,REC,EM REPARO,WILLIAM,241.0
2026-10-09,3040261353,1H75-21,PRESSURE REGULATOR,BAMN,OS concluída,,BAMN,
2026-10-09,3040261357,2682001-1,BRAKE CYL MAST,BABE,OS concluída,,,
2026-10-09,3040261356,2670104-2,ANNUNCIATOR PANEL,PAMALS,OS concluída,,,
2026-10-09,3040261355,2643100-201,NOSE GEAR STRUT ASSY - TALL FORK,BABR,OS concluída,,,
2026-10-09,3040261354,2643100-201,NOSE GEAR STRUT ASSY - TALL FORK,BANT,REC,EM REPARO,AV AERONAUTICA,241.0
2026-10-09,3040261364,8210-002-01,GOVERNOR PROPELLER,PAMASP,REC,REPARADO,VEE ONE,241.0
2026-10-09,3040261627,S3828-1,ALTIMETER,BAMN,REC,,PAMA-LS,227.0
2026-10-09,3040261628,S3828-1,ALTIMETER,BABE,REC,REPARADO,V1 PAMA-LS,227.0
2026-10-09,3040261851,51539-012MRX,CONTROL UNIT ASSY-GENERATOR,BABE,REC,EM REPARO,VEE ONE,219.0
2026-10-09,3040261852,51539-012MRX,CONTROL UNIT ASSY-GENERATOR,BABE,REC,EM REPARO,VEE ONE,219.0
2026-10-09,3040261843,3034792,BOMBA DE COMBUSTÍVEL,PAMALS,REC,EM REPARO,VEE ONE,214.0
2026-10-09,3040262245,200SGL119Q-2,STARTER GENERATOR,BAMN,OS concluída,,,
2026-10-09,3040262246,200SGL119Q-2,STARTER GENERATOR,BAMN,OS concluída,,,
2026-10-09,3040262273,324843-W020,HEADSET-MICROPHONE,BABE,OS concluída,,,
2026-10-09,3040262275,324843-W020,HEADSET-MICROPHONE,BANT,OS concluída,,,
2026-10-09,3040262363,066-1055-00,AUDIO CONTROL PANEL,ALA 5,OS concluída,,,
2026-10-09,3040262367,066-1055-00,AUDIO CONTROL PANEL,ALA 9,OS concluída,,WILLIAM,
2026-10-09,3040262368,066-1055-00,AUDIO CONTROL PANEL,CLA,OS concluída,,,
2026-10-09,3040262372,51539-012M,CONTROL UNIT ASSY-GENERATOR,BANT,OS concluída,,PAMA-LS,
2026-10-09,3040262371,51539-012N,CONTROL UNIT ASSY-GENERATOR,BANT,REC,,PAMA-LS,197.0
2026-10-09,3040262419,065-0061-36,ACTUATOR TRIM (KS272A),ALA 9,REC,EM REPARO,WILLIAM,192.0
2026-10-09,3040262734,C352,PORTABLE HALON FIRE EXTINGUISHERS,ALA 5,REC,EM REPARO,AV AERONAUTICA,179.0
2026-10-09,3040262738,C352TS,"EXTINGUISHER,FIRE",BANT,REC,,AV AERONÁUTICA,179.0
2026-10-09,3040262739,C352TS,"EXTINGUISHER,FIRE",BANT,OS concluída,,AV AERONÁUTICA,
2026-10-09,3040262740,C352TS,"EXTINGUISHER,FIRE",PAMALS,OS concluída,,AV AERONÁUTICA,
2026-10-09,3040262766,011-00883-20,RADAR GWX 68 WEATHER,BAMN,OS concluída,,V1 PAMA-LS,
2026-10-09,3040262765,011-00883-20,RADAR GWX 68 WEATHER,BAMN,REC,,V1 PAMA-LS,179.0
2026-10-09,3040262772,011-01020-10,AFCS MODE CONTROLLER GMC 710,BAMN,OS concluída,,PAMA-LS,
2026-10-09,3040262770,011-01020-10,AFCS MODE CONTROLLER GMC 710,BAMN,OS concluída,,PAMA-LS,
2026-10-09,3040262773,011-01020-10,AFCS MODE CONTROLLER GMC 710,BAMN,OS concluída,,PAMA-LS,
2026-10-09,3040262746,066-1070-01,TRANSCEIVER DME (KN63),BABE,REC,EM REPARO,WILLIAM,179.0
2026-10-09,3040262745,064-1019-05,VHF TRANSCEIVE KY196,EEAR,REC,EM REPARO,VEE ONE,179.0
2026-10-09,3040262747,066-1072-00,RECEIVER ADF (KING KR87),ALA 7,REC,EM REPARO,WILLIAM,179.0
2026-10-09,3040262748,066-3046-07,"CONTROL,INDICATOR",BABR,REC,,BANT,179.0
2026-10-09,3040262769,066-3046-07,"CONTROL,INDICATOR",BABR,REC,,BANT,179.0
2026-10-09,3040262768,066-3046-07,"CONTROL,INDICATOR",EEAR,OS concluída,,BABR,
2026-10-09,3040262767,066-3046-07,"CONTROL,INDICATOR",EEAR,REC,EM REPARO,LEAP,179.0
2026-10-09,3040262791,066-3060-00,IND RMI KNI582,BANT,OS concluída,,,
2026-10-09,3040262630,161-11700,INNER WHEEL HALF ASSY,BANT,OS concluída,,PAMA-LS,
2026-10-09,3040262792,066-3060-00,IND RMI KNI582,BANT,REC,EM REPARO,LEAP,179.0
2026-10-09,3040262634,162-10700,OUTER WHEEL HALF ASSY,BANT,OS concluída,,PAMA-LS,
2026-10-09,3040262632,161-12800,WHEEL HALF ASSY-INNER,BANT,OS concluída,REPARADO,VEE ONE,
2026-10-09,3040262633,161-12800,WHEEL HALF ASSY-INNER,BANT,OS concluída,,,
2026-10-09,3040262635,162-11800,WHEEL HALF ASSY-OUTER,EPCAR,OS concluída,,,
2026-10-09,3040262637,162-11800,WHEEL HALF ASSY-OUTER,BANT,OS concluída,REPARADO,VEE ONE,
2026-10-09,3040262636,162-11800,WHEEL HALF ASSY-OUTER,BANT,OS concluída,REPARADO,VEE ONE,
2026-10-09,3040262646,200SGL119Q,STARTER GENERATOR,PAMASP,OS concluída,,,
2026-10-09,3040262639,200SGL119Q,STARTER GENERATOR,PAMASP,OS concluída,,PAMA-LS,
2026-10-09,3040262638,200SGL119Q,STARTER GENERATOR,PAMALS,REC,EM REPARO,AV AERONAUTICA,179.0
2026-10-09,3040262757,2606015-2,IND OIL TEMP/P,PAMALS,REC,EM REPARO,VEE ONE,179.0
2026-10-09,3040262706,2641011-5,AXLE-MAIN GEAR,BAMN,REC,,BANT,179.0
2026-10-09,3040262707,2641011-5,AXLE-MAIN GEAR,BABV,OS concluída,REPARADO,VEE ONE,
2026-10-09,3040262717,2641011-5,AXLE-MAIN GEAR,BANT,OS concluída,REPARADO,VEE ONE,
2026-10-09,3040262714,2641011-5,AXLE-MAIN GEAR,BAPV,REC,,BANT,179.0
2026-10-09,3040262713,2641011-5,AXLE-MAIN GEAR,BAPV,OS concluída,,,
2026-10-09,3040262712,2641011-5,AXLE-MAIN GEAR,BABR,REC,,BANT,179.0
2026-10-09,3040262711,2641011-5,AXLE-MAIN GEAR,BABR,REC,,BANT,179.0
2026-10-09,3040262709,2641011-5,AXLE-MAIN GEAR,PAMALS,REC,,BANT,179.0
2026-10-09,3040262708,2641011-5,AXLE-MAIN GEAR,PAMALS,REC,,BANT,179.0
2026-10-09,3040262744,3244809-1A,F.C.U,PAMALS,REC,EM REPARO,LEAP,179.0
2026-10-09,3040262758,9910338-4,FUEL TOTALIZER INDICATOR,PAMALS,REC,EM REPARO,VEE ONE,179.0
2026-10-09,3040262759,9910338-6,"TRANSMITTER,RATE OF FLOW",BAMN,REC,,PAMA-LS,179.0
2026-10-09,3040262760,9910338-6,"TRANSMITTER,RATE OF FLOW",BANT,REC,EM REPARO,VEE ONE,179.0
2026-10-09,3040262966,2682001-1,BRAKE CYL MAST,BACO,OS concluída,,PAMA-LS,
2026-10-09,3040262967,2682001-1,BRAKE CYL MAST,PAMALS,OS concluída,,PAMA-LS,
2026-10-09,3040262968,2682001-1,BRAKE CYL MAST,BANT,OS concluída,,PAMA-LS,
2026-10-09,3040262969,2682001-1,BRAKE CYL MAST,BABE,OS concluída,,PAMA-LS,
2026-10-09,3040263069,453-5060,ELT C406-N,BABE,OS concluída,,,
2026-10-09,3040263283,D145-00-46-2,FLAP ACTUATOR ASSY,PAMALS,REC,,,162.0
2026-10-09,3040263284,D145-00-46-2,FLAP ACTUATOR ASSY,BAFL,REC,,,162.0
2026-10-09,3040263324,069-01033-0101,"RECEIVER-TRANSMITTER,RADIO",PAMALS,REC,EM REPARO,LEAP,162.0
2026-10-09,3040263287,C661065-0237,AIRSPEED INDICATOR,BABR,OS concluída,,,
2026-10-09,3040263288,C661065-0237,AIRSPEED INDICATOR,PAMASP,OS concluída,,,
2026-10-09,3040263314,060-0017-00,FLIGHT DIR HOR,EEAR,REC,EM REPARO,LEAP,162.0
2026-10-09,3040263319,066-1055-00,AUDIO CONTROL PANEL,BABE,OS concluída,,,
2026-10-09,3040263317,060-0017-00,FLIGHT DIR HOR,PAMASP,OS concluída,,BANT,
2026-10-09,3040263316,060-0017-00,FLIGHT DIR HOR,BANT,REC,,BANT,162.0
2026-10-09,3040263320,066-1055-00,AUDIO CONTROL PANEL,PAMALS,REC,EM REPARO,AV AERONAUTICA,162.0
2026-10-09,3040263325,069-01033-0101,"RECEIVER-TRANSMITTER,RADIO",PAMALS,REC,,,162.0
2026-10-09,3040263335,C611008-0101,ALTERNATOR CONTROL UNIT,PAMALS,REC,,BANT,162.0
2026-10-09,3040263336,C611008-0101,ALTERNATOR CONTROL UNIT,PAMALS,REC,,BANT,162.0
2026-10-09,3040263286,C661065-0237,AIRSPEED INDICATOR,BANT,REC,,PAMA-LS,162.0
2026-10-09,3040263322,066-1055-00,AUDIO CONTROL PANEL,ALA 9,REC,EM REPARO,WILLIAM,162.0
2026-10-09,3040263326,069-01033-0101,"RECEIVER-TRANSMITTER,RADIO",PAMALS,REC,,BANT,162.0
2026-10-09,3040263315,060-0017-00,FLIGHT DIR HOR,BACG,OS concluída,,BABR,
2026-10-09,3040263334,011-00916-10,"DISPLAY UNIT,FLIGHT INFORMATION",BACO,REC,,WILLIAM,162.0
2026-10-09,3040263333,011-00916-10,"DISPLAY UNIT,FLIGHT INFORMATION",BACO,OS concluída,,BAMN,
2026-10-09,3040263332,011-00916-10,"DISPLAY UNIT,FLIGHT INFORMATION",BAMN,OS concluída,,,
2026-10-09,3040263331,C661064-0237,AIRSPEED INDICATOR,PAMALS,REC,,PAMA-LS,162.0
2026-10-09,3040263329,C661064-0237,AIRSPEED INDICATOR,PAMALS,REC,,PAMA-LS,162.0
2026-10-09,3040263328,C661064-0237,AIRSPEED INDICATOR,BABR,REC,EM REPARO,WILLIAM,162.0
2026-10-09,3040263327,C661064-0237,AIRSPEED INDICATOR,BABR,REC,EM REPARO,WILLIAM,162.0
2026-10-09,3040263330,C661064-0237,AIRSPEED INDICATOR,PAMALS,REC,,PAMA-LS,162.0
2026-10-09,3040263338,C611008-0101,ALTERNATOR CONTROL UNIT,PAMALS,REC,,V1 PAMA-LS,162.0
2026-10-09,3040263433,066-03064-0005,"ALTIMETER,SERVO CONTROLLED,AUTOMATIC PRESSURE",BACG,OS concluída,,PAMA-LS,
2026-10-09,3040263435,066-03064-0005,"ALTIMETER,SERVO CONTROLLED,AUTOMATIC PRESSURE",BANT,OS concluída,,PAMA-LS,
2026-10-09,3040263434,066-03064-0005,"ALTIMETER,SERVO CONTROLLED,AUTOMATIC PRESSURE",PAMASP,REC,,PAMA-LS,156.0
2026-10-09,3040263417,069-01033-0101,"RECEIVER-TRANSMITTER,RADIO",PAMALS,REC,EM REPARO,WILLIAM,156.0
2026-10-09,3040263416,069-01033-0101,"RECEIVER-TRANSMITTER,RADIO",BASM,REC,EM REPARO,WILLIAM,156.0
2026-10-09,3040263415,069-01033-0101,"RECEIVER-TRANSMITTER,RADIO",BABR,REC,,BANT,156.0
2026-10-09,3040263447,066-3046-07,"CONTROL,INDICATOR",CLA,OS concluída,,BABR,
2026-10-09,3040263443,3244897-4,FUEL CONTROL UNIT,PAMALS,REC,EM REPARO,LEAP,155.0
2026-10-09,3040263444,3244897-4,FUEL CONTROL UNIT,PAMALS,REC,EM REPARO,LEAP,155.0
2026-10-09,3040263577,060-0015-00,"CONTROL,DIRECTIONAL,AUTOMATIC PILOT",ALA 5,REC,,WILLIAM,150.0
2026-10-09,3040263574,066-1072-04,"RECEIVER,RADIO",BABE,REC,EM REPARO,WILLIAM,150.0
2026-10-09,3040263576,066-1072-04,"RECEIVER,RADIO",BAMN,OS concluída,,WILLIAM,
2026-10-09,3040263575,066-1072-04,"RECEIVER,RADIO",BABE,REC,EM REPARO,WILLIAM,150.0
2026-10-09,3040263573,066-3084-32,IND RDR 2000 IN-182A,PAMALS,REC,,BABR,150.0
2026-10-09,3040263571,066-3084-32,IND RDR 2000 IN-182A,PAMALS,REC,,BANT,150.0
2026-10-09,3040263572,066-3084-32,IND RDR 2000 IN-182A,PAMALS,REC,EM REPARO,WILLIAM,150.0
2026-10-09,3040263448,2618510-10,ALTERNATOR CONTROL UNIT ASSY,BABE,REC,EM REPARO,WILLIAM,150.0
2026-10-09,3040263449,2618510-10,ALTERNATOR CONTROL UNIT ASSY,PAMALS,REC,,BANT,150.0
2026-10-09,3040263877,2641011-5,AXLE-MAIN GEAR,CLA,REC,REPARADO,VEE ONE,140.0
2026-10-09,3040263878,2641011-5,AXLE-MAIN GEAR,CLA,OS concluída,,BABE,
2026-10-09,3040264243,069-01033-0101,"RECEIVER-TRANSMITTER,RADIO",PAMALS,REC,EM REPARO,WILLIAM,133.0
2026-10-09,3040264244,069-01033-0101,"RECEIVER-TRANSMITTER,RADIO",PAMASP,REC,EM REPARO,WILLIAM,133.0
2026-10-09,3040264246,060-0017-00,FLIGHT DIR HOR,PAMALS,REC,,BABR,133.0
2026-10-09,3040264237,200SGL119Q-2,STARTER GENERATOR,BAMN,REC,EM REPARO,AV AERONAUTICA,133.0
2026-10-09,3040264236,200SGL119Q-2,STARTER GENERATOR,BABE,OS concluída,,BABE,
2026-10-09,3040264121,3244897-4,FUEL CONTROL UNIT,BABE,OS concluída,EM REPARO,LEAP,
2026-10-09,3040264263,9910338-8,"INDICATOR,FUEL FLOW",PAMALS,OS concluída,,BABR,
2026-10-09,3040264262,9910338-8,"INDICATOR,FUEL FLOW",BABV,OS concluída,,PAMA-LS,
2026-10-09,3040264242,324843-2020,HEADSET-MICROPHONE,BABE,OS concluída,,BAMN,
2026-10-09,3040264264,324843-2020,HEADSET-MICROPHONE,DACTA II,OS concluída,,BAMN,
2026-10-09,3040264238,324843-2020,HEADSET-MICROPHONE,DACTA II,OS concluída,,,
2026-10-09,3040264241,324843-2020,HEADSET-MICROPHONE,DACTA II,OS concluída,,BAMN,
2026-10-09,3040264240,324843-2020,HEADSET-MICROPHONE,DACTA II,OS concluída,,BAMN,
2026-10-09,3040264122,3244809-8,"FUEL CONTROL,MAIN,TURBINE ENGINE",BABE,OS concluída,,BABR,
2026-10-09,3040263797,066-3046-07,"CONTROL,INDICATOR",BABE,REC,EM REPARO,WILLIAM,133.0
2026-10-09,3040263798,066-3046-07,"CONTROL,INDICATOR",PAMASP,OS concluída,,,
2026-10-09,3040263799,066-3046-07,"CONTROL,INDICATOR",PAMASP,REC,EM REPARO,WILLIAM,133.0
2026-10-09,3040263795,071-01519-0101,"RECEIVER-EXCITER,RADAR",PAMALS,REC,,BANT,133.0
2026-10-09,3040263796,071-01519-0101,"RECEIVER-EXCITER,RADAR",PAMALS,REC,EM REPARO,WILLIAM,133.0
2026-10-09,3040264579,060-0017-00,FLIGHT DIR HOR,BABR,OS concluída,,,
2026-10-09,3040264577,060-0017-00,FLIGHT DIR HOR,PAMALS,REC,,,121.0
2026-10-09,3040264573,060-0017-00,FLIGHT DIR HOR,BANT,REC,,,121.0
2026-10-09,3040264574,060-0017-00,FLIGHT DIR HOR,BANT,REC,,,121.0
2026-10-09,3040264576,060-0017-00,FLIGHT DIR HOR,PAMALS,REC,,,121.0
2026-10-09,3040264572,060-0017-00,FLIGHT DIR HOR,PAMASP,REC,,,121.0
2026-10-09,3040264647,1H75-21,PRESSURE REGULATOR,BAMN,REC,,,116.0
2026-10-09,3040264646,1H75-21,PRESSURE REGULATOR,PAMASP,REC,,,116.0
2026-10-09,3040264645,1H75-21,PRESSURE REGULATOR,PAMASP,REC,,,116.0
2026-10-09,3040264643,1H75-21,PRESSURE REGULATOR,PAMASP,OS concluída,,,
2026-10-09,3040264707,3244809-7,"FUEL CONTROL,MAIN,TURBINE ENGINE",BABE,OS concluída,,,
2026-10-09,3040264709,540-1407-4,"VALVE,BLEED,TURBINEENGINE",PAMASP,REC,,,116.0
2026-10-09,3040264710,200SGL153Q,"STARTER-GENERATOR,ENGINE,AIRCRAFT",CLA,OS concluída,,,
2026-10-09,3040264711,200SGL153Q,"STARTER-GENERATOR,ENGINE,AIRCRAFT",PAMASP,OS concluída,,,
2026-10-09,3040264712,200SGL153Q,"STARTER-GENERATOR,ENGINE,AIRCRAFT",BACG,REC,,,116.0
2026-10-09,3040264718,9910338-8,"INDICATOR,FUEL FLOW",PAMALS,REC,,,116.0
2026-10-09,3040264719,S3326-2,"INDICATOR,HORIZONTAL SITUATION",ALA 8,REC,,,116.0
2026-10-09,3040264720,S3326-2,"INDICATOR,HORIZONTAL SITUATION",PAMALS,REC,,,116.0
2026-10-09,3040264721,S3326-2,"INDICATOR,HORIZONTAL SITUATION",PAMASP,REC,,,116.0
2026-10-09,3040264724,2606013-1AM,INDICADOR PERCENTUAL RPM,BABV,REC,,,116.0
2026-10-09,3040264725,2606013-1AM,INDICADOR PERCENTUAL RPM,BABR,REC,,,116.0
2026-10-09,3040264726,2606015-4,INDICATOR-OIL TEMP/OIL PRESS,BANT,REC,,,116.0
2026-10-09,3040264727,C661051-0201,GYRO HORIZON,ALA 10,REC,,,116.0
2026-10-09,3040264728,504-0111-906,GYRO HORIZON,PAMALS,OS concluída,,,
2026-10-09,3040264729,504-0111-906,GYRO HORIZON,BACG,OS concluída,,,
2026-10-09,3040264730,8210-003,"GOVERNOR,FUEL CONTROL",PAMASP,REC,,,116.0
2026-10-09,3040264731,8210-002,"GOVERNOR,CONSTANT SPEED DRIVE",PAMASP,REC,,,116.0
2026-10-09,3040264732,8210-002,"GOVERNOR,CONSTANT SPEED DRIVE",BAMN,REC,,,116.0
2026-10-09,3040264733,030-18200,MAIN WHEEL BRAKE,BAMN,REC,,,116.0
2026-10-09,3040264734,030-18200,MAIN WHEEL BRAKE,BAMN,REC,,,116.0
2026-10-09,3040264735,161-11700,INNER WHEEL HALF ASSY,PAMALS,REC,,,116.0
2026-10-09,3040264736,161-12800,WHEEL HALF ASSY-INNER,BABR,REC,,,116.0
2026-10-09,3040264737,161-12800,WHEEL HALF ASSY-INNER,PAMALS,AUT,,,116.0
2026-10-09,3040264738,162-10700,OUTER WHEEL HALF ASSY,BACO,AUT,,,116.0
2026-10-09,3040264807,011-01105-01,INTEGRATED AVIONICS UNIT GIA63W,ALA 8,REC,,,108.0
2026-10-09,3040264808,011-01105-01,INTEGRATED AVIONICS UNIT GIA63W,BAMN,REC,,,108.0
2026-10-09,3040264907,011-00916-10,"DISPLAY UNIT,FLIGHT INFORMATION",BAMN,REC,,,101.0
2026-10-09,3040264908,011-00916-10,"DISPLAY UNIT,FLIGHT INFORMATION",BABV,OS concluída,,,
2026-10-09,3040264974,3244809-8,"FUEL CONTROL,MAIN,TURBINE ENGINE",BAMN,REC,,,99.0
2026-10-09,3040264961,3244897-4,FUEL CONTROL UNIT,CLA,OS concluída,,,
2026-10-09,3040264960,3034792,BOMBA DE COMBUSTÍVEL,CLA,OS concluída,,,
2026-10-09,3040265144,011-01020-10,AFCS MODE CONTROLLER GMC 710,BABE,REC,,,93.0
2026-10-09,3040265140,011-01020-10,AFCS MODE CONTROLLER GMC 710,BABE,REC,,,93.0
2026-10-09,3040265482,066-3084-32,IND RDR 2000 IN-182A,BABR,REC,,,78.0
2026-10-09,3040265484,066-3084-32,IND RDR 2000 IN-182A,BANT,REC,,,78.0
2026-10-09,3040265485,066-3084-32,IND RDR 2000 IN-182A,BABR,REC,,,78.0
2026-10-09,3040265526,ASG12000-2,ALTERNATOR,PAMALS,REC,,,74.0
2026-10-09,3040265525,ASG12000-2,ALTERNATOR,BABR,OS concluída,,,
2026-10-09,3040265527,9910592-2,ALTERNADOR,BABR,REC,,,74.0
2026-10-09,3040265533,3122678-04,FUEL CONTROL UNIT,BABR,REC,,,74.0
2026-10-09,3040265532,C611505-0201,ALTERNATOR,BANT,REC,,,74.0
2026-10-09,3040265530,C611505-0201,ALTERNATOR,BABV,OS concluída,,,
2026-10-09,3040265528,9910592-2,ALTERNADOR,BABR,REC,,,74.0
2026-10-09,3040265724,3244897-4,FUEL CONTROL UNIT,CLA,REC,,,73.0
2026-10-09,3040265474,C611008-0101,ALTERNATOR CONTROL UNIT,PAMALS,REC,,,71.0
2026-10-09,3040265475,C611008-0101,ALTERNATOR CONTROL UNIT,BABV,REC,,,71.0
2026-10-09,3040265476,C611008-0101,ALTERNATOR CONTROL UNIT,PAMALS,REC,,,71.0
2026-10-09,3040265477,C611008-0101,ALTERNATOR CONTROL UNIT,PAMALS,REC,,,71.0
2026-10-09,3040265576,011-00916-10,"DISPLAY UNIT,FLIGHT INFORMATION",BAMN,REC,,,70.0
2026-10-09,3040265580,011-00916-00,DISPLAY UNIT GDU 1040A,PAMALS,REC,,,74.0
2026-10-09,3040265581,011-00916-00,DISPLAY UNIT GDU 1040A,PAMALS,REC,,,74.0
2026-10-09,3040265589,EA-5175-52-CES,INDICATOR TRUE,BABV,REC,,,74.0
2026-10-09,3040265590,EA-5175-52-CES,INDICATOR TRUE,BASM,REC,,,74.0
2026-10-09,3040265591,EA-5175-52-CES,INDICATOR TRUE,BABV,REC,,,74.0
2026-10-09,3040265592,EA-5175-52-CES,INDICATOR TRUE,BABV,REC,,,74.0
2026-10-09,3040265668,9910592-2,ALTERNADOR,PAMALS,OS concluída,,,
2026-10-09,3040265678,9910592-2,ALTERNADOR,BAMN,REC,,,74.0
2026-10-09,3040265679,C611505-0201,ALTERNATOR,PAMALS,REC,,,74.0
2026-10-09,3040265680,C611505-0201,ALTERNATOR,ALA 8,REC,,,74.0
2026-10-09,3040265726,071-01519-0101,"RECEIVER-EXCITER,RADAR",PAMALS,REC,,,73.0
2026-10-09,3040265727,071-01519-0101,"RECEIVER-EXCITER,RADAR",CLA,REC,,,73.0
2026-10-09,3040265728,C163030-1001,MAIN W BRAKE A,BAMN,REC,,,73.0
2026-10-09,3040265731,066-3046-07,"CONTROL,INDICATOR",BABR,REC,,,73.0
2026-10-09,3040265732,066-3046-07,"CONTROL,INDICATOR",BANT,REC,,,73.0
2026-10-09,3040265734,066-3046-07,"CONTROL,INDICATOR",EEAR,REC,,,73.0
2026-10-09,3040265735,066-3046-07,"CONTROL,INDICATOR",CLA,REC,,,73.0
2026-10-09,3040265736,C611008-0101,ALTERNATOR CONTROL UNIT,BABV,REC,,,73.0
2026-10-09,3040265737,C611008-0101,ALTERNATOR CONTROL UNIT,EEAR,REC,,,73.0
2026-10-09,3040265738,C611008-0101,ALTERNATOR CONTROL UNIT,PAMALS,REC,,,73.0
2026-10-09,3040265739,C611008-0101,ALTERNATOR CONTROL UNIT,BANT,REC,,,73.0
2026-10-09,3040265740,C611008-0101,ALTERNATOR CONTROL UNIT,BABE,REC,,,73.0
2026-10-09,3040265741,C611008-0101,ALTERNATOR CONTROL UNIT,BABR,REC,,,73.0
2026-10-09,3040265742,066-1072-04,"RECEIVER,RADIO",BACG,REC,,,73.0
2026-10-09,3040265743,066-1072-04,"RECEIVER,RADIO",BAMN,REC,,,73.0
2026-10-09,3040265744,066-1072-04,"RECEIVER,RADIO",PAMALS,REC,,,73.0
2026-10-09,3040265745,066-3084-32,IND RDR 2000 IN-182A,PAMALS,REC,,,73.0
2026-10-09,3040265746,066-3084-32,IND RDR 2000 IN-182A,PAMALS,REC,,,73.0
2026-10-09,3040265747,30994-001,BATTERY-MARATHON TSP410 NICAD,PAMALS,AUT,,,73.0
2026-10-09,3040265748,30994-001,BATTERY-MARATHON TSP410 NICAD,PAMALS,AUT,,,73.0
2026-10-09,3040265749,30994-001,BATTERY-MARATHON TSP410 NICAD,PAMALS,AUT,,,73.0
2026-10-09,3040265750,30994-001,BATTERY-MARATHON TSP410 NICAD,PAMALS,AUT,,,73.0
2026-10-09,3040265751,30994-001,BATTERY-MARATHON TSP410 NICAD,PAMALS,AUT,,,73.0
2026-10-09,3040265752,2641011-5,AXLE-MAIN GEAR,BAMN,REC,,,73.0
2026-10-09,3040265753,2641011-5,AXLE-MAIN GEAR,BAMN,REC,,,73.0
2026-10-09,3040265754,161-11700,INNER WHEEL HALF ASSY,BACO,AUT,,,73.0
2026-10-09,3040265755,161-12800,WHEEL HALF ASSY-INNER,BABE,REC,,,73.0
2026-10-09,3040265757,066-01141-0101,"RECEIVER,RADIO",PAMALS,REC,,,73.0
2026-10-09,3040265758,066-01141-0101,"RECEIVER,RADIO",PAMALS,REC,,,73.0
2026-10-09,3040265759,C660501-0103,"COMPASS,SPEC",DACTA II,REC,,,73.0
2026-10-09,3040265769,023694-000,BATTERY NICKEL CADMIUM,BAPV,REC,,,72.0
2026-10-09,3040265771,2651023-23,ENGINE MOUNT ASSEMBLY,PAMALS,REC,,,72.0
2026-10-09,3040265772,2651023-23,ENGINE MOUNT ASSEMBLY,PAMALS,REC,,,72.0
2026-10-09,3040265892,324843-0020,HEADSET-MICROPHONE,PAMALS,REC,,,67.0
2026-10-09,3040265893,324843-0020,HEADSET-MICROPHONE,PAMALS,OS concluída,,,
2026-10-09,3040265894,324843-0020,HEADSET-MICROPHONE,PAMALS,REC,,,67.0
2026-10-09,3040265895,324843-0020,HEADSET-MICROPHONE,PAMALS,REC,,,67.0
2026-10-09,3040265946,011-00870-00,MAGNETOMETER GMU 44,BAMN,REC,,,64.0
2026-10-09,3040265947,011-00870-00,MAGNETOMETER GMU 44,BAMN,REC,,,64.0
2026-10-09,3040266034,C662041-0102,INDICATOR FUEL,BABE,REC,,,60.0
2026-10-09,3040266040,C662041-0102,INDICATOR FUEL,PAMALS,OS concluída,,,
2026-10-09,3040266036,C662041-0102,INDICATOR FUEL,PAMALS,REC,,,60.0
2026-10-09,3040266035,C662041-0102,INDICATOR FUEL,PAMALS,REC,,,52.0
2026-10-09,3040266039,C662041-0102,INDICATOR FUEL,BANT,REC,,,52.0
2026-10-09,3040266041,C662041-0102,INDICATOR FUEL,PAMALS,REC,,,52.0
2026-10-09,3040266307,069-01033-0101,"RECEIVER-TRANSMITTER,RADIO",PAMALS,REC,,,50.0
2026-10-09,3040266308,069-01033-0101,"RECEIVER-TRANSMITTER,RADIO",BANT,REC,,,50.0
2026-10-09,3040266306,069-01033-0101,"RECEIVER-TRANSMITTER,RADIO",BACG,REC,,,50.0
2026-10-09,3040266307,069-01033-0101,"RECEIVER-TRANSMITTER,RADIO",PAMALS,REC,,,50.0
2026-10-09,3040266308,069-01033-0101,"RECEIVER-TRANSMITTER,RADIO",BANT,REC,,,50.0
2026-10-09,3040266568,C662504-0101,GAGE VOLT AMME,PAMALS,REC,,,39.0
2026-10-09,3040266567,C662504-0101,GAGE VOLT AMME,ALA 9,REC,,,39.0
2026-10-09,3040266566,C662504-0101,GAGE VOLT AMME,PAMALS,REC,,,39.0
2026-10-09,3040266569,C662504-0101,GAGE VOLT AMME,BABV,REC,,,39.0
2026-10-09,3040266644,2643100-206,NOSE GEAR STRUT ASSY - TALL FORK,BAMN,REC,,,35.0
2026-10-09,3040266685,9910586-4,FLAP ACTUATOR AND MOTOR ASSEMBLY,PAMALS,REC,,,30.0
2026-10-09,3040266684,9910586-4,FLAP ACTUATOR AND MOTOR ASSEMBLY,BANT,REC,,,30.0
2026-10-09,3040266682,161-11700,INNER WHEEL HALF ASSY,DACTA II,REC,,,30.0
2026-10-09,3040266683,162-11800,WHEEL HALF ASSY-OUTER,BAMN,REC,,,30.0
2026-10-09,3040266681,162-10700,OUTER WHEEL HALF ASSY,DACTA II,REC,,,30.0
2026-10-09,3040266667,2641011-5,AXLE-MAIN GEAR,BACO,REC,,,30.0
2026-10-09,3040266666,2641011-5,AXLE-MAIN GEAR,BACO,REC,,,30.0
2026-10-09,3040266664,2641011-5,AXLE-MAIN GEAR,BANT,REC,,,30.0
2026-10-09,3040266665,2641011-5,AXLE-MAIN GEAR,BANT,REC,,,30.0
2026-10-09,3040266660,2643031-7,"FORK ASSY,NOSE GEAR SPRING",PAMALS,REC,,,30.0
2026-10-09,3040266662,2641012-14,TRUNNION ASSY-RH-MAIN GEAR,PAMALS,REC,,,30.0
2026-10-09,3040266663,2641012-14,TRUNNION ASSY-RH-MAIN GEAR,BANT,REC,,,30.0
2026-10-09,3040266661,2643031-7,"FORK ASSY,NOSE GEAR SPRING",PAMALS,REC,,,30.0
2026-10-09,3040266656,2643099-4,"SUPPORT ASSY FOWARD, NLG SPRING",BABE,REC,,,30.0
2026-10-09,3040266657,2643099-4,"SUPPORT ASSY FOWARD, NLG SPRING",PAMASP,REC,,,30.0
2026-10-09,3040266658,2643099-4,"SUPPORT ASSY FOWARD, NLG SPRING",PAMASP,REC,,,30.0
2026-10-09,3040266643,2643100-206,NOSE GEAR STRUT ASSY - TALL FORK,BABE,REC,,,30.0
2026-10-09,3040266737,C661025-0101,ALTIMETER (2P),BANT,REC,,,23.0
2026-10-09,3040266724,065-0065-01,SELECTOR ALT,CLA,REC,,,23.0
2026-10-09,3040266725,C662041-0102,INDICATOR FUEL,BABR,REC,,,23.0
2026-10-09,3040266726,C662041-0102,INDICATOR FUEL,BABR,REC,,,23.0
2026-10-09,3040266727,C662041-0102,INDICATOR FUEL,BABR,REC,,,23.0
2026-10-09,3040266730,060-0015-00,"CONTROL,DIRECTIONAL,AUTOMATIC PILOT",PAMALS,REC,,,23.0
2026-10-09,3040266731,060-0015-00,"CONTROL,DIRECTIONAL,AUTOMATIC PILOT",BABV,REC,,,23.0
2026-10-09,3040266723,065-0065-01,SELECTOR ALT,EEAR,REC,,,23.0
2026-10-09,3040266722,065-0065-01,SELECTOR ALT,BANT,REC,,,23.0
2026-10-09,3040266728,060-0015-00,"CONTROL,DIRECTIONAL,AUTOMATIC PILOT",PAMASP,REC,,,23.0
2026-10-09,3040266732,066-3046-07,"CONTROL,INDICATOR",BANT,REC,,,23.0
2026-10-09,3040266884,D210507,"GOVERNOR,OVERSPEED",PAMALS,REC,,,16.0
2026-10-09,3040266882,D210507,"GOVERNOR,OVERSPEED",BANT,REC,,,16.0
